1.307298542261546181e+01
1.423412744574539524e+01
1.505053583444413512e+01
1.543224728911999222e+01
1.587876393907650296e+01
1.637984304755569553e+01
1.727828269031523689e+01
1.808869404386445368e+01
1.854032831654407332e+01
1.934510832048200513e+01
2.050852323854326187e+01
2.184371579905533878e+01
2.308795150246633199e+01
2.367618753540049781e+01
2.448554396359078211e+01
2.637764415482213565e+01
2.821136192607922411e+01
2.980248097554662223e+01
3.198199301313806231e+01
3.372310491364940788e+01
3.611331248154814944e+01
3.701131579376425407e+01
3.905688998581257465e+01
4.195823819137012833e+01
4.444657958551731980e+01
4.688759371531189402e+01
4.881561759905864051e+01
5.041293311149084388e+01
5.285445558759492002e+01
5.807461284942652924e+01
6.254006995050097117e+01
6.431564259924319060e+01
6.582408284595707926e+01
6.904726116072424702e+01
7.376304546898819581e+01
7.850644044769292407e+01
8.289157569239294787e+01
8.689262552838005149e+01
9.023183943668483664e+01
9.668749254372693258e+01
1.003562449303801145e+02
1.030597360124578330e+02
1.093674766567336860e+02
1.148155775938861751e+02
1.209014443609826230e+02
1.259276456726477420e+02
1.300650417627664410e+02
1.380176515382962066e+02
1.536913202100554088e+02
1.710467123100486901e+02
