7.623921476282322196e+00
7.762739655398482874e+00
8.010766556755758216e+00
8.227116727238433569e+00
8.468640277039973796e+00
8.739958780271543048e+00
9.089050622742165686e+00
9.408506322213078477e+00
9.706109646650112666e+00
1.000712734621905042e+01
1.031129347585266487e+01
1.054861766351250019e+01
1.087330576259490655e+01
1.121349411689097764e+01
1.157760380880885442e+01
1.196299332654225189e+01
1.248347577957262367e+01
1.294911905228340743e+01
1.346429691523067795e+01
1.404009275419001135e+01
1.455992169826979676e+01
1.496481828336103348e+01
1.541341461048979689e+01
1.589921070932199321e+01
1.661236968100224587e+01
1.726079991701864813e+01
1.827478291859711490e+01
1.895943307907208109e+01
1.990134350493779891e+01
2.076636797985405991e+01
2.162693298785863050e+01
2.250163912588382331e+01
2.339858465976634605e+01
2.445387224347529553e+01
2.579215756798125980e+01
2.709433076559076881e+01
2.820953753495323468e+01
2.934556680797198069e+01
3.070359767523691374e+01
3.227070515906564907e+01
3.410787483412764942e+01
3.623211056581794764e+01
3.845637400392028837e+01
4.067516368520833936e+01
4.277281047492824939e+01
4.639602845561350364e+01
4.643585471826169453e+01
4.831375991642120482e+01
4.989829193587854661e+01
5.196911715592082004e+01
