2.099169998668131081e-07
2.166689168014996911e-07
2.232387335004591886e-07
2.286805753971560952e-07
2.346614846646997299e-07
2.425034022895394858e-07
2.432759824924075971e-07
2.429945712409874830e-07
2.407527492281707720e-07
2.325472112864521123e-07
2.286209920181916905e-07
2.245813554223050661e-07
2.191567767567444394e-07
2.161553782063610888e-07
2.200234724062305983e-07
2.282156966609898822e-07
2.360972622786307441e-07
2.448414898871488666e-07
2.530180160356737204e-07
2.619608824239676455e-07
2.733126008004686992e-07
2.862833054374295899e-07
2.981293299629525143e-07
3.054220489569965203e-07
3.084863091907269741e-07
3.095732372474328573e-07
3.156557702176043694e-07
3.216860971894562768e-07
3.216349504701612662e-07
3.169848423376644022e-07
3.139349100761262683e-07
3.151538386688827664e-07
3.231198791261245644e-07
3.278411570249923600e-07
3.245226420285903782e-07
3.217961294924719136e-07
3.209876612812716929e-07
3.172768755392952227e-07
3.182475101073688918e-07
3.183968547809927153e-07
3.127841540324931430e-07
3.075140019179125455e-07
3.058166510252701123e-07
3.025379952385137716e-07
3.016086371642109864e-07
3.005095097351974944e-07
2.941745172377586745e-07
2.862798675832806390e-07
2.781560024087242609e-07
2.685550648818621535e-07
2.565250695581822066e-07
2.400091368801502206e-07
2.265844899049800193e-07
2.187558736343095886e-07
2.160392748966780589e-07
2.149949685264073030e-07
2.147149992721698147e-07
2.113406047342272756e-07
2.041709024323773093e-07
2.017308358149230982e-07
1.992734196663871818e-07
1.964730055519401747e-07
1.969996003780297807e-07
1.964852793146353730e-07
1.976886747162643211e-07
1.961426771394168365e-07
1.944216677064512879e-07
1.936407092409993592e-07
1.912911963703335894e-07
1.880449956347165115e-07
1.836251489958880680e-07
1.803272296363206977e-07
1.785229667715077564e-07
1.785723597707505078e-07
1.786355639322593794e-07
1.788459728446583068e-07
1.792310714747189186e-07
1.772406838475414121e-07
1.733262136406780178e-07
1.678942557225175751e-07
1.618136883923742771e-07
1.547453636794337874e-07
1.488082430633987216e-07
1.445552988625225416e-07
1.409242397388155599e-07
1.375311292920252301e-07
1.369349310569120803e-07
1.380302759013738340e-07
1.415245855607756962e-07
1.473960846259413789e-07
1.548134005324801351e-07
1.615046163277201700e-07
1.671927173131373201e-07
1.736308049472994188e-07
1.792024976572378199e-07
1.810293434251843074e-07
1.824321975195232132e-07
1.817701681564476667e-07
1.789601796381651011e-07
1.786683821554894724e-07
