2.666352043744950660e+77
2.309175759077644265e-15
4.250046255773951818e-15
1.355803553712671904e-14
5.944262879624917497e-15
1.786683821554894724e-07
2.317533078105857188e-10
5.319220485803134154e-15
4.814035277157310920e-12
6.932824408514198340e-15
9.440469299641393032e-13
1.498245554214116977e-13
5.592211584756127167e-13
6.175693553910857096e-09
4.917084003384846161e-08
4.766578076731634475e-09
5.164956667134587160e-11
2.745962283695708669e-13
1.329941433639699368e-11
4.711643603421859961e-12
5.146509203406911088e-14
2.562776116899482356e-12
1.232704816420431459e-11
1.835827464945470960e-11
7.621909011037977027e-11
1.092566162144424645e-11
3.389591397372237247e-11
9.867185181349845185e-10
2.686847523213933753e-10
7.347500596082187548e-10
1.425509029554464385e-09
1.354650580715340841e-08
1.707864222363399679e-09
2.035251971086092671e-11
2.195833018702119360e-11
2.467011733223359062e-11
7.498060850119876713e-12
6.170045020694003658e-10
1.718431515940237184e-10
5.636071456251348001e-10
6.576831443620617908e-11
