1.479220544675535751e-09
1.340479647307214845e-09
1.226715306852999707e-09
1.120037370781846214e-09
1.017207154879417838e-09
9.261775179543057443e-10
8.410569135718502330e-10
7.616349364191488474e-10
6.884244055781303491e-10
6.256967504077664567e-10
5.673166916894251019e-10
5.195526911202286997e-10
4.760028557148495996e-10
4.469194124511509133e-10
4.194465248994860400e-10
3.795885762334892375e-10
3.474589926354271131e-10
3.222229670226764457e-10
2.982292601148573625e-10
2.692690162748995617e-10
2.497615913330450090e-10
2.340539392258626110e-10
2.236336663082685694e-10
2.144631399576381729e-10
2.018569683038044615e-10
1.891527318026589666e-10
1.758129822702018436e-10
1.658390861837537222e-10
1.568088033833722738e-10
1.497796715642480679e-10
1.366554839968401704e-10
1.242425663404465992e-10
1.148671890198186134e-10
1.065683300391280911e-10
9.596989149522613186e-11
8.989698339047001788e-11
8.391845013866099991e-11
7.753486099063570563e-11
6.984677442369411909e-11
6.683920071112042813e-11
6.274760706334377044e-11
5.799110357868959348e-11
5.496273499275061381e-11
5.165016918985142262e-11
4.682855953934807727e-11
4.361174486409831378e-11
4.179166215616234379e-11
3.896496746756716774e-11
3.588802073070304722e-11
3.425506023228129024e-11
3.311596557235156738e-11
3.115412932725311909e-11
2.931994480389687605e-11
2.827401838388850178e-11
2.657657696341987139e-11
2.487292612385827639e-11
2.344685455534115591e-11
2.212110253890381655e-11
2.025991974785954761e-11
1.958161834552979054e-11
1.880532712363138824e-11
1.831864941619898183e-11
1.781113968265689164e-11
1.736103819697375678e-11
1.700360128855761777e-11
1.625128120697487910e-11
1.535074703091614891e-11
1.462457120039446422e-11
1.399934903921255747e-11
1.340457922978314743e-11
1.269927165463081881e-11
1.177773803120776505e-11
1.123889093386664281e-11
1.096925987592502257e-11
1.034498602246703893e-11
1.010549187248086735e-11
9.713073239915915256e-12
8.900080433749039277e-12
8.310571894747639476e-12
7.819768186495365795e-12
7.389454722717022791e-12
7.003143215573950803e-12
6.644589934594488141e-12
6.203499456092495462e-12
5.941847015435210481e-12
5.704589829171148237e-12
5.351469732004867400e-12
5.001202167021403329e-12
4.772066736526113995e-12
4.425087842560588038e-12
4.111598673134557885e-12
3.890209581901159366e-12
3.626616082169018370e-12
3.427430311627831593e-12
3.279194218583479109e-12
3.121492086678472987e-12
3.001728079078958133e-12
2.850153108131798638e-12
2.702792728152361076e-12
2.562776116899482356e-12
