8.743186994461083797e-08
8.407207170350226754e-08
7.712591927835622467e-08
6.919181979075337203e-08
6.569413375924259980e-08
6.390910245232553934e-08
6.277504543062134207e-08
6.224728482986766510e-08
6.184048778774055782e-08
6.111662983067396979e-08
6.019649435477987947e-08
5.924354581929384397e-08
5.829969552499631928e-08
5.692298718640397849e-08
5.437678809943214854e-08
5.146575582830449663e-08
4.905628301340760533e-08
4.736284701922684011e-08
4.646803139558554520e-08
4.569306382027163066e-08
4.497151285462636328e-08
4.377638962955231066e-08
4.232687138278639243e-08
4.087734121359664460e-08
3.977509570810978746e-08
3.912173184672061855e-08
3.886721378110403023e-08
3.817599683373582294e-08
3.729964217549283370e-08
3.636070097172219991e-08
3.509149866143168966e-08
3.368275147687857121e-08
3.242165348593209744e-08
3.096877071961389718e-08
2.975117403492186021e-08
2.868487430970922739e-08
2.773566850552328303e-08
2.713581917173364122e-08
2.693678639689990210e-08
2.656739474813846795e-08
2.592013894566999432e-08
2.520698491333933175e-08
2.448054424503636091e-08
2.357872400201039658e-08
2.291921153741082928e-08
2.249931076609952955e-08
2.226984721788485699e-08
2.198219712058915033e-08
2.135830233805221779e-08
2.061530332277910026e-08
1.968027208322940997e-08
1.835787373670716451e-08
1.714459516076589942e-08
1.599469767518657997e-08
1.500523692117877054e-08
1.400938003344294056e-08
1.329027343029211473e-08
1.267251256273190081e-08
1.233598795766057330e-08
1.211918049302042419e-08
1.197605847671556187e-08
1.171410044405620732e-08
1.146482866956546803e-08
1.125074732840821597e-08
1.091455182725477056e-08
1.035463293592571415e-08
9.913533385888861686e-09
9.424035019219900649e-09
9.310900542220752160e-09
9.250903753837568309e-09
9.225236493426128496e-09
9.282976301019204171e-09
9.086348768105483696e-09
8.590817547771917427e-09
8.173849589054993599e-09
7.732225351926952859e-09
7.247812953163317878e-09
6.896008731358572998e-09
6.682950534231882948e-09
6.503955915651426701e-09
6.424754532559190403e-09
6.539967604275721990e-09
6.654581973074024299e-09
6.718404777311364062e-09
6.660114693586823959e-09
6.645216310514660439e-09
6.521320291882345257e-09
6.312468618379917836e-09
6.159511096985558531e-09
6.018365225061298942e-09
5.982425942616457164e-09
5.951414565094456782e-09
5.935120633568011093e-09
5.861814365610273126e-09
5.538919479207237025e-09
5.379505259644481232e-09
5.201671297696433815e-09
4.951130985632370259e-09
4.872539961973148813e-09
4.766578076731634475e-09
