4.497773078951817344e-09
4.195993340470657179e-09
3.930278083447225495e-09
3.680595063922664384e-09
3.427041669096922238e-09
3.163655602435984923e-09
2.951266251716447673e-09
2.782826145148270146e-09
2.555351051587813505e-09
2.387635405546423458e-09
2.240789812377308245e-09
2.097998551751021773e-09
2.036787911665961141e-09
1.930214476488545299e-09
1.884477695481084377e-09
1.787484211836787898e-09
1.722086734548926448e-09
1.674547091392570799e-09
1.531942373012947475e-09
1.442020790802315722e-09
1.345098420935481334e-09
1.311156558925664467e-09
1.279287622732474088e-09
1.206972774024709261e-09
1.178232075564342746e-09
1.147537482724617849e-09
1.136792375021328121e-09
1.093723139670797989e-09
1.049027752555527097e-09
9.830469849240161633e-10
9.314357488698257460e-10
9.016744316846686424e-10
8.271847697962971396e-10
7.695613796572328185e-10
7.350863193423120424e-10
6.669676938059101845e-10
6.285759806542042170e-10
5.908030956299812726e-10
5.726045550441018498e-10
5.361205862697528727e-10
4.930031657863044375e-10
4.869826924956968593e-10
4.657936917664040788e-10
4.468718768555946294e-10
4.309221812483852083e-10
4.134610176171171124e-10
3.930393815848575791e-10
3.688053813319057878e-10
3.501607309698635334e-10
3.466901053610098174e-10
3.459889363517054272e-10
3.284668455395643418e-10
3.282339755294010600e-10
3.103069612431322500e-10
2.920825697402004169e-10
2.771017336760425559e-10
2.666280729544296961e-10
2.535681664405851623e-10
2.384347967428637924e-10
2.157985221689605133e-10
2.040736040479975289e-10
1.932070445174833355e-10
1.873357402290844581e-10
1.788230743905309794e-10
1.670022520239983186e-10
1.596625689885616667e-10
1.482397835430816127e-10
1.422432941828790801e-10
1.317182754397389116e-10
1.210283864984170124e-10
1.157060395081765108e-10
1.090213115632107898e-10
1.023646760494506734e-10
9.610671423293198732e-11
9.034747909679289045e-11
8.555342001978033241e-11
8.051056655452936391e-11
7.683392757417225490e-11
7.246959824252754307e-11
6.913477228430580205e-11
6.580837443912107605e-11
6.358373440891621763e-11
6.119091662438696790e-11
5.974036566857257133e-11
5.673357637238455972e-11
5.215629277441100912e-11
4.970146757534077102e-11
4.757190674566552264e-11
4.517573961349005774e-11
4.132694244442273331e-11
3.869494061788848499e-11
3.837764285021303987e-11
3.510397721360485484e-11
3.468087646736481228e-11
3.234860441290866300e-11
3.065210393774370372e-11
2.960587627263305512e-11
2.761673330840455436e-11
2.606729854703998242e-11
2.467011733223359062e-11
