6.375561149226719156e-07
6.238101349140527171e-07
6.333090056243602558e-07
6.534022258760764222e-07
6.777789618195976705e-07
6.864521059901629023e-07
6.732111720620451046e-07
6.249454937526038121e-07
5.740219976022876399e-07
5.451822067882891185e-07
5.292029938313844422e-07
5.093489286179015028e-07
4.767162648879745462e-07
4.504877636695711713e-07
4.306201019539769149e-07
4.220852243472780317e-07
4.151643103043161580e-07
4.096026318744884912e-07
3.957221754660643160e-07
3.833968797112919600e-07
3.752019496171829343e-07
3.737000065660532058e-07
3.716969970457125008e-07
3.704677988790109433e-07
3.633575227587210838e-07
3.501258672941444881e-07
3.302459397692914379e-07
3.140088475008372314e-07
3.099866536702358037e-07
3.107585446028932468e-07
3.116658559696408437e-07
3.070040444926063983e-07
3.026413232637923148e-07
2.934757337306886155e-07
2.864672787508343263e-07
2.804648082585313784e-07
2.716690114257911367e-07
2.619616427365771230e-07
2.538984046685773439e-07
2.459543730742088044e-07
2.393862475887507042e-07
2.340061852723807493e-07
2.283524712759636454e-07
2.185514150813030722e-07
2.097613821759203563e-07
2.003762739293176235e-07
1.908721311213056949e-07
1.834248369415318905e-07
1.768732850630403740e-07
1.730551890781975333e-07
1.705945828966438976e-07
1.695082947481476932e-07
1.689766653244497177e-07
1.694906762689280189e-07
1.689453110555042938e-07
1.713679419531148513e-07
1.694719735508491152e-07
1.670465455305575532e-07
1.606884002269546542e-07
1.544977117149720093e-07
1.490536473132475234e-07
1.438341277556105639e-07
1.364450797095254041e-07
1.292937209081329638e-07
1.244199352530894750e-07
1.235016970180575008e-07
1.233580476419544357e-07
1.230397903100650407e-07
1.203886509401802418e-07
1.170202324128233505e-07
1.149693278947654876e-07
1.117055748894068402e-07
1.069450590484815434e-07
1.020483482497744057e-07
9.778609595313551042e-08
9.375365140827866677e-08
8.986628288963338016e-08
8.698536775852135490e-08
8.520607898784363211e-08
8.419183317882822309e-08
8.337037304863658009e-08
8.419481564215880970e-08
8.522678659365178013e-08
8.436296471667740982e-08
8.271143966441101222e-08
8.012894097022795668e-08
7.717117877492179698e-08
7.225067862240478547e-08
6.798802536460028742e-08
6.437026893861010568e-08
6.181187778598801236e-08
5.998441269089505146e-08
5.765862082025408498e-08
5.572848946681252451e-08
5.403103970807060632e-08
5.297400887848814208e-08
5.151107460555233185e-08
5.029359459247873129e-08
4.993295021615628843e-08
4.917084003384846161e-08
