9.820932571965744104e-12
8.478797831659039137e-12
7.454177614510817792e-12
6.457952869129871996e-12
5.643339906360622290e-12
4.969572943331493544e-12
4.304927317982304681e-12
3.834378433940350182e-12
3.446267643499329205e-12
3.005569240047623037e-12
2.626969259537442985e-12
2.341873810174057153e-12
2.121374181290126406e-12
1.906360429262931641e-12
1.627003660030226228e-12
1.467641155361367962e-12
1.344512775817733749e-12
1.184602812257125382e-12
1.085459171384679935e-12
9.768494369334908386e-13
8.987397078946350851e-13
8.237373236226109463e-13
7.625133916297654330e-13
6.761041359163033266e-13
6.126619270856019593e-13
5.709635604790322257e-13
5.259111774741491123e-13
4.739234105469942772e-13
4.266128158727683073e-13
3.819676446550621008e-13
3.502221753527802018e-13
3.251810382202309424e-13
2.908297018348238349e-13
2.579636446454497476e-13
2.328358130049602925e-13
2.117071044838021378e-13
1.903814147909399164e-13
1.719702855087935403e-13
1.573863524317822206e-13
1.439299899919834444e-13
1.293038641829672123e-13
1.187602412908370786e-13
1.086794396310482877e-13
1.002718594858084629e-13
9.876194403532080261e-14
9.331692950210875854e-14
8.601936986152038637e-14
8.259004298473380277e-14
7.618088202128345689e-14
7.151038707293013008e-14
6.734092759482386424e-14
6.441027759679804584e-14
6.169172360563317908e-14
5.888600040760243822e-14
5.595512841044216011e-14
5.090340084279529019e-14
4.832328169250342511e-14
4.664486455235106462e-14
4.223851298038246932e-14
3.925203997255223041e-14
3.616310990204297862e-14
3.345076748989080694e-14
3.145758398841065388e-14
2.971391951766926465e-14
2.697395352664112550e-14
2.398297604239116657e-14
2.273330371718426489e-14
2.218697609233652217e-14
2.037982066361722523e-14
1.881157351730082866e-14
1.717521413718882408e-14
1.568072825552060542e-14
1.458098521723255168e-14
1.377548091326337891e-14
1.305226559978305160e-14
1.204547678193982951e-14
1.158946215220545787e-14
1.048669168535830980e-14
9.898548622450967303e-15
9.628113550876648034e-15
9.428266168335926678e-15
8.683677171441611400e-15
7.983336650269399040e-15
7.721564603174628665e-15
7.484302220976756674e-15
7.454334992710871265e-15
7.216745826229767429e-15
6.766193311901939501e-15
6.461217218430663198e-15
5.960461162024738139e-15
6.013759361005724527e-15
5.937288087357490537e-15
5.773456353601996885e-15
5.707563418632174526e-15
5.644397189353796391e-15
5.655526881046830637e-15
5.192292780616882228e-15
5.092744761390452473e-15
5.306734284786776585e-15
5.319220485803134154e-15
