3.985432848755957103e-10
3.749852130438623488e-10
3.722039958285868492e-10
3.744531698709485456e-10
3.793414629583767660e-10
3.793783977637749033e-10
3.896675381399220183e-10
3.889006331469542899e-10
3.873042509419508956e-10
3.996612837778595454e-10
4.074714917320225860e-10
4.012083481822543647e-10
4.026912716271756796e-10
3.915979761610319980e-10
3.764702251815814091e-10
3.733537160345721251e-10
3.700735962052338784e-10
3.647355861983509285e-10
3.581150029631593829e-10
3.742628915251326168e-10
3.791616379530735152e-10
3.712912061724509789e-10
3.593229348807651209e-10
3.489928516240371769e-10
3.501213269315410578e-10
3.483438901426740951e-10
3.458050399649560269e-10
3.541008610841689845e-10
3.561041121693986138e-10
3.566194578023989489e-10
3.599334182228562220e-10
3.601751069993010227e-10
3.636544573384050817e-10
3.702933384270945172e-10
3.742594489387857335e-10
3.597452540139540058e-10
3.446082179189438012e-10
3.394376857331815083e-10
3.158036128585912731e-10
3.074467386076344439e-10
2.872924181836754395e-10
2.822863391376658615e-10
2.745583731834297735e-10
2.762642692127649027e-10
2.791176422097652329e-10
2.734197348443176616e-10
2.756662756431579401e-10
2.900287664925365831e-10
2.899107977038258029e-10
2.984375379056190212e-10
3.088033342347041573e-10
3.113097528893044045e-10
3.073963086247317839e-10
3.007022527329236279e-10
2.903468031498256027e-10
2.825922924391887109e-10
2.853317349204824670e-10
2.711075359684576717e-10
2.707428219753525260e-10
2.692944466135666501e-10
2.729164630487575988e-10
2.653008732297070067e-10
2.616401634559487887e-10
2.524363614166599436e-10
2.526373966471046230e-10
2.597794938616081200e-10
2.615231940594913087e-10
2.609231372261450374e-10
2.667455774696964768e-10
2.741445499845475932e-10
2.709470805501784014e-10
2.694905209019687076e-10
2.717736988115774896e-10
2.698018035767199667e-10
2.696135901910841285e-10
2.630655981569723146e-10
2.515842145475005997e-10
2.476100283875308875e-10
2.391787079868286468e-10
2.291993493975038662e-10
2.315789865256674755e-10
2.211546960853354449e-10
2.241730892435792087e-10
2.201192631825496680e-10
2.210259923738458786e-10
2.185195707637901781e-10
2.217526871533605427e-10
2.271770547533098456e-10
2.282581991621411741e-10
2.363957641996048759e-10
2.391676663660737397e-10
2.438665501641601374e-10
2.546439407885058722e-10
2.450037449901164493e-10
2.428226589998862738e-10
2.392205122307477321e-10
2.406132015217029574e-10
2.353721856839672644e-10
2.282992918663356597e-10
2.317533078105857188e-10
