9.360339959651918043e-08
8.910857247494835714e-08
8.506388273040505553e-08
8.350306125447416090e-08
8.226572441260747836e-08
8.287846000918532829e-08
8.210654128667141676e-08
7.876025610009045625e-08
7.770448583324268633e-08
7.517026949904446974e-08
7.318021216500261261e-08
7.270809163991491991e-08
7.189919246025860142e-08
6.793552663254755032e-08
6.717087077306351014e-08
6.615810981395591450e-08
6.462180889031360404e-08
6.373938508053777810e-08
6.068391928364796118e-08
5.774667313189910948e-08
5.846799002434341056e-08
5.872467700069997119e-08
5.779051567501334591e-08
5.795952279641891438e-08
5.380535823380414797e-08
5.131625038837008028e-08
4.931790605321007550e-08
4.765189505469779951e-08
4.739329176750801795e-08
4.771723899089449158e-08
4.773026818800787367e-08
4.693718458956042610e-08
4.670497410917559724e-08
4.551519976137716547e-08
4.384510166274158245e-08
4.256915248636118751e-08
4.219963812780341921e-08
4.061683423790255628e-08
3.963546847368335073e-08
3.848659311470819124e-08
3.861450084865885159e-08
3.731106655434931856e-08
3.752852053474409946e-08
3.746021044091025553e-08
3.734519744210784873e-08
3.662112030740646052e-08
3.583838203031126166e-08
3.467542902898643914e-08
3.386233546102767841e-08
3.263960538022859307e-08
3.264481624460260744e-08
3.170690247221220833e-08
3.118482878110142705e-08
3.070158310679251306e-08
3.036307597934503181e-08
2.957177524656877246e-08
2.960254031657217098e-08
2.831935454381982927e-08
2.664003512224466206e-08
2.681720676233298508e-08
2.608558189334243703e-08
2.537539002210891897e-08
2.497676669502578843e-08
2.477857190659830452e-08
2.457833065147043312e-08
2.397072278446419254e-08
2.395813019846558030e-08
2.392054490810320532e-08
2.362773031817840232e-08
2.360934093560426991e-08
2.276025985244069990e-08
2.289516312862254188e-08
2.207810244846855249e-08
2.187000259974050430e-08
2.158532512134934016e-08
2.107253148889498849e-08
2.040514394157459153e-08
1.957014991589230249e-08
1.921408933821095943e-08
1.923408529431710816e-08
1.904501148511516099e-08
1.865929167170771374e-08
1.792954939802079275e-08
1.732507467266248836e-08
1.669065076897917679e-08
1.630876213180581512e-08
1.585911975620871599e-08
1.569670176288113270e-08
1.543471692783261888e-08
1.504821262361660711e-08
1.489894249328715451e-08
1.486543952077317424e-08
1.492806614382974562e-08
1.476620384994681490e-08
1.443013731163101300e-08
1.412105003624404077e-08
1.408340212251450325e-08
1.392261071042531789e-08
1.369982108517664993e-08
1.354650580715340841e-08
