5.970412351169946351e-12
5.247738347070093423e-12
4.620650336843460426e-12
3.963240593049190737e-12
3.467184897654086476e-12
2.942263326272960611e-12
2.600795640356739625e-12
2.238595526254053080e-12
1.944528749968958594e-12
1.714776844517878957e-12
1.498694768903662405e-12
1.319837487910238086e-12
1.146898483755222934e-12
9.764496273200264726e-13
8.404671437085508190e-13
7.396806261284688237e-13
6.640541114619063388e-13
5.938297983468709537e-13
5.257175072672959189e-13
4.771254307432359520e-13
4.254218170668154974e-13
3.906173981122718776e-13
3.491304527817467098e-13
3.188307160686107169e-13
2.943183783192120263e-13
2.719602454135836767e-13
2.444493941188250493e-13
2.254905943510321098e-13
2.074327326239315657e-13
1.846190952451694547e-13
1.698286065015388616e-13
1.548668337353711466e-13
1.419150034440100574e-13
1.302713207767582885e-13
1.201354676591665386e-13
1.134118465369912010e-13
1.025176641807279126e-13
9.559610824606199644e-14
8.653218752443340667e-14
7.985572071774374473e-14
7.299630091418872829e-14
6.928737194343316413e-14
6.255135383705909337e-14
5.848537680716365018e-14
5.515765569616570469e-14
5.103130767065895539e-14
4.737486276616032164e-14
4.436281807791521464e-14
4.076057859581987461e-14
3.742985361285164770e-14
3.542297678102597925e-14
3.323878979854021834e-14
3.104724250787847884e-14
2.926020731763719782e-14
2.749070017998818756e-14
2.590996876911118516e-14
2.427091976043039502e-14
2.283518901339589511e-14
2.233114865818390912e-14
2.067990337330555125e-14
2.022526641354895706e-14
1.928326931545174592e-14
1.756073560472646313e-14
1.653325992113436304e-14
1.559517461871229078e-14
1.468423946331030082e-14
1.388365473870342489e-14
1.346723181590342145e-14
1.311209003047519998e-14
1.231302472735975018e-14
1.211266601580557883e-14
1.150879740284704954e-14
1.097030432107431497e-14
1.069299462835606928e-14
1.012059233591012324e-14
9.772077822118997559e-15
9.514577567661415264e-15
8.927175666178612656e-15
8.653493636155210534e-15
8.552603505571983653e-15
8.780818939117489432e-15
8.595537648003080334e-15
8.541901808971999747e-15
8.287740745973619142e-15
8.140033078063853811e-15
8.026790666787245926e-15
8.235474707605976392e-15
8.073088323901481910e-15
8.348931993561132893e-15
7.783940910951609083e-15
7.345048151063281993e-15
7.203487891196629631e-15
7.133713231010780809e-15
7.068036134891918438e-15
6.819803714981509321e-15
6.953705972636826621e-15
7.050292528410083154e-15
6.942819674013410652e-15
7.171555083289761607e-15
6.932824408514198340e-15
