8.353232958749608209e-08
7.906251643524514284e-08
7.461672932567137871e-08
7.135711714244421641e-08
6.668534243536493037e-08
6.225000868013679882e-08
5.869278619819582930e-08
5.463883442046869403e-08
5.244828079372625630e-08
5.009705128660241370e-08
4.749556475803920293e-08
4.655952976813356870e-08
4.531711017625829528e-08
4.280179606083768107e-08
4.081540121623539222e-08
3.810436275749055779e-08
3.600180504282232745e-08
3.439620174020378244e-08
3.197528133821754304e-08
3.000379811485354200e-08
2.769503821399155139e-08
2.593301784173107701e-08
2.507856190684765927e-08
2.374953098423951964e-08
2.240725484695859527e-08
2.106735453501972834e-08
2.017340237311105550e-08
1.922745960175115292e-08
1.835954241983850094e-08
1.738715219708992665e-08
1.696099066306436153e-08
1.619582705862738480e-08
1.578469064793210493e-08
1.526926236859364642e-08
1.450523730116932176e-08
1.373331190296663342e-08
1.322986770341506399e-08
1.253088426667875553e-08
1.201386504249639824e-08
1.145883413674844530e-08
1.113480990609652037e-08
1.067893161107623517e-08
1.020940788502237957e-08
9.704024056763843260e-09
9.388208957188541009e-09
8.990227869028918196e-09
8.609350900145923479e-09
8.473501349276795336e-09
8.223851687696423352e-09
7.836259807248274265e-09
7.718028063957589097e-09
7.385634982812690897e-09
6.925081637842571206e-09
6.662005740310056948e-09
6.426039512547299346e-09
6.148279359648490667e-09
5.880926883097696306e-09
5.635645515078728621e-09
5.186889583572380743e-09
4.934524321567258536e-09
4.718934570247852519e-09
4.615493629308899688e-09
4.509187599952773237e-09
4.374961133738483129e-09
4.233960224832526735e-09
4.083889386677617510e-09
3.979515488595018318e-09
3.802413033127288198e-09
3.735633874736178858e-09
3.671292300361815784e-09
3.674016489158502932e-09
3.535694085021391840e-09
3.435955571716149659e-09
3.410413423050992769e-09
3.246641865048537101e-09
3.144672547289463596e-09
2.985446331248120266e-09
2.908991769922601669e-09
2.860629463254275715e-09
2.770669317639769346e-09
2.740184665115463185e-09
2.723604528298561962e-09
2.664807456651431309e-09
2.595069173638492930e-09
2.536189243056167286e-09
2.466119039192427315e-09
2.404779854084119485e-09
2.412056161931067924e-09
2.300103308392268609e-09
2.201258779159347769e-09
2.098829263038335194e-09
2.048216717463075995e-09
1.939270855045830612e-09
1.861293807270503645e-09
1.784786340887413659e-09
1.718443137628972636e-09
1.642324931966008150e-09
1.602675058257545910e-09
1.540289138419845517e-09
1.425509029554464385e-09
