4.838567153880553479e-12
9.500084858549726966e-14
1.450423894487425275e-13
2.618237399685918379e-15
7.182618572115905804e-15
5.418258862124166058e-06
1.774419677579214461e-15
0.000000000000000000e+00
7.436777801204840398e-15
1.989034376776927234e-15
7.085032026162758398e-15
8.432751747168099818e-10
1.455757457820595825e-06
5.853147963488358997e-09
8.104568288925541081e-10
9.361811116051529842e-09
6.819621693513946427e-11
0.000000000000000000e+00
8.014725842138278417e-15
1.222168324290215344e-14
2.982144681362900711e-15
3.425505333251676454e-11
8.670835660677711305e-07
4.309607575610621604e-15
1.462731343332682445e-14
0.000000000000000000e+00
2.454888243799927855e-15
2.771570721850634609e-13
2.217309880170946335e-09
5.270548205696967238e-15
1.225067967300794677e-10
3.293176395056259615e-06
9.299619657659006101e-04
0.000000000000000000e+00
2.733748587706647666e-09
7.897524189410142496e-14
1.945414997596287806e-12
4.197268037699446541e-15
8.281036003642279208e-01
0.000000000000000000e+00
0.000000000000000000e+00
5.282627768732560081e-15
7.988421943065210362e-01
6.835672651326314408e-01
5.329032269015903072e-05
1.080473794693657158e-14
2.899136081808680016e-14
5.964560263886829311e-09
1.040266597664571055e-13
1.295176495462414634e-06
