1.452354734257053359e-01
1.962315777826513785e-01
2.287136318103778487e-01
3.049179963067631949e-01
5.214733905263265745e-01
3.751662770392794610e-01
1.635310029803723475e-01
5.102401208050436621e-01
2.718759646796718998e-01
3.581098734756221758e-01
1.840225537834147551e-01
2.411629483893943382e-01
1.588014188086614986e-01
6.602906893617586093e-01
3.204630860844047135e-01
2.250892061950725553e-01
5.082133312537869818e-01
4.108524655925769875e-01
2.916372744407995654e-01
3.006458906797703778e-01
4.117784994155019307e-01
5.270375076904108003e-01
5.203428635358305909e-01
5.320087739558867490e-01
2.457764533467357015e-01
7.440296117834275247e-01
4.685464707886003999e-01
5.030948611940977422e-01
3.653453306856592753e-01
6.194217979173896049e-01
3.881547841455346148e-01
3.181570022124234343e-01
4.095728640485959415e-01
1.758981787814890285e-01
8.340424325149213836e-01
4.439288873700702465e-01
7.539609060786891526e-01
5.188593312759315346e-01
1.390393553336154664e+00
2.155812194915349977e-01
2.067291041238213722e+00
4.571373454651344037e-01
1.642209823494454879e+00
3.875965170236436386e+00
6.001567605680476758e-01
3.584890120624822929e-01
4.866953580035440763e-01
8.013064135399388110e-01
2.746271598059210062e-01
7.849903631069183874e-01
