2.220446049250313081e-16
1.380022925192008688e-10
2.220446049250313081e-16
2.220446049250313081e-16
2.656899874331779460e-16
3.391718747233332465e+01
2.220446049250313081e-16
2.619146861786657186e-16
1.001415935672014335e-03
2.647590571451539062e-16
2.668785201718995755e-16
2.220446049250313081e-16
2.220446049250313081e-16
2.220446049250313081e-16
2.865040378632994509e-13
2.220446049250313081e-16
5.632321917819432811e-01
2.220446049250313081e-16
2.220446049250313081e-16
2.220446049250313081e-16
1.707695100574395941e-01
2.220446049250313081e-16
1.771516006281283630e-15
2.220446049250313081e-16
2.220446049250313081e-16
2.952302252279761303e-13
5.941073668699884110e-15
4.765317601108875676e-16
2.220446049250313081e-16
2.220446049250313081e-16
2.220446049250313081e-16
2.220446049250313081e-16
1.636586568140983270e-15
2.220446049250313081e-16
2.220446049250313081e-16
2.220446049250313081e-16
1.354374317332798012e-13
2.472720705445616725e-16
2.220446049250313081e-16
2.220446049250313081e-16
1.500555612254301951e-06
2.201896283259419693e-14
2.704682445516841900e-16
2.220446049250313081e-16
2.220446049250313081e-16
2.220446049250313081e-16
2.220446049250313081e-16
1.231912526272276695e-09
2.220446049250313081e-16
2.220446049250313081e-16
1.189926884723768087e-15
2.220446049250313081e-16
1.588687705998768317e-15
2.220446049250313081e-16
2.220446049250313081e-16
3.778137742213763772e+01
2.220446049250313081e-16
2.904777457719492070e-16
2.220446049250313081e-16
1.999426662407752531e+01
2.220446049250313081e-16
2.220446049250313081e-16
1.635946395317993723e-15
1.470094346168790700e-01
5.905904860700346033e-14
2.250006140119628899e-14
2.220446049250313081e-16
2.159574912396920342e-15
2.220446049250313081e-16
2.220446049250313081e-16
2.693437681709376547e-16
2.780905645275845287e-16
2.220446049250313081e-16
2.220446049250313081e-16
1.296874305680173271e-06
6.745842083171658656e-16
2.220446049250313081e-16
2.350694182941485543e-12
2.220446049250313081e-16
2.220446049250313081e-16
2.220446049250313081e-16
1.449597396502315586e-15
6.958515382734922161e-13
2.220446049250313081e-16
2.220446049250313081e-16
2.220446049250313081e-16
1.617418374193343633e-15
2.220446049250313081e-16
2.220446049250313081e-16
2.220446049250313081e-16
4.528218555616031482e-01
2.220446049250313081e-16
4.692716203542962027e-16
2.220446049250313081e-16
4.658880325861079363e+00
3.826942262630463203e-16
1.493587727741265509e-15
1.393383180864596278e-15
1.301044120857085306e-03
2.220446049250313081e-16
2.220446049250313081e-16
2.220446049250313081e-16
9.961351622294994712e+00
2.220446049250313081e-16
2.220446049250313081e-16
1.151556508288733179e-13
1.848340691229346093e-05
2.643437981018226779e+01
1.396767291743877916e-15
2.712954123180928940e-16
2.220446049250313081e-16
2.220446049250313081e-16
3.426650216673478155e+01
2.464736645448253056e-16
4.383259610651176407e-05
3.358045172727380390e+01
2.220446049250313081e-16
2.187290341225473110e-09
6.973276597340307736e-16
1.471512500821850148e-15
1.039348600534868076e-08
4.139534092697674116e-14
2.220446049250313081e-16
2.911679207077522236e+01
1.777789689702450639e-03
2.443113118934668563e-05
2.220446049250313081e-16
2.733044856919748611e+01
1.600781026062047543e-15
2.220446049250313081e-16
5.300285125897147509e+00
1.372331493867462622e-02
5.898580233483642546e-15
3.082505121180305678e-15
3.533932765598810776e-13
1.660902498342314309e-08
2.220446049250313081e-16
1.583456518033590221e+01
2.220446049250313081e-16
9.093589893829748782e-13
2.220446049250313081e-16
2.530204516725441015e-14
2.220446049250313081e-16
2.220446049250313081e-16
2.220446049250313081e-16
2.220446049250313081e-16
4.052679509392473558e-13
2.220446049250313081e-16
2.220446049250313081e-16
1.274850794068878912e+01
3.162338772498315720e+01
4.658558426641949524e+00
2.416069376184299173e-16
6.001430699103817885e-09
2.220446049250313081e-16
2.220446049250313081e-16
2.220446049250313081e-16
8.517348006456293842e-15
2.220446049250313081e-16
2.220446049250313081e-16
3.404531056569589144e-10
2.220446049250313081e-16
3.025538037830414240e+01
2.581512121450597198e-16
2.568845120151631503e-16
2.220446049250313081e-16
3.694884061944401870e-16
4.281666680555487603e-01
1.637636387024387352e-01
2.220446049250313081e-16
2.220446049250313081e-16
9.368052502791548857e-14
2.220446049250313081e-16
6.231035440444031293e-02
1.835164721691441596e-15
2.220446049250313081e-16
8.131368917895476315e-16
3.128209630863448087e-07
2.220446049250313081e-16
1.908359121702733737e-12
3.201278165258484165e+01
3.618047562248809612e+01
5.585459925156201189e-05
1.533055252982144265e-15
1.007249455812477164e-02
2.220446049250313081e-16
4.769552328924197148e-11
3.088348601410518243e-16
6.055180968195981347e-15
2.220446049250313081e-16
2.432673249877852557e-13
2.891720260007192067e+01
2.452470485790433207e-16
3.766229853665750830e-16
1.058223367656864001e-04
6.326864141760422654e-16
1.656540531633470410e-15
1.985661785045464676e-08
2.220446049250313081e-16
4.163955919099302091e-04
3.377513999872623174e+01
1.089141579136795279e+01
1.130541358284506016e-14
4.388466961105383035e+00
1.515959947701106179e-15
2.220446049250313081e-16
2.732420345939024497e-01
1.759844582894488311e-03
2.887215856084179429e-16
3.046389118301253383e-03
2.220446049250313081e-16
2.220446049250313081e-16
2.928102964531191432e+01
3.151707073968379547e+01
2.220446049250313081e-16
2.510074756554011088e+01
2.220446049250313081e-16
2.220446049250313081e-16
1.885007984098739211e-05
2.030187250634533173e-08
4.773660174725045999e-15
2.220446049250313081e-16
2.764641903745547680e+01
2.220446049250313081e-16
4.417796214399989188e-13
2.220446049250313081e-16
1.433226042746465925e-15
3.764919329489619937e+00
2.496004977065748265e-16
1.212752611266296781e-06
2.220446049250313081e-16
2.669270734998621997e+00
1.453287055789427400e-02
2.220446049250313081e-16
2.220446049250313081e-16
4.522404271858506894e-16
2.664042412006461260e-16
3.254455202300287447e-16
2.220446049250313081e-16
2.220446049250313081e-16
3.047255150359098508e+01
1.883492139366079584e-12
2.220446049250313081e-16
1.005460073970814331e-13
3.836016932155435816e-08
4.534887258932311786e-15
2.220446049250313081e-16
2.022070859408105518e-10
4.523468542993247888e-16
3.967524490140284388e-11
3.848606354047587028e-16
2.220413910591217864e-08
3.111395693853092936e+01
2.114932583619970839e-09
3.291940819929243389e+01
2.785944589540575222e+01
2.220446049250313081e-16
1.034733017776062081e+00
2.220446049250313081e-16
1.214450647062399636e-12
2.374543853735097443e+01
2.220446049250313081e-16
3.065952835887945582e+01
2.499689922554338395e+01
3.123206737976712507e-16
2.220446049250313081e-16
1.494144354303564302e-06
3.072370230226547466e-16
2.545714607501257376e+01
2.220446049250313081e-16
1.708059881614169525e-04
4.426231854159728418e-01
8.417608388931809016e-02
1.622793839597838961e+00
2.220446049250313081e-16
5.941428202605689313e-08
2.220446049250313081e-16
3.279451008263323786e+01
3.720293697426312453e-05
1.381611425964859530e+00
2.702410510932853439e-06
1.944109542081107004e-15
2.838163623836822680e+01
6.197639906772687723e+00
6.199443524644197869e-16
8.660260197965654748e-05
3.035585040761780817e+01
2.315878955557534979e+01
6.754076965359111284e+00
2.570593244853709320e-07
1.595209508764713972e-05
5.055504505644541346e-01
2.711779819613650097e-08
1.594041522923650599e-08
2.829456113256172422e-16
1.619266292170668464e+01
4.043647904218552540e-15
2.266626772581081894e+01
2.595035523534481570e+01
2.220446049250313081e-16
2.220446049250313081e-16
2.642533073375007185e-16
2.516863339224865303e-16
4.021317197535415843e-11
2.220446049250313081e-16
1.297998165132077331e+00
1.414494509935181102e-13
1.327084598884533229e+01
1.492220081331373767e-15
3.341586941552246515e+01
1.616843035229172734e-08
3.000934555747736504e-16
3.130894341927148883e+00
1.157456499450253140e-03
2.219702185116269177e+01
1.340433273017351468e+01
4.960647774696468082e-09
2.092588813359559552e+01
4.253094364480413531e-04
5.045409606242767672e-15
3.192701656957841547e-14
2.679046214295757622e+01
2.680294886769241458e+01
3.030245919713138131e-12
1.498410041288540804e-15
2.922653729360731312e-01
3.068990188925926180e-06
3.386081890466326461e-01
3.023143354431674964e-16
1.223524391617235286e-12
2.713873870167588365e+01
3.190637157843051241e+01
2.464698820223259677e-15
1.812239701076086362e+01
2.726404511289572952e+01
2.533961407674234678e+01
1.587023672999123036e+01
1.089028748858503642e-06
2.457670284552555240e-15
1.522929812328867466e-14
1.453951219486437907e+01
2.220446049250313081e-16
2.790181725627145204e-15
2.220446049250313081e-16
2.869182853148173962e+01
2.579927596884370418e-10
2.728531884335528090e+01
2.866705449028219022e+01
2.609248602590767163e+01
2.165520235077484923e+00
2.901536446310012352e+01
4.258257885711327330e-07
4.051457865668602665e+00
5.191407969013765951e-16
1.181967395365045997e-01
2.534171176026795238e-04
1.483913102401318070e-08
2.283277360555251079e+01
2.441666459107441156e+01
4.919343563850325229e-01
7.582118695915336790e-07
2.423217797248505789e+01
2.220446049250313081e-16
2.061474071302080091e+01
3.220383457432326232e-03
4.737831610453480558e+00
4.059580870999056401e+00
1.750425101758387151e-15
2.549425604253840305e+01
2.841124767907489002e+01
1.427784579202840017e-04
1.120978579418236957e-15
2.543046661054283675e+01
3.958999017223724159e+00
2.581877389773477915e+01
2.916617535375830528e+01
1.583664883937807488e+01
4.580236253326767779e-16
2.748179842491760638e+01
8.363888476757503909e+00
1.687287182800059426e+01
2.829412173901624072e+01
2.735032223934848972e+01
3.094864380522228942e+01
1.234996037184843756e-02
4.141578662135526834e+00
8.042815233096044736e+00
2.064047374872976626e+00
4.052812832949563848e+00
3.009494588876119181e+01
8.971973732442287817e-07
9.573211115432651003e-09
1.688719333577945125e+00
4.134102374426410625e-02
2.538912320714920767e+01
1.522070801601009543e-12
1.889424482877779398e-15
3.104948715727629605e+01
6.389573226603317661e-03
2.989947164764971177e+01
3.112796532443602409e-16
2.860370730878246448e+01
2.220446049250313081e-16
2.581445830989219914e+01
6.692051784452562991e-13
2.693485274456706691e+01
2.220446049250313081e-16
7.182057250682783930e-03
2.559389361640663907e+01
2.928925672411184067e+01
2.914332520717912089e+01
3.005907262180802064e+01
4.312600651116437755e-01
2.933297342172555133e+01
4.476822651699579084e-15
2.220446049250313081e-16
2.322118728857914505e+01
2.543496143026425571e+01
1.052689364249697945e+01
7.416399805095354691e-12
2.220446049250313081e-16
2.991769187547244613e+01
7.119311682576242819e-15
2.044451023844301723e-11
1.488697186880456691e+01
2.220446049250313081e-16
6.267030749692382029e-07
2.220446049250313081e-16
2.920066014851968816e+01
9.624250749168509027e-07
5.370618023109899733e-14
3.023647284688503589e+01
2.636260328558553325e-16
6.351303430958585849e+00
6.310068688773499022e-16
1.826931484320156391e-12
2.671155278559410817e+01
5.825511931494435966e-16
2.937257509537497668e+01
2.838685822586937846e+01
2.418077596815241537e-01
2.220446049250313081e-16
2.795423101183620318e+01
3.459503012097740358e-16
2.723589532993643188e-08
2.477594958764601074e+01
1.080949032337296600e+01
2.720149311822514449e+01
2.506335268209780764e+01
2.860698431650502016e+01
3.268481333851425985e-15
2.778612616665205337e+01
4.237666488991152519e-09
3.037638520857027302e+01
2.659356936004349592e+01
2.287208859049186316e+01
4.505194094634850654e-01
2.635683747852971948e+01
1.349670587901076324e+01
9.789616502066450870e-15
4.372767302467271411e-01
2.637783672627959319e+01
2.757761208528024710e+01
9.964843411977666321e+00
2.972122363669538103e+01
6.765490997701411445e-14
2.383578819659321727e-16
2.216000596031542003e+01
2.220446049250313081e-16
7.479012842113249735e-04
4.377185799366142271e-01
4.008186023920449553e-16
2.220446049250313081e-16
3.036704894915074604e+01
2.772941125285898067e+01
3.585802825472719074e-09
2.819707452241821244e+01
2.911162505395308031e+01
3.697662816857171908e+00
2.593691476130985052e+01
2.424227126175777532e-16
2.976929467062805656e+01
4.864238632592484367e-03
2.405686808920341995e-10
2.398628081550166149e-15
2.896111022584636174e+01
2.123646247772169460e+01
2.821001042470228189e-16
1.125561309640989016e+01
2.220446049250313081e-16
2.659687334715690454e+01
2.717906899823977085e+01
1.295038034285688511e+01
2.487559047552426961e+01
2.529321382026413900e+01
2.655278203324023067e+01
9.620276517631229041e+00
1.507211373062419063e-12
2.511012539937385668e+01
3.062760807675711305e+01
6.070554256603566465e-10
1.346256428608257671e+01
2.746386373079898746e+01
1.517423761842649554e+01
3.048641427716818342e+01
2.124932214221499649e+01
2.462738797772293267e-16
3.165458604859923852e+01
4.116468190656266248e-16
2.133392520221836364e+01
7.650092318296077692e-03
2.398685366319796586e+01
2.567753624439142612e+01
2.795156636946719431e+01
1.581753687163146438e+01
2.709241530937083553e+01
4.984160505225472021e-09
2.811929547417655684e+01
2.768185796997445891e+01
3.626061733810132872e-13
2.637599307254495429e+01
2.886680915194959240e+01
2.665646615814631559e+01
2.126934409624584177e+01
1.846210138516319432e+01
1.288366946286834214e+01
2.570933899541662981e+01
2.904397864052830869e+01
2.499310096819732152e+01
2.601866615151701012e+01
2.766486194534493848e+01
2.607919508849529322e+01
2.771463790370288649e+01
2.798045384140208114e+01
2.084289010967126722e-05
2.808158772939851389e+01
9.575423436821351331e+00
2.679053529621763374e+01
3.005000635136018516e+01
1.480723113844587147e+01
2.462548754548377872e+01
2.678377544267148735e+01
1.727956789349422095e+01
5.149959071588804393e-01
2.739236426977875283e+01
2.783014625467819059e+01
5.839683684719675361e-01
2.867198561799180467e+01
9.506202872317773183e-09
1.351614183453174611e+01
2.750658712537440209e+01
9.111609737875969728e+00
1.696832300700868146e+01
2.506380543769562408e+01
2.724523645359422375e+01
2.734276801101940535e+01
2.347130582367926976e+01
7.078301446888776684e-14
2.737354120658950052e+01
2.649346295150192176e+01
3.107796201605094423e-16
9.319865401423526560e-14
2.757233290675183568e+01
2.823707548955530555e+01
1.153625321488151911e+01
2.220446049250313081e-16
2.729177783569286575e+01
8.643944475660992888e-01
2.167950906582685633e+01
2.875984696625064174e+01
2.220446049250313081e-16
2.256700395448255710e-13
7.602021679999146464e+00
2.681080039703720175e+01
1.074476153770457820e+01
1.093159083360578165e+01
2.103761723068327072e+01
2.535036173272938598e+01
1.477077468704916363e+01
2.643790242948367819e+01
2.934075734682568637e+01
2.409520771747958504e-07
3.173144807933831341e-15
2.457361181405098094e+01
2.612298670204854290e+01
2.864234168573474193e+01
2.665943310630423468e+01
2.220446049250313081e-16
2.743421489430278015e+01
2.629430271818195664e+01
2.670015233237856478e+01
2.300971537098447328e+01
2.437482659452493294e+01
2.220446049250313081e-16
2.602750298846293475e+01
2.789138476164027125e+01
2.421478371191658496e+01
2.528016664209195241e+01
2.759921372001871021e+01
2.502103038360591825e+01
2.738019028201105343e+01
1.211656976940647290e+01
8.090843150392673589e-14
1.110902715189714840e+00
2.523833769715657738e+01
2.384388721165518632e+01
1.841721357697317885e+01
2.763526705329095634e+01
2.851451200940242326e-16
2.758855057402989175e+01
3.861102859555783988e-16
2.220446049250313081e-16
2.441803342218523909e+01
3.028070451571203492e+01
1.253288730740692802e+00
1.183615830633961785e+01
3.620162639559948989e-16
2.401377728885228180e+01
2.653610579513447831e+01
2.763844720821393608e+01
2.646745723895909208e+01
2.705167183455180435e+01
2.007068639315571801e+01
2.706332083581227366e+01
6.677305837417431000e-01
2.049626109255488160e+01
1.324957068352565770e+01
2.597590290901053933e+01
2.499657598230466604e+01
2.676929220161166256e+01
2.419141612545794473e+01
2.900732238323251266e+01
2.807875228555084490e+01
2.666424216455090601e+01
2.743640308354417812e+01
2.822285154878397861e+01
2.907658287159728872e+01
2.649476936112778192e-10
2.537203448155624841e+01
2.518582003847674855e+01
5.601239508988187179e-06
2.499157893401421759e+01
2.365488537882613684e+01
2.649133099333580077e+01
2.374486280125361759e+01
4.108692011648606610e-04
2.569456763499661278e+01
2.592814797734930821e+01
2.871563001518831015e+01
2.891391939734465311e+01
2.658596568570483143e+01
7.167874179096232368e+00
2.831082677385557389e+01
2.139264248426860959e+01
2.758856964264596101e+01
2.688502475603871034e+01
2.717479882511024769e+01
2.385697212933485645e+01
1.498673567494411962e+01
2.601778780398481317e+01
2.661907093708356697e+01
2.613810276515372166e+01
2.285758431136454494e+00
2.350816748049980731e+01
2.807606587460420400e+01
2.895928569134100172e+01
2.807844078653860365e+01
2.602017084088018706e+01
2.665307047780698113e+01
2.463585373769625519e+01
2.745035040535750426e+01
2.203680528404456140e+01
1.917334085440168678e+01
1.298226733055556004e+01
2.607668628494898755e+01
2.978396571658564440e+01
1.815820899695350121e+01
2.662980466718309458e+01
2.468191904615158805e+01
2.586484816197550174e+01
2.906272161570649359e+01
2.675544903836288313e+01
1.913331103809851896e+01
2.754264174038233293e+01
2.792276512052048076e+01
2.554480449272954345e+01
2.220446049250313081e-16
2.645643649100155415e+01
2.703303690991973340e+01
1.086459527579117434e+01
2.854743297557207526e+01
2.671727100068920180e+01
2.782327005309914369e+01
2.811902474548430675e+01
2.480818992706873871e+01
2.220446049250313081e-16
2.074765943054206119e+01
3.256089059604654736e-11
2.612813045932799838e+01
2.299948455856627305e+01
2.676017336851694495e+01
2.513029119684150459e+01
2.614173875358094890e+01
2.971276854554531965e+01
2.740168487616520565e+01
2.671256826711206145e+01
1.740174026347273539e+01
1.524524790770904481e+01
1.124410074968923468e+01
2.796266371915791993e+01
2.236650943480389131e+01
2.876776821640487469e+01
8.686412750836909780e+00
1.425058994861487527e+01
1.201768387002410954e+01
3.105957625869491423e+01
2.704932541475942287e+01
1.535295521150973208e+01
2.743269935808568860e+01
2.720251973533151713e+01
2.697761883213646428e+01
2.688073633002143126e+01
2.700077728518577302e+01
2.640463629290024272e+01
2.393139442420049217e-16
2.917326450397546367e+01
2.750102770620853576e+01
2.796996315760423713e+01
3.000534793982318149e+01
2.179312000501286306e+01
2.820717937534394082e+01
2.854573923621460096e+01
2.637886757578792896e+01
2.449184155730073797e+01
2.463219926127961656e+01
2.383371231300279192e+01
2.698556294657130294e+01
3.006130001890009140e+01
1.802839484035047590e+01
2.294684370927370765e+01
2.652290877134528202e+01
2.866584577580560023e+01
2.596353663742960549e+01
2.418777364374030370e+01
1.842635744918398544e+01
2.338066460894150111e+01
2.742745780769628894e+01
2.780059674846414808e+01
9.522799171433018017e+00
7.533597517236716001e+00
2.773518733407252412e+01
2.491698373709843395e+01
2.522693090582259856e+01
2.628401284251463821e+01
2.524698328333838404e+01
1.637623226510142871e+01
2.448188291731110766e+01
2.447377493921130664e+01
2.727712965954337676e+01
2.459894577748564970e+01
2.446349184706997330e-14
1.111036994894550034e+01
1.119646836557846648e+01
2.517198953039538978e+01
2.668922973593642567e+01
2.549214098419475052e-06
2.758470451961233039e+01
1.635336980068207424e+01
2.639588980601166313e+01
2.596367974998528183e+01
2.599851286885275670e+01
2.138115500510490818e+01
2.607393661937791407e+01
2.732470700397676211e+01
2.599817684288125719e+01
2.995880048811529761e+01
2.754166087740902569e+01
2.815216366325919140e+01
2.935371671079021638e+01
1.750469185076234169e+01
2.461483987538456475e+01
2.087208162824358837e+01
2.918605728528867260e+01
2.773009238960246492e+01
2.802264431039234083e+01
1.493595432108001653e+01
2.586986674388028007e+01
2.804101941326277725e+01
5.473204350300712867e-16
1.651607634822559234e+01
2.307363858154382896e+01
2.620246549663720614e+01
2.289140894631154310e+01
2.923212932158196864e+01
2.840736722633909039e+01
1.304365977342482097e+01
2.733695790323083941e+01
2.937421903302532655e+01
2.412698453369111462e+01
2.542099389397213827e+01
2.725360474440887870e+01
2.299696483572342487e+01
2.460884068814150893e+01
2.620904832336863066e+01
2.589116079049827235e+01
1.483603934208180775e+01
2.003470256719053530e-06
2.821116321728865017e+01
2.607594487820532336e+01
2.853943495322782198e+01
2.771224262665980831e+01
2.738897378917211967e+01
2.782658250848635362e+01
2.597580162722737995e+01
2.562740808627755840e+01
2.975605004089563721e+01
2.700082169500650409e+01
2.608498598722310291e+01
2.123620347114929174e+01
2.596347882534741558e+01
2.595826863811785401e+01
2.804310890986311477e+01
2.742061971439767376e+01
1.603967047529197668e-07
2.528774775725214141e+01
2.681390031864058798e+01
2.847533250992965392e+01
2.729046830464240259e+01
2.612251821127108542e+01
2.794438572720409297e+01
2.572689893271794404e+01
2.900395652110324107e+01
2.606326854660719405e+01
1.603871117776975552e+01
1.225438972095467172e+01
2.720076877544044081e+01
2.696994740438048410e+01
2.916681238650658514e+01
2.715471777855105984e+01
2.672804542303528308e+01
2.606668873835120337e+01
1.216926270691959111e+01
2.551184007008478716e+01
2.978709567861806207e+01
2.124337164056462157e+01
2.050318660044506913e+01
2.374191725425956889e+01
2.826840737101435508e+01
2.708275336328517824e+01
2.194510938878218909e+01
2.678283940224432058e+01
1.999208500258787069e+01
2.425720263089762341e+01
2.547528909008369524e+01
2.829211036673408586e+01
2.761559943099162595e+01
9.987157806458411002e+00
2.767815655427740040e+01
2.737405414414697447e+01
2.396016223252862076e+01
2.575975558446980784e+01
2.797379619065884881e+01
2.699769752310964677e+01
2.777523173481332464e+01
2.840663699101550321e+01
3.131648661034382641e+01
8.865655003370461529e+00
2.793579126275836799e+01
2.668106791499546659e+01
2.645923171647492467e+01
2.717304007297098067e+01
2.561675161050194660e+01
2.785395773748443204e+01
2.596059696822247886e+01
2.627427856638830050e+01
2.842982943049451805e+01
2.858383240446785223e+01
2.895430168853397035e+01
2.350894697849993165e+01
2.688247942223476983e+01
2.673597819519790875e+01
2.845131431853130977e+01
1.379452904787395440e+01
2.378942855101158571e+01
9.256018674840174043e+00
2.524199638006608382e+01
2.724393578600824029e+01
2.208734511448766469e+01
2.472828962637195005e+01
2.853805141653816335e+01
2.550804547133527578e+01
1.036317051074827233e+01
2.721282492521172713e+01
2.532159828647614930e+01
2.770968642093262346e+01
2.516501942863594721e+01
2.346027944817711841e+01
2.578961115049266795e+01
2.700379899962191388e+01
2.332261771665599071e+01
1.982898958489228391e+01
2.795570323331054396e+01
2.517740041332214318e+01
2.874816500944745457e+01
2.763445738462989709e+01
2.928367619741702299e+01
2.696965111794213144e+01
2.081287759331295462e+01
2.865192475985503862e+01
2.270243681391159640e+01
2.518725657172250720e+01
2.600971737543397211e+01
1.509459087849674752e+01
2.039473797732544469e+01
2.327505996013907463e+01
2.530686061638608919e+01
2.759709300595559189e-01
2.562062701423448985e+01
1.273074174068482201e+01
2.545407893895601248e+01
2.393002793080534829e+01
2.632865454010171291e+01
2.671737358692055153e+01
2.850687067684418707e+01
2.474608490588850174e+01
2.191154994534646860e+01
2.821274209264131017e+01
1.816608658325074899e+01
2.533582994474898342e+01
2.251792295271419420e+01
2.497066466097432169e+01
2.891319842692974262e+01
2.751525537935626531e+01
2.568659588936488092e+01
2.805606600632019010e+01
2.736712385446853446e+01
2.645373693880849686e+01
2.555059748115282048e+01
2.593788585662762003e+01
1.113678650849255902e+01
1.238079429377377139e+01
2.528599355657510728e+01
2.650869055052917034e+01
2.202584742811130170e+01
8.175229009834962923e+00
2.661369021851533390e+01
2.120836182521752988e+01
1.025142263089120265e+00
2.792807304032816873e+01
2.721766263130423624e+01
2.621272706786990270e+01
2.590250443615089182e+01
2.628254684184631884e+01
1.192164365762988609e+01
2.510690746458668343e+01
2.593438117618229910e+01
2.795221730377349800e+01
2.650116091208662894e+01
2.684464510366824541e+01
2.715706987758030522e+01
2.504800894767229735e+01
2.678582681404006038e+01
2.692041080601513059e+01
2.816727651552210077e+01
2.846978016377577347e+01
1.043817173565124889e+01
2.405308534705839918e+01
2.700391864069234060e+01
2.601442790671925565e+01
2.724086138435288973e+01
2.893431496253016633e+01
2.692771884234785773e+01
2.541942765422618322e+01
2.279707867452249559e+01
2.607129040502559647e+01
2.663741315196265447e+01
2.820549245650839865e+01
2.729488370131270969e+01
2.207081499231409438e+01
2.589228548169597133e+01
2.860194690553195329e+01
2.880307466039329256e+01
2.503662624760569955e+01
2.674299031798854642e+01
1.976087159422412398e+01
2.707344225665849180e+01
1.752941306675209177e+01
2.528579324858891653e+01
1.299819204432818331e+01
2.526873213014456709e+01
2.864280624722380963e+01
2.797930997037051171e+01
1.677499467196338401e+01
2.488985440980043506e+01
1.851667214480583823e+01
2.298654025855303473e+01
2.757408552853916461e+01
2.644891188063950338e+01
2.688910618687159371e+01
2.495881514587679106e+01
2.540328133060544147e+01
