6.022933098921040663e-10
2.491456822232200202e-16
2.220446049250313081e-16
1.711739804594936504e-08
2.220446049250313081e-16
1.583541180219925226e-15
2.220446049250313081e-16
1.532379264929513698e-15
2.220446049250313081e-16
2.220446049250313081e-16
2.475916897123158754e-16
2.220446049250313081e-16
2.220446049250313081e-16
2.220446049250313081e-16
2.220446049250313081e-16
2.298178666691676364e-15
2.220446049250313081e-16
2.220446049250313081e-16
2.220446049250313081e-16
2.220446049250313081e-16
2.220446049250313081e-16
2.220446049250313081e-16
2.220446049250313081e-16
9.877460073987660321e-14
2.220446049250313081e-16
3.563251605723686311e+01
2.220446049250313081e-16
2.220446049250313081e-16
2.220446049250313081e-16
2.220446049250313081e-16
2.220446049250313081e-16
1.298820547890897083e-07
2.478746972544336300e-16
2.220446049250313081e-16
2.220446049250313081e-16
3.001088633791124494e+01
2.220446049250313081e-16
2.220446049250313081e-16
2.220446049250313081e-16
2.220446049250313081e-16
2.220446049250313081e-16
2.220446049250313081e-16
2.220446049250313081e-16
2.220446049250313081e-16
2.220446049250313081e-16
2.670654321226115756e-03
5.388380807072561693e-15
4.350922204435279528e-16
3.199343635298395494e+00
2.268559032404614592e-15
2.220446049250313081e-16
2.220446049250313081e-16
2.220446049250313081e-16
2.220446049250313081e-16
2.220446049250313081e-16
1.440659794465946275e+00
1.594340470910650203e-12
1.595669048453145534e-14
2.220446049250313081e-16
2.220446049250313081e-16
2.062655071414377372e-01
1.255261538934623115e-09
2.220446049250313081e-16
2.924829605833466465e-16
1.831369752572645626e-09
4.062924400250259177e-16
3.950013475514246419e+00
2.220446049250313081e-16
3.372173531289450621e-16
2.220446049250313081e-16
2.506714600098434775e-16
2.220446049250313081e-16
2.220446049250313081e-16
2.220446049250313081e-16
1.518242779141063981e+00
2.220446049250313081e-16
1.212597771425622120e-14
1.101439875118685572e-14
2.220446049250313081e-16
2.220446049250313081e-16
2.220446049250313081e-16
2.220446049250313081e-16
2.913217243755862551e+00
2.220446049250313081e-16
2.220446049250313081e-16
2.220446049250313081e-16
1.814371444465332301e-13
2.220446049250313081e-16
3.167740919322805421e-16
2.220446049250313081e-16
2.499205429726759908e-02
2.220446049250313081e-16
8.841338440239704610e+00
2.220446049250313081e-16
1.462546814304520326e-02
2.220446049250313081e-16
4.624406992440529433e-13
2.220446049250313081e-16
5.469031890557880381e-05
2.220446049250313081e-16
2.220446049250313081e-16
7.776957246521910527e-08
2.220446049250313081e-16
2.220446049250313081e-16
2.916269362734433557e+01
2.220446049250313081e-16
3.411365573925818073e-01
2.220446049250313081e-16
2.405683733231216426e-14
8.852236315266664032e-12
4.005355549801982039e-05
2.220446049250313081e-16
2.220446049250313081e-16
2.861604885159322543e-07
9.447083776235444541e-02
2.220446049250313081e-16
2.220446049250313081e-16
2.220446049250313081e-16
2.081063825557187777e-11
2.220446049250313081e-16
4.942746513641173026e-16
6.243510283412710399e-16
2.220446049250313081e-16
2.780676413770692028e-16
2.774252044674473779e-16
2.831334367867712327e-16
1.230836130543548433e-09
2.705004330948300861e+01
4.440817326758056829e-16
2.446611076508303029e+01
1.021455163556510999e-10
3.326147831522915510e+01
6.478503071282439046e-09
3.227179141382811878e+01
3.190808884080655662e-15
7.799233514969181455e-16
4.151238690505000572e-15
1.623277099717346356e-15
2.593648915092373885e-16
2.220446049250313081e-16
3.688494365940310377e-16
2.220446049250313081e-16
2.220446049250313081e-16
2.220446049250313081e-16
2.220446049250313081e-16
2.220446049250313081e-16
3.132526087534530745e+01
3.215059677382379245e-16
2.220446049250313081e-16
2.220446049250313081e-16
1.467381682413251417e-15
3.358935698453886754e-15
2.454359854151137482e-15
1.574210889190582741e+01
8.211561510795375440e+00
1.577635384298838038e-09
2.220446049250313081e-16
4.183117504800621398e-15
2.659316561199056750e+01
4.327582143693402005e-16
9.751871035158358549e-15
2.220446049250313081e-16
1.201830771966636928e-14
2.561354992638870469e-16
4.792808463992696986e-11
2.220446049250313081e-16
1.824905203709566786e-12
2.220446049250313081e-16
2.882423702484879868e+01
2.220446049250313081e-16
4.202782300759996198e-16
4.343116907086704912e-09
2.609951172502830162e-16
2.768697147930394844e-16
4.312071524149803086e-06
2.220446049250313081e-16
2.220446049250313081e-16
2.009012071188859938e+00
1.372868900660245650e+01
1.290840313212271662e+00
4.651879050560460006e-06
2.396680922740342506e-16
3.221992505587930111e+01
2.220446049250313081e-16
1.212700638083291925e-14
2.698283571641402888e-16
2.220446049250313081e-16
4.368681999937994840e-12
1.181287078584077399e+01
1.428086113810843116e+01
2.220446049250313081e-16
2.858674399474721284e+01
6.928927485152552113e-16
5.893924945768728163e-01
1.653141782643558974e-02
2.422704337508930508e-16
2.913813929309678859e-16
3.384480036323712682e+01
2.220446049250313081e-16
7.478273457127598389e-16
2.220446049250313081e-16
6.299782839569184693e-12
3.047207933386744827e+01
2.220446049250313081e-16
3.143270985350547812e-16
3.795450670103758112e-02
5.983423016572780168e-02
2.220446049250313081e-16
4.704781332878150285e-02
2.220446049250313081e-16
3.137436209522649344e-01
1.495512245227646986e+01
2.980554915133653679e-06
1.463762268632481600e+01
2.984446349853778457e+01
7.840273213668338959e-02
3.104322031013270689e+01
2.220446049250313081e-16
2.220446049250313081e-16
2.220446049250313081e-16
2.683031639177311689e+01
5.514466863387768505e-16
3.618310388591987614e+00
2.220446049250313081e-16
2.444692502088604158e+01
1.381686646295553341e-03
4.042115765072218813e-09
9.725996106804895902e+00
2.220446049250313081e-16
2.835134945144875829e+01
3.833889317983285860e-16
2.947308440532202312e+01
1.385688060258132463e-06
1.170095795586610254e-06
2.226648244425287933e-15
1.036744228394465506e-15
2.220446049250313081e-16
3.533090194575427745e+01
1.007448478229089152e-11
1.837395505619935321e+01
2.519627823924360032e-16
3.851571609202046677e-16
3.073418454118318266e+01
7.670995888692095124e-14
2.220446049250313081e-16
7.219644819696692790e-08
8.209110472613835729e-14
7.997153425287976347e+00
2.766617311101927612e+01
2.220446049250313081e-16
3.036874192375087134e+01
4.520721645175571758e-13
2.220446049250313081e-16
2.935229201010187978e-15
9.396518310627627273e-11
1.638335113464837044e-15
1.741495923142543519e-15
2.220446049250313081e-16
8.369747999487249226e-16
3.826578421439364224e-16
2.145180167083182354e+01
8.074195912344657794e-13
2.220446049250313081e-16
2.220446049250313081e-16
2.700230518495349585e+01
2.220446049250313081e-16
2.220446049250313081e-16
2.220446049250313081e-16
2.811058089582252251e+01
1.430658018013857635e+01
2.838228555763087869e-15
1.063686332119615693e-14
3.908183808275842175e-16
2.925115025905195409e+01
2.220446049250313081e-16
2.776466631528869655e+01
2.003754605851847335e-15
4.517426144992976010e-16
2.220446049250313081e-16
6.951578144501966260e-16
1.289764643423836254e+01
3.377542548570674708e+00
2.220446049250313081e-16
1.542206289147297359e-09
2.586677785532467761e-16
2.497458260830848497e-16
2.220446049250313081e-16
1.553398099927272219e-08
3.881944424818502943e-14
6.180522342709195982e-01
2.655357455251922322e-16
2.933380249732770021e-16
2.220446049250313081e-16
2.365355444413880459e+00
1.128607412710205260e+00
4.336047238554205328e-11
2.384785511604067461e-16
2.789213151670712776e+01
2.957126620472508804e+01
3.255326814391154459e-16
2.347570418867860553e+00
2.220446049250313081e-16
1.379919318922085303e+01
2.726333144271234588e+01
1.201391411587811071e-15
1.021105339740568749e-12
2.893370472008869876e-01
3.047844897346341142e+01
3.653935480663932367e-01
2.003775650473494023e-15
2.678793685320743070e-16
2.565899982100548214e-11
2.220446049250313081e-16
2.775787454347169714e+01
2.360322718232833950e+01
2.220446049250313081e-16
1.122274724100798260e-02
5.446051434552630077e+00
2.220446049250313081e-16
2.220446049250313081e-16
2.220446049250313081e-16
3.039608951093917000e+01
1.545852993938471265e+01
1.253875804214546126e-15
2.122659034879178694e-15
3.004318468528106933e+01
2.151637776801761248e+01
3.749622834162889265e-16
1.670470907394665553e-14
1.959946688069014154e-06
2.220446049250313081e-16
3.121826495922157818e+01
3.375877879504643886e+01
2.220446049250313081e-16
1.248333308053362872e-13
2.265228583088316675e-16
2.928272823372411438e+01
5.724086201766928799e-13
2.717410530353874520e+01
2.776296036854308369e+01
7.854650459220068813e-06
6.833118869445819787e-16
3.705137720100785371e-15
4.319573007077507381e-09
3.081273590386772909e+01
2.835823729684780758e+01
6.026233384977025973e-14
2.220446049250313081e-16
2.220446049250313081e-16
2.846128103500280915e+01
2.918947696517838543e-16
2.220446049250313081e-16
2.220446049250313081e-16
3.060009524143822546e+01
3.426604077359112210e+00
9.032085991921758733e-04
2.899759626615893282e+01
3.078798689497660490e+01
1.091280167661673772e+01
3.329232684560534494e+01
5.766363153936266454e-12
1.611814057800612376e-01
3.074486590768010430e+01
1.761234777387256758e-03
1.448483101694705007e-15
1.158604398729007693e-09
2.045417908612605166e-10
2.220446049250313081e-16
5.224191543209879995e+00
2.220446049250313081e-16
6.654320549477635180e-07
2.220446049250313081e-16
2.220446049250313081e-16
2.361116275208133476e-12
2.220446049250313081e-16
2.895937517118500892e+01
6.803757042578984621e-14
5.283551002180485234e+00
3.175005089866834496e+01
2.857366457450844166e+01
1.381440634585903915e+01
1.024031189453056553e-06
3.051029221235999955e+01
2.594234491886017935e+01
1.821693830916854395e+01
4.194135728281021184e-13
2.819755945553115950e+01
1.159409837777869789e+01
3.275585643620377851e+01
8.532942103567286551e+00
2.599094483864490002e+01
4.299324247197080408e-09
6.919675312323871064e-02
1.304401352208440185e-06
3.111196335714704375e+01
7.886565636634323084e+00
4.124511847259278171e-14
3.571606723080338510e-16
2.256229130162828866e+01
2.220446049250313081e-16
5.110854959188873676e-10
1.808420407961361734e-02
2.324721532061580476e+01
2.719041339699727189e+01
2.659703504639782778e+01
1.053070485325614314e+01
9.198421990686819427e+00
2.768151042403743034e+01
2.220446049250313081e-16
2.650393577120921762e+01
2.220446049250313081e-16
2.906337174386073485e+01
2.497003901675021620e+00
1.894251849164871049e-01
9.270738233617397502e-12
2.718482250442671244e+01
3.550400086751800341e-13
8.333950901616040241e+00
2.524721404453321739e-05
4.516060699195565930e-11
1.467729683540500744e-13
2.857788435571881536e+01
3.136261364303445480e-03
9.312316758382869854e-13
2.853583270685106044e+01
2.874081634814108099e+01
9.179919539439009817e-14
1.378207331387983281e+01
4.443387859012165851e-14
1.086670816895987990e+01
6.823084918764459772e+00
3.436362256682827621e+01
1.081737281213542605e-08
2.535344819383625747e+01
2.791208173670785087e+01
2.923829107200794652e+01
2.840314279759980565e+01
8.732938289610144011e-03
2.714745471594162075e-11
2.721255086597125228e+01
9.290414917787966398e-10
2.220446049250313081e-16
2.757245519914591725e+01
1.084343262510746737e-09
4.830418598895335366e-08
1.547368533733084384e+01
2.376388068465221902e-16
4.609562039762833408e+00
2.256425138152456159e-15
3.029744337593185577e+01
2.548347045173947008e-16
3.111132654471630624e-07
1.113581650406469237e+01
3.544806534797870223e-02
8.510599631058316337e-14
2.892238458540707313e+01
2.864985567332296412e+01
2.312264416486859275e+01
1.347442508780854196e-11
1.888915176562402110e+01
5.521853162366856527e-01
2.880138162309838634e+01
2.027274427125878669e-15
3.031846452173008544e+01
2.348601190992149133e-10
1.867349974326855234e-14
2.330007837482521766e-16
2.618375719304373561e+01
2.357388756338575675e+01
2.907335693971160140e+01
2.567181106577413274e+01
4.421119938543752370e-08
1.969424658124793126e+01
6.987269762389415106e+00
2.549243729582299167e+01
4.491732074721276058e-03
2.338501543018777862e-16
1.522939507312692120e+00
2.939319047959294192e-10
2.857998191239322949e+01
2.807870847180907603e+01
2.921789016602480160e+01
7.807043969987193241e-09
7.293990377229009781e+00
1.789730231878874278e+01
9.843384570019054536e+00
3.033720710171375146e+01
2.530679512291489885e+01
2.338727022265559793e-15
2.122473320184337098e+01
8.769596876846527778e+00
4.283340470979653043e-15
2.754736708078026552e+01
1.226343868986764021e-03
3.191440649483955383e+01
1.529703944278367089e+01
8.251041927433593207e-16
2.749906076388541365e+01
2.789519812494563666e+01
2.839584529360699960e+01
2.536772796366322424e+01
1.504576199192665520e+01
2.696895555628214325e+01
3.809389363930831607e+00
1.051584547865454766e+01
1.940201403963997606e+01
1.705484172548827715e+01
2.677283258037210700e+01
2.832834273042852757e+01
2.734909448288736655e+01
2.551106927958397108e+01
2.759940495399926874e+01
2.024461300624163584e+01
2.972659280130060111e+01
2.059206288195266567e-15
2.692814006841648578e+01
2.321672778090234246e+01
2.195815158207219753e+01
8.052333703385866498e-16
2.648922323587285632e+01
2.256359484351567715e-15
2.635741814683376916e+01
2.698183108254993812e+01
2.300494098697787138e+01
4.574476310750934249e-02
2.796754767248824436e+01
2.954658587129608094e+01
6.890555899076935553e+00
2.689278407542856897e+01
3.353256989089222541e-08
2.494190203627435665e+01
2.898660787423747109e+01
4.661497980181897209e-15
1.287329594324162585e+01
2.975864719384895096e+01
2.641917232719631059e+01
2.733932030926190038e+01
2.406860784434627476e+01
2.873106331085845966e+01
2.576242848098322469e+01
1.036505109448082429e+01
2.828430390525510774e+01
1.809570326878196056e+01
2.688860806936046544e+01
2.996073345690814804e+01
2.732229489220409491e+01
2.572501360443294871e+01
2.743081547812691312e+01
1.338094250229524107e+01
2.788132616669790309e+01
2.713531834613060312e+01
1.611803820616204419e+01
1.986008523786649249e+01
2.819728750548614826e+01
2.713336626786489703e+01
2.894604798677641355e+01
2.655423111204232001e+01
2.667237738722438678e+01
1.604389997618216057e+01
2.707464393789342338e+01
2.885113658856967689e+01
2.622109416433562501e+01
1.539868371946697975e-09
2.566661371347089471e+01
1.008167012790567618e+01
2.851498785971755012e+01
2.714505224018186524e+01
5.227284687960260457e-15
2.213994257565165366e-15
2.998928639822572251e+01
2.002969534493651005e-02
2.857934816602542938e+01
2.822063905035167508e+01
2.876915552871379944e+01
2.873733212996226882e+01
2.577124027323682753e+01
2.843806840624830201e+01
2.893469650734917309e+01
2.769082707061284765e+01
1.390736630045728228e+00
2.121336538231201985e+01
2.386630264527050116e+01
1.068531321753807184e+01
1.514740233706389816e+01
7.449701341240645425e-01
8.904789846914193063e+00
2.807497114841414287e+01
1.017878608750809200e+01
3.055511655710679264e+01
4.449292272614776778e+00
2.381458981999870161e+01
2.679647476929786265e+01
1.014101062514409346e+00
1.566463608976520382e-15
2.653510422631048371e+01
2.220446049250313081e-16
3.024636177184026664e+01
1.826141651218318978e-15
2.728023401423022420e+01
2.769275804138729313e+01
1.546877825754851443e+01
9.129350968302468061e+00
3.661385002813518749e-09
2.220446049250313081e-16
2.220446049250313081e-16
1.781079946702018191e+01
2.534012192962742560e+01
2.220446049250313081e-16
1.540061722254814391e+01
9.228000200242819417e+00
2.583302972282101351e+01
2.808921003594010202e+01
2.705903576036781288e+01
1.131912931674587064e+01
2.220446049250313081e-16
4.368724103221047983e+00
3.437181667492824667e-13
1.123024150121703002e+01
2.065971287388230238e+01
2.529111456780190181e+01
1.816202149414801070e+01
2.603759362132395694e+01
1.200397394225500491e+01
2.647126124671609304e+01
6.530915848223310505e+00
2.583909915068125684e+01
1.614034873344098386e+01
1.101979478005204882e+01
1.610206763153943044e+01
1.252186702810724661e+01
2.487903211649212576e+00
2.784237571141944656e+01
2.485137846101607551e+01
2.412332464985276559e+01
2.861803609553868100e+01
2.732380840207016348e+01
4.422522130888867586e+00
2.656782936720268040e+01
1.924377016026304332e+01
2.868754964722221601e+01
1.138501914618145960e+01
2.867788713169596093e+01
2.522085993865335851e+01
2.303526300048725517e+01
2.877993082429748029e+01
2.605636609949771199e+01
2.729740765653623669e+01
8.829249711049424576e+00
2.220446049250313081e-16
2.715134031319184871e+01
2.981117710715086844e+01
2.379455850236153935e+01
2.529128718896825845e+01
7.289837057875026893e+00
2.740446051623019130e+01
8.248095115090116280e+00
2.907874583477413566e+01
2.645265280019528831e+01
1.278755905693679651e+01
1.523443874123632646e+01
2.616115383225412927e+01
2.340765840946438914e+01
2.622769489880839855e-02
4.316598921240236697e-01
5.395834816492570997e-04
2.384149703335087267e+01
2.650963431375166124e+01
1.514472696531040263e+01
2.908493912557752026e+01
2.866314752112699438e+01
2.987691964504027450e-07
2.557488098145504196e+01
4.282214556704461716e-01
2.186317892654898287e+01
2.562631441056150550e+01
2.433599863805826047e+01
2.246315513982572298e+01
2.570908126352095735e+01
9.368082552747100602e-14
2.531178136969768033e+01
1.206992555587380837e-03
2.901372060385914864e+01
1.100444900440763796e+01
1.293843164200733753e+01
2.653895330347204862e+01
2.379690887273807220e+01
2.591129187943213097e+01
1.147165478323144683e+01
1.577522451926117064e+00
4.676713671453412324e+00
2.420142428686256864e+01
2.220446049250313081e-16
2.343129372921578124e+01
2.679053774690976653e+01
2.635637370703395277e+01
2.898028818233067838e+01
1.051973851160058970e+01
2.604070534238154622e+01
2.220446049250313081e-16
2.455836053027067578e+01
9.876443669449097129e+00
2.811807665348993268e+01
2.839050939312908994e+01
1.696078738300094493e-02
2.739674070122611127e+01
2.698698005849618653e+01
2.753436967092793353e+01
2.740117138038795019e+01
5.631875787232076506e-09
2.732852584609749513e+01
6.546256277732464213e+00
2.644226741412311554e+01
2.509938747145806914e+01
2.475664772443879968e+01
2.606645694554611836e+01
2.303946512361671495e+01
2.788542330504220246e+01
2.753448043786884014e+01
2.817382761356301302e+01
2.679613588768433630e+01
1.725316640101225829e+01
2.719623663276387404e+01
2.867802147322955975e+01
2.892457166058620999e+01
2.645128611371717753e+01
2.886894229766620512e+01
2.745539071156687427e+01
2.940235017536096152e+01
2.848182678921573796e+01
2.821175391364090146e+01
2.515111907056427754e+01
2.220446049250313081e-16
2.592661856207695692e+01
2.347061058765658359e+01
2.915139338947323822e+01
2.988549703794100409e+01
2.618880595132571543e+01
2.599104374786698202e+01
2.984184397952151713e+01
2.115575548482264878e+01
2.942569393813326428e+01
2.711832704554016971e+01
2.679105566011627459e+01
2.523653392458661315e+01
2.770743674202606144e+01
2.614297089480945147e+01
2.944873354116649722e+01
2.453457428060341883e+01
2.003106970069709902e+01
2.543457362325956694e+01
2.849744710151279747e+01
2.394834280798480464e+01
2.624328060956576891e+01
1.111391226598521742e+00
2.702979976994670963e+01
2.683568843196646725e+01
2.358631569720019172e+01
2.662965126621235967e+01
2.593646020568198551e+01
2.671511259363333579e+01
1.208286075088037670e+01
2.388860257534926390e+01
1.666401222532176707e+00
2.583419474493917178e+01
2.745768786980283949e+01
2.496202558238674740e+01
2.426337211435503605e+01
1.906045966508424527e+01
2.462880534711806746e+01
2.914692561453206210e+01
2.882077795942911180e+01
2.669816170475803574e+01
2.728010754977740149e+01
2.672271286663626810e+01
2.725785208223574685e+01
2.218797113120400155e+01
2.180601587354503224e+01
2.501975350135080234e+01
2.547782700117975452e+01
2.699786035714312504e+01
2.690177609686509896e+01
2.735288248783147580e+01
2.511130311744970456e+01
2.618495769581284804e+01
2.621283379526909840e+01
1.744420089282538555e+01
1.532992316489457707e+01
2.220446049250313081e-16
1.528694283901805682e-06
2.584201604743694602e+01
2.077327087630969160e+01
2.724224259967419925e+01
1.579006192243822682e+01
1.383043767118208311e+00
3.046101180023309496e+01
2.482722645509568693e+01
2.723794965688354353e+01
2.596313972596489705e+01
2.612921376333650514e+01
2.632799972012054468e+01
2.865409807993714963e+01
2.658418479598601536e+01
2.676557901299368680e+01
2.936482222609096127e+01
1.587725994247115224e+01
2.734833266693427589e+01
1.608111538091049653e+01
2.491181663825672743e+01
1.764050593802091527e+01
2.387369170488306125e+01
2.670690595486226826e+01
2.070828856266892259e+01
2.748173966590615791e+01
2.027098317194431787e-01
2.442800065635437790e+01
1.163276099105132921e+01
2.441252933367269051e+01
2.320121992099578634e+01
2.577445332172951353e+01
2.691499112239043612e+01
2.393548365952516477e+01
2.871332455853410082e+01
2.671949120915077458e+01
2.472472027711389231e+01
2.631195873101593463e+01
1.248626670536509131e+01
2.679150763635940535e+01
2.646568298869596347e+01
2.578347101531998575e+01
2.552375343915854876e-13
2.380631078793715005e+01
2.835747757009504966e+01
2.820264651411854118e+01
2.439528674803467823e+01
1.834233758423924954e+01
2.835987974445084348e+01
2.742011558400012561e+01
2.721954443344301211e+01
4.739142644412272176e+00
2.657671704181601058e+01
2.353387546086327831e+01
1.350241106876372221e+01
2.649244371210808069e+01
2.560120635373124287e+01
2.686848903874953010e+01
2.384034404878032376e+01
2.751597291747367890e+01
2.820135326380409069e+01
2.301651864125868840e+01
1.153144568775790724e+01
2.719394491051135887e+01
2.761285249684157961e+01
2.577233549014279035e+01
2.721663461913640347e+01
2.598870270849068831e+01
1.501799429270836228e+01
2.569992932420396414e+01
2.568927012465021775e+01
2.197856269599625634e+01
2.879295738625076950e+01
2.831563018204768056e+01
3.023511221218056022e+01
1.583803132170575267e+01
2.644262417559308531e+01
2.168138200868130383e+01
2.328759558118682449e+01
2.289585398880614164e+01
2.410235359111311126e+01
2.647170631744491587e+01
2.683151300356743718e+01
2.495749738319412231e-16
2.240111031127973362e+01
2.716121721158293312e+01
2.808145095376776723e+01
1.926058199335638932e+01
2.930390642972766813e+01
2.737352294597604541e+01
9.003299733478893785e+00
2.752828124303596979e+01
2.384406146486450595e+01
2.757700128927032068e+01
2.716141246235615014e+01
2.629307030430368286e+01
1.581991668238639193e+01
2.911256902364914012e+01
2.716293383225565350e+01
2.916848372476938422e+01
2.512714985980786153e+01
2.784841789566176828e+01
2.748063302019217957e+01
2.770919627878226521e+01
2.638181035884067782e+01
2.590406171685817682e+01
1.601058219059322596e+01
2.701744621007805947e+01
3.038166539749785855e+01
2.700312635169423103e+01
2.756308056152531449e+01
2.768016934676893115e+01
2.384171740025533026e+01
2.583339207225127154e+01
2.752053972558520556e+01
1.210861291816611285e+01
2.234414682525481766e+01
1.933515450583526629e+01
2.194955695944774732e+01
2.822250896869033099e+01
1.012465870062181850e+01
2.414693293600844726e+01
1.593361494982354465e+01
2.457472604659557547e+01
2.733851593676629577e+01
2.836685209170670774e+01
9.702157177848915737e+00
2.643602576742883059e+01
2.498303717715491246e+01
2.609404134536857001e+01
2.556153272109872177e+01
1.722895919289711486e+01
2.481510473449095855e+01
2.874778745627009968e+01
1.509327696154291232e+01
2.704438478483498542e+01
1.126347031164784696e+01
2.361967618379601319e+01
2.582596496042887679e+01
2.791435398554171954e+01
2.617627066597959384e+01
1.474422350612452703e+01
2.759898960438983551e+01
1.555094065302439432e+01
1.405827458646935568e+01
2.665393182683046547e+01
2.566179254142828370e+01
2.516475156254906409e+01
2.805017392791667064e+01
2.761066677518592272e+01
2.609224290824176862e+01
2.560404522011634043e+01
2.406698055377248835e+01
2.574088807601532025e+01
2.827866410275262865e+01
2.783334299809731149e+01
2.620713810475337269e+01
2.732474943865756600e+01
2.259207047567578996e+01
2.961399011548207127e+01
2.815856407414650420e+01
2.418913076527286066e+01
2.692656219593257205e+01
2.664288633799172956e+01
2.704655403430164284e+01
2.601954567277825703e+01
2.720579581728408058e+01
2.684412152764472737e+01
2.488284843620570186e+01
1.706582608328383444e+01
2.603924243850525144e+01
2.653854848360898089e+01
3.071382717549999298e-10
2.678723768150749862e+01
2.269852156995743897e+01
1.296228139320078299e+01
2.838533520372879337e+01
2.583681944303350164e+01
2.615910051401359482e+01
2.768862305046775774e+01
2.864783932432125724e+01
2.582947356699265740e+01
2.758482914679015963e+01
1.320419965175167221e+01
2.622095880446538629e+01
2.380258488186870025e+01
2.212568427062036847e+01
2.682800690735286508e+01
2.456436896810527770e+01
2.885210260020015838e+01
2.651043160219191819e+01
2.517331917303819822e+01
1.916778534942984535e+01
2.654653040004060571e+01
2.489562187458179210e+01
2.463996009829788392e+01
2.625004182295564448e+01
2.500968793568148385e+01
2.317095256006457760e+01
2.310067159344710674e+01
2.570786027972551224e+01
2.678213317048057363e+01
2.961931305539424386e+01
2.792889031145551115e+01
2.802867354447851511e+01
2.516253475067212619e+01
2.542907134175961303e+01
2.856824988518390995e+01
2.660634470697666742e+01
2.806812946288524557e+01
2.682103222670590981e+01
2.880748880530529377e+01
1.625139482743794517e+01
2.768763872386672276e+01
