1.388229278145658601e-15
2.558827080149001962e-16
2.521389208019859613e-16
3.098845597676939079e+01
2.220446049250313081e-16
2.220446049250313081e-16
2.220446049250313081e-16
2.220446049250313081e-16
2.220446049250313081e-16
2.384679708991948235e-11
8.935083661105537444e-15
2.220446049250313081e-16
4.161979381968668339e-12
2.220446049250313081e-16
2.220446049250313081e-16
2.220446049250313081e-16
2.448351026874514405e-16
2.220446049250313081e-16
2.220446049250313081e-16
1.683430575442462534e-15
3.073811991843517788e+01
2.220446049250313081e-16
2.220446049250313081e-16
2.220446049250313081e-16
2.220446049250313081e-16
2.220446049250313081e-16
2.220446049250313081e-16
2.220446049250313081e-16
2.220446049250313081e-16
2.220446049250313081e-16
2.614767260368156737e-16
7.557634684967269800e-08
2.565824352038635711e-09
2.220446049250313081e-16
3.541280116705137546e-16
2.220446049250313081e-16
1.458242587443123852e-15
5.952573521369037834e+00
2.220446049250313081e-16
2.220446049250313081e-16
5.796122711604678058e-12
2.220446049250313081e-16
2.220446049250313081e-16
2.220446049250313081e-16
1.180288212994418003e-15
2.220446049250313081e-16
2.220446049250313081e-16
2.220446049250313081e-16
2.220446049250313081e-16
2.220446049250313081e-16
8.101936786801976160e-12
2.220446049250313081e-16
2.220446049250313081e-16
2.460725981367025036e-16
2.220446049250313081e-16
2.220446049250313081e-16
2.220446049250313081e-16
1.641126242187940620e-15
2.255779084514486318e-14
2.220446049250313081e-16
2.220446049250313081e-16
1.032203891344189577e-14
2.220446049250313081e-16
2.220446049250313081e-16
2.220446049250313081e-16
2.248522114785826531e+00
2.862638823760843804e-16
2.220446049250313081e-16
2.878357547175087465e-16
2.630274782311457381e-16
2.220446049250313081e-16
2.220446049250313081e-16
2.220446049250313081e-16
2.220446049250313081e-16
2.987959772381315861e-16
2.220446049250313081e-16
2.220446049250313081e-16
2.220446049250313081e-16
2.220446049250313081e-16
2.220446049250313081e-16
2.460899411328363391e-16
1.203889734345459598e-15
1.871994371629505674e-15
2.220446049250313081e-16
2.220446049250313081e-16
1.124343439902113697e-14
2.220446049250313081e-16
2.220446049250313081e-16
3.322751960578566239e-08
2.220446049250313081e-16
2.220446049250313081e-16
2.220446049250313081e-16
2.220446049250313081e-16
2.220446049250313081e-16
2.220446049250313081e-16
2.220446049250313081e-16
1.850691943236361964e-15
2.220446049250313081e-16
3.205164905779002282e+01
3.127576885103192667e-11
1.485761007756575356e-15
1.622568931863405950e-01
6.152627183326745572e-12
1.964301111758975015e-15
2.220446049250313081e-16
2.576289799440766255e-07
1.669905879546775729e-14
2.220446049250313081e-16
1.505479485889803798e-15
1.393870938514409980e-15
1.500675956574705108e-15
2.220446049250313081e-16
5.894242215163191953e-16
2.220446049250313081e-16
2.058639879782739812e-08
2.327860599072324242e-15
2.220446049250313081e-16
3.021820227124012348e+01
2.889714628845922496e-13
6.032528644178758404e-15
1.691802181053356212e-07
2.220446049250313081e-16
2.220446049250313081e-16
2.220446049250313081e-16
5.179625206353943065e-16
1.988367620309498818e-02
5.963302827595402522e-14
2.410978024437456527e-16
2.220446049250313081e-16
2.220446049250313081e-16
2.220446049250313081e-16
2.746505786989892268e-16
2.655129878005127800e-02
4.505910337419905577e-12
2.220446049250313081e-16
2.220446049250313081e-16
2.220446049250313081e-16
2.472427813748813864e-12
2.572058854356741161e-16
2.220446049250313081e-16
3.673785372714032292e-16
2.220446049250313081e-16
2.764681857614751337e+01
2.220446049250313081e-16
3.093645160804626363e-16
1.409422048463964920e-13
5.633282651864320020e-13
2.220446049250313081e-16
8.804541699680694915e-15
3.878166184981737667e-05
5.487276721466352315e-06
1.187012536047819999e+01
3.333651990602362614e-01
2.220446049250313081e-16
2.220446049250313081e-16
2.220446049250313081e-16
2.952366902211553147e-06
1.132965228320085600e-11
2.776654391353386586e+01
2.546554017674013644e-16
9.804464881569925379e-15
3.290832370198997804e-03
7.335224198859689390e-14
9.379174021304429412e-15
2.991237835731155670e+01
1.454347222591851772e-15
3.082764564947137131e+01
1.447188087062244817e-15
2.220446049250313081e-16
2.220446049250313081e-16
7.700760970437501613e-16
3.240196695024463480e+01
2.220446049250313081e-16
2.220446049250313081e-16
1.651980648609572100e+01
2.927299377864626351e+01
6.079409810082852389e-02
5.107549192389683914e-11
2.220446049250313081e-16
2.225688316109883108e-15
6.067740743741710185e-15
2.627011968491039550e-16
2.220446049250313081e-16
4.177706656520450564e-13
2.603475701971118639e+01
2.271456235139274627e-03
5.759574094474726458e-01
2.220446049250313081e-16
2.821237052898288210e-07
4.401203052708469658e-05
2.833984901854035011e-06
2.220446049250313081e-16
2.220446049250313081e-16
2.647771302243781477e+01
6.682256779730548413e-16
2.537377920329579942e-02
2.220446049250313081e-16
4.819140119006270762e-16
2.702553844505850567e+00
2.220446049250313081e-16
2.220446049250313081e-16
2.220446049250313081e-16
3.295861494199954430e-16
2.220446049250313081e-16
2.812160877350600286e-06
1.418630021532826095e-15
2.220446049250313081e-16
3.156803203088796277e-13
2.754189720515548556e-01
2.796348313835599571e-16
2.220446049250313081e-16
9.202921684634726707e-03
3.331898399346803785e+01
2.220446049250313081e-16
2.220446049250313081e-16
1.211193956912536808e-12
2.548342603304672670e-15
2.357161234175361386e+01
2.220446049250313081e-16
8.359112654194909918e-05
2.239739355581769065e+00
2.825839276886350149e+01
2.220446049250313081e-16
3.061101626084105201e-15
3.125217401727975286e+01
2.220446049250313081e-16
3.216201174191782997e+01
4.086526464667529219e-04
2.947199037323801463e+01
2.783853005192657548e+01
3.473154216849008190e-16
2.788195761449016175e+01
2.387179164413518609e-05
2.237644210426617541e-02
2.220446049250313081e-16
1.598463904762502214e-15
1.781033367698021809e-12
2.220446049250313081e-16
2.587579401873807579e-16
3.082002801657368707e+01
1.638475553789517952e-15
2.220446049250313081e-16
2.220446049250313081e-16
3.380797224254366001e-03
5.416115157857099659e-07
1.107153554582913230e-02
1.819406497561410063e+01
2.942822739502729945e+01
2.242576793782630196e-01
2.368435848049111406e-14
2.220446049250313081e-16
1.522222779977179836e-14
4.756383353664745070e-07
2.565468807475792395e-16
2.220446049250313081e-16
4.426234475295346714e-06
2.220446049250313081e-16
2.564214674577160480e+01
2.505190851335443281e+00
2.364392262697833432e-16
2.954734125251741617e+01
1.512217267079354799e-14
3.271716539790322287e+01
3.060480939097238817e+01
3.091272221548702959e+01
7.887317113725893662e-16
3.542323099102762671e-04
7.019979554075019933e-10
8.904692510544387929e+00
2.220446049250313081e-16
3.235633083737508287e+01
3.316930843263759954e+01
4.884149331793430714e-15
5.165558495008665184e-16
1.129041708869753080e+00
8.282176507781538999e-12
4.057718754165643968e-10
1.294004677422786758e-14
8.012319048886177983e-08
2.220446049250313081e-16
3.880898670651509627e-16
2.220446049250313081e-16
3.986949918986419784e-16
4.279549824139029964e-12
2.566273840290865493e+01
2.519536447798479273e+01
7.068856743394150018e-16
9.939953426898551997e-14
1.352709001986188229e-11
2.555133967322269228e+01
3.061570319432587084e+01
1.207608192345673714e+01
3.147378318619557002e-16
2.841191272710942073e+01
2.990900959347423169e-16
3.223662119917857183e+01
3.287967247121994774e+01
2.519240038182569208e+01
2.978067623727180546e+01
1.498557266248428180e-13
2.971631450203292601e+01
4.321547541154665995e-16
1.733949908623525005e+01
3.416159864298091264e+01
1.839148231736700501e+00
2.689372993864182604e+01
4.123803429405628855e-16
2.525195691619554950e+01
2.349716813169755166e-15
2.220446049250313081e-16
5.767376917284706541e-12
3.575647093428261633e-12
1.675752879812984764e-02
3.615444695600527475e-03
2.539970523178988297e-16
3.089277686762401487e+01
1.247315106625510813e-07
7.708971349115247122e-10
2.964386730451324681e+01
2.704513958601275547e+01
2.901665238196090568e-01
2.543709713654045856e+01
2.876406347613934855e+01
3.015658481049727158e+01
2.721138845089142677e+01
1.345014053187681407e-14
2.388302638860258925e-02
2.779373821002685219e+01
1.276787887697642617e-11
1.631337110148653480e+01
1.214786501359675519e+01
4.516991470579110790e-14
5.988989789349942859e-11
2.221924361108431056e-01
2.220446049250313081e-16
2.460744462126044049e-16
1.519770061613123247e+01
2.220446049250313081e-16
1.184501881369959050e-08
9.859866373151817687e-01
9.342638259927722719e-14
2.220446049250313081e-16
2.339340850963018692e+00
2.766890853490194371e-05
1.492982187760598085e-15
6.901115190575560695e-16
2.220446049250313081e-16
2.613232504566697349e-16
2.860793722278198459e+01
1.863695873066740205e+01
2.360565098297086450e+01
4.550543821155229179e-02
2.220446049250313081e-16
2.220446049250313081e-16
6.425313691292673314e-14
1.432605556896253819e-15
2.331292314048178227e+01
1.418415859230123295e-12
2.220446049250313081e-16
7.491171400961716964e-01
1.470265530060271431e+01
1.863341814928201856e+01
1.027075103298263809e-09
4.434939833150418843e-15
2.768147393446791682e+01
2.953047855393886524e-08
3.118465247016127861e+01
2.756806813389848188e+01
1.189102599820095982e-10
2.732252257531817463e+01
5.691681136323210647e-16
2.719002098699493786e+01
2.220446049250313081e-16
2.220446049250313081e-16
3.036462470549387760e+01
8.087056268361606888e-14
9.820256734291999967e-01
2.966011374146530244e+01
2.498508438447023394e+01
5.766807935083080398e-13
3.752258398339430685e-15
1.810390417240756167e-01
3.935220482892759324e-03
4.232707122828995140e-14
1.302427995278839390e+01
3.701123022714181737e-14
5.317033790051344688e+00
3.210994006529576694e+01
3.024360850093935582e+01
1.417892750877650305e-15
1.501134177743566282e-03
3.811895252244530889e-16
2.888569807399442624e+01
1.679762740070749061e+01
2.340862323381524490e+01
2.122168728918611791e+01
2.960843351632101417e+01
2.757739103989369411e+01
3.043671018613790835e+01
4.979063351106147728e+00
1.618884989858048297e-03
2.220446049250313081e-16
2.651497256063248287e+01
1.574458438162829876e-01
1.330673035705486583e-02
2.145062821706138139e-13
1.463384841931594904e+00
2.220446049250313081e-16
1.197708823101663711e+01
2.220446049250313081e-16
4.799409760071151171e-11
5.112536452596267824e-14
2.434838178095371930e+01
2.585922704453769327e+01
4.866012957265431322e-13
2.804981114291531696e+01
2.752227549749590807e+01
2.886566162038849749e-16
2.794467177983682404e+01
1.460940711422877783e-15
2.883636328617899025e+01
2.654077894076755584e+01
9.642874937072193993e-04
8.787546178819028244e-05
2.887178186459142637e+01
1.218727497618731772e-03
2.713919785637095809e-11
2.220446049250313081e-16
2.711293254656636265e+01
4.222141952206490741e-04
4.430759300428042051e-11
3.057403025844669742e+01
1.355739260654634926e+01
3.004374757628528769e+01
7.783391534762333919e+00
2.571481932253795932e+01
2.549757358953634423e+01
2.864296146818921684e+01
2.220446049250313081e-16
5.986789697338799288e-16
2.911240965104425633e-16
2.801415849585108830e+01
2.686414385307637787e+01
1.660117282176836895e+01
2.273003130564989860e+01
3.489369533471382005e-07
2.637702325776647427e+01
2.272699132878603479e+01
2.220446049250313081e-16
2.077050308920262367e+01
2.840082168584987343e+01
2.768045344760943749e+01
2.988682221831871999e+01
1.548846325348396036e+01
2.153607558181064618e+01
2.369799832231604349e-09
1.537543137989272951e-14
1.354137587349176584e-06
2.776519562064640567e+01
2.277427601141252822e+01
2.705033901882375957e+01
2.851392933343699099e+01
5.516752114416287080e-16
2.931975567330580290e+01
8.360689230987610908e-04
4.972619409928233022e-03
6.132115210813764270e-16
3.218705112653268685e+01
2.679133943929959116e+01
2.627898533437097583e+01
8.772681448847277238e-07
1.564054047215963201e-14
2.957141396672157896e+01
1.597438131975579090e+01
1.230375273834594552e+01
1.833779277306048527e+01
3.040431978648327416e+01
2.707708377505714736e+01
3.071603104409259544e+01
2.220446049250313081e-16
2.220446049250313081e-16
2.733061771905970971e+01
2.220446049250313081e-16
2.742097737625463694e+01
4.247934673762316219e-15
1.084168299575570364e-14
2.918100748896502594e+01
2.451019982813172149e+01
1.624353466334747509e+01
1.838228367170658295e+00
2.951907564012463681e+01
1.022184214866396168e+01
1.922708087122205980e-14
4.427729533950900046e-16
2.220446049250313081e-16
2.392589490779269923e+01
2.733163983627233762e+01
1.449988660625179530e-15
2.891857344751242920e+01
2.837217663933404310e+01
1.012747013973408272e+01
6.148830087730816683e-05
1.978622750328116672e-03
2.471369419795939137e+01
2.584463638668950836e+01
2.764114125564693936e+01
1.512627589634002057e+01
2.220446049250313081e-16
2.068399785828605886e+01
2.021989706285644672e+01
1.233471278881309097e+01
2.910113806062039643e+01
2.839657169256586045e+01
3.774542412839138605e-01
2.501420944292512161e+01
1.637229976967774192e+01
2.094867101932453579e+01
1.993615487292847632e+01
2.645468876302977534e+01
6.728622777963260321e-10
2.570915874125171641e+01
2.551741350043465673e+01
3.031937131325762991e+01
1.184183850738638277e+01
2.510549516611422760e+01
2.824779065437943260e+01
2.220446049250313081e-16
5.671471238476064687e-10
2.343501776001329873e+01
2.493509010039926110e+01
3.776768895868715540e-10
1.710725792650125499e+01
1.284521885600042346e+01
2.846720273293983894e+01
2.179149964841503362e+01
4.191259262687393803e-13
2.861656718983078918e+01
2.919917828905537505e+01
9.861555363477679137e+00
2.619679555237306090e+01
2.872747705160794141e+01
7.790883461098947781e-05
1.881630181662154122e-15
1.217341265620480506e+01
2.847635066899348644e+01
1.458217454077788985e-15
3.825683993808246181e-16
9.905110111326613554e-07
2.680188408277189183e+01
2.693925608154516738e+01
1.400842355563487551e+01
2.284077327340952479e+01
1.224487269601545236e+01
2.480095153329054725e+01
2.768792916098242074e+01
7.074875373923037891e+00
5.373514581265261649e-06
2.542915178315678659e+01
1.372561018570584679e+01
2.711392083689902677e+01
2.808674699117646867e+01
2.220446049250313081e-16
3.709542451900984503e-14
1.064960662189208129e+01
9.248614165394014819e+00
2.668011193102869427e+01
8.144187511776129540e+00
2.676971337441383980e+01
2.311643965205713513e+01
2.681994060467469865e+01
2.606638888253210595e+01
2.042347553875584509e+01
8.532589502800599135e+00
2.731704117807847965e+01
2.519182365820108060e+01
2.674857771661334738e+01
2.700087654421030692e+01
2.131601065760645852e+01
5.701793228337452835e-01
2.220446049250313081e-16
9.309482000301153803e+00
3.008215314045166977e+01
7.099889310147330332e-06
2.513615638020474918e+01
2.927293980781667315e+01
2.220446049250313081e-16
2.876157843476295994e+01
2.815371841298053823e+01
2.551525068709834088e+01
2.390088179621053754e+01
2.485198193128201893e+01
2.496238336410770842e+01
1.482902912033334175e+01
2.619651544962464840e+01
3.453451807819871155e-02
2.507957261652179071e+01
2.694528866970927439e+01
2.820572054192679090e+01
2.466573557994377097e+01
3.003969519849190917e+01
1.225118218107742687e-13
3.711619853523718919e-03
2.771547414042077406e+01
4.139451664919425511e+00
2.910823239507253390e+01
1.062186154864399666e-08
1.260428040303074960e-09
2.451667045438975379e+01
1.522073199228805684e+01
2.793131422693797628e-04
2.797119254514886322e+01
1.487688113160705505e+01
2.419534645871202727e+01
2.523912298457928216e+01
3.987225041297191158e-02
2.726538341884436574e-09
2.650530903405853067e+01
1.333864804547288863e+01
2.826532851751905540e+01
2.314652451795086918e+01
2.698873076928249759e+01
2.921219363133600666e+01
2.341466589480745952e+01
2.422996374822695387e+01
2.671317727254921692e+01
2.646418511452402456e+01
1.297050627034485260e+01
1.621292602141479299e-09
2.470767933493747393e+01
1.605208985202659377e+01
1.456952170140060865e+01
3.036291431395430962e+01
2.561932546927393872e+01
2.919438816639619816e+01
1.452606992625309568e+00
2.596598489127599763e+01
3.007537627274662384e+01
8.181318590691329717e+00
2.966229365263247431e+01
2.575031595354136371e+01
2.932980139997317082e+01
9.394667348874923718e+00
2.559059531444166069e+01
5.563459548200782478e+00
2.526894536657250256e+01
2.416394471869989857e+01
2.696428167647016849e+01
2.496262479786289035e+01
2.117844027377825711e+01
2.937167063990591487e+01
2.622467258959094494e+01
1.578928444625114125e+01
2.600478681925391555e+01
2.463733058709755142e+01
2.361875396092281676e+01
2.988957679150416524e+01
1.668324553943047661e+01
1.090647144437564542e+01
2.178635739028867147e-01
4.308976804518492558e-16
3.003087805780721808e+01
1.499506722179348629e-05
2.575680989985461267e+01
2.539552498081910770e+01
2.361770159288358073e+01
2.040445780505423912e+01
2.492772589180655274e+01
4.360347382325672452e-12
1.061438049633497371e+01
1.230153527760425504e-15
2.891378308433458244e+01
2.957850877733724460e+01
1.064511579773488670e+01
2.454729291211249631e+01
3.635713247326621394e-05
1.147968808972831845e+01
7.744130712840102929e-16
2.738244651190336754e+01
2.770788508232504554e+01
2.788930353746761170e+01
2.480847835844670612e+01
1.974538391841762675e+01
1.105946052461007056e+01
2.408071687941614769e+01
2.743151114335657681e+01
2.998117338285521427e+01
2.600935899340098700e+01
2.670914562299025974e+01
2.666481415338530070e+01
2.742147981197948781e+01
2.635422221257433506e+01
2.923490538066965172e+01
2.894666930415418094e+01
2.600629914992176239e+01
2.766372413195797009e+01
2.611714569936480146e+01
7.508377692608145360e+00
2.417279696598696148e+01
2.811242537125965768e+01
1.331358697215285147e+01
2.117030310700177864e+01
1.939738931618189355e+01
4.512421776508801453e-04
2.559400181867193780e+01
2.595607887556335314e+01
2.188780223187496077e+01
2.739624969927130138e+01
2.673022223376895923e+01
2.428158895474256695e+01
2.645047826836876581e+01
2.533730286603468329e+01
1.616276949200930702e+01
2.838970417066878937e+01
2.617553881469454424e+01
2.433268450150571383e+01
2.709543809149188931e+01
1.364308695470185917e+01
1.674093619260255394e+01
2.705150935497220743e+01
1.523756089692905036e+01
2.220446049250313081e-16
2.678934319470879188e+01
2.643372239283817393e+01
2.815239384925568800e+01
2.586307006019632837e+01
2.220446049250313081e-16
2.809577743837611408e+01
3.913192078137437373e-05
2.494258804994059986e+01
2.250257200736852070e+01
3.008147207998764285e-09
2.513014085049603707e+01
3.166974772154049944e+01
2.654893651057475168e+01
2.764639342158628921e+01
2.206309482434649283e+01
2.559145032238360429e+01
1.836927528417720623e+01
2.136117293233512271e+01
2.383453447348420440e+01
2.689975152639545897e+01
2.103886458234868329e+01
2.822773900401719160e+01
2.818520725027586948e+01
2.620834369634627237e+01
2.682098097229934552e+01
9.214553009799879415e-06
2.466749358076151921e+01
2.493496751267243283e+01
2.461581862185957448e+01
1.350992860581534671e+01
2.593542593376500349e+01
2.255366772919218121e+01
2.955640626155448913e+01
9.036436714911303996e-15
2.784704018908971079e+01
2.892540526390359901e+01
6.429510365558094298e-01
2.672966911185963212e+01
2.503364106291658331e+01
2.700327275991210030e+01
2.713007593346075197e+01
2.418411010855791687e+01
2.532994080436246165e+01
2.604058884408335217e+01
2.740591312298900206e+01
2.793758009626454708e+01
2.594185913612875183e+01
2.785722429716132353e+01
9.844819598287561035e+00
2.739545902850919745e+01
8.350051423102689441e+00
1.501363437454784666e+01
2.694224110088347146e+01
2.708037744398746582e+01
2.486814727029317140e+01
1.164283384188299841e+01
3.039590021329118130e+01
2.827957272794480659e+01
2.604331108176054244e+01
1.273505140070913200e+01
1.057329407511030261e+01
2.812800020542889712e+01
2.848439275007820015e+01
2.637006310448667179e+01
2.554978425376648588e+01
2.404517014981390233e+01
2.837006882782420192e+01
2.771259948461118228e+01
2.828844875326789321e+01
2.672568049246321564e+01
9.766986458733470045e+00
2.133044350915506016e+01
2.255519034037747872e+01
2.216173043152413769e+01
1.680475675369611110e+01
2.863855438622335470e+01
2.719756850264060333e+01
2.904710469478859025e+01
2.804225815878364259e+01
2.685500049394006794e+01
2.601925408050314203e+01
2.884076858729158843e+01
2.894830103932994803e+01
2.291436760459783883e+01
2.889947116860400200e+01
2.769231111224670272e+01
1.902838698051734312e+01
1.636956286092830481e+01
2.338997551132847263e+01
2.759916980439847123e+01
2.837514194597138939e+01
3.008847222808846666e+01
2.567430783921178872e+01
1.889986732498843480e+01
2.394895407533519105e+01
2.724940573544747124e+01
2.140202185654647593e+01
2.695612482263923226e+01
2.079200489510897043e+01
2.876946170435140715e+01
2.473619935914513590e+01
2.404243824772717630e+01
2.460991295140101442e+01
8.639318347607646942e+00
2.568481016490975577e+01
2.767225602856529321e+01
2.581066908837388496e+01
2.417316490495545978e+01
2.529259068399569443e+01
2.737356215389477043e+01
2.792784134106013738e+01
2.527341195094610882e+01
2.806328364283108101e+01
1.407391229443628333e+01
2.693551486533062800e+01
2.844690509135094558e+01
2.574637113384499187e+01
2.804818656100770013e+01
2.754159830800688269e+01
2.783625691143609515e+01
2.810053992516390409e+01
2.894477317728419052e+01
1.755428200190384658e+01
2.777855733394852322e+01
2.510161964278689339e+01
2.725807748954683163e+01
2.551512495022955918e+01
2.399157167492346332e+01
1.159696323318144806e+01
2.747083149785585832e+01
2.562825737824109495e+01
2.669872722865582659e+01
2.272648819232394146e+01
2.686973932507213902e+01
2.672164902412425036e+01
2.489333017304204887e+01
2.839575690847962974e+01
2.688945875112104744e+01
2.796791775398096291e+01
2.646722242889797272e+01
2.359109431076998220e+01
2.182567588134845238e+01
2.419375802021201594e+01
2.745881719503151075e+01
2.474302644971305654e+01
2.788051593053964794e+01
1.198009344128544740e+01
2.553201480674617230e+01
2.834645200855084468e+01
2.728864296036439185e+01
2.645210513039114630e+01
2.773652883774004252e+01
2.073034079875371560e+01
2.887296789087909588e+01
2.649389212607248822e+01
2.518371186140289097e+01
2.807085975227763441e+01
2.697157780389311554e+01
2.453872247132773765e+01
2.742151053317963161e+01
2.591207915682161200e+01
2.781727082045206600e+01
2.680332605634403009e+01
2.601504824962944440e+01
2.645881913669632723e+01
8.745225899044070772e+00
2.680791028643108476e+01
2.889991416143416814e+01
1.383106067926146387e+01
2.665206676210906878e+01
2.882151321605212857e+01
2.421171147794768430e+01
2.545067859062939775e+01
2.657046781163505500e+01
2.543917977643354433e+01
2.530903474966682865e+01
2.980957160922433502e+01
2.522515224040725101e+01
2.687053607881088979e+01
2.672708386443116879e+01
2.580017056347981708e+01
2.642752959337692431e+01
2.658033312170633167e+01
2.610148305614486119e+01
2.677451174799988820e+01
2.409655214812691781e+01
2.794091459699547997e+01
2.744943015210985493e+01
2.631212838220926642e+01
2.585857164712588130e+01
2.621587071153822990e+01
2.744376263149241524e+01
2.527749045361150237e+01
2.729416705396113230e+01
2.308113811694493123e+01
2.508919229844868681e+01
2.914962771076197612e+01
1.975275100475165146e+01
2.496967387057694765e+01
2.052536384551444115e+01
2.591047554000504149e+01
2.540595744202351014e+01
2.567930357040945921e+01
2.850810019996244193e+01
2.674258248165723373e+01
2.373500701899192933e+01
2.801223665590963208e+01
9.398942090917156378e+00
2.870848436526371117e+01
2.718804028377857662e+01
1.419603987707242432e+01
8.730281177482369870e+00
2.538722626147357886e+01
2.756814143492249869e+01
2.308436824506857477e+01
2.823141862436238014e+01
2.561659181227507176e+01
2.567681444526562728e+01
2.539712067074962221e+01
2.584857562991248159e+01
2.686103148573657862e+01
2.761893000179073709e+01
2.250396923171712160e+01
2.395014582663223379e+01
2.634382977481221388e+01
2.741441512677870662e+01
1.419162814758135838e+01
2.499963284421333753e+01
2.475118725869706182e+01
2.526673249410710298e+01
2.858753304133072248e+01
1.725338992537482596e+01
2.624168757751956427e-08
2.693889357457939582e+01
2.618734154196951280e+01
2.539681760067045246e+01
2.530547705346990028e+01
2.563323441842873507e+01
2.419459567888409168e+01
2.408485389051965697e+01
2.699496841584644713e+01
2.454877885771838208e+01
2.309517629221001300e+01
2.632334336273881092e+01
2.712184246272322952e+01
2.797158782910416619e+01
2.432071044055663478e+01
2.888921670234665129e+01
2.677527712355906431e+01
2.697476737670565328e+01
2.732177248068961362e+01
2.542475540702315939e+01
2.596862741104963490e+01
2.651538485296157432e+01
2.636589060956404751e+01
2.849792243439896922e+01
2.690519996287029159e+01
2.779488409039185370e+01
2.857982482572305472e+01
1.622541035168380574e+01
2.478669164527075708e+01
2.512520377988323972e+01
2.318314988527367859e+01
1.416165134293749617e+01
2.171375470307918576e+01
1.695549724784616075e+01
2.352428307322257695e+01
1.642794066600387737e+01
2.763823376295466261e+01
2.196280870692511300e+01
2.405692636962379183e+01
2.478046486674795190e+01
2.646801571007516074e+01
2.197706053783837632e+01
2.726017920289070062e+01
2.883003530129415282e+01
2.817781205985468418e+01
1.115833343296965374e+01
2.720351848886403801e+01
2.644263009284339816e+01
