2.220446049250313081e-16
2.220446049250313081e-16
2.220446049250313081e-16
2.220446049250313081e-16
2.220446049250313081e-16
1.575039330485903778e-15
2.220446049250313081e-16
5.309364575086997080e-15
2.220446049250313081e-16
2.220446049250313081e-16
2.220446049250313081e-16
2.220446049250313081e-16
1.318319090755294860e-04
1.465818539089955751e-15
5.343323752632489753e-05
3.752998533438488238e+01
2.509066975296361944e-16
1.761130164328876591e+00
2.554020902081370914e-16
2.220446049250313081e-16
2.220446049250313081e-16
2.885110089811956012e-16
2.220446049250313081e-16
2.220446049250313081e-16
2.220446049250313081e-16
3.957801367420782795e-14
2.220446049250313081e-16
2.220446049250313081e-16
1.600166348797742053e-15
2.929342749287901459e-16
2.220446049250313081e-16
2.220446049250313081e-16
2.220446049250313081e-16
4.955644772034412447e-16
2.220446049250313081e-16
3.154979237444974271e-16
2.220446049250313081e-16
2.220446049250313081e-16
2.220446049250313081e-16
6.683576782552257218e-11
4.757719193766308000e-15
2.220446049250313081e-16
2.795707600762527803e-15
2.220446049250313081e-16
3.047635387492507419e+01
2.737044528996812363e-16
1.697732551295048112e-15
2.220446049250313081e-16
1.514722360960358179e-14
1.873291012839759405e-13
2.220446049250313081e-16
3.352292315809899298e-16
2.220446049250313081e-16
1.588494708302933043e-15
2.459638960578363389e-16
2.220446049250313081e-16
1.095819269348280756e+01
2.568891725636485719e-16
2.220446049250313081e-16
2.220446049250313081e-16
2.220446049250313081e-16
6.515100328665858046e-14
2.220446049250313081e-16
2.220446049250313081e-16
2.220446049250313081e-16
7.203479524144416501e+00
2.854790614289224568e-16
2.220446049250313081e-16
3.002212599459752999e-16
2.220446049250313081e-16
2.673795192728816605e+00
3.031481931328088018e-13
2.220446049250313081e-16
3.390237413651570364e+01
3.239068009627517597e+01
2.220446049250313081e-16
5.739208511719587287e-05
2.220446049250313081e-16
2.220446049250313081e-16
2.220446049250313081e-16
1.875384972303478900e-14
5.150306000201327609e-13
1.533182803326629677e-15
2.948376207871021982e-16
2.706199018700850173e-16
2.220446049250313081e-16
2.220446049250313081e-16
1.724116306917545690e-06
1.538537386006343929e-10
2.220446049250313081e-16
2.220446049250313081e-16
3.020520845957836458e-16
3.171738904880198717e+01
1.289584154731651840e-03
2.220446049250313081e-16
2.982303389297464287e-15
7.189987079800152672e-11
2.220446049250313081e-16
2.220446049250313081e-16
2.220446049250313081e-16
3.346356501006136300e-03
3.657498251822743083e-14
1.073522267427083274e-02
2.220446049250313081e-16
2.551976365573229198e-16
3.161946095007291193e-16
1.283917890223398991e-03
1.492300698547081028e+00
5.476506083299526040e+00
2.220446049250313081e-16
2.220446049250313081e-16
8.101099928274413361e-16
1.294047619040806238e-03
2.784861258718902732e+01
9.357199275500103475e-06
7.096278362476230882e-08
2.220446049250313081e-16
3.457070175609023631e-11
1.986822814138253842e-03
2.220446049250313081e-16
9.085793825048677225e-13
4.345904966901535144e-10
6.501306095580588847e-16
1.203385625586292287e-15
8.812205198254680994e-09
4.802251823526245265e-07
2.220446049250313081e-16
2.974312258158085243e+01
4.732872901537833243e+00
2.826121803735054961e-16
1.393683066565913784e-15
2.220446049250313081e-16
2.308106667425025631e-14
4.262128802696724471e-16
2.808749403402393218e-16
2.220446049250313081e-16
2.220446049250313081e-16
2.822955428016686596e+01
2.220446049250313081e-16
7.525849539705680306e-14
2.817675103278674342e+01
2.220446049250313081e-16
1.123618035636415047e-01
2.220446049250313081e-16
5.172344001196392394e-12
2.220446049250313081e-16
9.286883206357241603e-12
5.968467804875388945e-05
2.220446049250313081e-16
2.220446049250313081e-16
4.384825159090436131e+00
3.354112869677428723e-15
2.220446049250313081e-16
6.174816835873204335e-16
1.416644849715124366e+01
2.220446049250313081e-16
1.591464727616052138e-08
1.253964704450209004e-12
2.220446049250313081e-16
2.220446049250313081e-16
4.725770514221270020e-16
2.475242371601275019e-07
2.220446049250313081e-16
2.220446049250313081e-16
2.724042240076123989e+01
6.908627017241293800e+00
2.220446049250313081e-16
2.220446049250313081e-16
2.220446049250313081e-16
2.902601595658220294e-16
3.157021862848521820e+01
2.220446049250313081e-16
2.220446049250313081e-16
2.433208431353849603e-08
1.602693376213838222e-15
3.599801091898344652e+01
2.458374728510745869e-16
2.220446049250313081e-16
2.220446049250313081e-16
8.951739095041821417e-15
2.684227306469526408e-11
2.220446049250313081e-16
3.791436229726986899e-16
7.759741542933555652e-16
2.220446049250313081e-16
1.316702246078467548e-13
3.079615662355476475e-09
1.749151141624276785e-10
2.220446049250313081e-16
9.586116892059695083e-01
1.513256579027627644e-03
2.220446049250313081e-16
1.452352927997395032e-15
4.606368795850694919e-01
2.220446049250313081e-16
1.249499060442489182e-10
2.727163279981443741e-06
5.314280101007987756e-16
2.220446049250313081e-16
5.936489385399706595e-03
1.204688402083939523e-15
6.799329514858661661e+00
2.394102050089285661e-16
2.527406630504984264e+00
2.806935176082670564e-16
1.813860728875889095e+01
4.318977407074581905e-16
2.311823595378483637e-16
1.398449813798588811e-15
2.220446049250313081e-16
7.644808229949674015e-06
6.253008281721116113e+00
1.331715742448002970e+01
1.046558916519890303e+00
1.152862329986251844e+01
1.473748607718940446e-15
4.787842800270819501e-15
2.220446049250313081e-16
2.220446049250313081e-16
6.180302591474368289e-12
3.223038816549581753e+01
2.440616368342909483e-16
2.220446049250313081e-16
2.586992564139072570e+01
7.779887150782725413e+00
2.799135517392777397e-03
1.267237144411272665e-09
2.848271223669614116e+01
2.750795090664533862e-05
1.318225615931277559e-14
2.220446049250313081e-16
1.418711963697019879e-15
2.220446049250313081e-16
9.847768850234663418e+00
2.220446049250313081e-16
3.548752447530879057e-07
5.245998848725709137e-14
1.709617193078915129e-13
1.362342083530748327e-11
2.220446049250313081e-16
2.460191150581154950e-16
2.220446049250313081e-16
1.110140443437411485e-03
2.220446049250313081e-16
2.375450286595779450e-16
2.321631339747739535e-10
3.114977149729112682e+01
3.013423851058594849e+01
6.776229352953669913e-04
2.225219801583523896e-14
2.220446049250313081e-16
1.098274506606049354e-13
4.052677833691374687e+00
3.441275673903031879e-02
2.220446049250313081e-16
1.957722839975649905e-15
3.495578114586117042e-05
1.956789287999236660e-15
3.427906826067436338e-06
4.141965134346826893e+00
2.444776650727008853e-13
2.770023833763811538e+01
2.429986856982785165e-16
2.220446049250313081e-16
2.748356835052051750e+01
3.061177937746300870e+01
7.011867276410867255e-05
7.212650493831393561e+00
1.267277946598025506e-01
3.152987238462118569e+01
3.294166113700813980e+01
2.220446049250313081e-16
9.349079935860212177e-14
2.934324054869505716e+01
4.639599648481325966e-16
3.101741370287927069e+01
1.068915589190844681e-07
1.509120134143566804e-10
3.689569792362421108e+00
2.005218370217562718e-01
9.141720475511146847e-15
2.220446049250313081e-16
6.852026725289435127e+00
2.414279300337753641e-16
1.430581016812373107e+01
2.220446049250313081e-16
6.461845765001784057e-03
1.347680497893778212e-14
3.036016838758765957e+01
2.434093273665772550e+00
3.787539401116643182e-16
2.220446049250313081e-16
2.220446049250313081e-16
2.220446049250313081e-16
2.220446049250313081e-16
3.062381231983041729e+01
9.364829733634755016e+00
3.190811743017666657e+01
8.433420654424801342e-12
2.951432028909659167e+01
1.013276564743371002e-14
2.557156871025075851e-13
2.100187174625109425e-14
1.690694956933968794e-15
3.175201526451251866e+01
1.551599274987335694e-08
4.947649414353601012e-16
3.038988819939415009e+01
2.220446049250313081e-16
2.619103481878449357e-16
2.220446049250313081e-16
4.029914655478353511e-16
2.884093504375938205e-16
1.621675072787757185e-14
1.145395544743575091e-15
3.231724436588124405e+01
2.836683670044433470e+01
3.462435298915698922e+01
2.220446049250313081e-16
3.068655811876735268e-10
9.733386291611440200e+00
5.906843890650150881e-13
3.131066907228874641e+01
7.461114219023620819e+00
2.220446049250313081e-16
2.372783052693739520e-16
3.689720259661350976e+00
1.461591388292234078e-12
7.945710386487048579e-16
2.853358138540992428e+01
3.347983798712444070e+01
2.861240318203865129e+01
2.748601617210143945e-15
2.973108032273173862e+01
5.623287920945830628e-14
2.220446049250313081e-16
7.399336946260445203e-13
3.459095132664446705e-05
1.693647662252603208e-14
3.494427383654208072e-16
1.556877287140115603e-15
3.962089229709029378e-04
4.830297689346454483e-05
4.515193143518554386e+00
2.736994439704240533e-05
4.248463296477439359e-16
2.481671753824382516e-16
2.779878376604245797e-16
2.220446049250313081e-16
3.688274995607068860e-15
1.775324434106918048e+01
3.289845798985885494e+01
7.510038965543260345e-16
2.220446049250313081e-16
3.799020131492037719e-08
2.890620984621725142e+01
1.150402360559163029e+01
2.055286413734034312e+01
3.346148993989818909e-04
3.262761008742326756e-16
9.419657724235195803e-04
2.967477332314621563e+01
2.220446049250313081e-16
1.112566098743176834e-11
2.935589528910736945e+01
2.795688452994350470e+01
2.904444750430721811e+01
2.701404561044535413e+01
4.569512758239564487e-01
2.192144226300932530e+00
6.868154774095363457e+00
2.718899734010449976e+01
1.224515018187564053e+01
2.757494661036265882e+01
2.767426114526821124e+01
2.220446049250313081e-16
2.517102447084104710e+01
3.018893551766722894e+01
4.775467956628091100e-07
3.080615669776503296e+01
2.761219323897677569e+01
2.828456541366815813e+01
2.814958584288183729e+01
2.688038695920135268e+01
2.712528522501567352e+01
4.895048649661554729e-01
7.767745486339855475e-16
2.220446049250313081e-16
2.344479296008399036e-16
5.495594548811958377e-09
2.446650903790425247e+01
3.061212068629222216e+01
2.173833053281227734e+01
2.220446049250313081e-16
3.033845617032416442e+01
8.604020977811181747e-02
4.082994422056510979e-16
1.684662379942699442e-14
2.874456655348681267e+01
2.789723860331480410e+01
1.418818506067739445e-10
3.199825074394646946e-15
2.788699153859532132e+01
2.109906670902002546e+01
5.192685182004530719e-14
2.220446049250313081e-16
1.458775470277911790e-15
2.220446049250313081e-16
3.015227372859258281e+01
5.316062145846466623e-08
1.003007440373264851e-14
1.140621178634763563e-15
8.121029356110149422e+00
7.496513112887442237e-03
2.903092455108460257e+01
5.171609581790012733e+00
2.220446049250313081e-16
6.383453275845893403e-14
2.120288396653999285e+01
2.236117016009005809e+01
2.887057026358876399e+01
2.006569982243359593e-14
2.220446049250313081e-16
2.084602846244317575e+01
2.566703905565074351e+01
1.259707684706187114e-15
2.220446049250313081e-16
2.802821591765645009e-16
2.610321779386818974e+01
2.439791001918170110e+01
2.473428957621032254e+01
1.174048474462006304e-08
7.445336480725170509e-13
3.812304317642787765e+00
2.638473573809248762e+01
2.598749906199797621e+01
2.220446049250313081e-16
3.469394349743184213e-08
5.972577888936366514e-16
6.950097760062302011e-08
2.694041839880192057e+01
2.381554160723501923e+01
1.669498431608255597e-13
1.329520205998728513e-14
2.537262059807859060e+01
1.541468952041561626e-08
6.130641280449999321e-16
1.716520669820600631e+01
2.807147419495144547e+01
2.948178708756343624e+01
3.257479177914095914e+00
2.010439868927539239e-06
2.071514763149279403e+00
9.667643804177948559e-06
1.516674667046073933e-13
2.608111523201996818e+01
3.398459501686188438e-05
2.220446049250313081e-16
6.675267207393392951e-16
6.229859084376567320e-14
2.723047818178086388e+01
2.745778072671517478e+01
3.028338485787952550e+01
7.897052113217091218e+00
6.799610999368856664e-13
2.220446049250313081e-16
3.126718390118367452e+01
8.495782317680772522e+00
1.048121416202941880e+01
3.039448903621881757e-07
3.163753930227925082e+01
2.465128437100130026e-16
2.538602338449151216e-02
2.815530841922245031e+01
3.697662785058210833e-07
9.869394082612872765e+00
2.516356315677219158e+01
2.642781467551388985e+01
2.809661050008353200e+01
2.532164788027343505e+01
2.469849609443047811e+01
2.673470528812775122e-16
2.149336089159533392e-01
2.417820942573500176e+01
2.059516446579743842e+01
4.131204284000498812e-16
7.412625734614371187e-02
9.107331576231772986e-14
1.673159811077512060e+01
1.094730484799672499e-01
1.138327639975952188e+01
2.053413900510074086e+01
2.780528603357813111e+01
2.999312691040892376e-02
7.546911870068263362e+00
4.017968779415276643e-12
3.673540605968234599e-12
2.635813957825753917e+01
1.463519940750797943e+01
2.819016518693733531e+01
2.545040642248324048e+01
2.220446049250313081e-16
1.782887464588069193e+01
1.506901479751997286e+01
2.661671977568876102e+01
9.732421795864871328e+00
1.869476895629914992e+01
2.727255404676322570e+01
1.940799266756179620e+01
1.403990495993520688e-06
2.412033694857838188e-16
1.936368095559583580e+01
2.667360723548588908e+01
1.140668032439804054e-04
1.491448605681815412e-06
2.220446049250313081e-16
2.376740628208969497e+01
1.070607807341046858e+01
6.355737671967744704e-13
2.889453284437822589e+01
2.801420344527065254e+01
2.115250598494667500e+01
2.672232284839400364e-16
2.487852998217773504e+01
2.344827676327713159e-16
2.703664504620746456e+01
5.191755443875353748e-06
1.246205877344671542e+01
2.694076131030480070e+01
1.778419632116173332e+01
2.387730557521858532e-01
7.970234436077582030e-02
1.387421972253665958e-06
2.666998816896074231e+01
3.010706279874817426e+01
2.963493735109818061e+01
2.794864729684114479e+01
3.705452346087783067e-01
3.008914189772887095e-16
3.766626209343639943e-16
2.763768690447202303e+01
2.841774292536656077e+01
2.642944567933204780e+01
1.698880009430296886e-05
1.266349665136321079e+00
2.661380690839040142e+01
2.809400381971684624e+01
2.709124851553634628e+01
4.133194983939226537e-16
6.227035695987479968e+00
2.413814267538665676e-11
1.415234586052663701e+01
2.653591926781327004e+01
2.587635299613442896e+01
1.959731500322584807e+00
2.786138614540895020e+01
2.895379492263523247e+01
2.553167624619630169e-16
2.519238534068950841e+01
2.786646334236841227e+01
2.542482749340306469e+01
7.399349002440319158e-03
2.805552728448832411e+01
2.625027237998126139e+01
2.782784915364364764e+01
2.863872743937788101e+01
2.563382205205968489e+01
2.151825324604111600e+01
2.934358629282691666e+01
2.025296498756142682e+01
2.848474040440138566e+01
2.250624693757642447e+01
2.723324913839385886e+01
1.981556333697167460e+01
1.240585395089517151e+00
2.828148208027064570e+01
2.464995307654978873e+01
2.646060572533405519e+01
6.410428847045261058e+00
2.660011849317852040e+01
2.820893390575626114e+01
3.037473788780373241e+01
2.290960455402509055e+01
2.638407079184302617e+01
1.110005531018605440e+00
2.835323021473532279e+01
1.238797376082107979e-02
2.764916108052565846e+01
2.642789168229846564e-16
4.171528944530226898e-12
2.636661482319383154e+01
2.477207315980506408e+01
1.452155347801459051e+01
2.635814321637174729e+01
1.275075091759024851e-02
2.699900200285404139e+01
9.552509128759387735e+00
2.341825983979487447e+01
2.842400004407435077e+01
7.047559285948181262e+00
2.569652921688493663e+01
2.820886275460451387e+01
2.399042551705847259e+01
1.930393224787527506e+00
8.401431953028502875e+00
1.186368129577519959e+01
2.704767615958873606e+01
2.049077351917259548e+01
2.986573370031542041e+01
2.359258614714175195e+01
2.746417285622446158e+01
2.937985028839471369e+01
1.124117490079668613e+01
1.142087182049173144e+01
2.414475361325612113e+01
3.048111155305360397e-16
2.688435696940882735e+01
2.551366319799439708e+01
2.703832131297206232e+01
2.663803166073849482e+01
5.056354714342693573e-10
1.321170372471086019e+01
2.514793931442294905e+01
3.006139583905184409e+01
4.338554028596037552e-09
6.604305921983723285e-11
2.627405290243467917e+01
6.001864926681506686e-16
1.335220011450401500e+01
4.917395716600999296e-15
2.733591745021703900e+01
1.224921500659053031e+01
3.072871717142514569e+01
2.337512202778971471e+01
2.102648237918216623e+01
2.752687953776012009e+01
2.893152253477722979e+01
2.362933605206910684e-16
1.896391889442097068e-14
2.836592616382788279e+01
2.195151012252467382e+01
2.658775135409736379e+01
9.839271218999149582e+00
2.623966803446152340e+01
2.673619258200460180e+01
2.068017024627083345e+01
2.909377707013769054e+01
2.485837583510895854e+01
2.607620351651864610e+01
2.828222207051723913e+01
1.664523412369108968e+01
2.656751841460027208e+01
3.185855891281782704e+01
2.334144126443508682e+01
2.394516618883777719e-16
2.220446049250313081e-16
1.623760628173799958e+01
3.031617731332791621e+01
3.056567745704965589e+01
2.921513609139601897e+01
2.708704913304357476e+01
1.058823709722004569e+00
2.953335964874080943e+01
2.720163911773979848e+01
2.448790192584227654e+01
2.025741789268592896e+01
6.615449919790663103e+00
2.632425716168961927e+01
2.722918895558699859e+01
2.267946112807082670e+01
2.837996046495860369e+01
1.523026158167955302e+01
2.702236846448623808e+01
2.827081075773963192e+01
3.079110030444724444e+01
2.788433423935794409e+01
1.055634749959295426e+01
1.897766539542941544e+01
1.687619043292418519e+00
8.324924968371583134e+00
2.480118977966447247e+01
2.634231288445437968e+01
2.369248196286584118e+01
2.300495651932748586e+01
2.217936413162252762e+01
2.847704855073542163e+01
2.797176465934804312e+01
2.827612114929397791e+01
1.920306937724812002e+01
2.735680640726762647e+01
2.524667721596305014e+01
2.699237626173922422e+01
2.612566405520741309e-15
2.252454703836923500e+01
2.746882406697544710e+01
2.742114808614055121e+01
2.962855974694268824e+01
3.005523601520738453e+01
1.719635449595385168e+01
2.630118228387062018e+01
1.612541356797601111e+01
2.653684312585456340e+01
2.345701941171763139e+01
5.279224940163537343e-13
1.856744677293723456e+01
2.841447805849236019e+01
1.242762804983295943e+01
2.701737694618173791e+01
2.576611692206117965e+01
2.098895014560492100e+01
2.471652411712090469e+01
1.453712100293038745e+01
2.446318164805391859e+01
2.799225164401989829e+01
2.423550384901527721e+01
2.540685926266126771e+01
2.752714492956842207e+01
2.612048432966710424e-15
2.525211626768382445e+01
2.846202550056270297e+01
3.357047184624577074e+00
1.232012777584864871e+01
2.887747921495867232e+01
2.944012273869278928e+01
9.957497910004862618e+00
3.062225921312547072e+01
1.577823783189188589e+01
2.530401174346009441e+01
2.812371199590172210e+01
2.862044602950915007e+01
2.742188861146994938e+01
5.959756162306027857e-05
1.711125959206502145e+01
2.086665317950814114e+01
9.258965456751262418e-15
1.003732025275523121e+01
2.549234354846710104e+01
2.722687868964167279e+01
2.025662132375796531e+01
2.873848897684155546e+01
2.703254629239432560e+01
2.855750682498102222e+01
2.799618409334099667e+01
1.813034135914302780e+01
2.633130455462962516e+01
2.220446049250313081e-16
2.343359031082880506e+01
2.763611551105925912e+01
2.220446049250313081e-16
2.562265201206650644e+01
2.703768593921829577e+01
2.451063365505548575e+01
2.765637447144611016e+01
2.579320685717865302e+01
2.834769620279817559e+01
1.376502849643426352e+01
2.638776979850180382e+01
2.750850161223618429e+01
6.644467463208627578e+00
2.074934606309782836e+01
1.687588734712781887e-11
2.873039038118971789e+01
2.732937980501206710e+01
2.541868570561026175e+01
2.397232077624930113e+01
2.562043189675313570e+01
6.290584903164195854e-14
2.835760308355662929e+01
2.995481616347056786e+01
2.749201215035552082e+01
2.589542965427231991e+01
2.688104278811258041e+01
2.916839121155478409e+01
9.126436301837757004e-01
2.602784678072648816e+01
2.545599816920424630e+01
2.522662225506150335e+01
2.329297940075194262e+01
2.681542282670962862e+01
2.620305505343608132e+01
1.146686238219730924e+01
2.460386887915738185e+01
2.823732561018128706e+01
2.741722876800048780e+01
2.834023325164546847e+01
2.727304804307409114e+01
2.581998739014089495e+01
1.455498635095452009e+01
2.677307719711676626e+01
2.676862769136758047e+01
7.785710855242178319e+00
2.700214999466523125e+01
2.452374592205327630e+01
2.813866155943721736e+01
2.406123984701015317e+01
2.479463044073813549e+01
2.932419716195213155e+01
2.574918223092603498e+01
2.539567210857739710e+01
1.272436496408621665e+01
2.496037941008100702e+01
2.658961730999814677e+01
2.597915956443850050e+01
2.579437520146889540e+01
2.607497943938602347e+01
2.760977861763069185e+01
2.633302349907988571e+01
2.684815843036478356e+01
9.699097439760759443e+00
2.630332570160121719e+01
2.543558394195158456e+01
2.747865935505559420e+01
2.826531360092898382e+01
2.833306470164622937e+01
2.499246705648604205e+01
3.697921927633569528e+00
2.361906268833712375e+01
2.507832339763267981e+01
2.358923562377918870e+01
1.537093962503125688e+01
2.695622345667635145e+01
2.493932703170108667e+01
2.760509308066787781e+01
2.895539366656284130e+01
2.574665557973338537e+01
2.731699141180612145e+01
2.604852906809021462e+01
2.586255245950687609e+01
2.678130856714635044e+01
2.701451006149697065e+01
2.589511979974577116e+01
2.724502135094857636e+01
2.641546724654303446e+01
1.882256561889397162e+01
2.552480286463405079e+01
1.031227870081688103e+01
1.244186101404841160e+01
2.371603675497835084e+01
2.457639232214972225e+01
2.775853823804758136e+01
2.888535368397867487e+01
2.562320856050741114e+01
2.744450155093111832e+01
2.745536328199613507e+01
2.681524430419585059e+01
2.444722621565376031e+01
2.470923341107556936e+01
2.318463550282397989e+01
2.726794683530699004e+01
1.683727885375641264e+01
2.613817246611009182e+01
2.443814683470348470e+01
2.761037776347136941e+01
2.769643985488377780e+01
2.465988646538997386e+01
2.765173218167693392e+01
2.159042576963538451e+01
2.162311324388564715e-02
2.589443079323736896e+01
1.071160250992289420e+01
2.718245118282195349e+01
2.055215950793161284e+01
2.831532137803549531e+01
2.222987482781813284e+01
2.679992559977186417e+01
2.816536798361228833e+01
2.028020277401382288e+01
2.553064724158661747e+01
2.791338500716132742e+01
2.545717663346862025e+01
2.508576655239361131e+01
2.363062533898198936e+01
2.419345354990544195e+01
2.593795176568569971e+01
2.839171048444088186e+01
2.409891410019263702e+01
2.944004615734746722e+01
2.050543234300084094e+01
2.794222097621516099e+01
2.529675024403521277e+01
2.800031207101250885e+01
1.840681950704843217e+01
2.482161695356224840e+01
2.569491709280649872e+01
2.634206998451427495e+01
2.493777630023227232e+01
2.082797795236069760e+01
2.658361928835106269e+01
2.486499123881041839e+01
2.820080453393352826e+01
1.384387407666254433e+01
2.864929614704770344e+01
1.590084048331674893e+01
2.718333824961445089e+01
1.569702271575504682e+01
2.621093975693341704e+01
2.628402412015898904e+01
1.775377688843875035e+01
2.802461890381012566e+01
1.881118017827065003e+01
2.605226650517353804e+01
2.695885709052474155e+01
1.144145310005211869e+01
2.633022368405099201e+01
2.564577896606117235e+01
1.875861237961978745e+01
2.829902108598991362e+01
2.100044013933188225e+01
2.216757248683978787e+01
2.543068880068319970e+01
1.649113574172703461e-11
2.426182751806705085e+01
2.602805169538192942e+01
2.645850469348757983e+01
2.306187317594677566e+01
2.714807986938123108e+01
1.349084460562757215e+01
2.691339434585388801e+01
2.679762129285330019e+01
2.523805231222888068e+01
2.742183727024587370e+01
2.689189807141525890e+01
2.898423109851722401e+01
2.317036822258975803e+01
1.869546029707159462e+01
2.591313980935539263e+01
2.850297676191698670e+01
2.363956886277267344e+01
2.717706693667513917e+01
2.908460348321778355e+01
2.609833049913762082e+01
2.845604903680337117e+01
2.743711196116541728e+01
2.818032109425375609e+01
2.552967014205237817e+01
2.721610040446787337e+01
2.607599966399389047e+01
2.782050287438140757e+01
2.582906397161337253e+01
1.860538112765007313e+01
7.791200527866729786e+00
2.560433190575598772e+01
2.723850936527844269e+01
2.634019865706563479e+01
2.479255576966486885e+01
2.201658264549941535e+01
2.591120823647814930e+01
2.628299968600694214e+01
2.469361323658691987e+01
2.428202751032435458e+01
2.012234638013450549e+01
2.421100969241567924e+01
2.344904635852356023e+01
2.954735527277453855e+01
2.464331509174873602e+01
2.090686831199667495e+01
2.705713615978167397e+01
2.677419506864162457e+01
2.625744689342175775e+01
2.460458739202324097e+01
8.377056607896829377e+00
1.431007714333142467e+01
2.581858664866262387e+01
2.552662857323646151e+01
2.631584178491933201e+01
2.467932167346776851e+01
2.558757706150986166e+01
1.200193058166708404e+01
2.582130272716135622e+01
2.198402873426867643e+01
2.719836185278842322e+01
2.351555509038455583e+01
2.537207106121568501e+01
3.007031520851723627e+01
2.561332153958912272e+01
2.928968314918601479e+01
1.256581344534699518e+01
2.691636121156048134e+01
2.800608683307355662e+01
2.748277598344940742e+01
2.477647903853013744e+01
2.493470692831222379e+01
2.672060536010571496e+01
2.595478221980001265e+01
2.336083133066398787e+01
2.697038617601725718e+01
2.486985774596374554e+01
2.546579923494561015e+01
2.494076206049091127e+01
2.594600573896481066e+01
2.655175575859335169e+01
2.675919088552139868e+01
2.556322744133381164e+01
2.822900002209107484e+01
2.408725902331913105e+01
2.860399210724230912e+01
2.699075743523274795e+01
2.528496555452061756e+01
2.680288478836425980e+01
2.344169450624815099e+01
2.873537568291665067e+01
