2.220446049250313081e-16
2.220446049250313081e-16
2.220446049250313081e-16
7.201206351495908442e-16
8.852217889250097668e-16
7.624218725341294457e-15
2.220446049250313081e-16
3.499947748156282591e-15
2.220446049250313081e-16
2.220446049250313081e-16
2.220446049250313081e-16
2.220446049250313081e-16
2.220446049250313081e-16
2.220446049250313081e-16
1.618347646072716122e-15
2.220446049250313081e-16
7.433327992421254249e-14
2.220446049250313081e-16
2.811138857993562659e-13
2.220446049250313081e-16
2.220446049250313081e-16
1.517036875170950956e-15
2.220446049250313081e-16
2.927027834020441488e-16
2.220446049250313081e-16
4.655827423364296553e-16
2.220446049250313081e-16
2.220446049250313081e-16
2.220446049250313081e-16
2.220446049250313081e-16
2.220446049250313081e-16
3.184052927757889048e-14
1.698426947882490089e-08
1.612674800658737822e-14
2.220446049250313081e-16
2.220446049250313081e-16
1.616570594358636410e-15
2.585805280808254722e-16
8.646529581312064491e-08
2.220446049250313081e-16
2.220446049250313081e-16
2.955377061307800795e-13
2.220446049250313081e-16
2.220446049250313081e-16
1.066303296344245644e-13
7.648287491847222119e-02
1.897660005514345549e-01
2.410843150938645247e-15
2.220446049250313081e-16
2.220446049250313081e-16
9.109219009743616180e-16
2.220446049250313081e-16
8.536145849042534726e-11
2.220446049250313081e-16
2.380353363746351302e-07
2.220446049250313081e-16
2.220446049250313081e-16
3.145875152440915265e-06
2.220446049250313081e-16
2.220446049250313081e-16
2.291342739986029451e-08
2.153893422393149495e-14
2.220446049250313081e-16
1.461080031355033342e-15
1.770438868692201618e-14
9.536511024760895310e-15
4.399280767640646234e-15
5.910643250784375482e-05
2.220446049250313081e-16
4.689028028677883274e-16
1.496978353002090660e-15
2.118195163334779352e+01
2.220446049250313081e-16
2.455784603806231879e-16
2.220446049250313081e-16
3.046428543392894935e-05
2.220446049250313081e-16
2.220446049250313081e-16
1.613214778156167622e-07
1.470207188960596077e-15
2.874728675618757023e+01
3.089007750539771752e-16
5.636239285633625862e+00
2.220446049250313081e-16
6.026976453222728992e-08
2.220446049250313081e-16
1.185003296009517229e-04
2.220446049250313081e-16
4.184824839646932412e-10
4.077943997492504870e-10
2.220446049250313081e-16
7.622586582737679946e-15
5.076773279198452254e-03
3.093001959611820340e+01
2.220446049250313081e-16
3.302167675094592170e+01
2.220446049250313081e-16
2.220446049250313081e-16
1.470605063248768183e-15
2.543583326238820855e-16
2.864451974841464477e+01
3.364648901160433070e+01
3.279476469695008234e+01
3.110166738534615932e-15
2.220446049250313081e-16
7.474264523675251681e-02
8.296670740337486964e-16
2.688126913652212119e-13
2.220446049250313081e-16
1.269131324270570430e-15
2.220446049250313081e-16
1.189824755345264735e-13
2.220446049250313081e-16
2.220446049250313081e-16
2.220446049250313081e-16
2.484297087022260698e-16
2.220446049250313081e-16
2.220446049250313081e-16
5.486385376027221487e-11
2.220446049250313081e-16
1.480003390957244024e-15
2.317641939469499693e-15
7.664474195056412142e-01
2.220446049250313081e-16
1.660721850772398992e-14
1.637660775127293878e-15
2.346335596764742671e-16
2.220446049250313081e-16
1.990157074920753433e-14
2.220446049250313081e-16
2.220446049250313081e-16
2.691413774344754182e-15
1.504023300390127327e+00
8.350398476123930406e-16
7.482599530306832804e-15
5.520516206928655079e-01
2.220446049250313081e-16
2.220446049250313081e-16
2.220446049250313081e-16
2.220446049250313081e-16
2.464982465870068339e-16
2.220446049250313081e-16
2.220446049250313081e-16
6.265369796394400161e-13
2.220446049250313081e-16
1.667542420640847880e-09
8.117546485711697457e+00
1.218891464880622177e-15
1.366404688287733920e-14
1.373087985908253071e-14
1.503876397227491542e-14
2.220446049250313081e-16
3.912421163670865183e-04
6.001004723383783317e-03
2.070001830442135965e-14
2.220446049250313081e-16
1.872116430352323307e-12
2.818608196538403988e-16
2.220446049250313081e-16
2.220446049250313081e-16
2.220446049250313081e-16
2.220446049250313081e-16
2.220446049250313081e-16
2.220446049250313081e-16
2.220446049250313081e-16
4.946060695483466444e-16
5.856956930386162163e+00
2.220446049250313081e-16
2.220446049250313081e-16
3.002132364184583613e-12
2.785546180487464024e-14
2.683009126319433216e-16
1.208173212936190075e-13
2.220446049250313081e-16
2.220446049250313081e-16
2.220446049250313081e-16
8.948678769831369508e-12
2.220446049250313081e-16
5.171410489592487456e-14
2.416772311024165453e-07
1.089260996147280492e-09
3.190183283957200189e+01
9.579784632090334760e-04
4.541115743300064404e-16
3.492683220155075262e-16
2.998715136258883618e+01
3.437084131919611707e+01
7.616586338879537621e+00
1.611201707020558661e-15
2.220446049250313081e-16
2.220446049250313081e-16
8.705314049304460103e-08
2.220446049250313081e-16
2.220446049250313081e-16
4.783733594601929928e-01
2.084783841073062360e-02
3.938523555841676000e-10
1.560972222299777434e-15
8.789804538639646186e-16
1.626031736582081450e-15
1.514904646489937344e-04
9.727393890577024661e-09
2.220446049250313081e-16
2.220446049250313081e-16
4.160647856850730753e-13
7.909567917745818910e+00
9.099320510734405135e-12
7.870275122569151405e-01
1.619764340052197962e-12
2.433208164609654744e+01
1.592236991046396044e+00
2.901488164606158111e-16
2.298914102665274651e-14
4.281165322418713761e-16
1.812910440696993675e+01
2.220446049250313081e-16
3.302887185303013813e-11
2.858662108366464238e+01
3.665101769275851044e-16
2.899730017931321136e-04
3.073689981669868251e-08
3.178244254874641968e-14
7.506181356054375174e-14
1.396765005941074898e-15
3.837266807148320359e-10
2.316876724781056083e-16
2.220446049250313081e-16
2.220446049250313081e-16
1.604069492608334002e+01
3.521332296321234270e-05
1.478197895533272361e-15
2.207829674972228621e-13
2.672031849857199859e+01
2.659201720426184679e+01
2.046279878110564826e-14
2.835462728780100555e-02
2.815136906856255550e+01
3.549117077437316823e-15
3.620045566567886326e-16
2.826930895672268647e-16
3.808502063555906858e+01
9.139629043006733511e+00
2.220446049250313081e-16
1.135283114933447735e+01
4.314681702294334588e-13
1.322907243943927557e-08
7.005386666864774076e-11
2.220446049250313081e-16
2.789911241326237373e-16
2.220446049250313081e-16
1.688655929971074698e+01
2.221459004009468785e+01
2.220446049250313081e-16
4.425416213567645585e+00
1.163140746237126599e+01
2.220446049250313081e-16
2.381771230426220241e-11
3.068330620749959436e+01
2.387914765496538294e+01
2.512114721816647711e-16
2.259735375107793587e+01
2.220446049250313081e-16
2.822280006524186327e-02
3.475155207201939883e-06
2.220446049250313081e-16
1.766731241471896086e+00
4.751067635988653738e-11
8.531808098767992966e-16
1.147454732950518931e-14
3.839791559684594710e-16
3.048819198184123991e+01
2.942943584352841313e+01
6.349069230437807132e-01
2.220446049250313081e-16
4.120216276310375014e-01
2.444909179947926279e-16
1.517494310526235601e+01
3.049411491598533175e+01
5.603591142373315175e-03
2.498551974336863424e+01
2.396452517141995386e+01
3.163862534972095375e+01
2.220446049250313081e-16
2.220446049250313081e-16
2.220446049250313081e-16
1.011063564497056066e-03
2.816812038335405610e-01
8.431109853438606053e-06
3.025083160235136859e+01
2.712482230732841213e-13
2.965863883308194104e+01
1.004087849747555161e+01
2.125841922344637574e-03
1.143372379971691544e+01
4.092235876499089304e-16
2.624426532886316390e-16
2.220446049250313081e-16
2.828675020614170421e+01
1.553126053412486035e-15
1.792625702190892678e+00
3.177602096518864524e-16
2.375232679855862283e+00
1.719025575532036679e-02
1.597927012053968454e+01
2.934198963555831696e+01
6.498664432656634363e-08
1.371807432647235636e+01
2.676994560034726689e+01
3.942106052108501069e-01
1.308993036130393283e-07
2.714946424646492673e+01
4.172499287501384158e-02
1.223030683711117590e-14
9.851191415540625689e-16
2.757633110231983617e-16
3.517786888211924645e-14
2.393963879599052319e-16
2.306373839851353109e-14
2.220446049250313081e-16
1.101719588221387185e-14
1.063122010614196293e-09
2.220446049250313081e-16
2.762719948512309287e+01
2.923592037224867113e+01
4.418830499014452768e-16
2.237082164616154938e-15
2.220446049250313081e-16
5.974952249124001570e-08
2.845395011966154541e+01
2.898520155251643260e+01
2.220446049250313081e-16
2.220446049250313081e-16
2.793546689497979330e+01
1.866114805672025476e-05
2.220446049250313081e-16
1.048532323280142018e-04
1.517413328043368148e+00
2.637203751184672740e-11
2.220446049250313081e-16
3.059275427796515949e-12
5.053425896053028404e-12
3.095393239286692832e+01
5.616782029504738095e-16
3.249388946093427677e+01
3.039681642229670544e+01
1.537765377890268503e+01
2.754297730729843252e+01
2.413023017398010501e-16
2.797550340240139819e-16
2.576899400495815584e+01
3.089436498219008342e+01
6.080344772038336759e-02
3.461481285479264316e-16
3.057645522527503346e+01
5.851261253678641250e-01
2.974780109695311836e+01
2.475971977215169561e-16
3.197128068261380918e+01
5.307795266742329616e-12
2.491137055937411859e-01
5.191297408827213705e-08
9.590055315732908485e-07
2.567844977772172044e+01
2.244383404893241618e+01
4.538874075764372809e-05
2.879422797378654764e+01
2.727297036187491486e+01
3.855188251807199068e-02
7.128495304382843623e-01
3.286865603612639575e+01
2.680291664796844131e+01
2.561968672610160681e-03
2.215138033380211979e+01
2.322359896091115417e+01
3.362107415742677130e+00
3.932384484405122173e-11
9.920367403359275322e-10
2.509913399360794068e-16
1.616083875272503434e+01
5.483672678562084368e-08
2.970907556283964368e+01
2.637931887263453845e+01
3.015108917326103466e+01
1.061317583272822342e-08
1.005547239035179387e-07
2.265038533841420413e-13
2.785327659404056178e+01
9.127006680695436998e-14
1.265274241682057088e+01
2.220446049250313081e-16
2.220446049250313081e-16
2.220446049250313081e-16
2.351032136150768892e+01
1.715496070539125029e+01
1.245508196744677382e-13
2.220446049250313081e-16
4.671006201689784199e+00
3.624476728105822332e+00
8.403535182687943030e-13
3.051154151784519897e+01
1.932288191508669595e+00
2.761728789993320632e+01
2.106210451715574639e+00
2.220446049250313081e-16
9.732763342544787477e+00
4.342267769080047038e-16
9.244668637315410342e-16
8.004201205632442750e+00
2.674554971811205150e-16
9.158467317737069291e-03
3.478293100981445321e-11
3.924752990926857090e-11
2.869956649608456090e+01
2.829597964085617789e+01
1.294410075804973559e+01
2.706348783964484994e+01
3.471574621142927489e-11
2.323907199626673403e+01
3.921163303850633326e-14
1.153945770843774876e-08
4.109263086032808524e-15
1.214204042711860154e+01
6.535510499468335087e-12
3.740021995952661715e+00
8.405409645887760065e-11
1.329424295944893686e+01
2.710493850551928219e+01
2.905364490544856082e+01
4.544559807554038224e-05
2.448103244028365211e+00
2.220446049250313081e-16
2.657492824961022007e-05
2.639358516353600947e+01
2.758945189394013653e+01
7.107150244684176665e-02
3.090709678436228153e-16
7.740025407519855892e-14
2.308457013536414125e-16
2.576968196713213288e+01
2.955672126534568989e+01
2.999342482151702427e+01
3.767068075971996000e-01
1.017639797702850579e+01
2.709198389050922564e-04
2.220446049250313081e-16
2.547565056663539096e+01
1.461031630190578845e+01
1.552486218346749958e+01
2.536958274122757054e-02
2.220446049250313081e-16
2.735081086164979070e+01
2.951050189300676507e+01
1.264668378254345995e-06
2.220446049250313081e-16
2.687830870638751435e+01
2.181840371843608040e+01
2.240489396414905908e-10
1.032692920613415173e-02
7.365376798050204066e+00
1.276842722719164058e+01
6.999048982197071389e+00
2.928645944145776458e-16
2.793847392128495244e+01
3.393247663916657117e-05
1.587834814360431679e+01
2.220446049250313081e-16
2.454059288898574565e+01
2.485607219685703129e+01
4.780485398917771221e-13
1.023927247265633746e-03
2.517001815545765453e+01
2.697233844358967403e+01
2.371628053437907369e+01
5.229415678236266900e-06
2.615542830733255286e+01
2.255543763553757586e+01
2.591383439302803993e+01
3.045082836129659043e+01
2.220446049250313081e-16
1.715777497496427628e+01
2.821224190917018149e+01
2.906627366968634263e+01
2.279663895245959893e+01
8.817430945712654733e+00
2.752643899926715676e+01
2.599230885729678420e+01
2.358141451408352651e+01
1.426093921470819592e-03
2.354203576793709187e-16
2.578128630003233113e+01
2.220446049250313081e-16
2.960107353131731855e+01
1.033897423123348734e-04
1.396878828946894647e-08
2.482904670698630767e+01
2.120259953240624995e+01
1.530850500196622122e+01
2.486817847229239016e-16
2.529851560362064333e+01
2.865188126787278478e+01
2.753886491711548956e+01
1.718888121304595984e+01
2.604661225167970073e+01
2.531740886795039458e+01
2.890503790566445162e-15
2.220446049250313081e-16
2.586447922273656275e+01
9.884370259107784583e-16
2.220446049250313081e-16
1.850398583984117096e+01
1.116419203194085519e+01
2.957090345516611762e+01
2.736701479956514405e+01
2.515224249603036100e+01
2.522620204984972503e+01
2.973158360080557117e+01
7.246926967690823673e+00
2.220446049250313081e-16
2.725412300173957902e+01
3.103834495943587157e+01
2.876892861697529469e+01
1.077932329349338745e-13
1.760365695590212809e+01
2.885610261129775012e+01
4.211769010325403230e-13
2.619664338590663633e+01
2.098774879496380308e+01
3.945831006395393192e+00
2.749279309826425077e+01
2.729229425391239516e+01
2.592520556737027349e+01
1.366060709224497690e-15
6.920821286490367574e-16
3.019381840210545922e-16
2.286402534885240811e+01
2.443225355471549420e+01
2.212882098170146605e+01
2.698315700952103668e+01
2.930160963318846612e+01
2.734721208543112070e+01
2.542512000787727189e+01
2.043271363653680339e+01
2.932241138832575444e+01
2.427684247049243954e-16
1.349434452365959025e+01
2.640202166538170658e+01
9.834862540582660628e+00
1.055287172085001934e+01
7.913398407307428867e-07
2.904073455329501741e+01
1.463161283324721819e-02
2.915759375023465049e-16
1.468222034683956512e+00
3.005997241622296912e+01
3.074821410535814792e+01
2.803419140307724078e+01
2.343857976960118705e+01
2.632121946206481411e+01
7.194631990106020725e-02
2.766800329776300695e-16
2.962314562359905779e+01
2.958305664711546612e+01
4.009624826034535516e+00
1.982558254382334084e+01
1.554837709992110995e+01
2.820273482904051221e+01
3.022086878673013643e+01
2.607824676623571492e+01
2.360233146326967799e-16
1.149004332966369368e+01
2.461445961201470212e+01
5.149214995289055441e-13
2.453189423043221495e+01
2.550456072586201728e+01
2.446654064265837647e+01
1.311151168263345601e-02
2.024986686168724859e+01
1.366098442040022221e+01
1.010841530477861877e-01
3.827218938072857540e-08
1.339888565870300674e+01
2.402964912661186672e-16
1.542816009779305197e+01
2.089295171502606863e+01
2.414362099630266556e+01
2.993294170570055357e+01
2.164076579800710931e+01
2.532202766765628965e+01
1.102982708804608336e+01
2.343215790311725399e+01
1.286921442355128420e+01
3.134237571414883661e+01
2.499733913342544867e+01
9.112034137684175018e-04
2.725965138214000660e+01
2.100266936758487884e-06
2.607563171452550321e+01
2.656164703303110386e+01
1.861742190803529695e+01
2.559892388680932740e+01
2.778880362105125812e+01
2.879890766767020693e+01
2.770718865723679158e+01
2.206241759885039855e+01
3.055511779664488614e+01
2.555730889052908239e+01
2.879786965846242097e+01
2.417161384272593594e+01
2.825667842542332409e+01
2.917038950684482934e-01
2.681453701337990836e+01
2.865983672973465346e+01
2.957178398902137317e+01
2.572471242828220639e+01
2.664845792096190635e+01
2.078359905269986996e+01
5.231401146894641510e-14
2.423729136117383121e+01
2.625164811055675074e+01
2.240695609756739712e-06
2.906820301608772539e+01
2.757985931538027202e+01
2.533466911077372687e-10
2.576686543384767347e+01
2.297728561221173276e-16
2.113778163237536134e+01
9.837469055589445066e-01
1.124776217019237718e-05
2.466412027310192201e+01
2.190700410864612024e+01
1.620293797697483029e+01
2.644677274239556652e+01
2.584941504109410459e+01
1.766687556448565122e-01
7.469415558425435611e-16
2.957717578937142022e+01
2.515186521302864620e+01
2.220446049250313081e-16
2.877344413233327103e+01
2.174437302836971853e+01
1.775886331921353545e+01
1.277581501385527929e+01
1.437790668719876130e+01
2.657284416721565634e+01
2.726698978714818367e+01
2.817006809289767233e+01
1.817266393736066021e+01
2.202100729181501393e+01
2.713140556442634121e+01
1.236257537280007757e+00
2.608015470533697311e+01
2.783196880135619367e+01
2.220446049250313081e-16
7.785684924116763281e-09
5.356967827355714358e-13
2.610878877953176058e+01
8.265337815524075538e+00
2.403723351897993510e+01
2.575065663250093095e+01
2.691775089993882730e+01
2.475807007933785897e+01
2.706191951037079235e+01
2.606393410022961277e+01
2.410679753716642892e+01
6.004885637675834616e-03
2.998690638748166393e+01
1.987113512820727124e+01
2.489650206585161030e+01
2.272259401362343922e+01
1.153054136207502012e+01
2.540764306823260910e+01
6.877185331594609749e-05
1.135789209853925819e+01
2.846639616032817699e+01
4.469429014522070531e-01
2.391211085615732301e+01
2.492026673293766237e+01
2.737217067838847839e+01
2.417078262520032084e+01
2.657718944967932373e+01
2.848140838629580074e+01
1.241122008340445682e+01
2.673956402716911995e+01
1.981560283646943432e+01
2.578204730298176628e+01
2.852268270017451357e+01
2.778938285967356236e+01
9.064682079253268299e+00
2.936408483950259907e+01
2.550653631126751719e+01
1.425862950243886118e+01
2.401758468407105696e+01
2.405692456095624721e+01
2.882285488936066287e+01
7.394726473976368516e-11
2.432961320660578863e+01
1.333052964230332549e+01
2.726912201573711769e+01
2.615449764446062630e+01
1.411659065716514050e+01
2.607506893104811141e+01
2.749082531857878564e+01
2.944917299666015964e+01
2.078945223254954300e+01
1.989303581667061138e+01
2.852101822123045949e+01
2.873689335559314273e+01
2.745051679126270372e+01
2.821136451577971727e+01
2.164669176577017140e+01
2.417187403743074370e+01
1.728754472164378697e+01
2.659320570735866340e+01
2.434713695537224964e+01
2.688957233952472237e+01
2.397935025648861540e+01
2.603049271813303989e+01
2.562314258908417131e+01
2.727452260078183244e+01
2.359860472734244929e+00
1.311792075935892754e+01
1.006101214162210411e+01
2.131274805939624173e+01
1.986661176900249848e-01
2.775996109021039970e+01
2.719346129213024454e+01
2.455965673231031232e+01
2.469265287748539706e+01
2.778442974689044931e+01
2.312700400054652405e+01
2.744525803030575872e+01
1.411109821039439538e+01
1.795666482399284192e+01
2.591982391073456071e+01
2.638539415264166266e+01
2.785863713247917417e+01
2.740131621859125843e+01
2.906977318766131901e+01
2.668693212866011422e+01
2.171223454351315141e+01
2.522596855248428938e+01
1.211714003416869367e+01
1.499532648279710401e+01
2.043448391192169211e+01
2.798196894713148453e+01
2.124163526103770393e-06
2.523446876144529583e+01
2.493617853051157951e+01
3.059933016029254915e+01
2.681958188815781696e+01
2.882298758892916268e+01
2.429287806286908236e+01
2.443733698347969607e+01
2.839340864150802091e+01
2.537283913000140245e+01
2.662374533497999707e+01
1.185416422734429354e+01
2.670056928489403703e+01
1.878757237782909328e+01
2.718311159514181341e+01
2.817604316331717129e+01
2.614098657803676318e+01
2.290644574935607380e+01
2.761662371143071582e+01
2.636331796187700149e+01
2.628967126832204926e+01
2.798719044731975458e+01
2.625405094046026733e+01
1.562208997853142556e+01
2.427554422440503856e+01
2.777758351784821755e+01
2.254106549429047135e+01
2.764985838503714533e+01
2.616759416787249393e+01
2.553648485689842573e+01
2.951982888728599619e+01
2.857393967623122677e+01
2.435116432074720194e+01
2.668630090598092863e+01
1.589297145644460585e+01
1.546847355022105930e+01
8.622598947269198177e+00
2.655967834091664059e+01
2.457330729352693410e+01
2.795504477238234031e+01
2.658604142920089330e+01
2.659198079618241550e+01
2.622062640461676253e+01
1.790875615016735622e+01
2.774167762271470039e+01
1.621617371430444265e+01
1.930799090758045011e+01
2.660785464577099191e+01
2.572822104049060599e+01
2.479095199348874345e+01
2.705349520509642858e+01
2.329030455243981379e+01
1.014035247560959085e+01
2.711751527353433033e+01
2.729382542705003445e+01
2.155342446021063907e+01
2.253608934168143563e+01
1.258963639093392395e+01
2.883177477961001145e+01
2.468858725562702716e+01
2.781059174567597125e+01
2.683619786758956849e+01
2.673851893173197425e+01
2.638168007805437298e+01
2.773406193474834325e+01
2.848818703167890476e+01
2.687603775693168728e+01
2.369363670740626659e+01
2.484982202366436965e+01
2.635921270911782344e+01
2.464822684418260224e+01
2.785829041519543026e+01
8.033079822248753388e+00
2.672112268383574474e+01
9.932330696364212433e-14
2.535180548912443044e+01
3.012731291591490290e+01
1.726260364946201875e+01
2.742210743009630747e+01
2.544834122950715738e+01
2.392000308500823280e+01
2.580968158090483300e+01
2.877411219683928678e+01
6.945908391508047508e+00
2.769757200878348513e+01
2.666592120237423558e+01
2.751876607203262637e+01
1.874700791442005254e+01
2.087546835811721024e+01
2.763412909326192946e+01
2.407426492094097625e+01
2.780095706410734024e+01
1.371861489090725250e+01
9.603899112970806229e+00
2.739566406810833854e+01
2.571430826877747933e+01
2.426185595304187359e+01
2.220535611272205045e+01
1.929745544414251057e+01
2.578253134014860493e+01
2.545841957894228358e+01
7.589213369417175059e+00
2.860562314952806062e+01
2.634775542976376883e+01
2.823699188295585571e+01
2.356401516012860142e+01
1.487707297384625171e+01
2.590385880242705596e+01
3.025229911449565989e+01
1.127940848391721218e+01
2.678235316244406761e+01
2.623752916467319096e+01
2.516396630142782342e+01
2.678720417734085757e+01
2.468025617448960318e+01
1.358468954481385005e+01
2.578433947069903098e+01
2.444892395647415384e+01
2.662551671418914268e+01
2.813599811492509062e+01
2.702268904344214917e+01
2.216369032261625804e+01
2.818502661092791683e+01
1.044346542231705222e+01
1.182449177622122072e+01
2.698779357091753184e+01
2.853034049937652483e+01
2.747829357970078945e+01
1.050165775418299852e+01
2.448129041781322712e+01
2.838828857386708293e+01
2.220446049250313081e-16
2.971114532045059065e+01
2.553493434034053777e+01
2.584160632061356822e+01
2.502705715857585744e+01
2.527152117429359990e+01
2.674190075423566171e+01
2.598759080274984257e+01
2.766844973831873489e+01
2.743228273343333612e+01
2.601747081106245219e+01
1.783576175247932127e+01
2.378149408115482544e+01
2.425208418146405620e+01
2.744379129649222193e+01
2.884525776778765760e+01
2.527717757294524148e+01
2.501136438423459651e+01
2.448748050109307783e+01
2.619908033934526870e+01
2.805672529288590056e+01
2.451156737100156491e+01
2.419943047989480434e+01
2.640725930912557828e+01
1.217983990746804146e+01
1.331762236985371928e+01
2.063100707518444210e+01
2.754288909855242551e+01
2.669809528772013607e+01
2.794760959649235232e+01
2.856828985034514545e+01
2.645627458597983050e+01
2.637443970791034431e+01
2.740714240422409631e+01
2.551600559572742455e+01
2.759405355989093422e+01
2.630748149394762692e+01
2.678183531210715884e+01
2.671101029548688643e+01
1.901475186024373443e+01
2.819470457248411677e+01
2.277346682616455453e+01
1.489864269674156105e+01
1.292455514948262518e+01
9.723365441316090596e+00
1.509981534504911949e+01
2.644204433232037132e+01
2.541142481394516395e+01
2.474992398138402550e+01
2.566011882735155325e+01
2.674711452464501349e+01
2.601463373434359383e+01
2.715495588070248445e+01
2.714517711330150362e+01
2.642113855344304696e+01
2.682944189069946006e+01
2.747945315782040510e+01
2.716158027304575739e+01
1.021034916857161967e+01
2.595664043346226535e+01
2.808941821228196289e+01
2.457222687194030186e+01
2.583352276378844792e+01
2.857746788962461082e+01
2.675217047824887828e+01
1.497269781697808178e+01
2.572399794821900798e+01
2.685817111675126867e+01
2.779457919564159241e+01
2.526339636760379648e+01
2.450083231468835621e+01
2.674005268311777428e+01
2.312355196511438749e+01
2.696652241566529895e+01
2.582176758235034697e+01
1.183207355390574378e+01
2.558040927482623772e+01
2.118049496458213099e+01
2.813374304074236676e+01
2.660703398463286007e+01
1.612338366754870123e+01
2.646469289487006904e+01
2.862052313463612663e+01
2.468754353119176770e+01
2.654885081419320159e+01
2.712097419887744465e+01
2.504576136100455486e+01
2.476872580313328598e+01
2.326197317512292528e+01
2.790946947357898011e+01
2.630538188767843977e+01
2.676689783060217920e+01
2.554960476221365795e+01
2.158611136239724715e+01
2.710127828494114155e+01
1.708727865549045433e+01
2.761389193621306148e+01
2.580365755076349288e+01
2.783787841707816568e+01
2.545145645515821187e+01
2.640355377729175856e+01
2.672799014791977612e+01
2.691053988329338154e+01
2.246500118917185773e+01
2.584725861816849957e+01
2.379086952978831349e+01
2.603987636243349613e+01
2.724312528644669129e+01
1.470248386296704091e+01
2.493347352083514323e+01
2.491807620306229154e+01
2.681796340551315438e+01
2.426358002547075188e+01
2.568987258394649231e+01
2.831662984898607149e+01
2.478571739633110482e+01
2.287528644406290468e+01
2.464823321170119641e+01
2.742951558038885906e+01
2.590149674178210049e+01
1.205361145324382832e+01
2.682977568752821185e+01
2.442593984357437620e+01
2.572006609937382748e+01
2.576093656079155991e+01
