3.785780487165964492e-01
5.210638199976209695e-01
4.046296538739653781e-01
4.740465531082674877e-01
5.207328319567503527e-01
5.506254821637247554e-01
4.934177465224477421e-01
4.838508172188443202e-01
5.208311326498498151e-01
4.112646011429317294e-01
4.596406422133060832e-01
3.941870329940405093e-01
4.005423236800461639e-01
3.314318376853933601e-01
5.268874242646749417e-01
4.219765767623634423e-01
5.784450021326821290e-01
3.815921925814683702e-01
3.558057022402311143e-01
3.023942128416287067e-01
4.693048653685776284e-01
4.387753247317338623e-01
4.079227820276089544e-01
3.701460642673775059e-01
4.332470171510518497e-01
3.823012040256469901e-01
2.885611952643902245e-01
3.825928968345487791e-01
3.661626501428421609e-01
4.935491947754318542e-01
3.401342241248980214e-01
5.073026684159966937e-01
4.557824520964082193e-01
3.850523538131401247e-01
2.861842347200368453e-01
4.428227515722538699e-01
5.035185956914648431e-01
3.435497210527159728e-01
4.255160383878415220e-01
3.654253506876699586e-01
4.038865964097773098e-01
3.276072616586582220e-01
3.982140119729643546e-01
3.881577035062039882e-01
3.910656439909422355e-01
3.323481289411910899e-01
4.760426508951586255e-01
3.879979979618128905e-01
3.096408078968762023e-01
3.191246288847608970e-01
3.517562337922904292e-01
3.563144852504133708e-01
3.554853232165327004e-01
3.261436878517233739e-01
3.360682947579567981e-01
2.806082901299105647e-01
3.287262347964500231e-01
3.382044016035019585e-01
2.903736004275669358e-01
2.275571810454092292e-01
2.870562754866773369e-01
3.870929322368577563e-01
2.745629384869422429e-01
2.954497932847894859e-01
2.989161136137846175e-01
2.426434850728450832e-01
3.454526695183510188e-01
3.227316569993453621e-01
2.932578040455812163e-01
3.159415228858710734e-01
2.695736535494340225e-01
4.478006966498874197e-01
3.229277262733040721e-01
3.294192069421045255e-01
2.032697878674447345e-01
3.051779710318106020e-01
3.061088848727381850e-01
2.330751317264967426e-01
2.873103381687669988e-01
2.048311112765011377e-01
2.278455140907255094e-01
2.623004167232055872e-01
2.162445616712987684e-01
2.505477347634115226e-01
2.302248048384125390e-01
2.696574911192926582e-01
2.282313991678324994e-01
2.349447582959518777e-01
1.982137557133723249e-01
2.434893521960193319e-01
2.180932315418599998e-01
1.860619114758320369e-01
2.545361107465461958e-01
2.587470730459009993e-01
1.547845552650687351e-01
2.414202068194224171e-01
2.488897303576337594e-01
2.423500389767298535e-01
2.035321610767607814e-01
2.038505670350908849e-01
2.101545896938830371e-01
2.099050896606833028e-01
2.182951339264057877e-01
2.098704546566561302e-01
2.660434982239253676e-01
2.437796355442196083e-01
2.488645275837554072e-01
2.101417472075249870e-01
2.056194312067877172e-01
2.232541372890276821e-01
2.039452029921542120e-01
1.607670236754419613e-01
1.640004917052531597e-01
2.172397741119729275e-01
2.250355519313366748e-01
2.008517388029614215e-01
2.192994612483753769e-01
1.789057021199562114e-01
1.737162402413208462e-01
2.005494050923543325e-01
1.721219790116093606e-01
2.315352543602105795e-01
2.216951109587902147e-01
1.718994821545799800e-01
1.749004329429488247e-01
1.537136657615403301e-01
2.317508239276105941e-01
1.535826629632271734e-01
1.570176703897666060e-01
1.772511264331812775e-01
1.770424183630933124e-01
1.869811775149123612e-01
2.034801968473348155e-01
2.039653087252058794e-01
1.509570877068390216e-01
1.886781992585219170e-01
1.508347346024666025e-01
1.905256034293879019e-01
1.563450912111202240e-01
2.204335767677644831e-01
1.671184077701070025e-01
1.730338655869855802e-01
1.637955350563100321e-01
1.519529470401341786e-01
2.233363366317294707e-01
1.296364978436570226e-01
1.801815835504854413e-01
1.837421416536790253e-01
1.707861386417606764e-01
1.777571582468059352e-01
1.869061953532189235e-01
1.529528126502340823e-01
1.274504891696688902e-01
1.441915486636988208e-01
1.503596412178932196e-01
1.183377672974580130e-01
1.411324750002823092e-01
1.564541069967152753e-01
1.468945608608736852e-01
1.348511227713410920e-01
1.230666091337041246e-01
1.148738860359436176e-01
1.434888900848275695e-01
1.914409292726719780e-01
1.705952267305891334e-01
1.161505526958651335e-01
1.406550531281438587e-01
1.609620553188443048e-01
1.261524723356337863e-01
1.256693010254637810e-01
1.610554132212866918e-01
1.206496318139396590e-01
1.321979789638537406e-01
1.598064133719504232e-01
1.199893026914584382e-01
1.043454585100493104e-01
1.429512723038288413e-01
1.038102090467406952e-01
1.490324351859205754e-01
1.063583964216769373e-01
1.649704946884681944e-01
1.380830346226273597e-01
1.608754478772158603e-01
1.264601156585922759e-01
1.176028703326219699e-01
1.215167890235839959e-01
1.374987579737462218e-01
1.247201491437268384e-01
1.089799921959932749e-01
1.523179232384334614e-01
1.213378776094823225e-01
1.145996529272080566e-01
1.391513239085156450e-01
1.111546896928650857e-01
1.569105239177885913e-01
1.080487439344423317e-01
1.063221575330969004e-01
1.378570585355428368e-01
1.109485525694542674e-01
1.064450319263727518e-01
1.097474584459273844e-01
9.344386185266592704e-02
1.480040730392013781e-01
1.099654175064566780e-01
1.307487650029661719e-01
1.265008545110776206e-01
9.889528445733851425e-02
1.284349379236781330e-01
1.158244151074400152e-01
1.122322387633064439e-01
1.338004739073156979e-01
9.823287390923174378e-02
9.728843793552532926e-02
1.142312784240519657e-01
1.150380346476462257e-01
9.215158850115828804e-02
1.053461533168583153e-01
9.896075684424773811e-02
1.146450956963669526e-01
9.360839397653789029e-02
1.058440308997289914e-01
1.164717411968170940e-01
1.211660930529948194e-01
8.104119595988740210e-02
1.053209863208753316e-01
7.744147752103537619e-02
8.208513051821705875e-02
8.954097455567307240e-02
1.049954802329170073e-01
9.643550465465984545e-02
1.068451437061557485e-01
1.038394645792734966e-01
8.400343932953319159e-02
8.209071257488888274e-02
7.617541144509508422e-02
1.134550999148936368e-01
9.212929017700506595e-02
1.294124113023268352e-01
1.040698471275815357e-01
7.754803539871886475e-02
8.787929942027671026e-02
8.155287088998199041e-02
7.611826381357675309e-02
8.341148386233525336e-02
9.781578037255085623e-02
7.865610967589103941e-02
5.824902279772349589e-02
9.354043888276970808e-02
7.929401700800074726e-02
7.074464338908741101e-02
6.642429288067584758e-02
7.823140606543406428e-02
1.047122195895748009e-01
8.502950942054905703e-02
8.522818090117822987e-02
8.727456955390373861e-02
9.162834862365490385e-02
9.494485161272478435e-02
9.042648106052206258e-02
9.176059633271095584e-02
7.094114491048202076e-02
7.333574765634993942e-02
8.047958711870882575e-02
7.862141765480586131e-02
7.967785486971372400e-02
6.436816174182748151e-02
8.087754709886307847e-02
7.935491644883400919e-02
8.298079820355359904e-02
7.850978021300845933e-02
6.559340445721728585e-02
8.104909023363394971e-02
7.605021707468484493e-02
9.308040203154688275e-02
6.751171249120260787e-02
7.262112953752904165e-02
8.871906933614011337e-02
7.595903807952004982e-02
6.684250261766039314e-02
8.216883313112359477e-02
8.388453105714395452e-02
9.320391825328856739e-02
9.483261010447643913e-02
6.507478058145269029e-02
7.564240495790877650e-02
7.379746846964617413e-02
7.415318119609976000e-02
6.996163147802593463e-02
6.889718705011063649e-02
7.566507187041329741e-02
8.752746120654525397e-02
6.125346979246396734e-02
7.768559556960318024e-02
8.561584429605853530e-02
8.269483920764687801e-02
7.071115559865523426e-02
5.853412141097156379e-02
5.788306729331152423e-02
6.255370070016333384e-02
6.106454775920688166e-02
7.977920985736186577e-02
5.829854784261803702e-02
6.096846568831319063e-02
5.225380120658854044e-02
7.398946457027869017e-02
5.974376940335519859e-02
6.105608096060761991e-02
7.510670838114025250e-02
6.716578212184974583e-02
5.493733416963578892e-02
6.067335636852067698e-02
7.076633581913820137e-02
5.575522184110535961e-02
8.011692571668459217e-02
5.941053747673540747e-02
6.213442705973882402e-02
5.077777297390023703e-02
7.202637891849920926e-02
6.403371520413959905e-02
7.651958502866207379e-02
6.095400944110227620e-02
4.924592271996244136e-02
6.361889679980532730e-02
4.561764626375855447e-02
5.543076930431345417e-02
5.774043790032522966e-02
4.527786283180547378e-02
5.762857275055566914e-02
6.955925504538358617e-02
5.527184352913691590e-02
5.170502396606591750e-02
4.511782470841608356e-02
5.453576172001940725e-02
4.568148637009343538e-02
6.813693709147046473e-02
4.102681443512334880e-02
5.541838250560802287e-02
4.299364122300949193e-02
5.523628141052927543e-02
5.442586741428637881e-02
4.955452527369845483e-02
4.515067874269976245e-02
5.741364791351704494e-02
5.477835120880995834e-02
4.334082994238621506e-02
5.023723003794083874e-02
4.798878118562490552e-02
4.737188966470852469e-02
4.503829403795388958e-02
4.490195583812347374e-02
5.000713907936233521e-02
5.394196307505778193e-02
4.878148896955211700e-02
5.492301369351655638e-02
5.298695851075937990e-02
5.507726204973868722e-02
4.875785337586410750e-02
4.859079738476773658e-02
4.193236476651377581e-02
4.757412169661116158e-02
5.494104267892904042e-02
4.290523936525224291e-02
6.220022372680426154e-02
4.304272832544423638e-02
4.334604262802652791e-02
5.035069997595897212e-02
3.874876610262958238e-02
5.955396919343108192e-02
5.371695090493704833e-02
4.603999327951323328e-02
3.864067791817942660e-02
3.750624108607364393e-02
4.598769023988220905e-02
4.513415720275495285e-02
4.105295630532231066e-02
4.925198681768397369e-02
4.367786087631016917e-02
4.387212688294964830e-02
4.519158671389125054e-02
4.363412099729264970e-02
3.661873873127034773e-02
4.565522178763728456e-02
3.935601772121805064e-02
4.217976383212633518e-02
5.562843752396699759e-02
4.623741559900761133e-02
4.596493642880940950e-02
4.457555371778512687e-02
4.931617469415087995e-02
3.988491159664361851e-02
4.697016713951386591e-02
4.211409339566988402e-02
4.251452165851372228e-02
3.821284669059075989e-02
4.085513198270228352e-02
4.400270017442326626e-02
4.405576559883793430e-02
4.145600556349310351e-02
4.014265173447335161e-02
3.970138265151928331e-02
4.452352899653887197e-02
2.874888808665393078e-02
3.519563616477795059e-02
4.218951333527443115e-02
4.436877343215431257e-02
3.799266792023787975e-02
3.596907147128480808e-02
4.307301321890417978e-02
3.247947059136372522e-02
3.340640242144621297e-02
3.630713362150783663e-02
3.788123582287323404e-02
3.932661234282494589e-02
4.037024021767263854e-02
3.607921122506695111e-02
4.623190611089525448e-02
3.851871317663662503e-02
3.659209614860412657e-02
3.485282840015262174e-02
4.013854631553368663e-02
4.401612761162044390e-02
3.645874250392122651e-02
2.696371069339955143e-02
4.444731193178691475e-02
4.120257475600120484e-02
2.763775818492404321e-02
3.314322881608584154e-02
3.728602502722905276e-02
3.239587263668910339e-02
3.229658632481068742e-02
3.560382924598553406e-02
3.252931127849210957e-02
3.662632213560505084e-02
3.308361882792949099e-02
3.066239097550003262e-02
3.466978403589959790e-02
3.215046711921601408e-02
3.573081173595937104e-02
2.864676207561082238e-02
3.449857344177174184e-02
3.183037837042411444e-02
3.856649811098942365e-02
3.406030933782878273e-02
4.158027248401773707e-02
3.428206320444431715e-02
2.919503919497695721e-02
4.314858673487249885e-02
3.136883787969805409e-02
3.484555845295143894e-02
3.979293739760548371e-02
3.235542308432187014e-02
3.812088873082756374e-02
3.097567964084473741e-02
3.074236994572585036e-02
3.227008199168952124e-02
3.740295944585060595e-02
3.882763450375079084e-02
2.806877116671160910e-02
3.395555277621595258e-02
3.316415673472020847e-02
2.580992540782614530e-02
3.160470153846332841e-02
3.312533159302987612e-02
3.794962629711248064e-02
2.865768258690483752e-02
3.023195206231687679e-02
3.295559638385862217e-02
2.860689327938485682e-02
3.208098826150673072e-02
2.730798999423294376e-02
3.076164793957494870e-02
2.886511099752524234e-02
2.563647845926787447e-02
3.065425264108035536e-02
2.730289363343622877e-02
2.858531633377183606e-02
2.734774096325625140e-02
3.007519530834775606e-02
3.035554261100585627e-02
2.679824271537244521e-02
2.765794683550754779e-02
3.466084709576352368e-02
2.950300617739934697e-02
3.354916967424863283e-02
2.646225839851941083e-02
2.639071077171598403e-02
3.077609802698991551e-02
2.644274152409054751e-02
3.241996809747814401e-02
2.496961709777247365e-02
2.206554999692207641e-02
2.822348299419874182e-02
2.769554290684922773e-02
2.451902235192700633e-02
2.698741155604034159e-02
2.062516310305229084e-02
2.213684788981984050e-02
2.959542990492970010e-02
2.999312584343629198e-02
2.263031408274306794e-02
2.346749572425381805e-02
2.807506981837506327e-02
2.363088473388285857e-02
2.609304857522414325e-02
2.622920415119349077e-02
2.644946320791157629e-02
3.228717689083532988e-02
2.348262417542884561e-02
2.785211959467209092e-02
2.653644331457892871e-02
3.030208021763747955e-02
2.388963361260515450e-02
2.987683475323495499e-02
2.274833872021361433e-02
2.170500888665302316e-02
2.829778906502727898e-02
2.476713460277025700e-02
2.076657637219893673e-02
2.318058210263341384e-02
2.472428344813374160e-02
2.439084795211583084e-02
2.933119406502796359e-02
2.506154030663110960e-02
2.567884243664789179e-02
2.477210093344193662e-02
2.637768305011438386e-02
2.099322456239802528e-02
2.078648349953568161e-02
1.888588033179430109e-02
2.582655597337107228e-02
2.145899663111787425e-02
1.802880971494463455e-02
2.255384290156342564e-02
2.005185716319738895e-02
2.397106638482553176e-02
2.595090444829397172e-02
2.206943598816057256e-02
2.287514329436849889e-02
2.624030456787209906e-02
2.268725715515450270e-02
2.462801616865855844e-02
2.374832246378431183e-02
2.064448626038064075e-02
1.625369055417802064e-02
2.317437870079893172e-02
2.743205898515211488e-02
2.017881537286210156e-02
2.597889740370339443e-02
2.396206825575702970e-02
2.284930870258065211e-02
2.185168253401872929e-02
2.255388533657550626e-02
2.216414164255431710e-02
1.694971082095009240e-02
2.254908094530870544e-02
2.122487621614597975e-02
1.498670374860192403e-02
2.327462432960125324e-02
1.976564539559863554e-02
2.748558760706743681e-02
2.410180619250807191e-02
1.949757514051975865e-02
1.981142176511462016e-02
1.864758071772016496e-02
1.985710925273073343e-02
2.024655072804773179e-02
1.769373964340299407e-02
1.246712678011797568e-02
1.961041560451810828e-02
2.127396518813426396e-02
1.956804869747404141e-02
2.218598180183710758e-02
2.345920932738844097e-02
2.001648965142175524e-02
2.114795859626470917e-02
1.559473853417225712e-02
1.609354105624181269e-02
1.897147652257209077e-02
1.740905085435528674e-02
1.589780356206023024e-02
1.727141287646663873e-02
1.926210706681557791e-02
2.046552183723390067e-02
1.616907392649806138e-02
2.189796643041727955e-02
1.765547112842078686e-02
1.853356663505434376e-02
1.867250842750607306e-02
2.118607227870823034e-02
1.761380996306281810e-02
1.881451989560906091e-02
1.623893762546527175e-02
1.953781163909675336e-02
1.595928531428975061e-02
1.951279479475264561e-02
1.655937791721192459e-02
2.049327315644287537e-02
1.945455178080596551e-02
1.668107784668473176e-02
1.560920181060038853e-02
2.021696054873779735e-02
1.244338605972612408e-02
1.643554997495910719e-02
1.524244131173244435e-02
1.659108628738852412e-02
1.945201562016772925e-02
1.880654179254133765e-02
1.804922726945068848e-02
2.220324368458350198e-02
1.865995926821688647e-02
1.781607277251842647e-02
1.930763691911877022e-02
1.480898925216452000e-02
1.799062294755991720e-02
1.930249251689026418e-02
1.814643402673350725e-02
1.681883543168462974e-02
1.448469209234413101e-02
1.952419106146901021e-02
1.437248666856007738e-02
2.102008406193176318e-02
1.627545328021869422e-02
1.771256375131598573e-02
1.384019541782653163e-02
1.441040160619341641e-02
1.950246830058902786e-02
1.876041227849873164e-02
1.506753557131768929e-02
1.656289120596097023e-02
1.579526059557138581e-02
1.967932626141904312e-02
1.931639131641301257e-02
1.598975132214519590e-02
1.589721617884284205e-02
1.437680716534369373e-02
1.573620792462649201e-02
1.584993556125819172e-02
1.333015330838130397e-02
1.250151832102331176e-02
1.559787423448036510e-02
1.396452189052829231e-02
1.560780730509141352e-02
1.541985477370959139e-02
1.627997053391626661e-02
1.562313570147377990e-02
1.530794791406005564e-02
1.797889936689838625e-02
1.720769363967302942e-02
1.453582639015649214e-02
1.305203648182109988e-02
1.754373220762733832e-02
1.321818943937117484e-02
1.539923777347493132e-02
1.540670477859345210e-02
1.816987263271786779e-02
1.767952614186796279e-02
1.323283753302296681e-02
1.815527496998355084e-02
1.394029482348030195e-02
1.382206531952069606e-02
1.701996682786901735e-02
1.609705740172653540e-02
1.282903590260161056e-02
1.301034814106885942e-02
1.759455547300060527e-02
1.421412983805246839e-02
1.260680942889531864e-02
1.540433735543463543e-02
1.394162484522577100e-02
1.457056646990112503e-02
1.445840892853996265e-02
1.492082175590076290e-02
1.646592337445929380e-02
1.208974773021862653e-02
1.423045227835670855e-02
1.129527754327859339e-02
1.704224710595940440e-02
1.220589995714054833e-02
1.540518997850912931e-02
1.456716082778009881e-02
1.771365412137261564e-02
1.459032477041550223e-02
1.250984777816276268e-02
1.742020806368140690e-02
1.212971087149643593e-02
1.250405048974801217e-02
1.491250446027557290e-02
1.245911897749909202e-02
1.448501278541065862e-02
1.433356540235670128e-02
1.627090981484773102e-02
1.448734007659729234e-02
1.080921797064201759e-02
1.455813439683148816e-02
1.326106759352534310e-02
1.145534554243473301e-02
1.194499444790333292e-02
1.450995676743639662e-02
1.457225998062787117e-02
1.376892203246845615e-02
1.309548707515756014e-02
1.231861040697089169e-02
1.202604038388413454e-02
1.353513432397308001e-02
1.373520859598576643e-02
1.349985338658314139e-02
1.196861576591702093e-02
1.208436368272392328e-02
1.068994516839989577e-02
1.311292106067117776e-02
1.178785498488504543e-02
1.433949782605593685e-02
1.265734575392669925e-02
1.024453003596242744e-02
1.003672113388589214e-02
1.156027347321720265e-02
1.235572901342155659e-02
1.067194605876854024e-02
1.348100860280714887e-02
1.124061318869269167e-02
8.917968352182913117e-03
1.328606320178835239e-02
1.373120098377345229e-02
1.383478296484869953e-02
1.270322802360972225e-02
1.341427283256376064e-02
1.217796088618677657e-02
1.294748966061775447e-02
8.925512660243375626e-03
1.197773384031383150e-02
1.279833797838608733e-02
1.312315467962808443e-02
1.166452864133571063e-02
1.028905100500227335e-02
1.187679172283260566e-02
1.263557858687418441e-02
1.296597395772307836e-02
9.620797185084212222e-03
1.010604704268842045e-02
1.191304679781152870e-02
1.090447436223875542e-02
1.298942598054907138e-02
1.156457503503049988e-02
1.237584847914178360e-02
1.165989826775366313e-02
1.121783885604218933e-02
1.821461843989760979e-02
9.564099926695775189e-03
8.981731142330570683e-03
1.203887858432302858e-02
1.174734509241852701e-02
1.165672163894592404e-02
1.030334813369485937e-02
9.262189066776952556e-03
1.086425632901544779e-02
1.348227711043822712e-02
1.154334982844901908e-02
1.077022842276479341e-02
1.075449437134776316e-02
1.249115212240122820e-02
9.718290821872940452e-03
1.068188078898253332e-02
1.072393573157449931e-02
1.254196560487110500e-02
9.677930456315961966e-03
1.130326697908387232e-02
9.392713528948526056e-03
1.189424909894711176e-02
1.087515273588767449e-02
1.201081754043017286e-02
1.035107839425353574e-02
1.179488793077948343e-02
1.129326807824096793e-02
1.321029448680034919e-02
9.878827025234104484e-03
1.028107036451634572e-02
1.192959886684604419e-02
1.025840042407082445e-02
1.348729946466272790e-02
1.396886131512099088e-02
1.143210661271850705e-02
1.139063711376544184e-02
8.412723637906417348e-03
9.159558929063596824e-03
1.030542740290898117e-02
9.766738746837790031e-03
1.254413117557742069e-02
9.672397966372326891e-03
1.053044139576845423e-02
9.853073807651571009e-03
9.075915791678015182e-03
1.068653066948153409e-02
9.464943773391859203e-03
1.089846923740812532e-02
8.396148790623170211e-03
1.027160605043708069e-02
1.413720200898730371e-02
1.080771564262391661e-02
9.203110227359454637e-03
9.084482532988262526e-03
1.011223996206856574e-02
1.006855320326304100e-02
9.838182516135419997e-03
9.302695022958688484e-03
8.303574251828644073e-03
8.694167763516374298e-03
1.087518209706117567e-02
1.051528653703810885e-02
8.747559655634810569e-03
1.010599526345606729e-02
1.102681932300128564e-02
8.158509993434273633e-03
1.052029453128197102e-02
8.209156883178967898e-03
9.290167147323136546e-03
8.435760220432195547e-03
9.350522889223273140e-03
9.539543231876442680e-03
8.088561849472529833e-03
1.018255462721166966e-02
1.016714666233420675e-02
8.493351929052275762e-03
9.012561626143705124e-03
9.330174152143213065e-03
1.031297715021239729e-02
1.134670969238625420e-02
9.090894232667699748e-03
8.420088122436376193e-03
8.778745488250236373e-03
9.054326598936337719e-03
9.563374317979787820e-03
8.832078177746366388e-03
9.715838330186849295e-03
8.275478579396365261e-03
9.649211414979949261e-03
1.023019487575383725e-02
7.003803802982515835e-03
9.786564015773178971e-03
7.667727552486023126e-03
1.029713195082340542e-02
9.070733146787683665e-03
8.010598643985497591e-03
6.604406406994231885e-03
7.958496064569959422e-03
9.965618617818366651e-03
8.238990010134788697e-03
9.647113693360191006e-03
6.885373900108815795e-03
8.942951972711214725e-03
8.866404964408118941e-03
8.918278130555748473e-03
9.444930333375669770e-03
9.951827847804468885e-03
8.175621624232571119e-03
8.993349167191027824e-03
8.486470461259399897e-03
9.801046710469104445e-03
9.107747057557975118e-03
8.856119381633024631e-03
7.641563859631987643e-03
9.501931541738900186e-03
8.903419676812298136e-03
7.216450027797942021e-03
7.759367634315100966e-03
7.448203194902500851e-03
9.660517756513846768e-03
7.805277899628777945e-03
8.154121442265113706e-03
8.501361827134568117e-03
7.761593499782747964e-03
9.664744648463247795e-03
8.041629138388900824e-03
7.179030285572343857e-03
7.734125818376897180e-03
7.308880857671036860e-03
7.149763093692309938e-03
9.194426188589939139e-03
9.323721784017458686e-03
8.552240470419513255e-03
7.865483371614755831e-03
8.171515207035370473e-03
8.047329927365020480e-03
8.047615010964031049e-03
9.212337169001487414e-03
6.583846170213869010e-03
8.806210434486896194e-03
8.146654473252024076e-03
7.992986193029589376e-03
7.962635264821469466e-03
7.771389974632020130e-03
8.516832176535475696e-03
8.843560705297725047e-03
7.567793301373350497e-03
8.990487123606789865e-03
9.328794930418033912e-03
7.531455277309733604e-03
5.502564699882849311e-03
7.573267697639279525e-03
7.579433040195280268e-03
7.640689615962220453e-03
8.005086462926001151e-03
7.022158677745059426e-03
7.429227031336442175e-03
7.540927701545087868e-03
6.774017000686002703e-03
8.036500593426752423e-03
7.411164535690744834e-03
6.480063528913296289e-03
7.780053906716022025e-03
7.151307290509611135e-03
7.843022032699984922e-03
7.590209868486490728e-03
7.166568287823723085e-03
7.704909781759513264e-03
8.614067457545530535e-03
7.281329104458376424e-03
7.033036194340419947e-03
7.753715029379294570e-03
6.678416339874889904e-03
7.846516861944735632e-03
6.825110638571461018e-03
8.665923987952675253e-03
7.950416246243655755e-03
7.886417676170593208e-03
7.328175364778638859e-03
8.065447498551462160e-03
8.692394024666224780e-03
6.173776697496432750e-03
7.494104145899672248e-03
6.518781588420419562e-03
7.768723580421659468e-03
5.909930650339029028e-03
7.537696901501937316e-03
7.345305699972047228e-03
6.428824705525607204e-03
8.437880728445156658e-03
7.086104433552772863e-03
6.618390082799232785e-03
8.923763246091034190e-03
7.385232226902728632e-03
7.292606059951205547e-03
6.254828531611774170e-03
6.601331549098869884e-03
7.629724507746628651e-03
5.485655008166705898e-03
5.605236192153219103e-03
6.136504474248720246e-03
5.558264121639881587e-03
8.014380125639750108e-03
6.239459479112329822e-03
7.418145790175814658e-03
6.596598865769840760e-03
6.459570012448843587e-03
7.014457507668716077e-03
7.101674155498190373e-03
7.311176663333082866e-03
6.748538037963981023e-03
6.579460478342090413e-03
6.492279532140171443e-03
6.447751658132709618e-03
7.042803713092263447e-03
7.682528973980630622e-03
7.500270204717282910e-03
6.188711556525113705e-03
5.616630496702270520e-03
6.921261814723884444e-03
6.361523033592243574e-03
5.489877839869460215e-03
5.796025337445513161e-03
6.801005854624827228e-03
6.064307518241348824e-03
5.929582830414485521e-03
5.550099891082295803e-03
6.998641053098288677e-03
7.427957058104167967e-03
5.925705410829760697e-03
7.219702194514456342e-03
7.104323901440815284e-03
5.941323494775238231e-03
6.092494510378408321e-03
7.077382077994698491e-03
6.265941189119680552e-03
7.492190362301746898e-03
5.453572662692631953e-03
6.148214896117508259e-03
6.332132688075359575e-03
6.080423873204367918e-03
7.162576194175372321e-03
6.472754923326810676e-03
5.590705757605520486e-03
5.425543655113383365e-03
7.412706730589290263e-03
6.932278722812069797e-03
5.653461005412661021e-03
6.700322414338084551e-03
6.715878245573779839e-03
5.722444468197458375e-03
4.897698692002124682e-03
5.702877135319398341e-03
6.010394910801633399e-03
4.606619949522478170e-03
