nan
nan
nan
nan
nan
nan
nan
nan
nan
nan
nan
nan
nan
nan
nan
nan
nan
nan
nan
nan
nan
nan
nan
nan
nan
nan
nan
inf
nan
nan
inf
inf
inf
inf
inf
inf
inf
3.170098778527679259e+103
5.347724424165888496e+100
1.391179957873400987e+100
4.716490555852219331e+92
inf
3.762187213746448534e+90
inf
2.472844290923793025e+85
5.818064616785367176e+84
2.655083935773340549e+82
2.434702435078886601e+81
1.370305674147891299e+78
2.349500635891714686e+77
1.477732060375764009e+75
2.306199604485482891e+73
9.370110333548571966e+71
2.143444937438150712e+72
1.389715693896134455e+70
1.198663273302186209e+67
4.670801032310292095e+66
1.297076140305635069e+67
9.257485445038891545e+63
2.293964534309927349e+64
8.748736831860780779e+62
3.407912253419531989e+60
1.022074416963963376e+62
3.096050923026620425e+59
7.305533152101932680e+57
8.411384565298740278e+56
4.996540588748689012e+57
7.681909671534100049e+54
2.822818341530120702e+53
8.633671660293478778e+54
5.175432192596860002e+53
1.555074002276123136e+52
5.554177400046622348e+50
5.563477972804485905e+50
4.651632380987755787e+49
1.639934112292714885e+48
5.844396457201339486e+49
1.015367994442156322e+47
1.183881387445694444e+47
3.376527528224986070e+45
1.580574596212507343e+47
2.028547816956147655e+45
5.378319574602932225e+43
2.243631799582257543e+43
3.017821676535536796e+42
7.606245922966945379e+42
3.566710085046476296e+42
7.046647336891054946e+40
1.013646656886859242e+42
2.022316906051968326e+41
1.123247798996674842e+41
4.251066319318629869e+39
4.374593990266366950e+39
1.269268715152326248e+38
1.964109887086817875e+37
1.372232340040059446e+38
4.635417180307118135e+37
8.625882249793526885e+36
8.826467537615659373e+36
2.999423290615329678e+36
1.337477625988335949e+36
3.890060284595708118e+35
1.148088647333466761e+35
4.442154226999552097e+34
2.996206526395383338e+34
2.456121609131279547e+33
5.838688656076638093e+33
1.251989876994713757e+33
1.099207961433831905e+33
2.086115019455470013e+32
2.119867501519698412e+32
3.971950567937492732e+31
2.901659582629949614e+31
4.981160942178261300e+30
6.817681791171627141e+30
1.797901268585126202e+31
3.175317448641039468e+30
6.583153153757191626e+30
6.651429260154780673e+29
3.416624394155227923e+29
1.030189646301513891e+28
5.332328976699399549e+28
1.054165886195784113e+29
2.629012617684606290e+28
3.980498656009145553e+27
1.446269694550926816e+28
1.735083558679411616e+27
4.753382581832458501e+27
8.653035810814512132e+27
6.667268322493748970e+26
1.118637889875456170e+27
1.491912058735280200e+26
1.327087059152388962e+26
3.831128239786597590e+25
2.527885274480858147e+25
2.323777448914378945e+25
7.842879980693732085e+24
1.548148821805393564e+25
4.039372193647311075e+24
1.351611105198051178e+25
1.825450839026529091e+24
1.541485601178139681e+24
1.277935089321927875e+23
9.696080523007833806e+23
3.250748761214792027e+23
1.412649499200215539e+23
2.831550669304288720e+22
1.091919451331476188e+23
2.066647125985741872e+22
2.985342751865039539e+22
7.754558529071561572e+21
1.394194971935788080e+22
1.335728040867780782e+22
1.028572246515779214e+22
2.348045638126106837e+22
1.046641374025796944e+21
8.530279026063386870e+20
2.538283202277524439e+20
3.321103563703104569e+21
7.570146598428477489e+21
1.890792646036591411e+20
6.010219757857776599e+20
9.292328387964680602e+19
2.893893858413703004e+20
1.219019895346988319e+20
5.122992150646243328e+19
5.802916200811545395e+19
3.955706464763954790e+19
1.293355485632278733e+19
2.626748884040401306e+19
8.652803489975414784e+18
9.382983454416205824e+18
3.252907210751198208e+18
5.035718853443411968e+18
1.064953147996108186e+19
1.267164939521725184e+18
1.029513284477780992e+18
2.450389320986324480e+18
1.439489950076261632e+18
1.231392332537094400e+18
1.694524318835527168e+18
1.488797982618276352e+18
3.009478467421429760e+17
1.058158401239775104e+18
3.970531280397174400e+17
4.309035813414802560e+17
9.903355002226182400e+16
2.071804436197648320e+17
1.079243328360460000e+17
1.029495105086368960e+17
2.719087748069953600e+17
1.907397838283159200e+16
1.095196267209622600e+16
9.737808216211214000e+15
7.455431229561450000e+15
3.436432720058558500e+15
4.214920896625051200e+16
4.138571414172205500e+15
4.460942476815713500e+15
9.128145083617072000e+15
3.280325538111764500e+15
6.778203448531799000e+15
1.688523295447795000e+15
1.334024620286001250e+15
1.848665725174022500e+15
1.364044226124037000e+15
8.908663366211718750e+14
1.399169802091334000e+15
3.450733497516316875e+14
2.435163768034786562e+14
6.772686890021577500e+14
7.763442385849965625e+13
1.839631506898891562e+14
8.118128645758773438e+13
4.467353211784493750e+14
2.722824129213554062e+14
1.027567324802078750e+14
6.400701025741321250e+14
8.769539448061221875e+13
7.593671186591818750e+13
5.277311000827353906e+13
4.769073749057494531e+13
2.103029696297484375e+13
1.451961590791536328e+13
2.524304081693447656e+13
1.527705987120687695e+13
2.082994531252423438e+13
1.807805138668080469e+13
1.300724900505963672e+13
2.125022407512277344e+13
1.726468246126695898e+13
4.803813590748082812e+13
4.455227099654284180e+12
5.341187050765609375e+12
6.747834487018980469e+12
2.205198089354813477e+12
2.288574300820689941e+12
4.662502439340784180e+12
1.865800157080385498e+12
1.129642472677761475e+12
8.125176570998261719e+11
1.194423234582782227e+12
1.155910555003760498e+12
1.133277220887795898e+12
3.471287677022085571e+11
6.272673720872592773e+11
1.323992384246343689e+11
6.731049373164035645e+11
9.906339705402629395e+11
3.052966564756485596e+11
3.193519416144844360e+11
3.647124059915545654e+11
1.659142984685224609e+11
2.804495497850803833e+11
8.600822510651449585e+10
2.376674757977261658e+11
1.030301300113159943e+11
1.115913072913987274e+11
1.829969601530301514e+11
6.604583146182111359e+10
1.365204101771013794e+11
3.790381725589198303e+10
8.336068510976715088e+10
3.218784546422027206e+10
3.787280917615256500e+10
1.929385508319986725e+10
9.661268257021713257e+10
3.285975221413383865e+10
2.671360784041918564e+10
2.488589974752593613e+10
2.164355093989765167e+10
2.192216347539660645e+10
8.470315897398278236e+09
3.415757372331761551e+10
9.788613333635889053e+09
1.801925846439895248e+10
1.169810576442254829e+10
1.517785994790869904e+10
5.562943282846822739e+09
1.432971944532671928e+10
8.554340035153360367e+09
5.346834581790647507e+09
4.399553476848445892e+09
4.629440638447076797e+09
3.415785028955822945e+09
8.469139177724946976e+09
2.247817269181542873e+09
3.369148792422711849e+09
1.571618313875000715e+09
1.963933503986781836e+09
2.658729106971618176e+09
1.882825625452436924e+09
1.170654585119835377e+09
1.790604041854428053e+09
5.242861398391343355e+08
6.646282675941036940e+08
5.552643370694237947e+08
1.002703771799597740e+09
1.098407968693084955e+09
6.669701248192685843e+08
6.279757388546931744e+08
1.691672646327248812e+09
5.531177819421122074e+08
1.881583445967218280e+08
3.135915415636624098e+08
6.735956073598512411e+08
2.306783657784624100e+08
3.371286624546432495e+08
2.062046465492242575e+08
3.135655144179185033e+08
3.166169369968149066e+08
2.268606737623679638e+08
2.626313951243019402e+08
2.381288069252406657e+08
1.451354231155489385e+08
8.578130504928879440e+07
1.887758542340898812e+08
1.121938118227585554e+08
6.442760571790129691e+07
1.617686903020105064e+08
1.055548806639289856e+08
6.060989545536942780e+07
6.200029820056476444e+07
1.131957976166785806e+08
1.072667097628700435e+08
5.117169608139025420e+07
2.762643668477474898e+07
5.413491548242467642e+07
3.927625607096886635e+07
3.030617938494634628e+07
4.641023689145258814e+07
1.829845976605542377e+07
3.585189284331153333e+07
2.170262636654069275e+07
3.017853350111516193e+07
2.331786442536208034e+07
1.400321997463478521e+07
1.727695701221347600e+07
2.082336066923839599e+07
1.414521974584076367e+07
1.259725542425044440e+07
8.302692745462684892e+06
1.777987784717449918e+07
1.135823300858651847e+07
9.598684098646610975e+06
1.228892030690605938e+07
6.579195535276112147e+06
2.277504769070525840e+07
9.706593087819950655e+06
1.144474466675465181e+07
7.222964087499441579e+06
9.294139719436645508e+06
8.354424377532659099e+06
3.844630014625372365e+06
4.777962747837566771e+06
5.543279569090617821e+06
8.729488295749431476e+06
3.362375733643267769e+06
5.314019541166058742e+06
7.955708321296028793e+06
3.841100835739772767e+06
2.931654565369726159e+06
4.671830556326386519e+06
3.149229500242906157e+06
5.789515190274021588e+06
1.991849115629532374e+06
1.693062229553879471e+06
1.176188298991498537e+06
1.565894781152266078e+06
1.726533949571465608e+06
2.284846832893827930e+06
8.233178537434234750e+05
1.449906764854169916e+06
1.893348917980541708e+06
1.622026828640215565e+06
1.071808860376059776e+06
1.746593858360410901e+06
1.488394793091333704e+06
9.624660988539936952e+05
9.193224668348693522e+05
1.322945925389880780e+06
7.175994784758504247e+05
1.020027761322102393e+06
1.339274164344980614e+06
7.745404714339796919e+05
7.349939353602861520e+05
2.753808659303240129e+05
4.030703616426793160e+05
4.170523463279089192e+05
5.416732395904619480e+05
5.507794563437859761e+05
3.163471536678906996e+05
6.946085088666322408e+05
5.026174310348385479e+05
3.276471759923145873e+05
4.032303463620299590e+05
4.517505906955860555e+05
2.752178201893226360e+05
4.395274864746814128e+05
2.208613539498318569e+05
4.474722819479465834e+05
1.401788035655073181e+05
3.313151505636086804e+05
2.082619267351916351e+05
2.075610194293734676e+05
1.625309185490340751e+05
2.096055902418562910e+05
2.219192785152056895e+05
1.521515228904374235e+05
2.067457435570053640e+05
1.402835073567062209e+05
1.567075609901461285e+05
1.359763040289573546e+05
2.014443820216975582e+05
8.915027854310136172e+04
1.306902354171363404e+05
1.285293255670246144e+05
1.809813838898586691e+05
1.388673499051373219e+05
1.142948812615130446e+05
1.101511894320509309e+05
8.311634994891137467e+04
8.857934818606000044e+04
4.976961208258909028e+04
9.600007955517071241e+04
8.859837485917251615e+04
8.338227070773532614e+04
7.361077139724986046e+04
1.147863094325480779e+05
6.099626759575175674e+04
5.726498063394953351e+04
5.059362990167168755e+04
4.203110501865137485e+04
3.348727019878908322e+04
6.514609060405858327e+04
2.651744843606971335e+04
3.616061230322495976e+04
3.428155407094648399e+04
5.019823251300937409e+04
4.109769202050832973e+04
5.101961683326537604e+04
3.466774602406239137e+04
3.302961390038702666e+04
2.761459986917298011e+04
2.614572458826862930e+04
2.641729557936594938e+04
2.773095435483161054e+04
1.975854156355420491e+04
3.531763358457872528e+04
3.078275220822303527e+04
1.582847231687350177e+04
1.546957772918774026e+04
1.526839647245182641e+04
2.375409586425092130e+04
1.242261154168170287e+04
1.243347770384221258e+04
1.697545659111193527e+04
1.303863775034959144e+04
1.211606104868731018e+04
1.674385017165192403e+04
1.275202251430272372e+04
1.088584421327645578e+04
1.623405542457221964e+04
1.549366711701922759e+04
1.007877138663863479e+04
6.802091479028703361e+03
1.183593897359218863e+04
6.363991870812032175e+03
1.052563621085250452e+04
1.583423366778062700e+04
9.692124981897146426e+03
9.547957441932987422e+03
1.186976390764933421e+04
9.734893992753548446e+03
5.731843543400454109e+03
7.042047083424752600e+03
4.366229072388294298e+03
6.948443576494617446e+03
1.629892316203871815e+04
1.166643075146758929e+04
7.082298731954275354e+03
5.847774859792453753e+03
5.195311621569228009e+03
4.325876827580532336e+03
5.590283612502887081e+03
2.566434601736780678e+03
4.345216715694422419e+03
7.099359803989037573e+03
3.893055208979429153e+03
3.361791405778700664e+03
3.488286856509262179e+03
2.439609989281580511e+03
2.741001327891698566e+03
5.100720027762587051e+03
4.799390020846329207e+03
4.211371178420129581e+03
5.772356332076558829e+03
3.053438381594760813e+03
5.348605523693204304e+03
3.303053481931138322e+03
3.885748000925714223e+03
2.394059494595831438e+03
4.855019601476122261e+03
2.029062693278625829e+03
1.532465622666867830e+03
1.865438630985559712e+03
2.106156766021524618e+03
2.179625491683185373e+03
2.882327465453342484e+03
2.011867056616961008e+03
3.421791430412843965e+03
1.833698983742069686e+03
1.322934865797022667e+03
1.054913731146202508e+03
2.084383409279867010e+03
9.352896021661764507e+02
1.857232306637022020e+03
9.524190234390226806e+02
1.832087594932500451e+03
1.405841934515237654e+03
8.038011309286389405e+02
1.188914511572200581e+03
1.441488379861958038e+03
1.549090927655921860e+03
1.930510560580486754e+03
9.522953145375579425e+02
1.162211031509159056e+03
1.049578106762115340e+03
2.109687686007860975e+03
8.634021900931046503e+02
6.825944448945425620e+02
1.205048018985456338e+03
1.504161286214401343e+03
7.156059994006600391e+02
7.928239215009796226e+02
5.104047043345952375e+02
6.430186915623319237e+02
7.394760946710815688e+02
7.311692433201656058e+02
6.394223817030971304e+02
6.745615262531872531e+02
6.239570412614394854e+02
9.644089898525667195e+02
4.882778455447701731e+02
6.391670134115057635e+02
7.867479499489652426e+02
7.800385057623836929e+02
3.430942787452386256e+02
4.602272074256422343e+02
3.187206060426098588e+02
5.636128984794705730e+02
5.635011313219367821e+02
4.664289718200946595e+02
4.422043030852746597e+02
5.212747588585586982e+02
7.218793887180629554e+02
4.219689017101343893e+02
6.598649551963943622e+02
4.414102725621785908e+02
4.177980868096804556e+02
2.986362332785282092e+02
2.346990019295574257e+02
4.858250284305334503e+02
2.253772931948154792e+02
5.357325363045807762e+02
1.959527749853432965e+02
2.324739756202018555e+02
2.261352570303363052e+02
2.189964730256985774e+02
4.225267177962753635e+02
2.328129357159648123e+02
2.988187302636092681e+02
3.784545798229831348e+02
2.939721801864840245e+02
3.643345956915591728e+02
1.834183734946104494e+02
1.921988247810366204e+02
3.434059627264600181e+02
2.777464427783904171e+02
1.799916880595935709e+02
1.981481742041605401e+02
2.391772724412321054e+02
1.847789224120442668e+02
1.941365591163670956e+02
1.653611988763961733e+02
1.711993629520177933e+02
1.894940945306110507e+02
2.389240056101251071e+02
1.743752465388847952e+02
1.557153017555748420e+02
1.423007058666878777e+02
1.825835919674086654e+02
2.211706336369541361e+02
1.669658442924372537e+02
1.361590760024231770e+02
1.752194178814305303e+02
1.634213948112555670e+02
1.150532345952096591e+02
1.927463055695528169e+02
1.246703521745090057e+02
9.295113063503414708e+01
1.107677191344368595e+02
8.649322430314637700e+01
1.173145478236996979e+02
6.758153102493515973e+01
1.817224368987419894e+02
9.583460292803330560e+01
9.978832353263894106e+01
1.573313991318081264e+02
1.140489083798583039e+02
9.281273690127906661e+01
8.605121758673837462e+01
7.608023269267367539e+01
5.290395600155527234e+01
7.755823577222506060e+01
6.509082666418876784e+01
8.114766266823838237e+01
9.101337673651956095e+01
7.278639902864027533e+01
8.010782665754345544e+01
1.103292505739908336e+02
1.032364110304853568e+02
6.375975928355812528e+01
5.345771053266568629e+01
8.849572866054809595e+01
6.650695610740824293e+01
6.917324825712864822e+01
5.512154271781796666e+01
5.254780330134548905e+01
7.197783967362438773e+01
6.815285049719958010e+01
6.860234672105471532e+01
6.472000606674022549e+01
4.125570081182493709e+01
6.803377407200969174e+01
6.592231271087651123e+01
6.064724328787964680e+01
4.978140523685356555e+01
4.504241975484637805e+01
4.525053363565900355e+01
4.906807956465670628e+01
4.277557559812441212e+01
4.471251127396082126e+01
3.791224858180676449e+01
5.948603094593921270e+01
6.312719338499187671e+01
4.418475550737338153e+01
2.999445239666236418e+01
3.041694174615556534e+01
6.095657966363584279e+01
4.185753037755096528e+01
5.826390820206815846e+01
5.016961548139307325e+01
4.898791913190517278e+01
3.406688344854359940e+01
3.150558609220128048e+01
3.532365526356619512e+01
4.150743397391704548e+01
2.871366179649028538e+01
3.955294219351882390e+01
2.806396575616636468e+01
3.440832540426701058e+01
2.939573913532155913e+01
4.261296669306128848e+01
2.211656719518733993e+01
2.216743901195541255e+01
3.000285703523070424e+01
3.093525788413472810e+01
2.206563123600620102e+01
3.843252728114349992e+01
2.774443419750912199e+01
2.530532255938491559e+01
3.330814983971293941e+01
2.281095519516717829e+01
1.673408039426729843e+01
2.523256994500821193e+01
2.016136945869975250e+01
3.735703877280477769e+01
2.604416871712335890e+01
2.379990250043849187e+01
2.274245431074142232e+01
2.784568424529073027e+01
1.685939051544147560e+01
2.933457994061582141e+01
2.216847194679952793e+01
1.984595519069829095e+01
1.429728734691060943e+01
1.720127498709016223e+01
1.525044894970980103e+01
2.596966480039849401e+01
1.585509160381944938e+01
1.553573115531866122e+01
1.715128164279579437e+01
1.478136966962219567e+01
1.781054241768883628e+01
2.017771154214985074e+01
1.713610805035818885e+01
9.585093878026034631e+00
1.624479432432995907e+01
1.732088847366921058e+01
1.523127588816277367e+01
1.284684183871354790e+01
1.027084479405989370e+01
1.751711445742013495e+01
1.088635594286037467e+01
9.772617522321146666e+00
1.774510733960532605e+01
1.243551928358159131e+01
1.549602246658240468e+01
1.119452647848673799e+01
1.349425134749568045e+01
1.179430171887732470e+01
1.235308564264166087e+01
9.966300008888625328e+00
1.129265816883782669e+01
1.006776774136261388e+01
8.892680154561810824e+00
8.716473301736895607e+00
1.463988643625263464e+01
7.233331428634123483e+00
1.147260180844908817e+01
8.216979298936530896e+00
1.005415420929297099e+01
1.114789954243043901e+01
9.698960920974275979e+00
1.084206443860661118e+01
1.043244315401666000e+01
1.311470883845944435e+01
6.231257497877214391e+00
9.526246393725323003e+00
7.934424181732715908e+00
7.288309048160997783e+00
7.954988834163946088e+00
8.161116316648325153e+00
7.144550915827669435e+00
9.456116719760236933e+00
7.477044081494623740e+00
7.781717786615873322e+00
6.366122296021322846e+00
5.977539114052374813e+00
6.570643929466099209e+00
7.496473300654396432e+00
5.690212602758432325e+00
8.105521616966347764e+00
5.394185658046230181e+00
1.042521650126432498e+01
4.987242770188947460e+00
6.674266120902752064e+00
6.672432252869959335e+00
5.679870137613471037e+00
5.454959947986141700e+00
5.544759545563749725e+00
4.639488026085497374e+00
8.454590391076068912e+00
5.068724308341809426e+00
5.150222634951170164e+00
4.671126656873678229e+00
4.393226859934898698e+00
5.690180731619071786e+00
5.576489857845903231e+00
5.231368572367744996e+00
5.856943916593824184e+00
5.501149790990900179e+00
5.965115537003165436e+00
4.410221316977066763e+00
4.945090137966156263e+00
5.599281793471559965e+00
4.958678583478633328e+00
5.018686462975121110e+00
4.613009858185690426e+00
4.297181122451581459e+00
5.305570537196103942e+00
6.073540577899811055e+00
4.884106263621841748e+00
2.922044410769067291e+00
5.052398173391853931e+00
5.361334029734436513e+00
4.305850305944582068e+00
4.456485913507274077e+00
3.404748766151882489e+00
3.524070874171949530e+00
2.925292866775098144e+00
4.158637908247734494e+00
3.307036656292908550e+00
3.670419108671028496e+00
3.779506123051252775e+00
2.959974640986081873e+00
3.321943994148061297e+00
4.777428835653083183e+00
3.473004043322430068e+00
3.979451268544964115e+00
3.524877190446432884e+00
3.184795086444950574e+00
3.760893145444432761e+00
4.011253398790834979e+00
3.427682070767627653e+00
3.031739780311742738e+00
2.977487333668834779e+00
3.389147980976668251e+00
3.049107129130998572e+00
3.424811867786749620e+00
2.812031737818199151e+00
2.759611553673532391e+00
3.102539001315534506e+00
2.963433936479990205e+00
3.280352023510627379e+00
3.586986663756130067e+00
2.905178803547534994e+00
3.415219335569765313e+00
2.569065590669276311e+00
2.788405229089772508e+00
3.205248887835167704e+00
2.201931270898369153e+00
2.210572409801390581e+00
2.743494127292919416e+00
2.404473768277237244e+00
2.777914072290503800e+00
2.785817102807913059e+00
2.279794694035069735e+00
2.359252574643140754e+00
2.170772975939936789e+00
2.195062179855482576e+00
1.845109739994728049e+00
2.558359666070057159e+00
2.152300582885132929e+00
2.363831849747202618e+00
1.655861442720528931e+00
2.065018840490846053e+00
2.142437962575241883e+00
1.562547251939467863e+00
2.389688270400630810e+00
1.810678600130938065e+00
2.143289612502769170e+00
1.852208100788195644e+00
1.853398882408664905e+00
1.721557670888477221e+00
1.929946104750738023e+00
1.686862131594548897e+00
1.843749000251328152e+00
1.760140628020415487e+00
1.680718985721225689e+00
1.558076496058210969e+00
2.012022929693513262e+00
2.086138933397018835e+00
1.125316642964919067e+00
2.511147110342822231e+00
1.359580331027370192e+00
1.265878017814759060e+00
1.358227089271690780e+00
1.512976019160073848e+00
1.448049645506986449e+00
1.142168612450496390e+00
1.150118467247593257e+00
1.470775978226984027e+00
1.627255211012134994e+00
1.336046063264770378e+00
1.448390715976589194e+00
1.361911665704264918e+00
1.073838415482681441e+00
1.358135027892778623e+00
9.347880648539406145e-01
1.057171461064972062e+00
1.437447309910994120e+00
1.115573995048166456e+00
1.216535718906054164e+00
9.945302928885332294e-01
1.292442837696068381e+00
1.544343552222240623e+00
1.022742090737538634e+00
1.229571570071354758e+00
1.162542708438947470e+00
7.104675049566651079e-01
9.531113374829023321e-01
1.430526003590788298e+00
1.254748002981462829e+00
1.039372034331655259e+00
1.290442072999096856e+00
1.137071618196324296e+00
1.176160070917658285e+00
8.896930703583334488e-01
1.260633153608853529e+00
1.037719251968262757e+00
1.092339911921238249e+00
1.112728938324949235e+00
9.597656616178416034e-01
1.140847825553769734e+00
9.316557282084366731e-01
8.576766098978597652e-01
9.156779482970152095e-01
6.733884273038145407e-01
1.086694819872382700e+00
8.841481018988649465e-01
1.033861429414097755e+00
9.597064331218855271e-01
7.540446013535275771e-01
6.358305944720903380e-01
9.632833207118272068e-01
1.160159745254295327e+00
1.103208591215598444e+00
9.773700109472199804e-01
7.078065084874903823e-01
6.830233270861727490e-01
8.112968939771851851e-01
6.620279899713589211e-01
6.280725329079167585e-01
7.856358356389541164e-01
8.442390173302308787e-01
1.048392670318969877e+00
6.980076386843154790e-01
8.251759626972897665e-01
6.696824235897631539e-01
7.027674119383826579e-01
7.703629407513807870e-01
9.102748852713794525e-01
7.913745933552144285e-01
8.086575751602251838e-01
9.438710035372391838e-01
5.615780360335629329e-01
5.551255451833916332e-01
7.752290356012131456e-01
7.899042833930652874e-01
5.356628908466966044e-01
7.694261076488967399e-01
6.433050006964663448e-01
7.261518513192676272e-01
6.563608114765933088e-01
7.267116666358713895e-01
5.442259066035360915e-01
6.388498068623935655e-01
5.680674145255993901e-01
6.224074992497646841e-01
5.101454978889989889e-01
7.212664927608589682e-01
4.165266599891580546e-01
6.164976765525838065e-01
5.924816612502453728e-01
5.397298885740700047e-01
5.394525755976787851e-01
4.711026882253102621e-01
5.406884571763104219e-01
6.004261465553862864e-01
5.294674984734557555e-01
7.143938805050142893e-01
4.136627695285589046e-01
4.703461610089556544e-01
6.063833445352480034e-01
4.638646568883502130e-01
5.799015644803414693e-01
4.582015047331763902e-01
5.313038024895331279e-01
6.148470968961293748e-01
5.731791165316821868e-01
4.151694858065534399e-01
4.972134561592512769e-01
5.249515371009556564e-01
3.548595715634949022e-01
4.415539264951249820e-01
4.929430596712333079e-01
3.425470173701968268e-01
4.270240903412894640e-01
4.443093320279146718e-01
3.864742772910166324e-01
4.750629651982675172e-01
4.330268880561324307e-01
4.343018930252290355e-01
5.409979342113871992e-01
4.899977619118946470e-01
5.761131054023346243e-01
4.597643077380225707e-01
3.654263692628196836e-01
4.751879600850110741e-01
4.378633083248705260e-01
4.241928571266814219e-01
3.927826780903380111e-01
4.570448709822650390e-01
5.238151209595720559e-01
4.270742125971379588e-01
4.314934983467198504e-01
3.946342455761439605e-01
3.937356627209184223e-01
4.279345465275906646e-01
4.003573867741309633e-01
3.848798375326802357e-01
3.248714367463177988e-01
4.848025146667422902e-01
3.675899250024571852e-01
3.115375364638871547e-01
3.654987921060253719e-01
3.416531602817852731e-01
3.373854622469421582e-01
2.964011877018273844e-01
2.974187262278323862e-01
3.044990154281731476e-01
4.258169528911441293e-01
3.517776068493695951e-01
4.831765585764625226e-01
3.450420625319449153e-01
3.403932590723632301e-01
2.505194942513759848e-01
2.370668468948822771e-01
3.555349920073393455e-01
