1.000000000000000000e+00
1.000000000000000000e+00
1.000000000000000000e+00
1.000000000000000000e+00
1.000000000000000000e+00
1.000000000000000000e+00
1.000000000000000000e+00
1.000000000000000000e+00
1.000000000000000000e+00
1.000000000000000000e+00
1.000000000000000000e+00
1.000000000000000000e+00
1.000000000000000000e+00
1.000000000000000000e+00
1.000000000000000000e+00
1.000000000000000000e+00
1.000000000000000000e+00
1.000000000000000000e+00
1.000000000000000000e+00
9.899999999999999911e-01
9.640000000000000790e-01
8.120000000000000551e-01
7.434999999999999387e-01
4.484999999999999543e-01
2.054999999999999605e-01
1.260000000000000009e-01
9.849999999999997646e-02
7.950000000000000122e-02
2.999999999999999889e-02
3.049999999999999933e-02
1.050000000000000065e-02
1.000000000000000021e-02
0.000000000000000000e+00
5.000000000000000104e-04
5.000000000000000104e-04
0.000000000000000000e+00
1.000000000000000021e-03
5.000000000000000104e-04
0.000000000000000000e+00
1.000000000000000021e-03
0.000000000000000000e+00
5.000000000000000104e-04
5.000000000000000104e-04
5.000000000000000104e-04
0.000000000000000000e+00
0.000000000000000000e+00
0.000000000000000000e+00
5.000000000000000104e-04
5.000000000000000104e-04
5.000000000000000104e-04
5.000000000000000104e-04
5.000000000000000104e-04
2.000000000000000042e-03
0.000000000000000000e+00
1.000000000000000021e-03
0.000000000000000000e+00
0.000000000000000000e+00
5.000000000000000104e-04
0.000000000000000000e+00
0.000000000000000000e+00
5.000000000000000104e-04
5.000000000000000104e-04
5.000000000000000104e-04
0.000000000000000000e+00
0.000000000000000000e+00
0.000000000000000000e+00
1.000000000000000021e-03
5.000000000000000104e-04
0.000000000000000000e+00
0.000000000000000000e+00
5.000000000000000104e-04
0.000000000000000000e+00
0.000000000000000000e+00
0.000000000000000000e+00
0.000000000000000000e+00
5.000000000000000104e-04
5.000000000000000104e-04
0.000000000000000000e+00
5.000000000000000104e-04
0.000000000000000000e+00
5.000000000000000104e-04
0.000000000000000000e+00
5.000000000000000104e-04
1.000000000000000021e-03
0.000000000000000000e+00
0.000000000000000000e+00
1.000000000000000021e-03
0.000000000000000000e+00
0.000000000000000000e+00
0.000000000000000000e+00
1.000000000000000021e-03
0.000000000000000000e+00
5.000000000000000104e-04
0.000000000000000000e+00
0.000000000000000000e+00
0.000000000000000000e+00
0.000000000000000000e+00
5.000000000000000104e-04
1.000000000000000021e-03
1.500000000000000248e-03
0.000000000000000000e+00
0.000000000000000000e+00
1.000000000000000021e-03
0.000000000000000000e+00
0.000000000000000000e+00
0.000000000000000000e+00
0.000000000000000000e+00
5.000000000000000104e-04
0.000000000000000000e+00
5.000000000000000104e-04
5.000000000000000104e-04
0.000000000000000000e+00
5.000000000000000104e-04
5.000000000000000104e-04
0.000000000000000000e+00
0.000000000000000000e+00
0.000000000000000000e+00
0.000000000000000000e+00
0.000000000000000000e+00
5.000000000000000104e-04
0.000000000000000000e+00
0.000000000000000000e+00
0.000000000000000000e+00
5.000000000000000104e-04
0.000000000000000000e+00
0.000000000000000000e+00
5.000000000000000104e-04
0.000000000000000000e+00
0.000000000000000000e+00
5.000000000000000104e-04
5.000000000000000104e-04
0.000000000000000000e+00
0.000000000000000000e+00
0.000000000000000000e+00
1.000000000000000021e-03
0.000000000000000000e+00
0.000000000000000000e+00
0.000000000000000000e+00
5.000000000000000104e-04
5.000000000000000104e-04
5.000000000000000104e-04
0.000000000000000000e+00
0.000000000000000000e+00
0.000000000000000000e+00
5.000000000000000104e-04
0.000000000000000000e+00
5.000000000000000104e-04
0.000000000000000000e+00
0.000000000000000000e+00
0.000000000000000000e+00
0.000000000000000000e+00
0.000000000000000000e+00
0.000000000000000000e+00
5.000000000000000104e-04
0.000000000000000000e+00
5.000000000000000104e-04
5.000000000000000104e-04
1.000000000000000021e-03
0.000000000000000000e+00
0.000000000000000000e+00
0.000000000000000000e+00
0.000000000000000000e+00
0.000000000000000000e+00
0.000000000000000000e+00
0.000000000000000000e+00
5.000000000000000104e-04
5.000000000000000104e-04
0.000000000000000000e+00
0.000000000000000000e+00
0.000000000000000000e+00
0.000000000000000000e+00
0.000000000000000000e+00
0.000000000000000000e+00
5.000000000000000104e-04
0.000000000000000000e+00
5.000000000000000104e-04
0.000000000000000000e+00
0.000000000000000000e+00
0.000000000000000000e+00
0.000000000000000000e+00
5.000000000000000104e-04
5.000000000000000104e-04
5.000000000000000104e-04
0.000000000000000000e+00
0.000000000000000000e+00
5.000000000000000104e-04
5.000000000000000104e-04
0.000000000000000000e+00
0.000000000000000000e+00
5.000000000000000104e-04
0.000000000000000000e+00
5.000000000000000104e-04
0.000000000000000000e+00
0.000000000000000000e+00
0.000000000000000000e+00
0.000000000000000000e+00
0.000000000000000000e+00
0.000000000000000000e+00
5.000000000000000104e-04
1.000000000000000021e-03
0.000000000000000000e+00
5.000000000000000104e-04
1.000000000000000021e-03
5.000000000000000104e-04
0.000000000000000000e+00
0.000000000000000000e+00
0.000000000000000000e+00
0.000000000000000000e+00
0.000000000000000000e+00
0.000000000000000000e+00
0.000000000000000000e+00
0.000000000000000000e+00
0.000000000000000000e+00
5.000000000000000104e-04
5.000000000000000104e-04
5.000000000000000104e-04
5.000000000000000104e-04
0.000000000000000000e+00
0.000000000000000000e+00
0.000000000000000000e+00
0.000000000000000000e+00
5.000000000000000104e-04
0.000000000000000000e+00
0.000000000000000000e+00
0.000000000000000000e+00
0.000000000000000000e+00
5.000000000000000104e-04
0.000000000000000000e+00
1.000000000000000021e-03
0.000000000000000000e+00
0.000000000000000000e+00
0.000000000000000000e+00
0.000000000000000000e+00
0.000000000000000000e+00
0.000000000000000000e+00
0.000000000000000000e+00
5.000000000000000104e-04
5.000000000000000104e-04
0.000000000000000000e+00
1.000000000000000021e-03
0.000000000000000000e+00
1.500000000000000248e-03
0.000000000000000000e+00
0.000000000000000000e+00
5.000000000000000104e-04
0.000000000000000000e+00
0.000000000000000000e+00
0.000000000000000000e+00
0.000000000000000000e+00
0.000000000000000000e+00
1.000000000000000021e-03
0.000000000000000000e+00
0.000000000000000000e+00
1.000000000000000021e-03
5.000000000000000104e-04
0.000000000000000000e+00
0.000000000000000000e+00
0.000000000000000000e+00
0.000000000000000000e+00
5.000000000000000104e-04
0.000000000000000000e+00
0.000000000000000000e+00
0.000000000000000000e+00
0.000000000000000000e+00
0.000000000000000000e+00
0.000000000000000000e+00
5.000000000000000104e-04
0.000000000000000000e+00
0.000000000000000000e+00
5.000000000000000104e-04
0.000000000000000000e+00
5.000000000000000104e-04
0.000000000000000000e+00
0.000000000000000000e+00
5.000000000000000104e-04
0.000000000000000000e+00
0.000000000000000000e+00
0.000000000000000000e+00
5.000000000000000104e-04
0.000000000000000000e+00
0.000000000000000000e+00
5.000000000000000104e-04
5.000000000000000104e-04
0.000000000000000000e+00
0.000000000000000000e+00
0.000000000000000000e+00
0.000000000000000000e+00
0.000000000000000000e+00
0.000000000000000000e+00
5.000000000000000104e-04
5.000000000000000104e-04
1.000000000000000021e-03
1.000000000000000021e-03
5.000000000000000104e-04
0.000000000000000000e+00
0.000000000000000000e+00
0.000000000000000000e+00
0.000000000000000000e+00
5.000000000000000104e-04
5.000000000000000104e-04
0.000000000000000000e+00
5.000000000000000104e-04
0.000000000000000000e+00
0.000000000000000000e+00
0.000000000000000000e+00
0.000000000000000000e+00
0.000000000000000000e+00
0.000000000000000000e+00
0.000000000000000000e+00
0.000000000000000000e+00
0.000000000000000000e+00
0.000000000000000000e+00
0.000000000000000000e+00
0.000000000000000000e+00
0.000000000000000000e+00
5.000000000000000104e-04
0.000000000000000000e+00
0.000000000000000000e+00
0.000000000000000000e+00
5.000000000000000104e-04
5.000000000000000104e-04
0.000000000000000000e+00
0.000000000000000000e+00
0.000000000000000000e+00
0.000000000000000000e+00
0.000000000000000000e+00
5.000000000000000104e-04
0.000000000000000000e+00
5.000000000000000104e-04
5.000000000000000104e-04
5.000000000000000104e-04
5.000000000000000104e-04
0.000000000000000000e+00
0.000000000000000000e+00
5.000000000000000104e-04
0.000000000000000000e+00
0.000000000000000000e+00
0.000000000000000000e+00
0.000000000000000000e+00
0.000000000000000000e+00
0.000000000000000000e+00
0.000000000000000000e+00
0.000000000000000000e+00
0.000000000000000000e+00
5.000000000000000104e-04
0.000000000000000000e+00
5.000000000000000104e-04
0.000000000000000000e+00
0.000000000000000000e+00
5.000000000000000104e-04
0.000000000000000000e+00
0.000000000000000000e+00
0.000000000000000000e+00
0.000000000000000000e+00
0.000000000000000000e+00
0.000000000000000000e+00
0.000000000000000000e+00
0.000000000000000000e+00
5.000000000000000104e-04
0.000000000000000000e+00
0.000000000000000000e+00
0.000000000000000000e+00
5.000000000000000104e-04
0.000000000000000000e+00
0.000000000000000000e+00
0.000000000000000000e+00
0.000000000000000000e+00
0.000000000000000000e+00
0.000000000000000000e+00
5.000000000000000104e-04
0.000000000000000000e+00
0.000000000000000000e+00
0.000000000000000000e+00
0.000000000000000000e+00
5.000000000000000104e-04
5.000000000000000104e-04
0.000000000000000000e+00
0.000000000000000000e+00
0.000000000000000000e+00
0.000000000000000000e+00
0.000000000000000000e+00
5.000000000000000104e-04
0.000000000000000000e+00
0.000000000000000000e+00
0.000000000000000000e+00
0.000000000000000000e+00
0.000000000000000000e+00
0.000000000000000000e+00
0.000000000000000000e+00
0.000000000000000000e+00
0.000000000000000000e+00
0.000000000000000000e+00
0.000000000000000000e+00
0.000000000000000000e+00
0.000000000000000000e+00
0.000000000000000000e+00
0.000000000000000000e+00
0.000000000000000000e+00
5.000000000000000104e-04
0.000000000000000000e+00
1.000000000000000021e-03
0.000000000000000000e+00
5.000000000000000104e-04
0.000000000000000000e+00
0.000000000000000000e+00
0.000000000000000000e+00
0.000000000000000000e+00
0.000000000000000000e+00
0.000000000000000000e+00
0.000000000000000000e+00
0.000000000000000000e+00
0.000000000000000000e+00
0.000000000000000000e+00
0.000000000000000000e+00
0.000000000000000000e+00
0.000000000000000000e+00
0.000000000000000000e+00
0.000000000000000000e+00
5.000000000000000104e-04
0.000000000000000000e+00
0.000000000000000000e+00
0.000000000000000000e+00
0.000000000000000000e+00
0.000000000000000000e+00
0.000000000000000000e+00
0.000000000000000000e+00
0.000000000000000000e+00
0.000000000000000000e+00
0.000000000000000000e+00
0.000000000000000000e+00
0.000000000000000000e+00
0.000000000000000000e+00
0.000000000000000000e+00
0.000000000000000000e+00
5.000000000000000104e-04
0.000000000000000000e+00
5.000000000000000104e-04
0.000000000000000000e+00
0.000000000000000000e+00
0.000000000000000000e+00
0.000000000000000000e+00
5.000000000000000104e-04
0.000000000000000000e+00
0.000000000000000000e+00
0.000000000000000000e+00
0.000000000000000000e+00
0.000000000000000000e+00
0.000000000000000000e+00
0.000000000000000000e+00
0.000000000000000000e+00
0.000000000000000000e+00
5.000000000000000104e-04
0.000000000000000000e+00
0.000000000000000000e+00
0.000000000000000000e+00
0.000000000000000000e+00
0.000000000000000000e+00
0.000000000000000000e+00
0.000000000000000000e+00
0.000000000000000000e+00
0.000000000000000000e+00
0.000000000000000000e+00
0.000000000000000000e+00
0.000000000000000000e+00
0.000000000000000000e+00
0.000000000000000000e+00
5.000000000000000104e-04
0.000000000000000000e+00
0.000000000000000000e+00
0.000000000000000000e+00
0.000000000000000000e+00
0.000000000000000000e+00
0.000000000000000000e+00
0.000000000000000000e+00
0.000000000000000000e+00
0.000000000000000000e+00
0.000000000000000000e+00
0.000000000000000000e+00
0.000000000000000000e+00
0.000000000000000000e+00
0.000000000000000000e+00
5.000000000000000104e-04
0.000000000000000000e+00
5.000000000000000104e-04
0.000000000000000000e+00
0.000000000000000000e+00
0.000000000000000000e+00
0.000000000000000000e+00
0.000000000000000000e+00
0.000000000000000000e+00
0.000000000000000000e+00
0.000000000000000000e+00
5.000000000000000104e-04
5.000000000000000104e-04
0.000000000000000000e+00
5.000000000000000104e-04
0.000000000000000000e+00
0.000000000000000000e+00
0.000000000000000000e+00
1.000000000000000021e-03
0.000000000000000000e+00
5.000000000000000104e-04
0.000000000000000000e+00
0.000000000000000000e+00
0.000000000000000000e+00
5.000000000000000104e-04
0.000000000000000000e+00
0.000000000000000000e+00
0.000000000000000000e+00
0.000000000000000000e+00
0.000000000000000000e+00
0.000000000000000000e+00
0.000000000000000000e+00
0.000000000000000000e+00
0.000000000000000000e+00
0.000000000000000000e+00
0.000000000000000000e+00
5.000000000000000104e-04
5.000000000000000104e-04
0.000000000000000000e+00
0.000000000000000000e+00
0.000000000000000000e+00
0.000000000000000000e+00
0.000000000000000000e+00
0.000000000000000000e+00
0.000000000000000000e+00
0.000000000000000000e+00
0.000000000000000000e+00
0.000000000000000000e+00
0.000000000000000000e+00
0.000000000000000000e+00
0.000000000000000000e+00
0.000000000000000000e+00
0.000000000000000000e+00
0.000000000000000000e+00
0.000000000000000000e+00
5.000000000000000104e-04
0.000000000000000000e+00
0.000000000000000000e+00
0.000000000000000000e+00
0.000000000000000000e+00
0.000000000000000000e+00
0.000000000000000000e+00
0.000000000000000000e+00
1.000000000000000021e-03
0.000000000000000000e+00
0.000000000000000000e+00
0.000000000000000000e+00
5.000000000000000104e-04
0.000000000000000000e+00
0.000000000000000000e+00
0.000000000000000000e+00
0.000000000000000000e+00
0.000000000000000000e+00
0.000000000000000000e+00
0.000000000000000000e+00
1.000000000000000021e-03
0.000000000000000000e+00
0.000000000000000000e+00
0.000000000000000000e+00
0.000000000000000000e+00
0.000000000000000000e+00
0.000000000000000000e+00
0.000000000000000000e+00
0.000000000000000000e+00
0.000000000000000000e+00
0.000000000000000000e+00
5.000000000000000104e-04
5.000000000000000104e-04
0.000000000000000000e+00
0.000000000000000000e+00
5.000000000000000104e-04
0.000000000000000000e+00
0.000000000000000000e+00
0.000000000000000000e+00
0.000000000000000000e+00
0.000000000000000000e+00
0.000000000000000000e+00
5.000000000000000104e-04
0.000000000000000000e+00
0.000000000000000000e+00
0.000000000000000000e+00
0.000000000000000000e+00
0.000000000000000000e+00
0.000000000000000000e+00
0.000000000000000000e+00
5.000000000000000104e-04
0.000000000000000000e+00
0.000000000000000000e+00
0.000000000000000000e+00
0.000000000000000000e+00
0.000000000000000000e+00
0.000000000000000000e+00
0.000000000000000000e+00
5.000000000000000104e-04
0.000000000000000000e+00
0.000000000000000000e+00
0.000000000000000000e+00
0.000000000000000000e+00
0.000000000000000000e+00
0.000000000000000000e+00
0.000000000000000000e+00
0.000000000000000000e+00
0.000000000000000000e+00
0.000000000000000000e+00
0.000000000000000000e+00
0.000000000000000000e+00
0.000000000000000000e+00
0.000000000000000000e+00
0.000000000000000000e+00
0.000000000000000000e+00
5.000000000000000104e-04
0.000000000000000000e+00
0.000000000000000000e+00
0.000000000000000000e+00
0.000000000000000000e+00
0.000000000000000000e+00
0.000000000000000000e+00
0.000000000000000000e+00
5.000000000000000104e-04
0.000000000000000000e+00
0.000000000000000000e+00
0.000000000000000000e+00
0.000000000000000000e+00
0.000000000000000000e+00
0.000000000000000000e+00
0.000000000000000000e+00
0.000000000000000000e+00
0.000000000000000000e+00
0.000000000000000000e+00
0.000000000000000000e+00
0.000000000000000000e+00
0.000000000000000000e+00
0.000000000000000000e+00
5.000000000000000104e-04
0.000000000000000000e+00
0.000000000000000000e+00
0.000000000000000000e+00
0.000000000000000000e+00
0.000000000000000000e+00
5.000000000000000104e-04
0.000000000000000000e+00
0.000000000000000000e+00
0.000000000000000000e+00
5.000000000000000104e-04
0.000000000000000000e+00
0.000000000000000000e+00
0.000000000000000000e+00
0.000000000000000000e+00
0.000000000000000000e+00
0.000000000000000000e+00
0.000000000000000000e+00
0.000000000000000000e+00
0.000000000000000000e+00
5.000000000000000104e-04
0.000000000000000000e+00
0.000000000000000000e+00
5.000000000000000104e-04
0.000000000000000000e+00
0.000000000000000000e+00
0.000000000000000000e+00
0.000000000000000000e+00
0.000000000000000000e+00
5.000000000000000104e-04
0.000000000000000000e+00
0.000000000000000000e+00
5.000000000000000104e-04
0.000000000000000000e+00
0.000000000000000000e+00
0.000000000000000000e+00
0.000000000000000000e+00
0.000000000000000000e+00
0.000000000000000000e+00
0.000000000000000000e+00
0.000000000000000000e+00
0.000000000000000000e+00
0.000000000000000000e+00
0.000000000000000000e+00
0.000000000000000000e+00
0.000000000000000000e+00
0.000000000000000000e+00
0.000000000000000000e+00
5.000000000000000104e-04
0.000000000000000000e+00
0.000000000000000000e+00
5.000000000000000104e-04
0.000000000000000000e+00
0.000000000000000000e+00
0.000000000000000000e+00
0.000000000000000000e+00
0.000000000000000000e+00
0.000000000000000000e+00
0.000000000000000000e+00
0.000000000000000000e+00
0.000000000000000000e+00
0.000000000000000000e+00
0.000000000000000000e+00
0.000000000000000000e+00
0.000000000000000000e+00
0.000000000000000000e+00
0.000000000000000000e+00
5.000000000000000104e-04
0.000000000000000000e+00
0.000000000000000000e+00
0.000000000000000000e+00
5.000000000000000104e-04
5.000000000000000104e-04
0.000000000000000000e+00
0.000000000000000000e+00
0.000000000000000000e+00
0.000000000000000000e+00
0.000000000000000000e+00
0.000000000000000000e+00
5.000000000000000104e-04
0.000000000000000000e+00
0.000000000000000000e+00
0.000000000000000000e+00
0.000000000000000000e+00
0.000000000000000000e+00
0.000000000000000000e+00
0.000000000000000000e+00
0.000000000000000000e+00
0.000000000000000000e+00
5.000000000000000104e-04
0.000000000000000000e+00
0.000000000000000000e+00
0.000000000000000000e+00
0.000000000000000000e+00
0.000000000000000000e+00
0.000000000000000000e+00
5.000000000000000104e-04
0.000000000000000000e+00
0.000000000000000000e+00
5.000000000000000104e-04
5.000000000000000104e-04
5.000000000000000104e-04
0.000000000000000000e+00
0.000000000000000000e+00
0.000000000000000000e+00
0.000000000000000000e+00
0.000000000000000000e+00
0.000000000000000000e+00
0.000000000000000000e+00
0.000000000000000000e+00
0.000000000000000000e+00
0.000000000000000000e+00
0.000000000000000000e+00
5.000000000000000104e-04
0.000000000000000000e+00
0.000000000000000000e+00
5.000000000000000104e-04
0.000000000000000000e+00
0.000000000000000000e+00
0.000000000000000000e+00
1.000000000000000021e-03
0.000000000000000000e+00
0.000000000000000000e+00
1.500000000000000248e-03
5.000000000000000104e-04
1.000000000000000021e-03
0.000000000000000000e+00
5.000000000000000104e-04
0.000000000000000000e+00
5.000000000000000104e-04
5.000000000000000104e-04
5.000000000000000104e-04
0.000000000000000000e+00
5.000000000000000104e-04
5.000000000000000104e-04
0.000000000000000000e+00
0.000000000000000000e+00
0.000000000000000000e+00
5.000000000000000104e-04
5.000000000000000104e-04
5.000000000000000104e-04
5.000000000000000104e-04
0.000000000000000000e+00
1.000000000000000021e-03
5.000000000000000104e-04
5.000000000000000104e-04
5.000000000000000104e-04
5.000000000000000104e-04
1.000000000000000021e-03
0.000000000000000000e+00
5.000000000000000104e-04
2.000000000000000042e-03
1.000000000000000021e-03
1.000000000000000021e-03
1.500000000000000248e-03
6.500000000000000569e-03
1.000000000000000021e-03
3.000000000000000062e-03
1.500000000000000031e-03
1.000000000000000021e-03
1.000000000000000021e-03
1.000000000000000021e-03
1.000000000000000021e-03
4.500000000000000527e-03
3.499999999999999639e-03
5.000000000000000104e-04
5.000000000000000104e-04
1.600000000000000033e-02
5.000000000000000104e-03
1.500000000000000248e-03
5.000000000000000104e-04
1.500000000000000248e-03
0.000000000000000000e+00
2.000000000000000042e-03
1.500000000000000248e-03
2.000000000000000042e-03
1.000000000000000021e-03
3.499999999999999639e-03
7.500000000000001457e-03
7.000000000000001013e-03
5.000000000000000104e-04
1.000000000000000021e-03
6.000000000000000992e-03
2.500000000000000052e-03
7.000000000000001013e-03
2.000000000000000042e-03
1.500000000000000248e-03
1.500000000000000248e-03
2.000000000000000042e-03
6.500000000000000569e-03
1.000000000000000021e-03
2.000000000000000042e-03
1.050000000000000065e-02
4.000000000000000083e-03
6.000000000000000125e-03
5.500000000000000548e-03
4.000000000000000083e-03
8.000000000000001901e-03
3.500000000000000507e-03
1.050000000000000065e-02
6.500000000000001436e-03
6.000000000000000992e-03
3.499999999999999639e-03
3.000000000000000062e-03
1.200000000000000025e-02
2.599999999999999534e-02
1.650000000000000078e-02
5.500000000000000548e-03
2.700000000000000316e-02
1.250000000000000069e-02
1.200000000000000198e-02
1.149999999999999981e-02
1.000000000000000021e-03
8.000000000000001901e-03
6.500000000000001436e-03
3.499999999999999639e-03
9.500000000000001499e-03
2.099999999999999784e-02
1.750000000000000167e-02
6.500000000000000569e-03
1.350000000000000158e-02
9.500000000000001499e-03
8.000000000000000167e-03
9.499999999999999764e-03
2.899999999999999800e-02
1.850000000000000255e-02
3.400000000000000244e-02
2.249999999999999917e-02
7.499999999999999722e-03
1.499999999999999944e-02
2.450000000000000094e-02
1.350000000000000158e-02
2.350000000000000006e-02
2.050000000000000433e-02
1.450000000000000247e-02
1.900000000000000300e-02
1.700000000000000469e-02
2.599999999999999534e-02
3.200000000000000067e-02
4.399999999999999745e-02
1.350000000000000158e-02
1.850000000000000602e-02
8.500000000000000611e-03
3.799999999999999906e-02
2.649999999999999925e-02
4.699999999999999317e-02
4.399999999999999745e-02
4.249999999999998918e-02
4.549999999999999878e-02
3.149999999999999328e-02
4.350000000000000394e-02
2.850000000000000450e-02
7.149999999999999412e-02
1.900000000000000300e-02
4.050000000000000128e-02
5.949999999999998346e-02
4.099999999999999478e-02
4.499999999999998446e-02
6.949999999999999234e-02
7.949999999999998734e-02
5.300000000000000544e-02
5.499999999999999334e-02
5.750000000000000250e-02
4.449999999999999095e-02
5.999999999999999778e-02
5.049999999999999628e-02
5.900000000000001077e-02
6.199999999999999262e-02
3.149999999999999328e-02
6.649999999999998967e-02
1.080000000000000265e-01
6.649999999999998967e-02
5.599999999999998729e-02
8.949999999999999623e-02
5.999999999999998390e-02
6.499999999999998834e-02
6.049999999999999128e-02
8.349999999999997702e-02
7.999999999999997391e-02
7.649999999999998468e-02
5.299999999999999156e-02
9.899999999999999079e-02
9.699999999999998901e-02
1.015000000000000208e-01
7.349999999999999589e-02
9.249999999999999889e-02
1.004999999999999921e-01
1.134999999999999898e-01
7.799999999999998601e-02
1.270000000000000018e-01
7.399999999999999634e-02
1.694999999999999840e-01
1.219999999999999973e-01
1.620000000000000606e-01
1.110000000000000153e-01
1.040000000000000091e-01
1.004999999999999782e-01
1.315000000000000058e-01
1.034999999999999948e-01
8.699999999999999400e-02
1.384999999999999842e-01
8.400000000000000522e-02
9.299999999999997158e-02
1.119999999999999885e-01
8.699999999999999400e-02
1.390000000000000124e-01
1.260000000000000286e-01
1.414999999999999591e-01
1.844999999999999696e-01
1.669999999999999818e-01
1.540000000000000258e-01
2.005000000000000115e-01
1.985000000000000098e-01
1.389999999999999847e-01
1.610000000000000042e-01
8.449999999999999178e-02
1.869999999999999996e-01
1.694999999999999840e-01
1.614999999999999769e-01
1.304999999999999771e-01
1.590000000000000857e-01
1.479999999999999927e-01
1.620000000000000329e-01
2.155000000000000526e-01
1.535000000000000531e-01
1.600000000000000033e-01
1.359999999999999820e-01
1.700000000000000122e-01
1.884999999999999731e-01
2.459999999999999687e-01
1.970000000000000362e-01
2.055000000000000437e-01
1.980000000000000093e-01
2.119999999999999940e-01
1.860000000000000264e-01
1.800000000000000488e-01
2.474999999999999978e-01
2.734999999999999654e-01
2.080000000000000182e-01
1.710000000000000409e-01
2.489999999999999991e-01
1.990000000000000102e-01
2.080000000000000737e-01
2.615000000000000657e-01
2.280000000000000360e-01
2.115000000000000213e-01
2.225000000000001144e-01
2.550000000000000044e-01
1.895000000000000573e-01
2.049999999999999878e-01
2.210000000000000575e-01
2.440000000000000502e-01
2.065000000000000169e-01
2.680000000000000160e-01
2.195000000000000007e-01
2.479999999999999982e-01
2.670000000000000151e-01
2.460000000000001075e-01
3.449999999999999734e-01
2.320000000000000395e-01
2.625000000000000111e-01
3.050000000000000488e-01
2.670000000000000151e-01
3.160000000000000031e-01
2.840000000000001412e-01
2.929999999999999827e-01
2.924999999999999822e-01
