1.081318562225265999e-06
1.015911945193977649e-06
9.531878879891806786e-07
8.929380908027995704e-07
8.350399920351354187e-07
7.794383068535660522e-07
7.261068054872342481e-07
6.750482677588862119e-07
6.262829277404247952e-07
5.798522574581201806e-07
5.358105339095155033e-07
4.942297960727674891e-07
4.551785383163485093e-07
4.187154606254820851e-07
3.848577161878595659e-07
3.535964173821941459e-07
3.248663973801883325e-07
2.985578252211354668e-07
2.745289541231252664e-07
2.526122482169185588e-07
2.326315544046059188e-07
2.144193124739249158e-07
1.978120698697300523e-07
1.826616705648070671e-07
1.688219084303986809e-07
1.561534203215704438e-07
1.445320012030166885e-07
1.338426646292830524e-07
1.239825623569266131e-07
1.148635906304740027e-07
1.064100927151323687e-07
9.856321354589180910e-08
9.127043212770592802e-08
8.448786089452210449e-08
7.817885798410726890e-08
7.230610386540227499e-08
6.684469163040149641e-08
6.176606522775891041e-08
5.704471442014802916e-08
5.265790636403071682e-08
4.858565527573291641e-08
4.480948308169849121e-08
4.130831272693440410e-08
3.806402423660682542e-08
3.506239913955067458e-08
3.228415855033218566e-08
2.971640472114447801e-08
2.734344469969378092e-08
2.515489984995421184e-08
2.313687165355147045e-08
