1.279605192894411658e+00
2.884075439392243823e+01
8.991369225052981220e-05
3.289994335938457026e-01
2.446065670952240723e+01
2.485805698781538453e+00
9.646347599295847175e+00
2.665868617749962711e-13
2.989176248662116286e+00
1.796121012194067035e+01
8.403888781560589494e-02
3.144452153448722243e+01
5.614889949871772146e+00
3.939577570319594546e+00
1.522579213423975908e+01
2.515012225956153458e+01
2.509297254963041013e+01
2.772566878128764500e+01
2.767254189337490899e+01
2.542080303773936123e+01
1.515315883994848711e+01
1.527887941177468768e-02
2.527288766782438501e+01
2.400158341628510428e+01
1.665556861396716220e-14
1.181732325514664694e+01
1.227841645873599547e-08
2.430048816152647717e+01
3.984775104852019073e-04
1.205438223761465927e-04
3.050360309813146742e+01
8.759856718099284789e-02
3.294543346103265635e-14
1.190641994930986991e+00
2.509983212452235243e-08
4.055996597715408271e-13
3.000662985576872899e+01
2.869677696598507666e+01
2.633156672912317120e+01
2.357285422810359066e+01
2.947738184607550949e+01
4.747718759100469917e-07
1.918095005149095300e+01
2.951160389724476119e+01
9.403620707669349543e-02
2.392989571397036386e+01
8.019596713971147040e+00
4.560604846046446781e+00
1.768314069392945242e+01
1.694112852869773919e-07
2.438627589609400914e+01
4.155812053899393677e-02
1.510235194555263911e-05
3.362537443060666043e+00
2.748363700275004007e+01
2.014205901891284611e+01
5.161103968291048580e-06
2.734650842731153730e+01
2.692684865278776130e+01
2.685585709779686425e+01
1.195507686052136309e+00
3.199128486564889684e+01
2.836300462289113256e+01
2.913273506530475743e+01
7.019838253099694114e+00
2.271498250379754325e+01
2.208624409769934260e+01
1.501708485349843538e-14
2.412781136600613152e+01
6.947761083633824256e-04
3.234154556372114910e-06
1.338286812347876875e+01
6.893099899703294216e-14
2.201218071290092837e+01
1.061303587282782273e-14
4.122889738906754253e+00
1.799616007659653784e-14
2.546278350040949690e+01
2.187462185740686849e+01
3.824212803095140135e-12
3.163277926719519845e-04
6.655100051607672294e-04
5.384970118805211753e-04
2.632181359402287057e+01
2.761822192574429025e+01
2.741685084415848550e+01
2.964817821891241678e+01
8.081206480469955267e+00
4.745811611486546244e-09
3.341634673534470712e-14
2.455612214466369636e+01
1.867157992868631873e-05
1.942086282374141604e+01
1.750883627202576229e-14
1.578083067067080947e+01
3.052018692418979384e+01
2.494998204074881798e+01
1.285085696759497205e-04
2.886858934024483858e+01
2.334627573852105442e+01
2.825029357292205034e+01
2.429707936410954261e+01
2.592023632061641791e+01
7.969553512087651026e-04
1.161828992937406291e+01
2.017143138014669893e-03
2.772381176317308515e+01
2.286325233465461793e+01
2.601877127651592048e+01
9.674931248078732365e-03
2.648899720569355054e+01
2.925098580075816201e+01
2.760814029509257495e+01
2.528735491960726733e+01
2.774931666626867610e+01
2.354958744069523036e+01
7.644737222498060427e-14
2.648131574131106780e-01
1.413510005619594168e+01
2.233853970712109316e+01
2.118881227970243267e-02
2.694823923540948840e+01
1.714107317207076520e+01
3.064390232699442350e-03
1.938010969258487037e+01
2.486554749669187458e+01
2.783125967582671478e+01
2.458877723317406350e+01
3.783408589079619855e+00
5.889051912585747603e-04
2.254178612326039044e+01
1.228132504976039545e-10
2.706213295156432608e+01
2.480918828995157099e+01
2.454214177443889611e+01
1.246961252421248868e-14
2.544137147549430722e+01
2.033406487436076381e-08
5.968573081596009640e-06
3.066746257769431594e+01
2.952538073696215421e-10
1.047856132022743303e+01
2.351376601401532773e-05
2.530926736150190948e+01
1.380868174239384416e+01
4.092026883040831425e-02
2.904206634230376594e+01
1.665547559837713118e-07
2.872096149947249799e+01
2.795288360157531926e+01
4.826023730934518622e-14
1.398870498409545426e+01
2.811568327244841470e+01
2.173197546637877639e-05
5.633966154385726455e+00
2.004138119828120956e+00
1.560998274631313976e+01
1.921279235338221425e-04
2.060342842913108541e+01
2.816605625632804788e+01
5.499027553122030917e-09
1.186468423868874012e-03
4.607015869503256728e-11
2.569350312577657292e+01
1.458395680284074197e-14
2.334909640131871100e+01
2.617519322405750870e+01
3.231832024855325284e-03
2.686940200372265508e+01
1.008071838857523017e-14
5.874546680043513103e-01
2.798831337307576916e+01
2.572528658466752916e+01
2.651990537459232655e+01
3.677343736383746897e+00
1.900354051352687890e+01
2.405869789945212389e+01
5.117020419497061212e+00
2.533442206925779061e+01
5.584210434978052371e-05
2.504789544355039155e+01
2.143229502737935377e+01
1.710997653966150267e+01
2.103765347771019378e+01
3.032167438590555975e+01
2.440763346108221551e-12
2.645940057134269452e+01
1.462017710877969823e-14
2.662394451938352802e+01
1.975264965563179587e+01
9.358324497778022888e+00
1.951156886558636216e+01
1.623678952484878479e+01
9.934192166648778220e-04
2.743355135976386805e+01
9.264303732302169851e-08
4.400796823653677081e-01
1.129438882443343714e-02
2.060118508743784815e+01
1.917013938804421613e+01
3.039984875705084377e+01
1.277152838285246084e+01
1.394136627512068571e-14
1.636427831914881448e-01
9.348833897888551240e-05
1.955091401107853398e-11
2.980651252406012475e+01
4.356306133244568294e-06
5.596424513510903410e-10
5.369899795016807031e-01
5.912210151420634219e+00
2.437398805793506540e+01
2.195492558601463884e+01
2.190876881481935989e-02
1.350625939698396510e-07
2.980899730692443583e+01
6.606621361509819931e-04
1.119949775046862150e+01
2.147665570617463615e+01
2.131172888685971500e+01
2.534286248595486057e+01
2.019228991291750219e+01
2.730441030626048615e+01
1.375852699363989373e+01
7.217732010223142147e+00
4.342486543306409708e+00
2.255110175316040876e-04
1.874833012510433150e+01
2.425145537797515516e+00
6.121154556099996146e-05
1.479862959961933733e+01
5.435741030165776137e-03
4.871429638372339749e-02
4.796412895854838799e-09
5.416308582557864959e-01
2.729715738686766002e+01
3.035700407177102988e+01
7.510336376054728095e-09
5.387421216682228865e-11
1.522171579805999819e+01
6.603319039609042429e-01
5.678384513439638237e-02
8.974249214868608604e+00
3.400280609750529270e-12
2.280659601080696675e+01
2.139781578909309445e+01
2.697124349499223876e-05
4.945244495507977965e-11
2.164177984119267251e+01
1.989662696262782412e-12
1.470195963699510248e-05
4.726669771569987077e-02
1.506517039436430653e-03
2.634567194814306745e+01
1.866216854600508408e-14
8.918290504459863797e-04
2.011620843963783045e+01
1.870464828278337066e+01
2.768411467982305988e-08
1.148633743659176254e+01
3.058711975653252777e-05
1.701302495902452576e-14
4.740528853454752806e-02
2.966199432855720985e+01
4.331162492002121195e-02
2.799361579466515337e+01
2.037216589567740854e+01
3.173761419144513485e-01
2.303272378828906142e+01
3.719898044160584605e-03
3.043565790272015192e+01
2.336214175880265742e+01
1.662016393208066134e+01
1.101301787207685626e-04
1.898220306871094110e+01
2.062797923681359819e-07
1.426085935001931515e-04
1.412086454658916315e-03
1.703329655211213023e+01
2.177296882779945975e+01
2.942942474583283641e+01
3.601250727295923306e-09
2.180505254793406067e+01
2.157693935732595492e+01
2.056683996793806557e+01
1.554810235852508560e-05
2.602873701680633189e+01
1.411862260682283053e-04
9.593499910256774177e-01
2.332876289504020306e+01
2.096428130107449661e+01
2.325414847323701911e-05
6.873952209482694510e-08
7.338169855356184712e+00
8.006871912044466208e-14
1.765329933532310136e+01
1.213804435756682260e-01
2.646839251710898466e+01
2.410437943742207989e-02
1.798673907808741035e-01
1.467154369975389518e-05
1.938217549705664178e+00
2.679498831094157296e+01
2.144171653592342608e+01
7.715034254781774686e-14
2.863949636658477856e-05
2.520064268636188842e+01
1.200263209719187074e+01
5.640293407816300735e-10
2.928865919406450609e-04
8.528832902432593072e-08
1.549131979146589444e+01
2.794975302247710047e+01
2.461432212071708392e+01
1.174101289660059422e+01
2.299981939095851047e+01
2.457978343306650615e+01
2.252106620949844640e+01
2.453350019847723829e+01
2.647949093189102854e+01
8.037490060029818084e-05
7.017346607578775486e-02
1.024595998643239358e+00
1.459599271031511591e+01
1.328010635289376751e+01
1.263390419184133996e-05
2.367290635414843081e+01
2.174351070672512165e+01
1.637049615494600374e+01
1.706837446425206295e+01
3.089607833788434325e-06
1.052121857045273392e-04
1.263004058561361051e-06
8.672445651324153459e+00
1.748620394270485601e-01
3.642146915956962755e-07
2.416559260352693883e+01
5.373991940617213636e+00
2.066118089814648536e-14
1.497726968748455347e-14
2.399234645863664284e+01
2.067688163191041418e-14
4.910349998350909019e-05
6.878120255018170148e+00
6.271740728007546214e-03
2.737584387189295398e+01
7.087910234629168959e-05
1.725278319606633559e+01
2.596870273918852945e+01
1.048722850526697508e-14
5.902427338814001390e-01
5.653326763569372027e+00
1.353494158050887755e-07
2.216168400036911104e-05
2.107570975768835808e+01
2.130676477064891369e-14
1.962523038500518791e-02
1.295384758572787298e+01
1.704473468879944063e-04
1.866709897453262101e+01
8.195833295921510170e-12
1.874136273416685891e-10
2.051969450856130104e-14
1.424237899152992881e+01
1.377252163421988432e-02
1.012083594580726748e-02
2.777619146434778941e+01
1.954623124141914303e+01
2.596763840833867221e+01
9.374252159640050248e-06
4.597264846445303817e-03
3.518225359442364586e-01
2.582314330294497040e+01
1.616394814654228029e-04
1.674658140332331868e+01
2.237754478394309299e+00
1.346767094891369687e-05
1.856516890431009159e+01
1.078825783177771690e-02
2.092634435119290259e+00
2.203429983498642573e-04
1.622267468101147482e-14
7.863806811635188894e-05
4.210041611861135458e+00
1.457994389950726874e-02
3.797724721181798380e+00
2.414112673748771343e+01
2.330886577911007862e+01
2.530248589324864383e+01
1.206668184558949447e-13
2.598593266347313957e+01
8.767112550995385334e+00
3.183813398710706455e+00
1.039650524824070210e+01
2.789724995777994110e+01
1.571807838777176654e-08
1.369317647981259434e+01
2.375018769230570470e+01
1.182543937317037490e-02
1.048422436225258820e-12
1.614468992488537369e+00
8.858547909109082408e-02
2.253331518117761334e+01
3.145814622182265374e+00
2.067637037799772060e+01
1.175282809267654272e-01
5.804301070762033533e-07
1.177117294142329684e-01
2.279832513992639775e+01
2.539682997489833838e+01
5.654464276874721687e-05
3.976810303741014518e+00
1.160769865342649965e+01
2.082001177664251301e+01
1.294949996603236209e-08
2.594457542209817191e+01
2.836272795308388694e+01
1.309461758814031348e-14
1.474144921204836933e+01
8.158612811584564927e-14
2.831124306124346646e+01
1.987166937448048998e+01
4.008204914458214169e-05
1.607585562296927861e+01
4.063820751647027052e+00
2.236733836024977463e-04
1.389729363230566683e+01
3.277649925271272462e-05
4.088154574875944781e-07
5.504018838480228812e-06
5.373407977204390479e-14
1.210715248114223397e-06
2.500234053164123083e+01
1.204467176707292766e-05
1.033414095300881711e-04
2.847122957026077827e+01
1.195678473355673122e+00
7.340539536006310151e+00
1.111848720496919185e+01
2.561938230172412645e+01
2.682037762829821842e-03
3.223367549934758269e+00
4.167712838858404484e-06
1.827859815434786483e+01
1.158832063062624868e-14
1.546323416127519766e-12
1.759142225425235962e-14
1.100027838472207413e-02
3.613471085106452203e-04
5.500395809080142881e-04
1.214521838457052793e-03
4.422286433012556639e-02
2.728265454415167923e+01
2.255822782486662703e+01
1.126205908673035522e-07
2.470134228108987529e+01
1.801658809595754038e-05
2.453266572761371478e+01
9.972962356155107955e+00
7.996063205095779348e-11
2.379423440125608380e+01
1.181805901422676522e-14
1.281671753758183430e+00
2.603172861061760202e+01
2.596327395537804605e+01
2.302424711141715363e+01
9.501847272896892159e-15
4.111140746504873047e-07
3.927129096711486056e-04
2.096330173197849334e+01
1.276182803398257046e-04
1.139542980079492844e-05
4.465096065878745080e+00
2.040427324185102183e-13
2.463907901347842611e+01
9.767226439310874517e-04
2.296891647586756045e-03
8.589092016674716723e-02
6.783923469781462129e-05
2.973624286210705975e-03
1.539397716484731818e-14
1.870750546278335605e-02
2.263728283509603215e-02
2.254554303063916976e+01
2.549342256692462616e+00
2.609408458937342701e+01
1.094488180583100978e-04
1.402193556448763488e-08
1.759321827400108383e-14
2.267263268619997163e+01
1.257602156745050298e-02
2.589964514557180308e+01
1.601640109703288317e+01
1.949695438016720317e+01
2.614042099377561357e+01
4.137172241021926967e-03
2.847477595600003042e+01
2.582460838897405253e+01
2.349464624347292474e-01
6.481449119041085743e-08
1.262881453649433434e-04
6.380818872595290119e-07
1.352793861478982353e-14
2.019017537935730999e+01
7.516125182789994381e-07
2.093797863411599397e-10
1.455996260550138378e-14
1.599811042180709528e-04
6.748325759624735707e-07
1.743310556964093649e+01
1.340193450084791138e+01
7.281192743534886137e-03
1.035831738164592153e+01
1.098552807494043160e+00
1.713715773656605268e-01
2.433619619426882252e+01
3.245856400275452802e-02
1.764689949078053184e-03
1.639299752495747622e-02
2.656001527783626782e-14
6.092891020390716149e-08
2.261625248701522040e+01
2.657593139203346766e+01
3.999959860138996466e-03
1.080522307614088551e-13
2.303150155353128170e+01
1.649072415655174540e-07
2.600282170989714613e-05
1.748173607788234918e+01
2.172159089844709001e+01
1.899919167840589659e-14
2.852539562793358385e+01
2.477382563902010351e-02
2.514393822890426122e-01
2.230401547027995750e-11
3.484290696131691592e-04
1.429370684614786259e-11
1.265875093214427771e+01
1.578446622617683164e-03
5.166068183950427959e-10
2.377060125397151324e+01
2.206482805554465187e+01
5.097644907742819378e-07
1.328768417504116934e-06
2.713421028602862606e+01
2.632223910977151604e+01
2.472355151960690733e+01
1.494247520348329092e-14
1.854191258889225027e-14
1.889818372299538547e-05
3.643678718060916157e-08
2.777810529279571483e+01
2.677320251488785757e-05
1.920917840491816975e+01
2.088485977367128803e-03
1.279629465451801984e+01
1.714425023707365581e-14
6.461613861874133669e+00
2.679085740081458933e-14
6.027344119706953535e-06
1.058243945890710991e-06
2.489471317388594329e+01
8.188646404970059578e+00
4.266160038104152363e-05
9.307306861812958410e-02
1.542832043813778675e+01
2.440304877982449932e-05
1.640341831815570131e-14
3.444273520780759772e-05
2.599171002843365486e+01
1.413416964246313592e-13
1.447984196269233870e+01
8.571692488124142131e-05
7.104501394125115610e+00
1.343169561107208891e-14
5.200248552259477251e-05
2.081629467686770241e+01
1.264582412331372630e-14
2.512135779708687622e+01
7.493145199327535047e-03
1.251282085139100175e+01
3.183330233770631599e-03
4.819955117304654951e-02
2.493218057618666439e+00
2.305408184842057295e+01
2.473769685658997730e+01
2.525963603594036400e+01
2.768491252642275025e-01
6.276501672983781431e-06
2.123955523889707077e-04
1.565787735078272339e-07
1.092329385270471676e+01
1.789846106760344213e+01
2.844233552361332177e-04
3.188890582896443338e+00
7.040233267010141335e-04
3.828234314731826261e-05
1.014378217628729081e-02
2.227519064278340721e+01
1.097595064463704540e-04
1.622235962746136195e+01
4.813645578318900498e+00
6.652105324516539330e-12
1.358606559758214516e+01
7.830152873122199431e+00
1.197739547033823543e-02
8.944313587788945623e-05
1.622871051048331702e-14
2.009589830058672177e+01
2.046190816984082136e-12
1.295693550067617272e-01
1.944169232532917546e-07
1.104901248157959969e-14
8.574309102391808324e+00
8.788210431763452540e-03
7.707211879523362685e-07
1.831563567447751595e+01
3.053992852575436413e-04
2.674456477506987540e+01
4.690061588705865536e-01
1.254453399557525333e-12
3.442525266371114223e-01
3.742530826935038738e-08
9.587959140835676519e-02
3.349077374416900606e-10
9.183519749343565408e+00
8.746291148938689641e-01
1.223819620745517401e-14
1.750504526376719105e-14
7.911252877753921107e-04
1.844349546205916823e+01
2.555222224461902059e+01
1.041320254610080012e-10
5.217626706495133604e+00
2.034356356975613522e+01
4.825185630622022954e-05
1.090240533830250236e+01
2.380564387463930838e-05
9.142761410076671424e+00
1.067615252985657376e-01
2.147294325820176344e-04
1.712160943407046680e-10
2.230837107799091612e+01
1.889418600190353459e+01
1.085168207327106060e+01
1.905050991896815660e+01
2.009367230483432820e+01
8.242855092267470071e-13
6.504313043936077141e-08
4.690257288627609419e-03
1.744518539365933466e-14
1.020757568959834875e-12
2.440531418704944500e+01
2.330883402721621422e+01
1.608213395037337845e-01
1.588520520273140058e+01
1.784650333857208671e-02
8.553536869793641230e-05
6.121803790088956216e-05
1.805260294474267960e-05
5.017761013850733789e-09
2.011697151328779506e-02
2.429583669997528294e-03
1.232750281659962423e-07
1.982185506812460929e+01
3.923029095623501057e-03
8.483928923676017919e-02
1.700288021332841559e-13
2.238400252881693575e+01
2.310405162696062831e-01
2.078535400153246826e+01
5.539617349311962673e-07
2.806629388435045058e+00
2.283277219547210635e+01
2.558922160558968173e+01
2.838089021684027657e-01
2.107079229686679511e+01
1.490624156593577077e+01
1.765207674874059551e-04
1.934984495453461761e+01
2.103025144631682153e+01
2.038462004897955993e+01
1.302451038674534622e+01
1.293801141120763986e-14
3.059343479417435820e-09
1.488168508025464520e+00
6.630659294346540316e-05
1.716184669899679383e-01
2.279142819041086554e+01
4.435611356237920688e+00
2.446609067297576696e-14
7.437704024398575742e-06
4.881384056180548174e-04
1.226507614820554343e-01
4.344642492234434433e-05
2.203555793630853188e+01
1.628454435801596771e-06
5.592716911705608150e-10
1.282852966352263786e-07
1.869709709516506635e+01
3.772705159633253126e-03
3.292606983005534575e-07
1.969096858896110902e+01
2.145171032471816730e+01
2.313534413119030120e+01
1.916321163238566185e-14
6.803239605801721934e-01
1.364171889717521857e+01
1.730996952903898034e+01
1.775490434453950387e-14
2.281075598388848391e+01
7.690223115486413905e-09
1.026685926683828382e-01
3.024619829448535765e-06
2.441517573864770017e-05
2.247880266346871281e+01
1.960016174867610327e-04
4.723547882803040554e-03
1.969931480449390548e+01
1.772439825252958745e-04
5.351320023058797018e-06
1.715983167709292090e+01
4.757495158632620681e-08
1.209001205423584053e-14
1.154113210182186489e+00
2.296119367715263298e-03
1.899437090419900152e-11
3.885131089048528401e-14
2.602151894545834665e+01
4.986160668894349529e-03
1.418471183164632525e-07
4.833240198759983871e-07
3.105405956022821033e-08
9.172921953721364162e-15
9.458729100893441960e-03
3.812719589920326446e-01
1.561554586053731313e-14
2.122291934597932067e-09
1.165008563640371087e-14
6.927162105059667292e-04
1.985401890292902470e-04
2.922580455996738991e+01
5.007909022542578192e+00
4.509368323654088795e-01
1.047252669027498931e-02
2.287828734157469346e-01
2.288839661061881259e+01
7.395264637193543994e-05
6.739742684971876230e+00
2.728571422657836195e-04
2.728862459997325833e-12
2.519261512258253941e-02
8.001101971878501473e+00
3.192063027595194225e+00
9.803349450063622756e-05
1.164454094893563040e-10
1.556856775146596306e+01
2.960216877061306318e-01
2.668684605940206678e-02
1.955715209730921860e-06
1.779122726993024773e-05
1.542332243383778140e-02
2.465808511059683639e+01
7.124411586453904377e+00
8.318681768587633153e-13
1.130303397357690365e+01
2.349416227491769149e+01
3.365079177621318167e-05
2.358440614783128453e+01
2.673177987982946861e-03
1.015022135415401218e-06
1.139757381692557598e-14
4.395160750247525895e-05
2.894473530659151095e+01
4.000279786146752138e-05
4.180312716222969976e-07
8.556016455079110745e-08
2.014486837630480309e+01
5.647385695093713157e-05
9.014411249266446288e-11
9.220496325580075279e-05
2.368731495521369718e-11
4.945303202655198405e+00
1.140986015217360306e-04
1.247237600136886833e-05
1.331510117361436585e+01
1.240713463292460055e-08
8.087385363561336860e-01
3.879235845297169190e-06
2.981618848017544149e-02
9.760383433838151247e-05
2.350805376921830808e-02
8.978049333936780840e+00
7.229765246589305375e-03
3.349862542153712874e-02
1.996333844272170519e-14
2.248135125949279946e-05
1.676573000765171528e+01
3.109876853455839110e-06
1.199199044721634654e-02
5.392233004442854583e-01
7.668058098658095956e-01
1.644067302900269556e-05
7.931657756241454704e-10
2.986907466870601013e-14
3.639942982934131401e-03
1.511982800036792626e-02
9.317996904721479977e-06
6.859236239739274859e-15
2.727807512796351830e+01
1.506005833815651302e-12
7.067990099368639742e-04
2.311800367459370875e+01
1.384213270784314709e+01
1.604026932827049379e+01
1.917083853678292726e+01
1.896618256639113298e+01
1.905151110099136862e-14
7.111436439874742050e-05
4.575129715650651685e-06
1.110215430045791331e-04
2.173027012422857837e-05
6.078013992968599177e-02
9.122321328109023852e+00
2.337284663729121093e+01
1.810822548047175218e+01
1.060508729267833716e-09
1.147172693134172923e-02
3.101547115161618750e-06
9.555479396843244572e-11
3.633153506571526750e-09
2.481735240967341127e+01
2.631904696208216876e+00
3.521185145675396052e-08
2.309788276557553033e+01
1.011134174949284888e-06
5.134932499186987574e-04
1.627085056390940865e-02
2.344413500000848316e+01
1.671720648428936684e+01
2.000198239146987333e+01
2.277791282181440025e+01
2.487718524684678911e+01
2.302587473766451176e-01
1.972412671294792119e+01
1.107836836715890810e-04
2.919562566063841347e-01
1.345232771808659050e-14
5.498681065216684369e-06
2.487770673951413514e+01
9.015855071321904682e-03
5.690349321569840707e-11
2.214155453894395365e+01
1.087139041332202360e+01
3.723569262319865460e-05
5.137697147122298002e-13
1.598064846506029514e-14
6.402971359303520626e-02
2.148117333461535594e+01
2.903330487258760901e-05
2.422112528917105996e-04
8.332163207087196419e-03
1.856753121781225995e-04
2.011566637376175137e+01
3.455633558914946749e-06
1.106593121767832262e-02
3.389534327520754342e+00
7.182180791648286235e-05
9.058876398357436821e-05
2.855268984012726227e-05
4.132628465569634275e-07
8.965486079342589911e-08
1.091990720396624121e-04
4.939110691210955878e-06
3.967884992702873162e-07
8.934319577793117849e-04
2.816217966237776890e-09
2.251263073800948192e-04
1.181482850700378170e-06
2.988372056294983925e-01
9.290775143857643875e-08
2.934999560391188516e-03
2.873011332626173166e-08
1.536404208694704208e-03
6.759815716977681355e+00
7.060822307562115768e-04
1.928805392188895945e-05
7.694352543862359894e+00
6.819550082007427502e-03
1.526345857361098238e-14
5.556309763255147184e-10
3.293389254304304531e-11
8.206044706370672469e-04
2.080849170369585693e-03
2.179288730973291496e-12
3.749415967907409849e-05
1.118152103479216256e-13
1.252767357448369623e+01
1.584097411462351368e-08
1.973725343029295491e-14
6.536720022710102420e-08
5.764151271946780675e+00
2.578189158653028201e+01
1.787902422259880680e-05
2.286874008380641499e+01
7.241129737780506621e-04
2.733117917240451815e-07
6.240924546076077710e-03
6.366205735704355106e+00
1.693600834571816451e-08
1.955170065794133194e+01
1.782568023246484770e-14
1.864359969464665312e+01
1.996855558470319106e-03
2.026303323016250602e+01
1.782237504579322253e-14
4.820712799559709857e-06
5.896009476753995004e-01
1.129959124071569398e+01
2.671614034372355562e+01
1.476728395664991922e+01
8.673187155944936741e-06
3.041577420102642079e-02
1.762831440556401930e+01
9.119842045723748347e-01
5.816133098729878010e-07
9.909618294779484717e-10
7.124410791024429572e-05
1.615952070663200146e+01
7.414595384432216829e-02
2.730134274369531866e+01
3.016912139412265716e-06
2.534392526383387973e-09
3.903814778442227696e-04
5.110179859158369732e-03
3.951871055370416719e-01
2.043411601203980950e-05
9.983616385343604405e-01
1.685048597893879881e-14
6.487216925728311878e+00
1.308508948977203329e-14
2.666184318961643818e-03
5.243705458733802338e+00
2.293763437976542661e-04
2.097866015876878767e-14
2.013613561653932513e-09
3.100116616334449779e-02
1.173487204776220573e-07
8.207637598791563303e-07
2.732964643891381062e-05
1.428430258200784439e-05
1.320948796195013395e-14
8.495631953224967671e-05
1.581442703385138060e+01
2.978238778712041903e-14
1.304493558814961851e+01
1.462462162504925861e-09
3.961698024625768101e-05
4.332147070196724349e-12
2.630084658108947098e-10
3.111931389475687450e-03
1.957034849408216671e-14
4.543359101553110825e-05
2.223748764507145026e+01
1.240039720698151428e-14
2.140208506989327367e-08
6.916163759907757894e-06
1.964329935418155566e-14
1.043664490348802237e-02
2.158387636680187427e+01
2.494683662726260920e+01
2.649076446824917674e-05
1.901140627197496413e-07
2.559751512507425819e-14
2.117421732758112185e+01
7.331443486556953326e-01
5.932471120124321848e-09
3.718249114374443939e-05
6.801106342934182131e-11
1.180743396008917312e+00
5.298540168596043154e-01
1.231420021906860221e-04
2.026243778445064865e-05
7.049662923012673055e+00
1.568665580508868076e-11
3.209779849786344963e-08
2.935362886982233535e-02
1.064357487990888840e-07
2.034393398345365966e+01
1.565546766820448354e+01
1.018878859337579816e-11
3.892864216675648103e-05
3.074207147158714903e+00
2.436185260953138254e+01
9.082010381995350343e-05
2.434096230432673959e-06
1.975776219134159462e+01
2.065585775390880485e+01
9.804181736289839328e-07
2.151636516354464934e-14
2.002700558984025271e-10
