2.770035817843057657e+01
3.046835185908463117e+01
1.217484266078036548e+01
2.127305089345807332e+01
2.805174165638942085e+01
3.099383793495333705e+01
7.960228752262823448e+00
1.051912263426656047e+01
2.690448674189008216e+01
6.056481486976174642e-05
2.815409245683219908e+01
2.839132554807643771e+01
8.408350300501552965e+00
2.733286085773273300e+01
2.524375698519527234e+01
2.102994220132652081e-03
1.681457189978480026e-13
2.584932243656722051e+01
2.191196594153313981e+01
1.462754406600527801e+01
1.733302255294128713e+01
3.891294607062759425e+00
1.737335972913622939e+01
6.810608966115319630e-10
8.978286747760984454e+00
2.048183339641361511e-02
2.826035456300004256e+01
2.745387386768299720e+01
2.699734108709596114e+01
3.089166638084621042e+01
2.880208433866971873e+01
1.026345465193808003e-08
2.031264788664451260e+01
5.904582584990999099e-05
2.037425363901360953e+01
6.793034876756011528e-06
1.191009485740261850e-03
2.134124685939732657e+01
1.811043007707894391e-06
1.662070529195905877e+01
1.236238562192599573e-05
2.610355090678406853e+01
2.324951009112404066e+01
2.402181576859660694e+01
2.588531655492328554e+01
2.906749227459121698e+01
2.663460303677982211e+01
3.071897081304188504e+01
6.151521287525950621e-01
1.511378011751819095e+01
1.294182898160508355e+00
1.390963909774177942e+01
1.545048016098859696e-04
2.647339242078679078e+01
1.501837803027678886e+00
2.342285877533517890e+01
2.323343963920827093e+01
2.781879931819148766e+01
2.776123143206088173e+01
1.341831962267655420e+01
4.923081930832220692e-06
2.880420327379178147e+01
6.619691641995740891e-14
2.164755240559805394e+00
2.028114415580767335e-14
4.062779716576012806e-02
5.331813813474613497e-13
3.095366882014439369e+01
1.709904813548180513e+01
2.962119975899077673e+01
2.403990989315119009e+01
2.711896692309976586e+01
2.044212871025444755e+01
2.941246176707172921e+01
4.829016575186475535e+00
1.764208970970189938e+01
2.560519241251872560e-06
2.644014921249407379e+01
2.182736102358634511e+01
3.702005922933656657e-04
2.765222905482331815e-03
3.030296413575161907e+01
2.937239971511796810e+01
2.825008225215232827e+01
2.560862072451445570e+01
5.876176373307106170e-10
2.587649180927327833e-03
1.947769704208662356e+00
2.601087255955622624e+01
4.177237567420355357e-06
2.540742738182445848e+01
1.482180800590438530e+01
2.088182312808596564e+01
1.600647501278766077e-07
1.207973995465031804e-06
8.984695959507472685e-01
2.612795007892441035e+01
3.302875874938236311e+00
8.335068689654140275e-05
5.899235214583454789e-01
2.380949227432704928e-04
3.179520398559064986e+01
2.678040010450284925e+01
2.811283891322933215e+01
1.557969645332518205e+01
2.434441801126040161e+01
6.039355733129756487e+00
1.348526861258928378e+01
2.424431283437813178e+01
2.905138352988634054e+01
1.281148678677469555e+01
3.838612098349109315e-06
1.630600290982816247e+01
2.560043698892730291e+01
6.939606259935194865e-01
1.543353331825790950e-14
1.768773284105240933e-14
2.465410764826845380e+01
2.233116557957476390e-12
7.874775036774214603e-14
5.742737047625227215e-02
7.235034114811403350e-02
3.368316910791439245e+00
2.659992399691688547e+01
8.358371488525974391e-02
2.012309541199675840e-14
1.652628187129239379e+01
1.822964348201621831e+01
3.126967668015029744e+01
2.841183259128483840e+01
7.813318883515208534e-11
2.187339998920779030e-02
2.182856565063739968e-12
1.664756959317702234e-01
1.530744205758900189e-06
8.005483086252196661e-04
2.194721566315783434e+01
2.723506470178212524e+01
4.415058644053674541e+00
2.301002029996491528e-14
3.145377811250391905e-05
2.865240497475478600e-12
3.375549761381208658e+00
8.217786726393622843e+00
2.363786291854169010e-05
2.210791768036926896e+01
2.860096701979346179e+01
8.368996497589632766e-02
1.766172737127521986e+00
3.030894381458494280e+01
3.600877788192676565e+00
2.180288388702235925e-11
5.577345468031967179e+00
1.732958916755640306e-03
5.568196157606369878e-05
2.949982576126211953e+01
8.298157034316773206e+00
2.229227948941018767e+01
2.990588651037900902e+01
1.219881222940874117e-14
2.638154414148054983e+01
8.620309615004647540e-09
2.675209840267336858e+01
2.536239395247720907e+01
1.502475145003421545e-05
2.536461569111600056e+01
3.029784142694031956e+01
1.609214466569555313e+01
1.211558477597147774e-14
1.395353916216840244e-08
9.174508365049613090e+00
1.987170673800145199e-04
1.404445826320129161e-02
1.938886175540657630e-14
2.707348105283096729e+01
5.384176993842273301e-03
6.603868349447282677e-04
2.739847867799302250e+01
4.625732801719089249e-04
2.394817160917091314e+01
2.011143491111885595e+01
6.588249958130666733e-06
8.493802285176181854e+00
8.651362467899025077e+00
7.417841080285087748e-09
1.088974808727919072e-08
1.823391601109839366e-05
2.604260453936723607e+01
2.217409160771592980e+01
2.844663231837302675e+01
2.303320287156063273e+01
5.491912885137941715e-09
1.886815760363458883e-01
5.737364952077900681e-05
2.150870419722597759e+01
1.973791474005523114e-03
1.279717789053501322e-05
9.850511528819196332e-05
2.300905050844865940e+01
2.550853485153689704e+01
1.829188537986426155e+01
2.648450820231516545e+01
2.408225818722892697e+01
2.636867058240403239e+01
1.330357934788457486e-14
2.491208034419878103e+01
2.353683327934661881e-02
2.601316200100921705e+01
1.388820524168023374e+00
9.720511011476245576e-14
1.878125767115934153e+01
1.675972735669868768e-14
2.098453996985664288e-03
2.509966979248088492e+01
1.569041969420294502e-01
8.217854677972881759e-14
2.446115105789336397e+01
1.605066980686949307e+01
2.381470762877948388e+01
2.460679031264026051e+01
1.112234739896903607e-01
2.509759562040472147e+01
6.401756050291128708e-09
4.693180015735408661e-01
7.952075513382177497e-09
5.892056026584967634e-05
1.344775228734640393e+01
2.517083210740101507e+01
5.501321249723593355e-03
1.538051397061409276e+01
3.076806640451270540e-04
1.286125292741501005e-14
1.084336237647576517e+01
1.723277827901454654e-14
2.738960279698774869e+01
2.299668490846269719e+01
2.533157215839503706e+01
2.221712741951097358e-09
5.783929441211406058e-07
9.093304690782211708e+00
5.313460483022425761e-03
2.137979175334103754e-01
2.501559073701142921e+01
1.122646410049231491e+00
6.832155309190115676e-08
8.089004821781256170e-05
2.089432708368492442e+01
2.410762356988921695e+01
1.693948873995196003e+00
2.730581282726518211e+01
2.649091854568636961e+01
3.675826112078369068e+00
2.781782203522933372e+01
5.814290862683692218e+00
3.871698481249176967e-10
1.475300034541571215e-02
3.883673471513705986e-07
2.547733316881038235e+01
3.828748877764251999e-08
1.186110996732837799e-04
2.039914479046165496e+01
2.143885729665304751e+01
2.095423813917814826e+01
7.481819177086743503e-03
3.478600172156440240e-14
2.252777983522837246e+01
4.623992458136234884e-02
2.514806988857065662e+01
2.459764987430121153e+01
1.225169594652502703e+01
2.187437504776662323e+01
1.358032519140453331e+01
1.426918349197815461e+00
2.493695174559638161e+01
2.527932218776068884e-01
2.652338268220108830e+01
6.323383584888986448e-09
6.983156200124699176e+00
2.133229204626367803e+01
1.798481210831233690e-01
2.875034363746902244e+01
2.738779387509749341e+01
1.409715322115901587e-02
7.261719226160180618e+00
1.264057527629362276e+01
1.259993536225326781e-12
6.507324562833166404e+00
1.853775385251752450e-01
6.496153795956288057e+00
9.794204350753892285e+00
1.430229992221745126e-04
2.136453747221862542e-01
2.602655250504436779e+01
3.390491028008328874e-13
1.454473564003326558e-02
4.933770143193840774e+00
6.724968878753344315e-02
6.378948278051387033e-02
2.399367996960258864e+01
4.829500629789615666e-04
1.823350334712880283e+01
3.198466588804518906e+01
2.306665349392946851e+01
6.132562116716524397e-05
2.552885162335227420e+01
2.175040667063787581e+01
2.806747569047427504e+01
2.510657932271752912e+01
2.374919693786396380e+01
1.340227431094611482e-02
1.337943270161630664e-14
1.874903938785608429e-14
3.878371282827515198e-01
6.064900607360802082e-02
2.250959049561559986e-08
4.276838516043540039e+00
1.653963738698851316e+01
2.223596207784150989e-03
1.257199099908184436e+01
3.387853446897017241e-12
2.559556451448984256e-03
9.900548772444973217e-11
5.809538978181483238e-02
1.801794125178680162e+01
2.255878830579022321e+01
2.458265017093591709e+01
2.341522040204309363e+01
2.452753052419558699e+01
2.748558974599273337e-10
2.327825314596243800e+01
4.119663144698948561e-06
2.975541794631646786e-06
1.107944341334501587e-08
1.428994112516592807e+00
2.530308655338172841e+01
2.446978271968941598e+01
1.087542719491622515e-14
1.612521503859434491e+00
2.462979463072782593e+01
2.076268741599127665e+01
7.882058671130912114e-07
1.634975098690340900e+01
7.435485904580526828e+00
2.283524499051979475e-05
4.650653266767868247e-04
4.085838224186870095e-14
3.815487514316209250e-01
1.100825706905490109e-04
1.358891018890487140e-03
6.292398877191274253e-05
2.354898215631558162e-08
1.727464014352407771e-14
2.057472622613388680e+01
2.446596871549797569e+01
2.169144107417170275e+01
1.163582718416008532e+01
6.793566397393526266e-14
2.930467770685473283e+01
1.787936785168703580e+01
2.812725284877506482e+01
2.065826798230149919e+01
2.783662646731247392e+01
1.423743654518525254e-04
3.890803345709778916e-04
2.634732954110660685e+01
1.903490559397731225e-07
1.350331275672249198e+01
2.859069594837296221e-13
2.112920130885146140e-06
2.781184224137269046e-14
2.857862764964523095e+01
6.143999634400201693e+00
2.947783897222849614e+00
2.901728816044037629e+01
2.776771889577877000e-03
2.606162357894915971e+01
3.599533657851732174e-09
1.739663556754268203e+00
1.105846512350168398e+00
2.050368659872220078e+01
1.046916100887801626e+01
2.009778061260828703e-06
1.219149730486417305e+01
2.491533429061182048e+01
2.900202083250076512e+01
1.868547396962154750e+01
5.621664981444695498e-06
2.288849934498201577e+01
2.634053080630678778e+01
2.446172820194304975e+01
2.108396779832098389e+01
9.521296172128263305e-03
1.532940005770489771e-14
2.405547971627854764e+01
7.504267791273498342e-03
2.070018779210735871e-14
1.429439329646005419e+01
1.137471815957482768e+01
2.652355120313399439e+01
3.076839699475164851e-05
2.511115751470221014e+01
2.312192921459287120e+01
2.870388067495459339e+01
2.052594311987638882e-03
8.318712791702635983e-04
7.260761229351903380e-13
6.182167956381520333e-05
2.537110377111869042e+01
1.348383015567236853e+01
5.676579048228350466e+00
2.631034465649606428e-14
5.675167046230617673e-05
6.163139502399917769e-08
8.767753677200756013e-05
4.338790180100975391e+00
1.465921530609553821e-10
9.708793875469383661e-01
1.688059163586488106e-03
2.633301586822436846e+01
4.876640265380716789e-05
7.611234180913005562e-07
8.447337100127899536e-04
1.816089699912770651e-04
3.757544524287694809e+00
2.680882818936132139e+01
1.605896593615352506e-04
2.647177409049621399e-01
7.568936541359201797e+00
1.171425340258385046e-05
3.965795949882046018e-14
2.630504682463118726e+01
2.358790774947291169e+01
2.690397223616400524e+01
3.123465399959076128e-01
2.299045353095497646e+01
1.434352023619427660e-04
1.288025706129757519e-04
1.842291088097382278e-03
8.029857192600290154e-04
1.332565831734854618e-14
1.926886102913894679e-14
2.681558101619384684e-04
2.870315175850960543e+01
1.750570978081283970e-12
1.881979951022474232e-05
4.365702733003996805e+00
1.589582350252313434e-10
3.022328991390657185e-07
2.187724769043626694e+01
2.570295270990727232e+01
2.320653760710288083e+01
3.942656088957695597e-05
2.303632724763945592e-04
1.032501069404397909e-06
1.539292546882185064e+01
1.014841501280354516e-03
2.158967336076829824e+01
8.891019502751383863e-01
2.731246326547111991e+01
1.882795950603783552e+01
1.053143843742148355e-10
2.394030626882601354e+01
2.533878879596735345e+01
1.279457989966055109e+01
1.351299268492641659e+01
4.593024314922513618e+00
9.597898328944092666e-07
3.502289362096412617e+00
1.230198441903578122e+01
2.159302246416897400e-02
2.193497047148243121e-14
2.337617461699386529e-02
9.593831042903864731e-06
1.838013870258285110e+01
4.907811577014956069e-07
1.453079997535676157e-07
2.017676019446275504e+01
1.114050459570427427e-07
2.306016119116697283e+01
5.641861344447066208e-08
3.016385484852643906e+00
2.267838055405839437e-01
1.103139990047124976e-06
2.931431878073350106e+01
2.287009477942628713e-08
1.190412231312760838e+01
8.012107193439976576e-13
3.188698619379639609e+01
2.141668407765231089e-07
2.187745970522105444e-05
1.359760271634305973e+01
2.366089658381590155e+01
5.939382224671331881e-03
1.645246138098068953e-02
2.026589398983934842e+01
1.922223821385766840e+01
1.203155011451356054e-05
2.671794136696705380e+01
2.139792583812737092e+01
2.348516079360462245e-14
1.425248579731836962e+01
2.694445254678547741e+01
1.641562311169007415e+01
1.139887245552186865e-04
2.797885550020549417e+01
5.420685898760963843e-09
2.419182500910725508e+01
1.018976212830324628e-02
2.770007809510509489e+01
2.398191105844298932e+01
2.499744044102129177e-14
2.816817004348676591e-06
7.553592990860900913e-02
1.394800697139255621e-14
6.191348795771289305e-05
1.086930694151898180e+01
5.312317521907048513e-08
1.933044752898713220e-14
1.484773424713278864e-03
9.183846900169178833e-09
7.925770227302485260e+00
1.030003095571716187e+01
1.037460074443592570e-13
2.341749216553889568e+01
1.603146816785589834e+01
1.086275539420965405e-04
1.439111981901366022e+00
5.522095393273219327e-02
1.079580636152594380e-14
1.332556100824509263e-03
6.046474567120668081e-02
2.400013613789259637e+01
1.567151932843388117e-14
1.646943697562629055e-07
1.103381198208692147e-03
3.510287873030828258e-13
8.390142387349448505e-01
1.761566517766156772e-03
1.255625136415669255e-07
1.262144255633995339e-14
6.140569174062454573e-04
2.084773155258199751e+01
8.705414628468273464e-02
7.560031219436234851e-04
2.488595720013678303e+01
2.505694928921600706e+01
9.966100906193956277e+00
2.562874897266613061e+01
1.277208928001611157e-04
1.691876256558470413e-04
7.287244658790942076e+00
1.732910505357651132e-14
1.882887658660907241e-05
9.286278175533176082e-02
7.296231089954204885e-01
4.039177348009208579e+00
3.063572959168144205e+00
1.433771637625232742e+01
1.067517308647064102e-04
2.136074088887010892e-14
2.122137049975529521e+01
3.051103031428116982e-08
2.621208869855439261e+01
4.452696420962101513e-14
2.325949227847781842e+01
1.182462463546100242e-14
7.418358105669435501e-05
1.433971918450987863e-02
3.027774127475071030e-05
4.344835450765189897e-09
2.909756803385035795e+01
5.426635454504137498e-05
8.474724544173735552e+00
1.232744500830819517e-01
6.832064266953654448e-07
2.578394389269378806e+01
2.928533841619029507e-02
3.229505734291756580e-01
7.763511709617203064e-05
8.786341230084852683e+00
2.094740987304798452e+01
2.800784998973349636e-06
2.562072416095987393e+01
1.101266928327719974e+01
4.773346038149433299e-13
1.708980034375389323e+01
1.665458939176216013e+00
2.950457588510217377e+01
2.350625188076153549e+01
2.377544487044987775e+01
1.342766526785565873e+01
1.212463057870158289e+00
7.668032043039049173e-01
6.129299143565580376e-04
3.062793291238995761e-14
2.219136992926050311e+01
1.978755105875710640e+01
5.121289395145064877e-12
2.966743376476949860e-04
1.265218964686576475e-06
8.280082942248011280e-02
7.936026968214968609e-08
1.636990644200130702e-14
4.652645710332657093e-06
2.589995007728843491e-03
1.705154110285885594e+01
2.602237713610248093e+01
8.721946328911759272e-05
7.233322820169256877e-13
2.816139733619295593e-01
1.952267311055780885e+00
3.002209901507819723e+01
1.931368588286230903e+01
8.451081943588267462e-03
2.454468679597687952e+01
1.326709281593945555e-05
4.173042217562646382e-05
2.196548604653785475e+01
1.003320873950054392e-06
4.153039665086447757e-02
1.817205029507928749e-14
3.002754631441983203e-05
3.215451737537987418e-05
1.086987221180395036e+00
1.030877207769333761e-10
1.164460267966979136e-02
6.723586458740096275e-14
7.783479420626848722e+00
2.389348528244455494e+01
4.686586561302188666e-05
1.583870104927984634e+01
3.865580999323920519e+00
3.836734248737795108e-06
1.669346618151618955e+01
8.441426455693340491e-01
1.107273221642250266e-13
3.225740044470198397e-14
1.723546044811905430e-12
4.358420320956359693e-14
2.258134913319151948e+01
1.206023304980650757e+01
8.373500457185466218e-04
2.968261873060505304e-02
1.687430353320555554e+01
1.215534282421450563e+00
2.433624735203932588e+01
1.303817258840452217e-10
3.706408362868780460e-07
2.099278187647856433e-14
2.413279252332431568e+01
2.333632844434667319e+01
7.423039496144824372e-05
1.962658929088193505e-01
2.050050912013850279e+01
3.692379246720618572e-07
1.483821778842600827e-14
5.267062356738738506e-14
8.211256385908429323e+00
1.808540164970358203e-04
2.276734130250469690e+01
3.380132284508647444e+00
9.366779319461852944e-15
3.815678834581351267e-04
7.135148598716919695e-05
7.267465303400145515e+00
9.437870532557030178e-06
5.049018215840940207e-05
1.502240427213168205e-05
3.894676684492082066e-03
1.924354448171533024e-09
8.084607340502634187e-01
1.173287662333728441e-14
7.198329054620297381e-06
8.509919673727833167e-08
6.631543944816563580e-11
1.146011617198101767e-01
3.251809862028320522e-08
1.257068301798890531e+01
2.349082638856507838e-14
2.374046022674022893e+01
1.904155211894753791e-04
1.567285355054769730e-13
1.453052535689113617e-14
2.657136918014396833e-05
8.602627217693015638e+00
1.333633716868628292e-14
1.823150557802126315e+01
2.869691083125254326e-14
1.532489701826501571e-01
2.929933307378626157e-14
1.917712733125897273e+01
2.695541981925486828e-06
8.735103148123191470e-08
1.478559929017611907e+01
1.411113680208064406e-14
1.749498247857497702e-03
2.163821283082613078e+01
3.639258186221591479e-10
3.653361726658153064e+00
1.879735344930682217e+01
2.692722006197448783e-14
2.024201274023948794e-06
3.368988998611796681e+00
9.065774520239010315e+00
2.009908686673113820e+01
5.690319984975644729e+00
4.975968440139623361e+00
1.026782963786367635e-08
1.516004441350680332e-13
1.249431124083165568e-14
1.314081320363870995e-04
4.174266451978062342e+00
3.174418408531869261e-07
6.682123506231805398e-09
4.695415698518793180e-14
1.185713428389443180e+01
1.796483132709716912e+01
8.685106927766228697e-05
2.631109553707233761e+00
1.500952127894068875e-03
1.336699404156654897e-05
2.456056798645144239e-03
7.720525147035776914e-02
1.293339602112729338e-12
1.498094277357097381e-01
1.932966366907487554e+01
1.409622629106408241e-14
8.203220704029310922e-12
1.558965031717516858e+01
6.033363648192171401e-09
1.466468793824622035e-07
1.194236953286364145e+00
2.069257800064894326e+01
1.155803243561062655e-04
2.051436956508260376e-14
4.579590891904838125e-13
2.756757436123286417e-14
2.913422301399651057e-05
2.733906760160250471e+01
2.610745825403267757e-05
3.113866433045630650e-05
2.233853011831393890e-11
3.934688930835144483e+00
4.700250536889768321e-03
8.361588387566861513e+00
3.060186425550896554e-08
2.137955919001752747e+01
2.004857415403918353e+01
1.843199051042485511e-14
9.117543710132788165e-03
5.231799863842558768e-04
1.063601217048555219e-04
4.681613652521666254e-05
5.590392335935107093e-01
3.922483546692166734e-04
2.163431562336795289e-01
1.905435761559681143e-14
1.717784574711677548e-06
1.107523576453903905e-14
9.265117675053899126e-10
1.254222316786324752e-03
6.359313561960029302e-05
2.723788978826971683e-05
2.453414173752326011e-03
2.236192088431114300e+01
3.453385418749552796e-11
8.296984401474610929e-11
3.688860027329562630e-06
1.564377612717720678e-04
1.023865493826834872e+01
1.886293864482793403e-01
2.023483155668676438e-10
1.345316551630685621e-04
3.050016689459111516e-12
5.942893408937127551e-05
1.155111230559495371e-05
2.474858586172064531e-14
9.475905019674145391e-02
2.236487542619558067e+00
2.817653944620794929e-04
4.488257231226785605e-09
3.002399841921551002e-13
4.444847501631735858e-04
6.099877963490536354e-12
4.720799486487788662e-04
6.878127205748431686e-03
5.436908822124515635e-05
1.238446603821656389e+01
1.337025793634772865e-14
5.669805020908294524e-02
2.800967063995320888e-03
3.321762664440916849e-06
1.713346424670041113e-01
1.374354250755282791e+01
1.968168562209324790e+01
2.658304733048389679e+01
1.719211011043113852e-14
1.188110636735549859e-14
1.705189662259171790e+00
3.618491897795104908e-03
1.213054931812390590e-07
4.248026325101005862e-01
4.347618158043012215e+00
1.603728570148035359e+01
4.275710162103682055e-08
5.770517921329461910e-12
8.384755715269347320e-09
1.746373287470406599e-01
3.273111617090172136e-04
2.970855347627337033e-09
2.366898507303376320e+01
1.681219368158028016e-14
2.402310990905996491e+01
1.472278217480904615e-14
5.603883385117534064e-10
8.004049798844558694e+00
3.485218080730511330e-05
1.030720409859355209e-02
2.526652022403904851e+01
2.188814834732106718e+01
1.443529232352385892e-14
1.450754352750529840e-14
1.542313475068260075e-09
4.507936207442724360e-05
2.889565426900624071e-07
7.353713296228858510e-06
2.109481650314268375e+00
3.807579052649057855e-02
2.712146273359997649e-11
4.820779809144072788e-03
1.908269488184452366e-09
3.452753185637775115e-14
1.226962935809028977e-09
6.681242590216274202e+00
1.008389427409346784e+00
1.171760130844476456e-14
1.028882428573387188e-11
2.400764540218726442e-13
3.725556123956650350e-11
9.876170486449843392e-07
7.192756215788678720e-05
4.052992556044265101e-05
1.337988043817810149e-12
2.237942874079151423e+01
1.555458293653563806e-01
2.853342647700157286e+01
2.860634838429243487e-02
1.347886385502208739e+01
1.227697676242267555e+00
3.838998940806511710e-07
6.681439181339244139e-05
4.580620584084979374e-06
3.080619995102604230e-05
7.583211033668638135e-02
2.158277568364786597e-02
3.172389561971153071e+00
2.452745059610908444e-05
1.201383443771607362e-13
4.539387785305584238e-14
1.340589244499968657e+01
1.650034572098810338e-06
9.457259560139796406e+00
2.339564581142709088e+01
3.005742407640511673e-03
9.774632873122079157e-06
7.651134579702418392e+00
8.369692015427718944e-12
7.097052925778748954e-13
7.690491597297349389e-08
1.680057259484391691e-02
4.085867103006375622e-02
1.145889249878903842e-14
9.086411715589272121e-08
1.060322128002190965e-02
7.495330835496521495e-04
2.513438533852054604e-05
6.780251849538710035e-08
1.934201962573119610e-06
2.066584492562883112e-05
2.038156829822741120e-06
1.546524278684375891e-04
2.357188523744081721e+01
1.702001174450686605e-01
2.829910847134324836e-01
2.164908036932914210e-08
1.720524401516076907e+01
2.399851264146784402e+00
1.228064213682712649e-03
2.338647975132217738e+01
1.305359078386487632e-14
9.710048333205870987e-14
2.476103157153740990e-14
1.385880288063945920e-01
1.697213607444281657e-03
1.444711904097990319e-04
4.089393865855538803e-07
2.207521102173768401e+00
8.435735285915132442e-01
1.496798235066054872e+01
3.720590276589699053e-05
1.467230479020990686e+01
9.468947577765089025e-15
2.005471719621624960e+00
6.793350931399877338e-05
9.151430855713263543e-06
3.627894838541816526e-07
1.249138340528420876e+01
1.652885923116965636e-10
1.100642105533738935e+01
7.772335992033906571e+00
4.236183885891670650e-05
3.317677526087797757e-02
4.246672300598572510e-05
1.413282831927607752e+01
2.267170121111302880e-02
1.730245055599520848e-06
1.345982165938937195e-03
1.630415078495811798e+01
2.389546330724524736e+01
2.582004746093045629e-05
1.995700106182445666e+01
2.665354045622674655e-07
1.652469587956417529e-14
2.019942990675721006e+01
1.076120003111285683e+01
1.901921486774571690e+01
7.466793095126747243e-05
2.432083358072714685e-04
1.845563575402610254e-14
1.073942183254919312e-14
7.273820792864309048e+00
4.243852779376255479e-05
4.273298857211238320e-12
2.383433996211973904e-07
6.400149180569840598e-07
2.541778120522000694e-05
5.177593184271242689e-05
4.969368400407735642e+00
2.632868262852105801e+01
9.861671080367347565e-04
2.359928584140732966e+01
2.528961047477332968e+01
1.341477289815587426e+01
7.645796038493561642e-05
1.277965574810221210e-05
4.467108897181175634e-09
5.011849030756180070e-05
4.998841428908584880e-05
6.066453450408082482e+00
1.691822350954341658e+01
2.195055573062630927e+01
2.755332017552986762e-02
9.260067535015784057e-02
5.523348397025887868e-01
4.465863931914232587e+00
1.810720775873601786e-04
9.995559418767964388e+00
1.435379947900987041e+01
2.127711899927352590e+01
3.528197903175380270e-14
3.322329904455213443e-13
1.142895115187471320e-14
2.434028986908513270e-01
3.540456458258340439e-05
8.325287585488807096e+00
2.757983711956266224e-05
1.587505051942289569e+01
6.534812553678272456e-11
2.043703401536687636e+01
5.209372687963013254e-03
4.459077239232463796e+00
5.348622293827995987e-08
1.830822675509905361e-14
1.279412902289946898e-14
1.224419600701889186e-14
1.297238098676088214e+01
6.666072899905109428e-02
1.675517247756564743e+01
6.717013523886580450e-11
1.790596912523063616e-11
6.821623612975211625e-06
9.049708143878662026e-05
1.075043948695291731e-03
2.128773591592784606e-02
4.796867951712716977e-05
1.066083240182443817e-03
8.736366863895553368e-05
4.239964259650171975e-14
1.257334196310539878e-07
1.755107235913763025e-02
1.403792787994262348e+01
1.062169762687152463e+01
7.433079084277149917e-02
2.715121032847018413e-05
4.813696536432052553e-07
2.288590349097713528e+01
2.772120129930307764e-01
2.344539779668418887e-03
1.632444764612176185e-04
2.661716176458137184e+00
2.418393151234085779e-14
