1.898211293470376404e+01
1.702719398119535876e+00
1.017731347844739900e-04
2.960696821231528020e+01
1.979114440553619828e-05
3.588092955108245505e-04
2.844340263730805418e+01
1.741627089847109389e+01
2.647039320690210928e+01
2.226271079204585490e+01
4.650896242440587969e+00
4.231374409302577355e+00
3.067023121906759897e+01
2.601222724635575645e+01
2.881066378923671323e+01
2.805505203269491687e+01
2.528565710755850304e+01
2.648499925904269148e+01
2.494531687316429114e+01
2.932775545922968163e+01
5.228555914136323852e-14
2.527810649858633951e+01
2.858829252321266878e+01
2.929767898614922217e+01
2.227733309201599231e-06
2.207873820769659901e+01
2.944499720794049225e+01
2.297653800208196428e-01
1.742498530631278442e+01
1.387021722959283387e+01
3.034230919947752270e+01
1.451716370997408288e-06
3.983573708677365377e-01
1.933148216395677466e+01
3.028949968260681302e+01
1.434540013416054638e-01
1.394436236466053280e+01
2.928178480152374874e+01
2.591609874904539268e+01
2.347770252622562737e+01
2.819520405268459839e+01
2.685205266730428875e+01
2.805085388443443506e+01
2.527128770792597479e+01
6.749852844982532643e-08
2.908589213709671739e+01
6.578342949231937631e+00
2.645876496235971231e+01
2.464963435187256025e+01
4.342679217328538972e-11
5.590694847375029955e-04
2.762570935808074069e+01
2.795662080127379312e+01
3.100897043082723996e-14
5.283977449353234314e-05
2.677778569560631539e+01
2.968312619418555798e+01
7.482629075973431299e+00
1.777321658759960510e+00
2.396511153189397447e+01
2.544969119178483652e+01
9.997486464760110532e-05
3.006302960146709680e+01
8.740192134771368814e-10
2.535874758914796599e-07
1.369757317393312801e-01
2.635934560600663801e+01
1.373205011260497166e+01
8.455324412421922254e-08
2.626489471371749218e+01
3.113779633741646791e+01
3.011062600836312697e+01
3.414808760034024379e-06
1.084007056635808297e+01
1.087530005385249687e+01
2.108729795717841082e-01
2.885910368276189270e-02
8.388235063325409982e-03
2.438914621012928308e+01
1.977241815427083438e+01
1.557150823611823321e-14
3.099179311508691725e+01
3.265719457452907193e+01
9.788849806507860407e+00
2.709939161456338397e+01
3.142479512351359510e-09
2.662661696497249153e+01
2.574816376572905696e+01
2.872097877590391235e+01
8.937454598059487367e-06
1.127230088381880257e+01
3.711035695310455486e-05
2.561535414870394689e+01
2.741541137502672143e+01
4.613820618658419637e-01
1.530939143405027586e-04
1.413005349146187051e+01
2.471533581367851795e+01
2.980277113567393243e+01
1.349538444772023933e-05
6.202624573437906186e+00
2.246088309460259325e+01
2.192875230326292613e+00
1.216705282068295535e+00
2.304989460954449143e+01
2.302401195324630478e+01
2.620346649451729879e-14
2.289980115136916794e+01
4.490247706662368721e+00
1.014944848768602892e-05
1.163416436423457334e+01
1.845842750719796366e-02
2.075581257490459564e+01
2.641260630758788608e+01
1.106617303765940752e-01
2.655436733504705060e+01
2.896649187829839178e+01
2.410842838754378834e-14
2.936264615855609961e+01
1.448329263757373120e+01
2.292166985271720581e+00
1.788319611515659346e+01
9.476034739142051751e-04
4.235420371920489682e-07
4.996926332533567920e-13
2.598016273615506933e+01
6.659326663904783054e-13
2.762101436501357554e+01
5.146271484733310762e-12
2.988856329712872295e-01
2.903794327025729970e-04
1.437328476322160498e+01
8.729673362166598949e+00
1.094850244235791551e-06
1.738562542688739398e+01
1.280563682917804513e+01
2.026528876018005221e+01
2.890302379424564094e+01
2.630105040210462874e+01
2.978391630871244544e+01
7.284529727005858213e+00
2.427071815902796814e+01
2.525352431452468949e+01
8.218007109084005890e+00
1.347972024916385259e+01
3.505364756066753465e-05
2.802710449035305729e+01
1.320739392745537168e-14
4.181550553885033494e+00
2.667436962970673171e-04
2.523383543194480794e+01
2.706889373833527657e+01
2.668229685152189390e+01
6.533640360283597508e-03
2.773648437995032978e+01
2.732889429142553439e+01
1.461614507365798585e-14
1.136795355885019232e+00
1.134718006978816807e-01
5.435060386972122792e+00
1.794728094209956737e+01
5.995894622159569672e-12
2.106902736768876849e+00
2.195948162204652121e+01
2.543402840982482616e+01
2.416140267406920117e+01
1.641217107076172743e+00
5.223360873824281071e-13
2.759584823842374871e-02
3.952227592146914530e-09
1.651986870385097816e+01
2.115417101699125624e+01
7.097574991744189710e+00
3.296682594391476595e+00
2.329506301078704271e-07
5.146846278938242314e+00
2.512101880125053199e+01
2.627415997872910225e+01
3.382060869254973845e+00
3.530138356953951423e-11
5.259195368002946014e-02
1.329045002849939293e-13
2.785807585300949896e+01
7.840338163334118447e-04
2.880343018442902636e+00
4.392274771465896935e-10
2.540946194155008442e+01
1.593748429017930910e-05
1.104825481133832943e+00
2.736015025879515505e+01
2.808055203094871288e+01
1.266950579150214393e-06
4.622822508526128220e-10
2.708378961093142934e+01
1.207350400122164658e-02
1.608628484014219013e-10
2.877136564580838751e+01
2.598754248394543964e+01
2.674648651578974778e+01
1.688911309588467091e+01
2.258440003098086124e-01
2.542015022488084597e+01
5.952023280752615463e-03
1.374062072504111572e-05
2.814481854316025888e+01
2.492534969748374962e+01
1.094502217338245664e+01
2.633507890002885077e+01
2.444860389382538156e-05
8.413939766508958584e+00
1.319167549161880823e-08
1.397572228957562223e-14
8.118801352392848170e-01
2.412118163962558626e+01
2.548857617336217984e+01
2.576675717012384226e+01
2.769221658719761336e+01
1.280948221011917658e-04
4.937573450630786814e-02
2.194378316853926592e-01
2.642513629537453568e+01
3.505170464103589678e-01
1.563556368409193276e+01
1.260104241837336583e-06
1.595468368959830796e+00
1.140632587386153496e+01
3.614458949468860371e+00
2.001067017984892746e-04
1.009387770519828901e-11
1.227508409714212334e+01
2.950847531919385958e+01
3.859920394957438550e+00
3.591938098423186343e-02
2.645073614674179841e-12
2.130999551944397652e+01
6.534522514262040659e-06
2.422928401846307978e+01
7.392482606930692611e-11
2.749509268001546047e+01
1.544907064130430882e-14
1.576041434681032449e-11
2.295101926732126429e+01
2.782731672193298067e+01
2.690963445319327363e+01
1.362583284039394329e-03
2.708224160046340501e+01
4.039596579734439530e+00
1.089778310848442722e+01
1.685563755829902988e+01
1.415565594163330942e+01
2.375275862517250758e+01
6.425055449113022642e-03
2.945044650379082185e+01
8.912134070082960643e-03
6.625666507203717874e-06
2.904527857892986020e+01
4.277137857172818691e+00
1.707390063412343295e+01
2.627862629693373364e+01
2.218141802859868782e-04
2.259415511754467421e+00
2.219530337374344953e+01
2.644374540250254533e-12
1.889858023715130120e+00
2.576322378236940480e+01
1.419045089939174353e+01
5.165150694009476072e-13
5.093380782040862745e-06
1.160820916038005080e-01
8.486672777391348177e+00
4.440627466138072355e-02
2.006849076435852608e-12
1.399121993279490184e+01
2.270493732345983062e+01
7.912095905180893088e-05
2.048715066280654185e+01
4.567314022802729918e-04
9.058231774705957307e+00
2.597486639534447761e+01
2.392044944830433906e+01
5.819124950119560456e-03
2.756501742717325598e+01
2.626641964012306960e-09
4.938419528774723455e-02
4.478969856233275593e+00
8.641452514285416526e-07
2.607289210056393358e+01
2.831774974369968945e+01
2.079643142911778853e+01
4.648491734058251557e-01
2.002636431493116476e+01
2.680308663038379891e+01
1.568189253960971108e+01
7.484559287498563634e-09
2.575993132767958826e+01
1.300570766669245637e-04
2.094765395951436560e+01
1.344867247279465106e-01
1.926974169908958601e+01
3.006889561296836533e+01
2.212574422506322236e+01
3.459922688793090962e-07
5.567885189568033688e-02
5.854395731711800055e-01
2.924067787851590339e+01
1.039746611010675359e+01
1.955790823674311341e+01
1.359326600849992950e+01
2.883135786638707643e+01
1.499776736049661360e-14
8.828269225124647761e-09
1.908192464095878063e-04
9.562900554925547747e-02
2.361362969294854341e+00
1.656552905402794451e+01
2.664804995642682073e+01
1.439118228564585525e-03
7.857181205376917264e-13
6.848933418495887633e-10
5.555642377293429357e-02
2.538552185478550172e+01
2.741959393792451394e+01
2.521816821531867348e+01
9.593450824087415714e-05
2.387488611526117767e-14
2.220568201900503524e+01
1.646650665213582343e+01
2.319334315066943347e-02
1.983159976044045897e-02
1.341126843922453425e-05
3.341274706149901147e-05
3.704203486147788493e-01
7.954177238794356460e-05
8.173565993030868171e+00
1.978207355868210016e+01
1.952086248869824203e+01
2.870130160899605087e+01
1.311313530508147291e-13
2.996850824334277067e-04
2.837967661200387326e+01
1.077195472165275270e+01
2.450702541600686502e+01
9.106702569235999079e+00
1.620773688391751041e-04
1.341949412001400788e+01
1.424878135840851989e+01
2.078510478138225537e+01
2.334479066760093477e-10
2.392114523521406827e-02
2.965058318609796117e+01
6.611253491597503640e+00
1.726369907590339422e-05
4.370978540060657932e-12
2.218166245094530087e+00
1.376229574049524016e-14
9.180814893867180609e-05
6.943914513404594868e-02
3.807660494129474766e-08
2.685387747431106220e+01
3.086672237980720546e+00
4.249751944983393292e-13
6.574807875545083161e-05
2.650987402519596614e+01
1.466682611528745639e+01
3.845133022365691624e-06
2.186937460347055051e+01
5.999483403633705247e-01
2.657042651239108366e+01
3.182357898549782347e-04
1.849684411355308143e-08
5.952614674022834507e+00
6.929983622994009274e+00
2.519722617113590246e+01
6.197962724071986784e+00
8.638198296106179563e-02
2.625245584427746692e+01
1.174123099932487507e-06
1.361630749437801884e-12
1.925977909145424150e+01
2.567049407266148009e+01
1.633560171630486595e-10
1.649061321377476192e-14
2.046536283115760213e+01
2.934031331260067987e-01
2.814655928654548234e+01
1.744141528083430876e-04
1.407660934664521428e-14
1.008480243548871419e-01
2.836756075931622334e+01
2.431953262349613011e-08
1.942166035131424096e+01
1.624842019329332743e+01
2.208077013924769562e-09
1.429197039161620164e-01
1.830945463155860864e+01
3.441216186133643440e+00
8.769557820594638893e-06
5.903557893542267232e-01
6.298045908846811544e-10
2.434146185407505669e+01
1.127065597140745901e+01
2.709239227293006369e+00
2.173657634819116780e+01
1.008420522699332800e+00
1.215555059015677733e-04
2.091541084518648219e+01
2.663388839925195839e+01
1.444861098430197721e+01
9.113699210089933889e-01
2.393584190791012034e+01
1.509739283338444448e-14
3.345860600860515008e-12
1.605099113453012194e+01
8.840490249208690088e+00
1.973055766594674788e-06
5.406580313995857983e-04
5.476994209104811810e-12
2.160745447234694828e-13
2.423178965071108948e+01
2.003936361285975298e+00
7.252690689815133296e-05
2.476791303562533741e+01
1.597244389836247969e+01
2.330363904876832493e+01
7.759532138715315100e-10
5.102049907540318578e-05
2.197942907147718472e+01
1.021838928391475592e-09
2.671779120753289664e-09
1.294403747723789910e-01
1.939124694083995593e+01
1.799122028972557175e+01
2.610195812296521112e+01
9.816995861079839611e-03
1.496478298993028844e+01
2.643426699674992619e+01
2.197165337944758875e-05
2.297885047771777074e-14
5.143916235589848229e-01
2.600416715704346515e+01
8.769643140578708973e-02
3.528789948195320755e-11
1.495368190918568171e-13
1.938303258551554417e-13
2.863352151311682547e+01
2.690365394624910067e+01
1.486244470664981421e+01
1.350129800988037862e-05
4.250805120724066022e-03
2.984911442938437651e-07
2.839405434778847424e-10
6.379221881597867849e+00
2.831562931772105429e+01
2.973427289990717148e-01
2.693358340268524742e+01
5.124806217500810468e-11
2.175327119542265919e+01
1.912508760185753776e+00
2.418817091812842790e+01
5.255366153463561334e-03
1.066970199552315324e-09
2.588742854422766879e-13
2.054025184872955893e-14
1.357058293233270527e-03
2.633402834795738201e+01
5.363294446800421318e-04
2.631531181236712769e+01
3.948710958103184759e-13
5.184921630163028444e-06
2.658287016716937146e+01
2.078054434290077168e+01
7.667075949854780309e-05
2.147076137783966487e+01
1.671137816894375377e-02
7.614124691126922251e+00
1.191738208238471949e-07
6.420413412431608523e-06
4.472096229683261020e-05
2.179318976210395320e+01
2.525734400103959132e+01
1.485661203547999243e+01
2.184111108744888095e-05
2.371724563138388930e+01
2.594863549416356463e+01
6.165725742816914786e-09
1.999057464750006829e+01
2.725521332496110105e+01
5.311755205009266456e-01
1.670207945702145244e-14
1.118959327214395424e-06
5.845089958159187943e-02
5.024670060592088271e-10
2.218063954233355162e+01
1.047019909260337504e-12
3.249702592269795156e-08
2.118208177938555892e+01
1.574354480553660779e-14
1.432273411275480086e-13
1.666017174423250688e-02
1.424278050570043952e+01
1.201638849906899731e+00
2.562011052442075965e+01
2.568961348540713630e+01
9.262141205631130607e-05
1.150801558727201051e-14
1.607472523895163153e-14
1.758906853108526347e+00
6.964029105639209672e-04
2.269860704190756451e+01
1.314110466519857567e+01
9.102275319922574326e+00
3.135575411077358645e-08
1.965854574638994379e+01
2.466214904135033237e+01
6.675115689408229235e-09
2.378800881427451230e+01
2.604490154766819643e+01
8.321779800596276644e+00
2.222836396876058629e+01
4.602266186309423483e-07
3.640945134505053666e-05
1.862802329842500981e+01
4.270981655736631337e-05
1.705930561406443773e-05
1.525553778526299240e-11
2.732784466682835856e+01
6.057450191369706455e-06
2.932058204852663126e-04
8.503988666772733032e-03
2.790116363700667890e+01
6.474547964327736331e-11
9.355706297939803129e-01
1.901666975547757232e+01
1.704297378616310255e+01
5.919472207162130729e-11
4.135437081907033744e-14
2.145114296343429316e+01
8.641817914982571125e+00
4.269092513875561454e-05
1.666564543130595411e+01
8.462491170014384556e-01
9.592734544569470847e-11
2.159300483259704961e+01
3.604114483866147634e+00
2.078067129170996097e+01
3.946620014947933158e-03
9.464840069887095808e+00
2.851444171757258506e+00
1.194970844438292318e-14
7.478673692688764696e+00
1.505765581634793606e-04
2.455849431533141218e-03
2.238939853103040534e+01
2.196803269692376863e-05
1.537318320552065742e-01
8.345466328310680135e-05
2.301232069527159041e+01
1.165746680054250858e-14
2.072202317382437187e+01
1.768940806055763801e-07
2.194462479571199154e+01
1.154230113963695481e-04
3.604184134327253375e+00
2.005865470954841356e+01
7.102324963808252216e-08
1.834310010478131048e+01
2.402077159092284475e+01
3.658172714850181932e-05
1.479635574490395931e-08
1.765948682181238102e-14
1.546511594330842607e-08
1.432883776989095413e-14
3.475734577548493802e-05
2.171011692194701581e+01
2.612596588731235219e-03
1.137421928967039149e-02
5.452654075036909658e-05
1.971815097374296144e+01
5.624035951816439699e-02
3.984627102904707780e-08
1.452385517991469670e-14
4.411805274245353383e-06
1.651507860839589216e-05
2.434001177689864516e-14
2.686884419224557785e+00
3.885058028370742399e-10
2.544184058372122337e+01
2.024934275160626316e-04
4.007854454172791639e-12
4.578975453089629123e-06
1.908648361327097080e-04
2.549545152456343899e+01
1.589372915121147400e-03
1.155954098535286301e+00
2.146990530752065851e+01
7.072587559539216364e-04
1.510523373243415612e+01
2.064335868888797165e+00
2.750611766527343279e-09
2.637619761229803128e+00
1.350500540958267326e+00
5.100092029219026076e-06
7.010476221636857685e-01
9.596057404860479367e-02
2.955749697360369638e-09
2.564870586205590386e-01
8.183415511835115397e-03
1.847570850443361579e+01
1.135399037485725948e+01
5.348590251276601926e+00
2.254141122978490586e+01
2.717862946657422624e-04
2.531275568088242167e+01
1.640434388602845170e-14
2.016990571589314385e+00
9.435528378124995175e-03
1.939026613688860223e+01
2.190964948793226743e-07
1.722717920999850081e-03
2.914808484653405429e+01
3.208329664807725442e-14
1.693332830052415438e-14
1.112778265192584470e+01
1.698136315690499742e+01
7.482221396792337792e-10
1.346144705112858730e+01
2.111835452275922792e-06
3.619263170228052121e-11
4.040891640246903060e-01
1.195558973322928108e-06
1.255149856084832201e-05
2.887195621315336425e+01
5.611456333311033440e+00
1.482440470055960136e-01
1.028424570219406045e-06
4.938226823277049427e+00
8.046092526924805810e+00
2.509161177749987814e+01
2.348769277077030182e+01
2.455564044445997413e-14
1.660212557095749375e+01
3.312282651770602086e-06
4.392701055492427000e-04
1.153922221190364539e+01
2.186844123354309488e+01
1.697647907117624655e+01
1.802803286495957780e+00
9.756209365205513739e-01
7.267302565463927627e-08
1.893252767686337271e-14
1.980138303840863192e-06
1.359778903539015005e+01
2.336183797346889790e+01
2.347240756890698707e-05
1.937852424210597746e-03
2.793373511269768272e+01
5.086866363535289537e+00
1.623993471193233431e-07
2.630166917318910436e+01
1.804386777708196377e+01
2.163985992944659031e+01
1.730228076242046331e+00
2.606720258320512153e-06
4.740473678796548293e-06
2.422119020675464540e+01
3.884998367749734169e-04
1.258101728406779751e-14
1.111332797431594923e-05
1.356212797538168756e-08
7.090187753748949118e-07
1.801931288142451137e+01
2.797321024120774879e+00
2.784522060693095469e+01
5.356417019323715667e-02
2.020772828285666750e-05
5.260055278003221424e-02
1.765506884463444970e-11
2.526718764863533551e+01
8.911843314668153937e+00
1.068510831692665421e-04
4.339229975803030742e-02
5.140966462217247781e-05
7.411851658968840982e-03
8.477246932319227879e-01
2.285449924655858309e-09
4.134125246254347901e-14
1.914978518050041608e-09
8.541210073684720253e-03
1.734756513521562140e-14
8.150865905142321566e-01
4.673394136259363777e-05
2.197559378011225206e+01
2.339085686202864522e+01
5.015265749398537777e-11
2.346497088204687387e+01
7.369025568064993983e-08
6.934566760808015410e-06
9.537110778573117120e-03
6.692694475647464729e-05
2.091515036302195554e-14
2.296594676193117190e-02
6.501758699092156708e-06
1.461136581400075956e-04
1.456189837357739015e-03
2.921488284592923200e-04
9.588156087501306984e-12
8.941206092653135318e-03
1.117339389023596739e-05
2.238224323197220400e+01
2.483945404305378091e+01
2.609107549680253729e-04
2.417972696564140023e+01
1.498640756244571115e+01
6.495830368063052696e+00
3.234909522337348509e-03
3.384130874069808482e-12
3.294259212112495838e+00
3.124052557839659901e-05
2.286504562831326126e+01
4.008620738032244917e-14
1.994948817976574063e+01
1.097468398085772127e-03
1.296893197818824084e-14
1.168918800320063589e+01
4.975767298181154041e-01
4.166796957942188852e-04
2.237612497883429086e+01
4.805902874237367506e+00
2.274718057703114482e+01
3.989278521907956510e+00
3.429038254330979375e-04
1.859292522220531652e+01
1.287936162363597769e-04
7.777421550598455358e-02
1.618637009304710050e-01
4.654340040895779901e-05
3.285749595624793962e+00
3.600055673343434512e-04
2.876095868609439526e-09
9.012720086774807223e-08
5.138894270425792624e-04
4.227535383200903908e-05
2.700252962999158966e-08
5.598507611785167844e-04
2.057527919450188909e-11
3.076223928346702073e-11
1.066816707635946493e+01
3.231284055341091310e+00
5.085494081103797588e-04
7.915051888060250285e+00
1.167566491134885802e-02
1.246830336522008764e+01
2.450971695518216364e+01
3.995559337959272968e-07
4.690359040442976009e-08
1.700472861069534852e-14
7.433431114881535601e-03
2.158438031243571587e+01
5.539134121761472684e+00
2.419598983561763106e+01
1.990330832627759250e+01
2.725822706257373553e-05
2.776418578358024192e-01
2.089712654047899676e+01
1.974110171477880089e-05
2.083909757088170832e-06
2.150459021057598008e+01
1.021906340795264079e+01
1.468745879655242771e-05
7.286165316476645934e-03
2.239830614943433673e+01
2.203163475384576131e+01
2.808450049084803979e+01
2.062509114453503400e+01
2.073595056191503748e-14
7.750951618634932805e-08
3.856225139588966707e-10
7.868375888144587540e-05
8.389441000701871318e-05
1.969218392687018238e+01
2.663626023639408036e+00
1.317575545195621700e+01
9.772135877527500014e+00
1.294955483834283960e+01
9.397003052951696800e-01
1.913497940545414930e-02
5.969453663905545326e+00
3.868944344081659431e-07
1.553247313655520611e-14
6.654254482445080910e-14
2.737983399208184545e-12
3.978364121595589176e-06
1.526518944215088780e+01
4.939056719563734733e-05
8.851825796715759864e+00
3.191025736078445233e-13
7.636164001240546606e-09
2.390883678130025773e-14
8.672867620147911571e-02
7.026899005767367479e-02
8.123956765312309938e-03
8.964587883782580095e-04
1.005561429299759224e+00
2.989750157061532372e-06
1.043772581280493209e-05
9.944583006594757621e-04
1.736288180998223751e+01
2.499229135868623886e-01
1.226301988461177261e-14
1.926763229421336732e+01
2.093193477472584618e+01
7.055226315779835611e-01
7.952505304475730730e-02
6.990192155896308712e-01
2.356455015500277849e-04
2.299293755714664454e-03
1.641412291398504839e-08
1.188635295898157803e-14
3.508824072648227026e-09
6.124932863135615453e-10
1.942835897005959600e+00
1.455492931898256437e+01
1.224054329202424701e-08
7.913488259128287014e-14
1.546374727906272358e-04
8.359421953638240766e-04
1.447320051270042915e-09
7.736134297084498474e-04
1.188093596440121580e+01
5.955166545113223323e-05
2.204167097936547393e+01
2.408965898050533028e+01
1.222759108986217136e+01
2.063439385809141768e+00
1.452452049260442640e-03
2.044227048809275260e+01
1.366672537372351504e-01
1.979305110909272258e+01
2.100882193482681970e+01
4.411121541660387280e+00
5.497639806612193182e-04
2.234635877567450468e-01
8.884649369820969689e-05
1.343820031901020371e-05
8.365696961458024550e-01
2.063223425568923020e+00
8.292473491884581049e-01
2.946207864561358868e-04
1.442206640058940326e-05
9.961241405132691031e-05
4.152874862343831165e-05
2.041010847668997883e-07
2.935758826570462166e+00
1.754645474276809709e-05
3.498373859339575648e-02
1.712570833173638718e+01
1.065832866114658095e-14
1.199594131447927488e-14
2.622281158198882522e+01
1.195511784738649830e+01
5.289196200604809854e-11
2.371155811364091548e+01
1.361189966730333989e+00
2.150075597146685880e+01
2.004372970281034089e-02
2.567042445143110443e-14
8.215463703490566871e+00
2.480039026772871150e-14
6.448971098399538158e-14
1.992097728528741118e-01
2.400533769981019461e+01
8.828807881801535584e-02
2.650703390482331279e-03
2.608877950387608280e+00
2.076387370099402885e-02
1.940393339903955135e-03
1.785724643347674601e+01
2.975207240442704541e-07
2.499517662800381501e+01
2.136720855392356810e+01
6.460161402301340533e-04
5.541848794849502102e-01
2.424435347119802486e+01
3.456346254268932196e-03
1.214646083086779947e-14
9.117548981679371778e+00
5.721866056293996354e-13
9.535306774632287444e-06
5.012775075319350225e-05
1.641018866424149308e-10
6.393640431340212702e-05
5.123792645665416835e-05
2.323109464142815161e-01
8.344832358171398583e-07
6.240010178887737797e-06
2.839575762129590286e-01
1.236344805317945474e-04
2.973742188881039435e-09
2.168441911271404843e-12
1.241341202997807925e-07
2.124844953496868229e-14
2.591199663965583228e-03
1.782996811047620866e+01
7.923810857448485123e+00
5.176449538643420554e-10
2.717386573523490872e-04
1.146515876893883061e-02
1.018110315378111486e-05
2.790107989991454107e-05
2.163606464750742400e-05
2.196585593368901955e-14
2.891877861002842803e-07
1.892067349943068066e+01
3.728931538373190691e+00
3.065596022034514155e-06
5.435503604630146811e-07
7.982512629136345517e+00
3.547387906313183681e+00
1.229138945107827782e-03
1.937015809835193107e-05
3.548086670639617887e-05
1.511576399029489848e-14
6.271483990864985606e-13
2.569800453269768070e+01
3.915482462059485247e+00
2.062156822663274269e+01
1.482964593314488170e-04
1.520030115582759755e+01
8.316180243217574652e-01
3.950649364111610495e+00
2.222416242872148562e+00
1.372769136229679157e-14
3.659398163141307225e-03
2.002820149967315189e+01
1.110697903236211914e+01
9.686258032723222383e-08
1.692799269551207431e+01
2.812595265459794103e-01
8.554329471424341825e-11
6.055154619866079781e-04
2.357831795923057783e+01
2.193344988341013914e-03
1.437541050423774669e+00
1.953670503016742457e-11
2.219352176613886130e+01
2.072171541764676659e-07
8.917627578758807194e-15
1.335606849152170360e-14
1.150587977419834929e-01
1.509921076743924940e-13
1.153509440179334988e-01
2.114935104079184847e-08
1.502695776906777500e-14
4.929411151768982036e-01
1.920632830703499780e-14
2.863410768905729764e+00
1.116723539737320370e-04
9.606999657112680043e-05
4.211322509568595951e-10
1.582780185123835892e+01
1.299010665551495913e+00
5.686698159593174040e+00
2.258341840379095800e+00
2.242162149863469872e-02
5.686454341509863825e-07
1.627616297137838841e-01
2.055127925592974483e-02
4.808409075893466514e-12
1.620300954352379540e-03
8.686261159318984029e-03
9.695117647120074164e-04
3.172017777116651782e+00
6.570141625882162481e-06
9.486282836501539343e-06
1.313831269561932005e-05
6.550908712986152198e-14
2.205958305117815144e+01
1.341124300420590554e-01
2.150619940746381076e-01
2.179177361315871207e-09
1.420213124663564333e-04
2.690174343591961002e-14
7.487743396495195825e+00
1.701155115943247442e-14
6.150933082386532799e-11
3.692049175965845148e-05
2.226741333161645997e+01
6.451045831246047559e-03
1.129360520574063172e-14
1.357914616604205982e+01
1.264145394283056013e-03
3.072894632686381610e-10
3.632590919890066328e-01
1.999287722256654476e+01
3.971176168037759963e-14
2.374526006098924709e-05
5.579267827969416042e-06
3.404474580252447799e-14
2.424377163113836176e+01
1.063663327336504594e+01
1.222028776838629582e+01
