2.609575927016753027e+01
1.614388614462634513e-11
1.720273089288120003e-04
2.318207240317660058e-04
3.057374504931039128e-01
2.662340042327756606e+01
2.820243781888357049e+01
2.580918059330240055e+01
2.690709916703628579e+01
1.135629188836455050e+01
2.524091741144985246e+00
5.773468527796693728e+00
2.569709709955701982e+01
1.464267831804988340e+01
2.548070331137351754e-14
4.592536861544085713e-13
2.851608537658255926e+01
2.507379953267566819e+01
7.404694875770765350e+00
1.063192193803927308e-05
4.992836149711137317e+00
1.752094491763405798e-10
2.077341956630723185e+00
2.390722186091168155e-01
2.599722298548782717e+01
2.349799176628350494e+01
2.377459565015420040e+01
2.845744065695463121e+01
3.737544238374406746e-01
2.071735824628850509e+01
2.858444936787917001e+01
2.136711296659109038e+01
1.946053342968728472e+01
8.493208903347637673e+00
2.891841328484963469e+01
4.085857028865484686e-02
3.975058453263220937e+00
2.284694053065712893e+01
3.001978657742078838e+01
3.101666251904294791e-01
2.999470670676684936e+00
2.761272608940448947e+01
2.611260909016510746e-10
1.834552851293892335e-05
6.542596776373741583e-11
1.624392660816061649e-04
1.832185133371880617e-02
2.647836599139010574e-14
2.996675292791032774e+01
6.148221375812887041e-04
3.266035974803866981e-01
2.256802418863384929e+01
1.482406324444678525e+01
1.028094428550214426e-03
1.310177292855233338e-09
1.218309922314963423e+01
9.506614980239866952e+00
1.831478870053533936e-01
2.099281687254335083e+01
1.370408268705742039e+01
2.885795183291561017e+01
1.199103090479038336e+01
2.646578131102701015e+00
2.999925172232919834e+01
1.013922169795559852e-01
2.937956835849195159e+01
6.099497478984407203e-13
2.876339972913432419e+01
1.470884212576028460e+01
2.701910025107443047e+01
1.794621319537932180e+01
6.598841875555015246e-05
2.290588828962459900e+01
2.665898456141035933e-01
1.746626399971330235e-01
2.738194155573112076e-01
6.585694098050116907e-02
6.592312984461281999e+00
2.657919394723834206e+00
2.529928046221516524e+01
2.776090989057232150e+01
2.619333344809818342e+01
3.291326967316166276e-11
2.126125429177707815e+01
1.437201349891538813e-07
2.524613917756379422e+01
2.251870763218874316e+01
1.844245858162690943e-14
5.071618370288130858e-13
2.455699632813522726e+01
2.568496868650547782e+01
6.539224364069317827e-05
1.823189678073627462e+01
2.672879720682083260e+01
1.111765975332815775e-14
1.650848949799659948e+01
2.521845470963443581e-03
4.705903703009950867e+00
6.018026742716786615e+00
9.810729730370526980e+00
2.789698341940848891e+01
1.464077397947489700e-01
2.733973491272027445e+01
2.251153083753582607e+01
2.659952066281487859e+01
1.191011317662857749e+01
2.412201215652283182e+01
2.381198438574338538e-06
2.335149831285430011e+01
7.157345559904583596e-05
3.947069170676557187e-02
1.758573418869398188e-03
3.031207015845332380e-05
2.281698295283527500e+01
1.375729800847251916e+01
1.529051383803163362e-14
1.666699621084057270e+01
2.395812263605219172e+01
5.965936190522604880e-05
3.203403060944392601e-11
1.803979346219097835e+01
7.334134616734742929e-02
4.285685531076907076e-08
1.176350667248798310e+01
1.021754041691011849e+01
1.039897587574482607e+01
2.567961246963916011e+01
7.519881456896248076e-12
2.969780325292560619e+01
2.285453156585012469e+00
5.476721144588368166e-09
1.237234830375859751e+01
2.282906715347128568e+01
2.872791245435815810e+01
2.512366032453708442e+01
1.893273818621669236e+01
1.046024572730034609e-10
1.067683117795880765e+00
1.212600316661202493e+00
2.836955534161513270e+01
1.111722064801984707e-04
5.985572173770734765e-04
2.788054384156898280e+01
7.155434723378594875e+00
4.568472919825182536e-10
1.399670573052576522e-03
3.414285776026166263e-06
2.754419483571573224e+01
2.634781898950010515e+01
2.582408339829261834e+01
2.966668118353023686e+01
3.781982909837313864e-05
1.361010125161121209e+01
7.055803087638186469e-12
1.699150900764675855e-14
1.852678431634691115e-04
2.935826005874901767e+01
2.855730181381579769e+01
1.166133873946434058e-06
2.048099026978535875e+01
2.079617296756880762e+01
2.570178957777874729e+01
1.282136031162039447e-01
1.125898380785890884e+00
9.858401808913689484e-06
5.162939771172449926e-02
1.915433571359885533e-04
1.255895801872836397e-04
1.344787222238856605e+00
1.959958152029430423e+01
1.545652605220503162e+01
2.333428051164885275e+01
2.778371424144639690e+01
2.625578990903218823e+01
1.143358782107636624e-06
1.357868859061883750e-08
2.423667114814667298e-12
8.329387612567335669e-05
1.548482520771089416e-14
2.222777936258025733e+01
2.634566087431256065e+01
4.959741739307822759e-11
1.626680996600440565e+01
2.541792793725843325e+01
8.380483298294036810e-04
2.125447583892402189e-14
4.345578323055861079e-11
3.627523275526176104e-04
1.378176484674609448e+01
1.547033656907425590e-05
2.342654607405129852e+01
2.553085990344060008e+01
2.136781794417759883e+01
1.514580417687391258e-10
2.627315861921034212e+01
6.484276610242431426e-12
7.264267997366855667e-11
1.493973546410977026e-07
2.671906741122025245e-06
1.718616024053261474e-10
2.504794496307753349e+01
1.251592818400969476e-01
3.372567347422256282e-09
2.913497169779084217e+01
1.581490046332306005e-04
2.430906583480303520e-14
2.756281676257644975e+01
2.185021400660906465e+01
1.661084306902663970e-14
2.380088711611874075e+01
3.675451350968704772e-04
1.464592745942104557e+01
8.699977251099495760e-07
2.334890753400320918e-03
3.054449073967493433e+01
2.445430379776718866e+01
7.105482831189350896e-05
1.053061614355285158e+01
1.711086169352131847e+01
2.533181081197555073e+01
3.002944476461625101e+01
2.191297154347766707e+01
1.471579126839986373e-01
2.669557826201994777e-01
1.174296683564422100e-03
2.340612285404272441e+01
3.774739233825496476e-01
3.260657974533913016e-06
2.159859851462597735e+00
2.549762423480652274e+01
8.020827118905923925e+00
2.009953345855542750e+01
2.630330974962473336e-03
1.268376897269131443e-01
6.200570634299700304e-03
2.985933478283582687e+01
2.223009946451815821e+01
2.567198256008535395e+01
3.123191187429112735e-06
2.691463003804326704e+01
3.489886258687879383e+00
2.601647656972031797e+01
2.346961600690105598e+01
2.218961558870979189e+01
4.471170365692058724e-01
2.611831599498763268e+01
2.497073054440634010e+01
2.695120163590020823e+01
6.607640182281644847e+00
1.415374561780665630e+01
9.906205924751308040e-03
2.486506633796499699e+01
2.296715084292423015e+01
2.463011906287700414e-06
5.410264261776723829e-05
3.577015550119441029e-02
3.880163147408353025e-05
8.363440844113027850e-02
1.489307505724957615e-03
2.598641329761441199e+01
7.407397727975103763e+00
2.481066057896998700e+01
2.666592989551361370e+01
1.942178472219169194e+01
2.883613561402337093e-03
2.592755452772417613e+01
1.911847520878550810e+01
9.491560270457562176e-02
1.454068128521685369e-10
1.287229714082416443e+01
2.820512152643770420e+01
1.983742249279344350e+01
3.877030452798248966e-07
2.275270959128524451e-01
1.550833504612218472e-01
2.691765909875410046e+01
9.392868450877882640e-14
7.441237988352298748e-11
9.301908562954011472e+00
8.319370584947561719e-06
1.932045857053851634e+01
1.909564982872404373e-14
2.481564748663364739e+01
2.009933311077422147e+01
1.089579928165389094e-01
8.137517434926342278e-06
3.734226888812061662e-02
2.466955358200417692e+01
2.833852309647452117e+01
2.882495596723574849e+01
1.058875454272843119e-05
3.274993068535520737e-06
2.364552442356414019e+01
6.027474588016910495e+00
1.562393636313700318e-01
1.507773448981456532e+01
3.279760896765514522e-01
3.700553019144554271e-08
1.482908599936871895e-03
2.460649486733420943e+01
9.114949699364146340e+00
2.133387815841984647e+01
5.162981071026120802e-05
2.664479720119398820e+01
1.150707723546405781e+01
2.881859651894725616e+01
2.716980647120415071e+01
1.207619022706940548e+01
2.842356137773848701e+01
6.216602829250683637e-01
2.453812660510342525e+00
2.672566845808159641e+01
2.175271955860758943e+00
1.248176867089860131e+01
6.639437893699160931e+00
3.007383224865931837e+01
8.079137257300308406e+00
3.951555430765412910e-05
1.761864785929810751e+01
2.271472249837684032e+01
1.386936897395690238e+01
1.562404599183474296e+01
8.227469571612638357e-05
2.730182590638630913e+01
1.055338362758171726e-08
1.170558349170052992e+01
1.980991868756902443e-03
2.411656564851701035e+01
3.727546921112985458e-04
2.284117666971168603e+01
2.301241683048076437e-09
1.619964486303672696e-14
1.154258708062267758e+01
1.775966205611717186e+01
2.649734919020441382e+01
8.682071440028517273e+00
2.915822531929423631e-02
1.926692330444713663e+00
1.244681487690616617e-13
8.261495060495334997e+00
7.103592274388186586e-10
6.298971496051357919e-05
2.585056239095414113e-03
2.478126038807351250e+01
2.671806528729205255e+01
1.194673196961794359e-03
1.160778212234654383e-01
3.983004574395216491e+00
2.695191903316901261e+01
1.340444123429764696e-07
2.279882699205297845e-14
2.379534909122567399e+01
1.436980460442535392e-05
2.390711319576951510e+01
2.532683263594907075e+01
1.936384891347110316e-09
1.310728753764266629e-10
2.637944154753965265e+01
7.515276134846086975e-02
1.886456105855760512e+01
1.168038007851089688e+01
1.250473190123794431e+01
2.988288395556563870e+01
2.297035391457914244e+01
1.275711980813676405e+01
8.335571085373640957e-06
1.306164290059131945e-03
6.555772854032749760e-04
4.128850644386156121e-01
1.258746905820189887e+01
3.381416892421403177e-05
4.210492346990642198e-05
5.330919512166288699e-05
1.058895347045565316e+00
1.469724499437415196e-03
1.114175902727753176e+01
3.532708396187383631e-07
6.214683208145208027e-02
6.234338474698582994e-06
2.245119344863843480e+01
2.295410916699724169e+01
1.047363875674985856e+01
9.131150173092952294e-01
6.864301539552657427e-01
7.271067115709502204e-02
4.609675719093125901e-03
4.998934296247667039e-04
1.259983935250038600e+00
2.991860479837663276e-07
2.876104070167760085e+01
8.160105794987439928e-09
1.147299594800663819e-02
2.572339679490718762e-06
2.419843230789567556e+01
2.554608023325592470e+01
1.837061376542059321e+01
2.282577474940204354e+01
1.257821247893671497e-14
2.467499193230575472e+01
1.922217624164730054e+01
3.644282838541165097e-04
2.114209354020836074e+01
9.876600859144826815e-06
2.181365915627895902e+01
9.180773433683864573e-04
2.880098100358671924e-05
1.705266264187141090e+01
6.478545725066298935e-05
1.522273632120342945e+01
3.209080014143094850e+00
7.392964653446357781e-01
3.391162313544952508e-05
2.497615213692893477e+01
1.340140348085815353e-04
2.352944785316213228e+01
2.040768822404127647e+01
2.586182670069316026e-04
1.952988338843682925e+01
4.816117648350251004e-05
1.700440731430935770e+01
6.928482398994400357e-14
2.509377774481962575e+01
2.443979301949731209e+01
7.612469704437328961e-04
1.956070227976540110e+01
2.786242652338412995e+01
1.569346283812522095e-06
2.253414841504145016e+01
1.814287711101270517e+01
5.817973382698056639e+00
2.500849566147785907e+01
2.694621781724209697e+01
1.329342651075325143e+01
2.228892625347424564e-03
2.046328145615894201e+01
2.380657288520211631e-06
2.077061338030986584e-08
1.026660802425372568e-08
3.764241058100099125e-13
2.648341274153712988e+01
2.760220190989772903e-03
2.261744378952018764e+01
2.751372103739254958e-14
2.690944445887870273e+01
1.858603731268592962e-01
2.683152556828318680e+01
2.165598321681546506e-02
1.355080674333382973e+01
1.606410979945565622e-03
1.473670967907605711e-01
1.062489821945106312e-14
1.246678663384059357e-14
1.762577111697059568e-03
1.104559724434114620e-07
2.669975080137805890e+01
7.260050713639041885e-07
2.488961925309324741e+01
5.487988982605532584e+00
8.998453573697775099e+00
2.755721727660068865e+01
3.835448026895619478e+00
5.136787421812374367e-07
2.458785406173112165e+01
7.726365330146048195e-10
1.368546331706756854e-08
2.125479079115626011e-14
1.639127475324261425e-05
8.635614992169974061e-05
1.131836758355794093e-11
1.946024866271364322e-05
2.557016339416799511e+01
2.117619742105362107e-05
2.337705211495583413e+01
1.694093868068365438e+01
1.843721680813010977e+01
5.611267339551988531e-01
2.541240653962803257e-13
2.500315114069609734e+01
2.168956547074868269e+01
1.239523940372793831e+01
2.553912800202681410e+01
2.381652760040382688e+01
1.358387529834347518e+01
1.367838226328587226e+01
1.128348842320500145e-01
1.893702615823798752e+01
2.405362967507637961e+01
6.969188347630729725e-13
6.254397699522603382e+00
2.594708959858916586e+01
2.038792889924948760e-06
7.015264120332062177e-06
3.794149945629065724e-09
1.167781056140551499e+01
3.377746916416939971e-09
4.128822667204893348e-09
1.754348371067270662e+01
1.063816617509806290e-03
8.875320480641175180e+00
8.800913039836117746e-04
2.725564234708534754e-14
2.348163907083814284e+00
4.302648886580581289e-14
2.456838273021720198e+01
1.192513753854368835e-01
2.339618596721546969e-14
2.008618511375789240e+01
9.826392237663222673e+00
8.187823846862928019e-10
1.447034969040870154e-14
6.882508430536458353e-09
6.857714386827692965e-02
1.729793300929828701e-14
4.352638284175880238e-13
2.196731162288913097e+01
1.756760642065430261e-05
9.736751234039213836e-06
2.437336201223671111e-05
9.524084259163021236e-11
7.593223992895563902e-06
5.800820753355410142e-01
1.182486172317280904e+01
1.217451863221545166e-01
4.342363189123211314e-02
2.752674639955746372e+01
1.462211615050611549e-02
2.046223438379394821e+01
1.803338374162649416e+01
6.288486958207016898e-06
2.316475730913113732e-12
2.272735051967510245e+01
1.921174818531205292e-11
3.424478995330096499e-06
3.624546526627098197e-01
2.848759198967312400e+01
3.274903171796649470e+00
3.427367517142855753e-09
8.510738704287120599e-05
1.373609466005902213e+01
3.002468810512671128e-06
1.564896537378958996e+01
1.176957508162875982e-05
1.481069577058938996e-04
2.995879098414567789e-14
7.629993518387305853e-05
2.644442017130719336e+01
2.655014044592190814e+01
2.285975339294056141e+01
2.600143734218030644e+01
1.289310397309790159e-10
6.808805519495919611e+00
2.342680254015646279e-04
2.750196033582270161e+01
3.473200144595306460e-02
2.334648257017270672e-06
1.155298615738316037e-07
1.301722478886171835e-14
3.985013313987496950e-04
2.154557622411511597e-13
2.350056725511814104e+00
2.709441497808965948e+01
3.805103014356135771e-06
7.688726037802655844e-12
2.627135443153668604e+01
1.062062208561675316e-10
1.298598014218553564e-04
9.631285678069008560e-07
1.430710013596295281e-03
1.069340492097543171e-13
3.664177593406595362e-04
2.112145046837574469e+01
8.618659809751458368e-06
2.945610842157604154e-14
6.166984089628674195e-04
1.919545637963024218e-06
1.475811433042560772e+01
8.957032269141662735e-08
5.639560394766498676e-14
5.270421860704360029e+00
2.053509297420470434e-02
1.160065307067109104e-06
9.507225588043441219e-08
2.090307988751788685e-04
2.278197172722410002e+01
2.114514719022798215e-14
2.406460835875083311e-14
5.165949009859680329e-12
9.393279737564552277e-08
3.105489019401561426e-03
2.565769022890471263e+01
2.321508824526729242e+01
3.000120351423502495e-03
1.263190736100492551e+01
5.846079138836272286e-12
9.069193038853686261e-14
2.597622253259652680e-01
2.734593892659817271e+01
2.531690596976245899e+01
1.581158973609817796e-08
2.110522745447481441e+01
2.925450517723519449e-03
1.354640914157271940e-02
5.940248431763852643e+00
1.551791223830278446e-05
4.590232557105736731e-04
5.792101937673739374e-05
2.055091895915487840e-02
8.248197937919050864e-11
2.429703152375118336e+01
2.062459208436808258e-02
5.406252755442129680e-08
1.854366464373001403e-14
2.026095217457161368e+01
9.131606525524561129e-10
1.279394221723044365e-13
2.467021094824680105e+01
3.065711690914605693e-14
2.783793342475750876e+01
5.995353217329693932e-05
2.334269272523798833e+01
2.191012942874356639e+01
1.236599649949924216e-14
5.097081621906004827e-03
1.504321222459833152e+01
2.280384745631050691e+01
3.833081671789224791e-08
5.243107647852797150e-06
8.668441915640072437e-02
7.694562484862901286e-01
2.070956000098538017e-05
4.567215520130054761e-05
1.869169304222117836e-14
1.335187791646122335e+01
2.062721634344982036e+01
4.240986964730831588e+00
9.919961988234540784e-02
6.164049180344988166e-01
2.140878254443316919e+01
9.967664824417036423e-05
1.620073296287319331e-02
5.788824600543240175e-06
1.469370743352557642e-07
3.627351630975359953e+00
2.196516332894203671e+01
4.705193226685306469e-04
1.273335329285663608e-05
2.093189650197224694e+01
4.444181733925775316e-07
1.205299010215862054e+01
1.250900100294213683e-04
1.656406844886554808e+01
2.718511827627068911e+01
5.007204521964730259e-09
2.133660717579255461e+01
9.270499513896798049e+00
4.648528748285158735e-12
5.683691245671696826e-10
1.043961924965843657e+01
2.188344852862239875e+01
6.439293796574088776e-10
5.262686085817213505e-05
6.389511193498075830e-12
1.528861727109240356e-14
6.149911695287110127e-08
4.258394600667720020e+00
1.547345927877763656e-02
4.057391752568446398e-05
1.610970072754205923e-10
2.534955356798671206e-04
2.757368837315954160e-13
1.994921163823766008e+01
1.446660075869212444e-13
2.598339164212000432e-06
2.468189037028905020e+01
9.258837718635791747e-01
1.429111420513733677e+01
2.150400663009268063e-05
2.137226140890340176e+01
2.070647502923802818e+01
3.776064364732561410e-05
1.518630381417100494e+01
5.015984620473217248e-01
1.318193631781729103e+01
1.832982989903832956e-14
2.461006758397185479e+01
9.929300978602126316e-05
4.184475631331864065e+00
2.647178989901532020e+01
1.102444384857784927e-14
1.642087576423443451e+01
1.507661031147059154e-14
2.028175173854275884e-02
3.326957787883265461e-12
2.083519782005458865e+01
8.752162983893956071e-04
2.038575329200993834e-05
2.425701630487313665e+01
2.420555151537145022e+01
1.261764417516617875e+01
7.018956763156665168e+00
1.156163271997921998e-03
1.168696155898611089e+00
5.146794150913290844e-01
2.153776883412113208e-02
1.340024944757851039e-09
2.999399772027445951e-05
9.061715390297475636e-01
1.772190232257553290e-04
1.382147848563271886e+01
1.435093382628156604e-14
2.532616777381864270e-05
3.092688351873523978e+00
7.806929975088824913e-02
2.589609289919627244e+01
4.570453073959585666e+00
2.703008746369060411e+00
2.357400799446859452e+01
1.333713788675094079e-04
2.274331649065247873e+01
9.229354550661358686e-04
6.835310558272137272e-05
5.144922597778163153e-09
4.360855410891809059e-01
2.058657169582216035e-14
3.822107430032830596e-05
2.441056078655990902e+01
5.471990738691139000e-02
1.755729455860204524e+01
7.413607127682137408e-06
2.665064788339434763e-05
9.994851228672527383e-05
1.544329904582395267e-14
1.943513079912260029e-14
1.939031998372114148e-08
8.275481561447393624e-14
1.934846508899305206e+01
4.888039072806608144e-08
1.910288706638041489e+01
1.109687429212117678e-14
2.543409551145498781e+01
1.625635156279020777e+01
6.600299841597755557e-10
4.018177304865619526e+00
4.175784329729248393e-05
2.063392046854734631e-14
5.372384834947966167e-05
8.170818219877379329e-02
4.908706897033944180e-03
1.076250814207190342e-13
2.394482974792870777e+01
3.475790612920902412e+00
1.300552071348422345e+01
1.768308981809285539e-14
2.365598533109889372e-10
2.640900241327720923e-09
2.169305411759616147e-06
1.821953090031010062e-04
2.649686084256299701e+00
1.234750217098720375e-06
2.133695737329220421e+01
9.600545159858142608e-02
2.462520674435640308e-03
3.397055477088938014e-02
2.575118346816347881e+00
1.368897054371686274e-05
4.031783525463134762e-14
1.000614061900703379e-04
1.968457391692398772e+01
2.036441310078773459e-06
1.127965659223505175e-09
7.269479263185258056e+00
1.516370533858773882e-11
1.311626597579689912e+00
9.146313624044508821e-05
1.304792672138311899e-04
1.782113931261443440e+01
2.370111938140550834e+01
4.362908378640378143e-02
1.582642105514108926e-07
2.674347395199689327e-14
3.581152558151162069e+00
4.349682725983656606e-05
2.569113527795872571e-11
5.193656179068668166e+00
2.709377408148461730e-01
2.316357892100852573e-14
9.973442840582556204e-05
2.074249095774465630e-04
2.035905352452635952e+01
4.637404670153873018e-09
8.258555528756389172e-10
2.927429040528664164e-11
7.047387471398594688e-06
2.291893249025860158e+01
6.391117279573273798e-05
3.854382549267857533e-02
9.146126907660327987e-01
7.631999037141083286e-08
4.877471050061175539e+00
5.004438126920893737e+00
3.081038370879534583e+01
4.549607801191250822e-05
1.634868498367779687e-14
1.957424467591292583e+01
8.641184089546808583e-11
1.462197423157285403e-02
3.322761457839881628e-09
1.900478385399467452e-14
2.442181026185102866e+01
3.287752673641215217e-13
2.860302826366405063e-14
2.862757894244550989e-06
3.156556583060382749e-05
2.053754290637867186e+01
1.847669127852174709e-14
9.589656084254338847e-08
1.583202948737503164e-10
2.289252273445558511e-02
6.785141282591460499e-05
2.076082084092914393e+00
6.382297030232202367e-05
2.081774723166478935e+00
2.048389760081094487e-04
9.859139710083094157e-03
1.143571716482155998e-01
8.504511602638393153e-05
2.336673239538697899e+01
2.227981240667767793e+01
1.116676206244674864e-09
2.079003572114646303e+01
1.032333082436980742e+00
6.445883729921905170e-01
1.625899471151379045e-14
3.009448156792678738e-04
8.216286080177312449e-10
1.023518338263374972e+01
5.247246579443913057e-14
2.323295191201236553e-04
3.075573650535534043e+01
1.221392258389897911e+01
7.237034144952784796e-08
5.984615763048959369e-01
1.645649276475180306e-05
2.527702829930981920e+01
5.537411002269594083e-07
1.845805005305069051e-04
1.237305979940301518e-10
2.337777368262440802e+01
3.753787358088973752e-12
7.039356142734271724e-09
7.342506697099575974e-07
1.744362084259032741e+01
3.877264581000712529e-02
2.368336247609674317e+01
1.461721925184451898e+01
2.079830822468418816e+01
9.504927664707828183e-02
6.496858576340339787e-11
8.268935540214563135e-08
5.090839691540858185e-05
9.522129722466173618e+00
5.505713998756449909e-04
1.137415674352488537e+01
1.531072238846919653e+01
1.083917942028989894e-07
1.128048484483378991e-06
4.739021106180743972e-10
5.536758069214873373e-02
4.631451108409139058e-04
4.333405139738710131e-05
1.910353113132838132e+01
4.226881750696973483e-05
2.832726639838071940e-05
1.282811538303514778e-14
9.949299259198218814e-05
1.372187630957441649e-03
2.373993110192599629e-05
2.092129925464182605e-08
1.808875154941083988e-03
2.417231104742277844e-05
3.388258075978597961e-01
6.366317792413861496e-05
1.717086588005282193e-06
8.602516593854608385e-05
1.379209413827651295e-14
2.478321326087016985e+01
5.865325492435564400e-14
2.422515521640649894e+01
1.586195363726042161e-14
1.803369165085348068e-07
2.128724033457454062e-03
2.524567467507038998e+01
9.119172722085930882e-01
8.723041144691498161e+00
2.638960760351803270e+00
2.231089523970754485e+01
4.465446628045400927e-05
1.307592129941821391e+00
2.264968273682713473e+01
7.290145749530576591e-01
1.083488303414372774e-04
2.569471395812951355e-04
1.891857751134879706e+01
2.111941429727735782e-05
2.570220334334384304e+01
1.703726393094293456e+01
1.439596754957500824e-14
1.401770488541587655e-04
7.828459578102676453e+00
1.928583925244649278e+00
3.718092211053371232e-02
1.126774530993587931e+01
1.898004581618843513e-14
5.036912757607792145e-05
2.367370633711631811e+01
7.024432816165479760e-04
1.142957728352081989e-05
2.808891568138913324e-14
8.098903203218882493e-05
1.207175409872266320e-01
1.257298166150242034e-11
8.374266106835579482e-01
1.196676262673132749e-05
1.289933476954187379e-05
2.251482389678782070e+01
1.951112681667780949e-14
4.903448694439805355e-01
3.106532852573217846e-13
2.717102331029065707e-14
1.704867541794696663e-14
2.268641798716809532e+01
2.745567078394243768e-13
3.621702702474686314e-02
1.097061732852488683e-11
1.931090342594935866e-14
1.647005522080423034e+01
2.624291637303611258e-01
7.237099064342226995e-02
2.301144011349550167e-14
1.355841642239333789e-01
7.023111121197134786e-06
2.102305457582772164e+01
1.086603937932903820e-04
1.403328044820803555e+01
1.269565917510830341e-06
2.740114374358413762e+00
1.163283225157285328e+00
1.694918904080101309e-14
1.556626421056849230e-01
2.566606339883883692e+01
4.707340049342414856e-14
9.752799071916177454e+00
1.589535537266280095e-07
1.461521688160995932e-07
1.149577845620221642e-10
1.249630457795373890e-14
2.587742509291881277e+01
1.780974160717328170e+00
6.627039365759101749e-11
6.452144796745817867e-01
9.507044037375398382e-01
1.189792070884524005e-11
4.374696055102710729e-02
7.941999845593859407e-05
2.952065269400650588e-06
1.508448241564974670e-05
1.125842861966399190e-04
1.865071542979225683e+01
7.451087156110757570e-09
1.154929266805971189e+00
2.996552311849160305e-09
7.347319091757482773e-07
1.779309524296329018e-05
2.572474909176463765e-04
1.854810646857041267e-14
4.842723986913386902e+00
1.781251955504926698e+01
2.230504656521961223e-14
2.020149268773483993e-05
5.217357902336632451e-14
2.207718186202792410e+01
4.421083408144717264e-04
4.188009228899932426e-05
4.408492373919426499e-01
7.013435686073100396e-03
2.454114281201549030e-08
1.103755030068085397e+01
1.017010324406762855e-05
1.077931193906556256e-01
1.870184721567090189e-11
1.300109647310048647e-14
6.561847542175186732e+00
6.645468941563727583e+00
1.778379670734168798e-03
9.352359881713633923e-11
1.264648524642643934e-01
1.291709844126024846e-05
7.655744690019619268e-04
2.025976037237529059e-01
2.601406975017949417e-05
1.660778353528126772e+01
