2.356057706529830162e-05
3.269144517162928757e-08
4.829342717198192164e-02
7.975494414958983155e-06
1.827865816272782856e-08
2.734815407431483791e+01
3.820979301081407705e-10
2.530144346605720074e+01
3.047243468203162919e+01
2.959032143208868959e+01
7.452583692726299569e-14
2.338975463391229645e-10
4.589668609962143709e-04
2.588556719350386004e+01
1.541442163918983077e+01
2.847712583220267101e-11
2.787303729497483218e+01
5.011157883713595808e-06
2.764827541290148716e+01
2.763148365912439530e+01
2.841690400425479979e+01
7.394047026701936476e-01
2.531158110625704438e+01
3.378911783316136018e-06
2.698996135341921843e+01
2.608262161948926661e+01
1.637859313887387813e+01
2.693742088001034674e+01
3.190492220495884368e+01
2.858731814720711029e+01
1.200486340744438962e+01
2.772089805221956273e-14
2.315431894159006188e+00
1.100858316797980741e-14
5.716161023551647325e-06
1.263668922652090565e+01
1.382146326588077123e+01
2.771539419283556072e+01
2.289423737937215009e+01
2.246315209251612188e+01
6.144338313080519106e-07
2.624510505755204193e+01
1.024564149912879146e-03
2.658192695253747218e+01
2.823002839467663350e+01
1.062455738745939904e-01
3.006274082049987229e+01
5.116788371327190531e-11
1.511914507049849554e+01
1.625353560089363114e+01
6.250032430116232815e-05
3.931830709757041479e-05
2.278036149407778431e-14
3.153351140925655829e-09
2.651211097238156000e+01
6.927311823343254016e-01
2.604578542988561196e+01
2.292984649806763997e+01
5.647509401744982283e-01
2.745499583018324685e+01
9.533879884288692708e+00
2.781145047412057991e+01
3.125413830827876538e+01
1.977049071766208854e+01
1.347782751942989618e-02
2.176795713977186378e-04
2.560610230550550170e+01
1.945488474186166575e-05
2.882961308852389948e+01
2.955874634439974032e-08
2.554748964663807698e+01
2.786851911696430761e+01
2.529024549282223688e+01
2.703654602278297148e+01
2.558953854357463698e+01
2.718377992719575431e+01
3.374721532262531798e-01
3.219394909434100080e-14
2.770378502039279311e+01
1.786683809880580842e+00
2.676341361982910276e-04
2.373892548989623640e-09
2.471367703473194766e+01
1.654335238364481237e-14
2.618129055470993904e+01
1.753864242290471509e+01
1.625193883285124917e-14
1.702790075195032315e+01
2.606861329941729366e+01
8.024571826199670355e+00
1.871026922226772271e+01
2.717401796857319951e+01
4.388656170275563868e-10
1.007793159558871675e-06
2.629489160982326013e+01
5.729154135390910588e-05
2.742744772491976287e-03
1.587970548939743667e-04
1.439608001511263693e-14
2.003867015548924102e-01
2.950573632539360336e+00
2.181781340787961199e+01
3.807538580326337270e-12
1.570002809056301807e+01
1.298703599146080808e-05
3.107926386498634397e+00
2.726532146194566408e+01
1.205068962969805568e+01
1.037655965236979559e-06
2.889354680160110789e+01
2.192397296474115365e+01
2.489690061214415451e+01
1.410125229510263090e+00
9.971137009463582501e+00
2.463771856399429083e+01
1.471320517484024926e+00
2.900624230558779715e+01
2.699289374187823398e+01
1.520588140886578543e+01
6.206454163442068177e-03
1.316010089557194007e+00
8.071058888800017872e-01
1.496008065539499582e-02
2.804789060695465608e+01
1.015493469318286425e-04
6.655305774134248620e-02
3.032807989220211198e+01
2.044293208932224815e+01
5.286365993965132926e-12
1.778624856344137228e+01
8.412030771416682731e-04
2.734689808314341164e+01
2.361580644825047454e-02
8.167005473116796921e+00
2.113206223155188113e+01
2.648072985710723515e+01
2.388825913955059657e-04
1.782332631012196700e+01
1.989094387231332917e+01
2.408579027625240343e+01
2.405337738211559184e+01
6.603837445396554262e-02
2.069288190585319591e-12
2.243617387138385411e+01
2.178021543557739320e-11
2.640355149808477719e+01
5.265938402992440537e+00
1.780397988793598830e-14
4.058189701356110961e-05
2.914743741148281231e+01
1.292939379274461774e-03
4.826852873830192792e+00
7.094653105964676514e-04
2.307747330116847819e-14
3.111717911456556607e+01
2.238113283418209043e-14
2.806310470871867224e+01
2.845842928488989543e+01
4.052899285868516444e+00
2.840756217441431630e+01
5.768350112258553430e+00
2.633746567611066425e+01
2.990877073810749920e+01
9.851035622421758301e-11
2.528725527303249265e+01
2.841836859328389053e+01
1.655721030187446630e+01
2.049607647403379218e+01
1.710652416858104319e+00
6.219614525533074811e+00
1.159081685977877697e-10
1.200536878377544405e-03
2.378150557545140487e+01
1.507437795139590815e-03
3.604548984779500954e-03
1.970589909634152903e+01
2.699491357873697694e+01
5.583019272401391203e-03
8.424793703985362647e-01
2.901096087386585864e+01
1.462517260463395955e-14
1.712052812015142322e+01
1.153287427462528934e-03
2.669726151708542972e+01
2.332307823023248297e-05
2.761301795780388346e+01
2.658179406351273855e+01
2.528464898519622023e-14
6.023887450599647702e-06
7.872491194181708294e-10
1.023415959184802126e+01
2.518457567005127373e+01
8.977674416509078270e-01
2.663601997329813642e+01
9.857914563345605168e-11
3.709188147861035753e-13
1.744910928234299519e+01
3.995907188956724981e-04
2.540498510942295886e-14
5.953274768891573691e-05
4.373407096236466861e-06
2.037861577481823013e-12
2.660830755093100919e+01
2.666345747372698582e+01
2.506332367551611995e+01
2.392028983583869461e+01
2.688305868266327892e+01
2.778389655518719081e+01
3.078811155839139639e-07
2.758100681913299113e+01
6.164025040146775937e-04
1.316096148070067842e-10
1.429228226794992729e+01
1.584218301725905942e-01
7.793816964728962127e+00
1.215520814935859555e-09
2.205414534297051077e+01
2.520684292691986528e+01
2.347792399437812350e+01
1.019603818223536962e+01
2.528095468043283134e+01
1.879621956243093943e-10
3.158354256990563534e-13
1.788663852798586618e+01
1.391655713146926844e-05
1.010347658936564841e+01
1.517614136539776126e+01
1.434344797076276912e+01
2.540694022558190568e+01
3.065289171943290114e+01
2.057977871278742299e+01
9.692276328355536434e-14
9.109516029083205039e-04
2.872589705201095001e+01
6.217820524896813253e-11
2.376901445421997039e+01
3.184864328203618505e-14
2.640745835293135002e+01
2.912107063049589328e+01
2.204880489990598136e+01
9.567426141586871102e-02
1.303160496667589039e-03
7.736899714865756137e-11
1.576803943143407953e-08
1.915216565649341618e+01
1.830629132452791241e-13
2.599194255489489080e+01
2.486860187014875834e+01
3.858171449292403712e-03
1.355013741066902477e-01
1.219983678168212471e+01
2.460986988128691166e+01
2.676091700366778880e+01
2.086863016029722218e+01
2.231343994860415592e+01
2.874644943617219539e+01
2.878772339598529584e+01
2.834059831029944121e+01
2.922184331446759842e+01
3.370823674621127629e-04
1.703497007018335196e+01
4.966608992690362712e+00
1.638385794556715780e+01
2.283851533925377808e+01
1.566862906224120700e+01
2.677296570620538690e-06
2.949242287492909908e-07
1.170046273471938276e-14
2.459672677680754305e+01
4.158653901329455671e+00
1.638189607599970344e-14
2.700790767184105690e+01
4.549796571541723234e-01
2.478664704166510546e+01
2.329702103616963171e+01
2.343440003096353053e+01
1.930285576195948494e+01
7.896414168712674986e+00
2.012978100926907156e-14
1.226359636009122919e-14
1.741519544135951371e-14
1.358108385316979250e-14
9.384905248113103440e-04
3.263092280953961962e-11
2.715086681297479032e+01
3.611283532632180836e-03
1.188339442953774821e-06
2.694168281838099688e+01
2.655139711564106975e+01
2.784274193514230689e+01
4.056225049442628328e-07
6.166784621107140678e-05
2.028880273892567843e+01
2.276023691209274344e-04
5.954328403779683067e-09
4.250891922847466328e-05
8.183176303320220057e+00
2.566561985802382395e+01
4.806131340286190199e-07
4.764022439894896044e-01
7.208169921442274308e+00
6.525621526119448346e-01
2.814280812318958880e+01
1.629930178885390165e-11
2.721433564716307529e+01
2.570568828780467996e+01
2.459208879318141072e+01
1.259905897706244474e-14
7.005702270990985013e-04
2.158089788654697116e+01
2.697684509029396693e+01
1.232626501990517727e-14
1.615896589912541918e-05
2.585401454899792029e+01
2.334247959914076631e+01
2.051914611730058624e+01
9.079328660931032351e-04
2.231111577114563405e-05
2.537543872537650813e+01
1.420040708830405940e+01
2.735996099608185596e-10
9.750934821560059973e+00
2.459445750467848413e+01
2.222621648442443820e-04
7.028539888202748752e-05
1.727920762092479023e+01
1.029168490255364166e+00
1.585522506307035982e-14
5.435186679155960654e+00
2.676645306929431101e+01
2.895144210329118195e+01
2.460492783154299761e-05
2.959651096437037601e-04
5.183019220718787099e-06
1.262350516015667345e+01
2.521447395818083947e+01
1.587115388954410628e-14
4.605412474272460137e-06
8.859489121675377277e+00
2.569238942403147874e+01
1.869950215373842239e-03
2.048116133513759252e+01
1.467786438665297055e+01
7.069103482532522520e+00
1.457771608303740942e-04
2.499068374723226071e+01
3.489595399131365445e-11
2.008978132820247353e+01
7.253769419446074451e+00
6.505113009956938884e-14
1.886171965120361804e+01
4.467417333218017682e-07
2.578360778208222470e+01
2.605902137767404270e+01
1.821327721780320985e+01
1.322248901632179975e-14
1.525245563379763650e-08
6.883541700184543366e+00
1.432704245669942717e-11
2.176695595781325565e+01
7.487518199850117146e-07
1.998014468357053275e+01
1.358433902289373813e-07
1.399090667094895474e-05
1.294543292307136895e+01
2.202441892111223209e-01
5.262941583031319204e-02
3.954281715369987555e-09
3.207579931810247587e+00
2.496529804892421822e+01
2.134633043646373609e-04
3.747309818474131582e+00
5.083586866930815380e-08
9.523469194748042028e-13
3.994798924637171567e+00
3.386245405996637273e-14
1.372125078045587721e+01
5.698740960211413215e-02
2.447280099745934834e+01
7.233505621342468217e+00
4.038852634634597412e-06
1.518207499623193568e+00
9.991461457902751420e+00
8.071092784053085186e-05
2.105597333886411704e+01
2.515188866277749469e+01
1.929523849455614126e+01
1.593676882706426216e-04
2.360219740569396052e+01
6.651631033238143221e-04
2.162818432115827605e+01
3.472165211991299473e-12
2.691933206260738132e+01
2.702276704768972948e+01
2.421440920696169385e+01
2.385669193717338032e+01
2.004766240322402739e-10
2.690716528021891918e+01
7.476822594062497267e-03
2.468886231478105842e+01
9.194425490510936825e-14
1.483882101771708939e+01
2.482513824301008754e+01
1.425662709953967378e+00
3.154397047028161705e+00
8.237956780776198198e-06
6.561495728523964062e-14
1.647391360917576719e+01
2.644369198691120815e+01
7.317773273317263794e+00
2.513812322218922901e+01
1.676537766278582749e-14
2.889571605667527946e-14
6.077037571515074177e+00
3.358566277820098866e-06
1.309380198045402111e+01
4.285593276283044379e-05
2.440698044373014764e-07
2.839904683043997125e+01
2.096772946455493170e+01
4.191138721120091389e-05
2.321958108732556525e+01
1.932427838033638212e-01
2.786905742382011653e+01
1.434876568920967976e+01
2.513771984954122374e+01
1.278623659152390117e-12
2.019853647695108378e+01
1.492772868155420696e+01
6.867102125091834321e-13
1.434411073370405040e-03
2.218858825217812775e-02
6.093722330078960513e-05
2.294890417675070537e+01
1.417464380762128355e-11
5.538730596852164956e-01
1.010025741892776332e-04
5.969183797341021851e-12
2.132013111230934110e-06
2.644505227085527466e+01
1.879079504083056307e+01
1.055450765979228539e-10
2.505160286356450077e-05
1.000543380523872017e+01
1.556425445836725041e+00
1.190692122979019096e+01
8.482850663126713375e-02
2.623084412559380141e+01
3.709155235333797994e-09
2.729206993433084349e+01
1.415864136301181375e+01
1.748437501591797172e-01
7.100781551109455747e-02
3.233295013670460581e-08
5.975866702972666941e-06
7.679841504636147865e-09
2.065528664884920836e-14
5.943845381511325904e-04
2.714165205950377668e+01
7.413198641637550078e-05
8.644693878964030409e-01
2.248000504257153409e+01
1.205426443712052101e-04
1.773561481246038784e-03
1.759560449557543955e-08
9.240686045878272026e+00
2.297466759894959054e+01
4.696597465614000933e-13
2.176535616436211740e+01
1.189188048858557179e-14
8.673999384366029293e-05
8.032876995256510444e-01
1.031852355658289811e-13
4.583555550051005307e-06
2.148534614229257045e+01
1.891797414522110910e-14
5.353024959202717703e+00
2.227466971934782691e+01
2.591146981967319363e+01
1.163490318720652561e-04
2.191824327030312958e+01
1.070557165576163428e+01
1.943520759060631420e+01
3.336853085729918258e-05
1.877731995810389165e+01
6.831352315975506781e-05
9.920815300563980764e-06
2.955506848574590469e-09
2.597524605126940145e+01
2.426024545110869113e+01
2.764979570395435808e-10
2.690935168695468249e+01
7.990456723114676585e+00
2.841006611918541935e+01
2.767723681334153250e-06
5.858101597834725283e+00
1.040589873948653356e-05
2.863029827690378597e-11
8.744856206287597189e+00
3.792622875887128796e-08
1.841100706050738302e-03
1.780578777776871402e-02
3.238146467087196084e-03
9.815055181488459013e-01
3.699454704646183678e-09
2.648107724669786833e+01
6.757346266645206434e+00
1.154796127057670443e-14
2.501047576563568953e+01
2.570651989790214031e+01
1.212945718272706941e+01
1.401528034347886816e-11
2.236983497010688847e-12
9.720713182638709299e-05
1.147436505865069023e+01
5.098540547492380685e-12
2.557350436531330190e-04
4.102727291099872203e-04
1.972898572990249566e-01
2.724013657043878567e+01
1.834262619917771328e-02
2.488575339841536049e+01
2.030253810817727884e-04
5.248231230375856539e-13
9.526160149494868539e-06
1.407706153883311634e-04
1.995308809575723430e+01
8.160123636676060720e-08
2.380922802870892596e+01
2.724821578208952744e+01
4.299743884820774073e-09
2.264810374661295000e+01
1.550836282031245873e-11
1.518984505869072973e-14
7.657443958098564133e-04
4.322994831351353013e-06
9.749108876276116043e-09
1.527212440446974284e+01
1.784490890188890333e+01
1.693185756484926919e-12
1.060674528827845187e+01
5.877642025085999755e+00
1.937730611414353632e+01
1.812993457637234584e+01
1.541933243952141622e-14
2.288834544912407409e+01
2.048974099752421188e-02
7.424455132854854557e-05
7.896691095407176730e-01
1.006272942978415852e+00
2.379416338618044335e+01
3.221738835153718326e-07
3.793482746495277307e-04
1.564908809912897870e-03
1.048057947643779686e+00
2.589997452730565541e+01
1.112447575185832704e+01
2.599249607726907385e+01
8.266853769658993656e+00
2.615536727649721791e-14
2.486309789231570022e+01
1.691237394284491202e+01
1.328217173282144614e+01
1.374095832739653522e-01
1.643538132507766036e+01
1.956780754700194436e+01
3.088054330723347363e+01
6.439472119548439759e-07
8.849517292512336375e-02
1.227718326879967699e-14
5.511805889604920415e-06
2.903219951234194476e-02
2.141640434425531936e+01
2.571726143481140731e-02
1.593558916871794327e-14
6.577299053788108196e+00
2.851633107025602704e-14
1.480410663087595147e+01
1.087209557509756549e-09
2.703993732828629604e+01
2.229565621869307535e+01
2.741636223100448692e-03
2.235591402071310796e+01
1.161361542558647115e-14
3.492950910300894537e-09
1.220585958657662573e+01
2.719732308123575848e+01
1.055217447884102633e+01
9.164527740954475188e-05
1.206666191942252776e-14
2.830921219645019526e+00
2.093388151106757533e+01
2.687464814778584726e-11
2.351706914537039594e+01
2.536614061005179721e+01
6.883895574635034542e+00
2.593651770645749366e+01
1.763000041055931208e-02
6.177021423459452820e-05
2.401689356997683497e-12
1.822309731359927198e+01
1.364328543761885015e+01
2.299269182183530802e+01
3.391741792627029286e-09
1.034032138601555495e+01
1.549426260000044187e-04
8.197450963402150542e-05
1.790841345821927888e+00
7.854706098772283085e-10
3.911209360149964638e-05
1.374730443504087685e+00
1.532004423663805737e+00
2.480870405920931532e+01
5.054499000403347431e+00
6.259126646130395771e-04
2.402837329856440007e+01
3.885233650309479980e+00
2.896767680425370628e+01
2.718822836688319100e+01
1.521726918959639963e-01
2.135026058331018461e+01
1.591923551700301687e+01
2.468700376713327316e+01
8.931728180608953030e-03
1.137324916265704773e-14
2.333433805376084536e+01
8.900661269671571177e-13
1.950412725495678941e-04
9.982907522622255225e-01
1.255284673175852284e+01
1.958257421679305841e-10
3.293353639154117385e-05
3.570692524693983064e-09
1.741819708089540619e-01
7.118277684540349971e-05
3.136910249299743546e-08
2.334918317195815434e-10
1.762256561407255262e+01
1.626211861932002588e-14
8.205459719732859401e-06
1.616450058832823627e-14
1.257805007672040253e-08
8.724441463917106516e-07
4.496357429761339451e-05
1.456967227123898700e-01
3.429811231284942734e-12
2.255030657555745677e+01
2.616400513576995479e+01
1.513840854518872447e+01
3.118214342246315986e-13
7.533151819737184430e-11
2.764851102634344079e-10
1.999217830185234845e+01
3.065784645003927977e+01
2.550776944498984897e-13
2.879385977394987122e-14
2.528094179440288158e+01
3.295110944241263643e-14
4.810994460406876930e-07
2.895812929442345762e+01
3.846950639638479839e-06
3.193758785856058496e-04
2.174353550072889618e+01
4.416683726635245040e-12
2.451607059533365920e-13
2.469236462748376582e+01
4.930889640698511849e-06
9.464888599119892776e-01
2.344583373281147232e+01
6.292368562073358813e-11
1.863944776950651061e+01
2.350489407566549023e-14
8.201781800412787049e-10
5.179869545422651852e-14
7.947677084653504309e+00
8.445911254958593517e+00
2.099177816379115165e-06
3.007107200342211319e-03
9.151598755201558077e+00
2.611670554012440704e+01
2.071831462665650392e+01
4.606723206149934926e-08
1.749217109317827504e-14
8.473496984195268372e-05
4.663351711482398774e-06
6.386335572484230783e-02
2.721897427611888531e+01
4.917101667677454790e-09
2.380610172382894495e-10
4.019599485878122103e+00
8.524217151378046253e+00
1.886368551454206965e+01
2.284029430884380574e+01
2.385170581375010102e+01
1.309483964102446164e-04
1.632021800021315030e-03
1.167478646547409227e+01
1.749048251279993428e-06
5.924026594074391403e-11
2.344003636334698726e+01
8.981532572767451927e-02
1.856089348426060942e-10
3.094860882676893580e-14
2.315631721735901749e+01
1.123443673838945130e-04
7.655245209284635699e+00
9.663156938747343716e+00
2.834065271243420430e-05
1.123322538900390022e+01
6.591431984255212949e-04
2.131713222662391871e+01
2.047586811527572337e+01
2.002132515710943750e+01
2.353442982064699152e+01
1.851366598025619226e+01
6.813748044648828994e+00
1.357276929544498186e-11
6.542280370843891468e+00
6.336163583272128532e-07
1.024299238117113524e-07
2.067557649595602953e+01
2.234812421326381227e+01
2.436288080996203931e+01
2.341613757466637580e+01
2.295676966662736074e-01
1.766616428307256825e+01
1.517134684385383636e+01
1.150386892310852907e-07
6.836446452180839194e-08
2.914050563467033296e-08
2.332608795759642195e+00
1.109723872744842751e-05
8.254204945712351540e-03
2.742559473338754472e+01
2.273980070088334974e-03
1.576191600471811345e-14
3.101695067109909498e+00
1.756924149974438976e+01
2.121612114354464254e-04
1.714793801417948060e+01
1.687767294765026363e-02
1.374060045318350465e-01
1.094104044073250381e-14
8.014334485767388827e+00
1.658306585045819048e+01
1.196084619416514627e-09
8.537505720403755884e-04
3.139180931450820389e-02
7.294526137373472227e-08
2.214333681195437009e+01
1.410465500896853993e-14
6.870368931248311065e-03
1.496152426841422578e+00
5.646610470128065913e-13
1.469853689377629339e-11
2.439454418963407178e+01
4.339118765272355187e-05
1.924161599766069131e+01
1.211433439609807799e-04
1.901193695228357925e-05
2.329553973128885709e-05
3.848525104525742872e-04
9.039294258936076930e-15
9.863520458204454941e-13
1.254388176836992731e-14
1.752516156667443311e-05
1.686435382514725321e-14
2.323517407063528495e+01
1.347058172421149314e-07
1.609938055322518595e-08
5.159463591467484688e-11
1.182256562383106682e-02
2.419018270594003184e+01
8.671663347317261739e+00
1.789662389977824760e-13
2.460187614624977938e-04
1.975925243910734963e+01
7.198964571739972840e+00
4.079068825911722292e-09
1.099559531495725612e-04
3.800301380447708599e+00
2.110208352994983017e+01
1.961899109472545200e-02
2.460831904473628068e-03
6.365427546262989811e-04
2.251903359750826894e+01
1.254964313739933715e-08
2.552684654436853034e-09
2.604133032863111907e+01
2.337678018317496856e-08
1.364460259843603297e-03
1.049105866972703183e+01
6.210482435165488521e-03
6.802974087440285145e-05
7.361251888255024300e-02
1.577640079231442982e+01
2.528440123900250304e-07
1.165078455686778724e+01
2.796299017726629188e+01
1.070315847647944966e-10
2.331107562354216256e+01
5.507989484652578947e-03
2.462473546231955246e-01
3.332398772401473300e-05
5.859025084924925611e-09
8.410670034623361602e+00
1.104399484289170141e-11
2.398634041247660065e+01
2.376747500582237382e+00
3.174739469338682548e-11
1.270296564696700122e-04
9.095853860446816116e-15
2.275457648502335317e+01
1.189782675627862122e-05
9.191698593834899092e-06
7.985737287660553463e+00
5.322078856239985216e-03
5.453106871782301395e-05
1.014611557724242556e-03
1.456592397966357488e+01
2.226818954903527370e+01
2.498074334339283098e+01
1.869116303515194133e+01
1.083920210192114734e-03
1.085329054892118765e-06
2.047491115690333885e+01
1.543311674766856183e-14
7.192982919994538893e-11
1.670011506257359652e-06
1.282457470676870714e-01
4.507685282995636464e-03
1.238055033903447677e-01
2.040302417942864466e+01
2.457205054987362115e-05
2.292919539820280957e-04
5.389764234185969892e-04
2.670546256120601169e-04
5.004078203381430612e+00
3.732818319865856700e-06
2.296620988889863213e+01
1.775303815268112738e-14
2.465907339971660672e+00
3.003106630905011500e-14
2.527959011789254727e-14
9.313906082640854064e-04
6.009041296868188988e-08
2.623687022149416848e+01
2.447251243805818532e+01
5.053771542092659044e-04
1.526936157845453846e-14
2.582792932769817895e+01
2.457685831385005315e+01
9.340493568586938141e-12
2.023692650568441920e+01
1.581344234239660529e-01
1.867488250642824710e+01
3.721121167604269364e-01
1.828990386533751317e-02
1.630678536735878301e-02
4.243281420636929428e-05
1.419266909043610352e-08
1.854706318756812726e-05
1.820643675582448218e+00
7.314268108255881362e-01
3.436959294745241164e-05
1.590936783205387089e-02
2.594450704560959675e-14
8.455504549045877067e-06
1.154247353924342019e-04
5.653287883718517929e-11
1.368101548826466517e-03
2.973646042183096139e+00
5.491331217651243936e-04
8.639503934772463396e-11
4.077663609581418935e-01
1.292093266864889728e-05
1.902796246342587172e-04
1.146938927025723819e-14
1.358617845521367662e-02
2.492222830106602121e-06
6.199032184235682419e-03
2.207110855037030559e-14
1.504710609762986540e+00
7.835572748140113888e-07
6.562963979458084907e-02
2.006256726805189516e-01
8.835980505323835967e-14
1.054211827557074324e-06
1.181592711030126600e-14
1.688180137478979622e-08
4.406758959608574988e-05
3.162723025598741377e-05
2.163837312319629547e+01
3.766983668909386740e+00
1.430510142088165889e-12
2.238617303888624566e+00
2.171346709861390860e-14
6.550673279550297545e-01
2.545696514328117743e+01
1.146272791533107395e-05
1.135587738468972674e+01
3.667494451803108703e-06
1.987951158867314142e-05
1.519667389859442963e+01
1.186330693227583867e-02
1.410001262539177880e+01
1.954503415219322093e+01
1.265578711766545617e+01
3.073706371485652955e+00
7.286276199125963934e-07
4.740507251196519892e-08
4.566138985425068305e-07
1.824276172419101362e-12
4.589644452965264412e-07
4.483177597926997215e-01
3.436674860942237256e-05
1.079881414241586175e-11
2.222137903484871302e+01
2.613322551289860840e+01
4.929158083896080945e-04
2.207930875655178227e+01
2.332904782472217775e+01
2.117823775379809053e-05
1.979208599643222399e+01
7.545345110796486399e-01
3.253460546652091795e-05
2.319177723896693877e+01
8.619082097423555250e-04
1.074275849419500872e+01
4.639221576980940252e-04
4.371538116718849946e-06
3.248620733983922167e-04
3.835079460085039944e-06
1.488123117509201746e-04
1.232541526733741573e-13
2.519974121070983841e+01
3.516943384101395758e-05
1.537393178054419695e-04
1.162861442288623537e-03
2.280269265387486044e+01
2.429683446016767689e+01
1.783307494794488965e-12
5.286962753820465544e+00
4.083690444126896303e-14
1.213675848727208724e-09
2.464704803566026832e-04
2.125459670087331645e-14
2.278701216306609112e+01
4.056067613081743017e-01
2.267881515753473089e-09
9.145578142023766749e-06
1.881653435263278511e-14
3.806525389045604660e-07
2.205893210741600541e+01
9.203023019115353377e-07
7.470963892114200824e-03
1.809548664566174025e+01
5.050797041689553845e-05
1.840702499169320608e-14
1.194193374144672122e-05
1.213300781847467547e-05
3.418425728109608305e-03
1.573522626014597567e-02
7.715659648184142357e-03
6.884891732519324683e-04
3.097673937444522080e-04
1.501226068338966033e-02
8.493839755613279863e+00
1.941481742201589000e+01
1.287804001268425435e-14
3.291381283279818455e-04
3.101246497029181825e-07
4.039325701686567810e-11
1.384721951886420044e+01
1.642051769638864538e-05
5.123911905800322961e-06
3.954411760974742400e-11
1.193248151316938665e-14
5.010524562036493101e+00
2.084416057580603859e-08
3.340643313449650675e-09
9.372375529585734189e-06
1.070347955507261517e+01
5.377943510539054728e+00
3.205387931983995742e+00
3.540268377924886689e+00
5.014312311935632805e-05
3.558220966226559302e-07
2.400213101559953502e-02
3.040468702858217929e-07
2.183443609083161263e+01
8.148575971839898457e+00
1.215838182376128396e+00
5.551202767171650759e-05
2.419851179550596681e-14
3.745276907059349580e-03
3.715576558447977740e-01
5.166002851895877823e-01
6.746259484792459818e-12
5.512601050360961308e-05
4.306320883041767391e-12
