2.555144303492958358e+01
2.702529099002910939e+01
8.530423030318127431e+00
2.820002373165235454e+01
2.783294316596171457e-07
6.190354144907351142e+00
1.308140390781158402e+01
2.759083823465237728e+01
1.552636133078496515e-06
3.148879356301180010e+01
9.322954428604326993e-02
2.051477056243485819e+01
2.908818297297626998e+01
1.071425111550768783e+01
1.759254617079126103e-12
2.731833925235827820e+01
2.549265258434909498e+01
2.757201633245764342e-04
3.018383437630433264e+01
2.029624610114210012e-14
2.955940263165206616e+01
2.500766067415000293e+01
2.795475627696315613e+01
4.070300895498555251e-12
2.783673364127552929e+01
1.818566414878690907e+01
4.396286450793910131e-04
1.012937949850064613e-02
5.095314609012108420e+00
2.017957718182038818e+01
2.590593993327293276e+01
8.256752596632024321e+00
5.864279832656694174e-13
2.271996044170482776e+01
1.863430797997205568e+00
3.983354577921531749e-06
2.561573272248552868e+01
1.674590043631708980e+01
7.522204888863038674e-05
2.887564011812962761e+01
1.099106503804504342e+01
2.410525321289123823e+01
1.198248858777414760e+01
2.337384816038041143e-12
2.924900074258998117e+01
2.998096386196763063e+01
1.644641845240948063e-09
3.240592365402850561e+01
1.789902680614111477e-14
1.869024976089077938e+01
2.268675489059295813e+01
1.376725268537484448e+00
6.830954426050690032e+00
6.916475015513596765e-14
2.556950431425090642e+01
2.665034024393659351e+01
6.248634327200192648e-05
7.407039467493770957e+00
2.660406829507934745e+01
1.803131048276287622e-09
3.462963508514753201e-03
1.352561000682563644e-14
2.715306678727807821e+01
1.642470126277422804e-03
1.612209930817558949e-14
3.037877552906322265e+01
3.513905657723496652e-08
2.698532962202162722e+01
1.974148316790489588e+01
2.443425353556012780e+01
1.917247701687184858e+01
5.959436001842287389e+00
2.403623985920331184e-03
2.589082827607044024e+01
1.237010533485879371e+01
2.458879772982743361e+01
2.982925975779264149e+01
1.564140183311852495e-07
2.645318105803053399e+01
2.041152697136346461e+01
7.841727856219480458e-03
2.309639954779022563e-05
2.663800065903764036e+01
2.022021778447949725e+00
2.146415875970769324e-04
2.648952155101382289e+01
1.597200734650925824e+01
1.499853818939897538e-05
5.663995205997729876e+00
3.128722628973603648e+01
3.055871066061174446e+01
2.758151923993559507e+01
2.691112897173707097e+01
2.654970220002035930e+01
1.666368922393609964e+01
1.315129176633790301e-14
1.452508343594596951e+01
1.534708672177236721e+01
1.695187664160823360e+01
1.654870317005063818e+00
2.192584292708060545e+01
2.821943770126399542e+01
2.258323730942612428e+01
2.734045185599378769e+01
2.816724987583672757e+01
4.812681557955558187e-01
2.018987828338582347e+01
1.808177260517409568e-01
1.062881739824142358e+01
3.770441576007411623e-07
9.030550811859876958e+00
4.178574535692105435e-02
2.553242353858960456e+01
8.498895658709468393e+00
4.364214700710048953e-03
2.409663644123400772e+01
2.487230268398114674e+01
6.141279280520113150e-06
2.738393241585409754e+01
1.505456836578541807e-04
9.595790259410048595e-01
1.892650023171704166e-01
2.683392098389984426e+01
1.963260061700260195e+01
2.683213179533274229e+01
1.057427217981324397e+01
3.232360484840081938e+01
2.430607889106482844e+01
1.355074945338369382e-04
2.858608376516654204e+01
3.309419946507150922e-12
1.536453443558243670e+01
2.105510308455152213e+01
9.190358806239388922e-14
5.123034429738946980e-05
2.129471109115328886e+01
1.641119568021213330e-09
3.074738782388159919e+01
2.780152099667160215e+01
1.610281316013552622e-01
2.390922701548806018e+01
2.946724685918010067e+01
2.869581032546090427e+01
2.707006320161840662e+01
5.136891885860361644e-07
4.183111969055196217e-08
2.436647593748356400e+01
1.948534113246148536e+01
2.463844817799291320e+01
1.446672065307994615e+01
2.785084746838123237e+01
2.391499276028219967e+01
2.740865250533643405e+01
1.018301373559918750e-04
1.995234720883105339e+01
1.111915664077128314e-14
2.929064393358471463e+01
2.576105528802817801e+01
2.558664486172222396e+01
6.507466375661085300e-04
7.061257160635500164e-03
2.575818341819155049e-05
1.674354045884417345e-14
2.842242568607940356e+01
1.189143703829797886e-02
3.025243956438228210e+01
1.840413554575788524e+01
9.081391522842538249e-11
4.681312633860959416e+00
1.160998466732588996e+00
1.792938769862105630e+01
2.900423299886284667e+01
1.129996375410704980e-10
1.625038927627103647e+01
1.236148807890126531e-08
2.767517814984716296e+01
1.732261000013774399e-11
2.195918055514163214e+01
1.230470202245495248e-11
2.067693096473454826e-04
3.172348365501810719e+01
1.834065950431281422e+01
3.238965974558785632e+01
2.698146479560211830e+01
2.820815947382147115e+01
1.257448839206432112e+01
1.713545376114553043e-02
2.556961852733762797e+01
2.681058402884617564e+01
2.589565350679812994e+01
1.192346432927902657e-06
6.336544067953210545e-11
7.217320672885669110e-05
1.345738641658822132e+01
9.057882000076315165e+00
3.077740453733281423e-01
3.556329813359672834e-06
2.591786798682423409e+01
2.831237363915256466e+01
3.358864267426281636e+00
5.239129259651095852e-08
5.274324006840647172e-02
2.019207376248252032e-03
2.319029968565290645e+01
1.568116312380167088e+01
2.478002789944528317e+01
2.565034536857951295e-05
7.494067199771672513e-06
2.809178747691980504e+01
4.034797789366517673e-01
2.358226446939240262e+01
8.160286136037406654e-11
1.690220544169780581e+01
1.062897830107993657e+00
3.091561224603751662e-05
1.621243602767838630e-08
2.678496121417233056e+01
7.843043282285522277e-01
2.495231199661789390e+01
2.126733301295892886e+01
2.807511476201476962e-04
1.419892712050689100e-03
2.504166382637897570e+01
1.766330720388236547e-02
1.375954360628670992e-14
2.153250783008643283e-14
2.677390840284922646e+01
2.837702605001259926e+01
1.433718871443996829e-04
1.637404096120956831e-01
1.148412658878695901e-05
2.256114411827461197e+01
4.268410422158635420e+00
5.425038558221373939e-04
5.527474166166999936e+00
2.541832227262620947e+01
2.712879714803532138e+01
2.328285388743886841e+01
5.885883922960272677e-14
2.823791470932940584e+01
2.578047099619569062e-13
2.651747685332925286e+01
1.124586132831094550e-02
1.849490568824650794e-14
4.324986750055489715e+00
1.386775196297287494e+01
3.870634891327132051e-07
2.618424303877752379e+00
1.420494206368931842e-10
1.180622457500217060e+01
2.708114105348419574e-06
4.451263300809336521e+00
1.720930979690016471e+01
1.539043254795992820e-04
1.841850889400113189e+01
1.409261450967010099e+01
2.098375146379667378e+00
2.853317517775751710e+01
1.200455266530197490e-02
1.829214185805476234e+01
3.099821019646963310e-03
7.307236615714669814e-02
2.160040447849898726e+01
2.544662043836443388e+01
6.443042873946537921e-03
1.306221898425961925e+01
3.006188368964261838e-09
2.438473724510019025e+01
2.200159250492310630e-03
3.069859174517105060e+01
2.780891017702425927e+01
2.789774920902394229e+01
2.684694774830646224e+01
2.696594540271556184e+01
1.210134315369687386e+01
2.711935661373609818e+01
2.275127816673673564e+01
2.639306362988157773e+01
6.059972175955199880e+00
1.523044847444952232e+01
2.602323207172775810e+01
2.592557361032991636e+01
4.067823017125876461e+00
3.019790266815180857e+01
2.177199636131029264e-05
8.132301340181079632e-05
1.911544088689690923e+01
2.914692431287438978e+01
7.298875866299177020e-14
1.207134983300094255e+01
3.813838841123651680e+00
2.696135951819128707e+01
1.728735471600451712e+00
2.116745955021004821e+00
1.407732577295784360e+01
3.514854976672465159e-01
5.429641020482528896e-08
3.451765832976823700e-14
8.155426028125584343e-05
3.259272687910625939e-04
1.437886543360528968e+01
1.175173300399070654e-10
2.556093441416719750e-02
1.911068358403706569e+01
9.104601533834973305e-06
2.323180119923225462e+01
1.750265755952140978e+01
3.989931981808647934e-11
2.266640715049120303e+01
1.928596341364026401e+01
4.131380171458461786e-02
8.701726649226602288e-05
2.790378260042716008e+01
2.033579527535834686e+01
2.007503442861457325e-06
2.982211244101119329e-03
2.245867968787191741e-05
2.077816182205281237e+01
5.752855976179459319e+00
6.420721781504609815e+00
1.461039149092953696e-02
3.022857448861834584e+01
4.494222401391413158e+00
3.024674812633577758e+01
2.723807663059422524e+01
2.618275010402640035e+01
2.799752692865604331e+01
3.470625789749267470e-02
2.032037807761338399e+01
2.390704112400830539e+01
5.310742180965646320e+00
2.391259772053287591e+01
2.850001376965193955e+01
1.109739351090322512e-01
1.101256842607760695e-14
2.649823096627315167e+01
4.796448700193313153e-01
1.666748119677260997e-01
2.148501052691479529e+01
8.488638692285520315e-03
1.350609582820955090e+01
1.698199639792673960e-08
2.060815823447690676e+01
9.542485062690776232e+00
1.657539877074402668e+01
1.259422006604577846e-14
5.703573967261064047e-09
4.163028725007751605e-08
2.082922925804467695e+01
1.577450606624652402e-14
2.937933247180809465e-05
1.789144052556041586e+00
1.232639538124237255e+01
2.268783771660707416e+01
1.473998941534284057e+01
1.751815074614427559e+01
2.220540519891841669e+01
2.259031007337166130e+01
8.576151062658656343e+00
2.315812664708710855e+01
1.258422057691736731e-03
1.708903088262080061e+01
2.444943663615564233e+01
2.270531894206449053e+01
2.894645689462361712e-02
4.383349437900591616e-01
1.241129843251132385e-13
7.432219132178437881e+00
2.440818537446461534e+01
5.235210773209391386e-04
2.328408167041830978e+01
2.201026989467554529e+01
1.242228661129318290e+01
1.639035867926303529e-14
2.176250909855314219e+00
4.545326544676398227e-05
8.365458166853249696e-14
2.526974740851660073e+01
2.179936792080767205e+01
1.680350041058396372e-04
8.128970778348284520e-01
3.087951399129059737e+01
2.509795013190756308e+01
2.159928337026515521e+01
1.161282459780413448e-04
4.788305953517921501e-12
2.582101647106517106e+01
8.110760165344429121e-13
1.372915512501417752e-14
2.449986364428055552e+01
2.422875414820534345e+01
2.300539541103880126e+01
1.271415746611216768e+01
9.450985711997871052e-05
1.703487185223078034e-04
1.823759946635825813e+01
6.432350894590351587e+00
2.742537403283105135e+01
1.923074177094396831e-06
1.553273920182598501e-02
1.661710253034701523e-10
5.724893762413734653e-05
7.294480250290079999e-04
2.098355019175435210e-03
1.722167859524825317e+01
1.251456721159486207e+01
1.097575004261482334e+01
4.203344432582817411e-05
6.589715178015375001e-13
3.220205037905695203e-05
1.946696470647077393e-04
1.442899352958515813e+01
2.939205695211563344e-05
7.118038818963444729e-04
3.362204601438099516e+00
5.487719243056798451e-07
8.823954359586691609e+00
2.589115934669918673e+01
1.251540503744177713e+01
1.055486281485922007e+01
1.393432404862633689e+01
2.510687460706845897e+01
7.107936964335036301e+00
2.469669623198221890e-08
4.880768438830754840e-11
1.845426555246009506e-12
8.518810040584745558e-04
3.962789119178746892e-09
2.474250448214121434e+01
1.558097719714321805e+01
2.817329432251779053e+01
2.916723123869721743e-04
1.323504033765034649e+01
1.299162908373620778e-11
2.997686674672929374e+00
2.669011559413953449e+01
1.413243827547798936e+01
5.501064299083798160e-13
2.259695346419393402e+01
8.529809718005959551e-01
2.757059235319461621e+01
2.207180577712391312e+01
2.314357362517578665e+01
5.720261733371570401e+00
8.898478063028771968e-08
2.479619116939853285e+01
2.608597595883910358e+01
1.219543266288819055e-05
2.655049309078643560e+01
8.481891837273045631e-01
2.598740023661916965e+01
5.234332474386857115e+00
1.660457830134534163e+01
2.164600804056678029e+01
2.194743441726284061e+01
3.139699816508375371e-04
1.575673536510081165e-07
5.148562143464794856e-07
2.186660249853480309e+01
2.753216802261880858e+01
1.891389302404772539e-14
4.555825068737295289e-05
2.243171661085249013e+01
2.663769418735300450e-07
1.870734718893474517e-04
2.330115975629600911e+01
1.056915944358800097e+01
2.352446624190148583e+01
7.754828240067462587e-06
2.410555222200778751e-13
1.988571368599460598e+01
2.870755750521610494e+01
1.558062689922698496e+01
2.304651680657771706e+01
9.757519204661811158e-13
7.776652147511741275e-14
6.524415371467022683e-13
1.225613790389104389e-03
2.197789331606838914e+01
6.802458448989978201e+00
5.437198876133385594e-01
5.266837732904126288e-10
9.613327128349105521e+00
4.734115721180463983e-03
2.462323062375664298e-02
1.618386502887961953e+01
7.590258939939358018e-02
1.509006128947659579e-14
2.105924408416420213e-14
2.799063795883991379e-04
1.390999869673582147e-13
1.982329304924788752e-08
4.174254608714674193e-14
9.766234899973088993e-05
8.045472003393252081e+00
2.408085619890088225e+01
2.508992936887553035e-03
2.141028437615736024e+01
2.426122513759232291e+01
2.509095509837740323e+01
1.904514223463113906e-09
2.189603089366128682e-03
1.360470767111440297e-10
1.702824725545099938e+01
3.967281525061489417e-06
1.390046857339373609e+01
1.520665099108266638e+01
1.583858076089921241e+01
3.693875465057069873e-01
2.488834706164857025e+01
1.433478312751863939e-06
1.053449800121361157e+01
5.018398311116595474e-09
2.284090090549728913e+01
2.653112428755560141e-03
2.579962467189664337e-14
3.320995516709170981e-04
1.807337813699405515e+01
2.975832963830977161e-08
2.305743857133818940e-14
3.030070623383200268e-05
2.438568020811020531e+01
5.937034774597318541e-06
2.004358958722887607e+00
2.278812981389346105e-04
2.049079359443908643e+01
1.052334102031761851e-09
2.137500154496043336e+01
2.856347083957840385e-02
2.222046207400977231e-12
2.463249435500978918e-05
1.928835134130985169e-05
1.504748277839828688e-07
2.219364734125259275e+01
2.269245888424804847e-01
6.092349827763135321e-03
1.938727434525955573e+01
2.318950451031215820e+01
4.166965760558567121e-05
2.435427244253806478e+01
2.166174872909924787e+01
1.909557916398107462e-07
1.802983580733573539e-14
2.171062747313542616e-04
2.463064923811698748e+01
3.747723989579856863e+00
5.135911045356787774e+00
2.482600677583510063e+01
8.119025095471304354e+00
2.426648005711048839e+01
1.112056513088934118e+01
2.607956923840812280e+01
8.077145607365718405e+00
9.105463565189873473e-03
2.095912839106348002e+01
1.380163719757581084e-12
6.799785530339777441e-05
2.456444122211784276e+01
9.496874087729323399e-02
2.560241852920920280e+01
1.644662500167734720e+01
8.839512463325186475e-01
1.865149638120061864e-13
2.421033342353694451e+01
2.115530679858674645e+01
1.260116887565136037e-13
4.832229305043751481e-08
1.916018010834302787e-02
2.818297532715639819e-03
1.643059262374256591e+01
9.077040397318821268e-04
6.706123078239348625e-04
1.232403625952405574e-01
1.010129505540594504e-14
1.525921436956470976e-10
7.047028603185021252e-08
2.191988287560173304e-14
1.817519015863275911e+01
4.412228943393347092e-12
2.261973903529919738e+01
1.573035039613081992e-14
1.975401401110762950e-14
2.316794063919193292e+01
3.678069401836508279e-14
4.159796215237421637e-04
1.867127377097684884e-09
1.861719233127157036e-01
2.126422123724147129e-04
6.087466881785148942e+00
4.760185616171194771e-07
1.176311565337052834e+01
1.665229032070390502e+01
1.978122127814235397e-05
7.484194140828191344e+00
1.052968580057383593e-06
1.670245667490663521e+01
4.539990764978598214e+00
2.871688068253063975e+01
5.713276507811226733e-08
4.344806027969264970e-14
2.417633119653512132e-09
3.121048311373584529e-13
5.107731552727365454e+00
1.625149805298670103e+01
2.624084461300645543e+01
1.769233766617795922e+01
1.637994866360718974e-06
7.515967665826449665e-03
1.757254709564226580e-02
7.559350836617953484e-02
7.754033748741620359e-06
1.106107084276579111e-01
2.268784202631743341e+01
2.235256090611769864e+01
3.585491827052672516e-14
1.371710465203940146e-04
7.362564698593226709e+00
1.398966194768266292e-07
1.677011612121482642e+01
3.454539612012037143e-14
2.830592013629011916e-01
1.146506181449837736e-07
4.608930003075044635e-01
2.107122653121136379e-07
2.219073357807752611e+00
5.311682691476129481e-01
1.803629937452932808e+01
6.716583589982530356e+00
1.705750202085412502e-06
1.113791766918602858e-04
1.573052772352104833e+00
1.094376913789341002e-05
1.303933069962994327e-14
9.046213709441875750e+00
9.368673799971430187e-05
2.581619817021535823e+01
1.622916701976148679e-02
2.633960706913678607e+01
7.272138049013981309e+00
2.315148728126996402e-01
3.614686171242371265e-02
4.422254041405436986e+00
7.650779177442021059e-03
1.170106765272923255e+01
3.220826892332788460e-02
2.519676394593349045e+01
2.649477261303828612e+01
5.314371425192458226e-05
1.646780959545144042e-09
5.561921458117232708e-01
1.136316929458613423e+01
2.299644905583754652e-05
3.935681763530274479e-07
1.072293209498027464e-02
1.860258347803652512e+01
1.999658517384192721e-14
2.574428431752767565e+01
1.442003552179789254e-02
2.472554135258681285e+00
7.515121530921248905e+00
2.146370568621837338e-01
2.131803287331983026e-08
2.096934110119723371e+01
2.496109632677335455e+01
1.006356629001439315e-07
2.513162183529039595e+01
2.171402709204203774e+01
1.619873441060785169e+01
2.191204168144044928e+01
1.616316959534911746e+01
2.579138914075534365e-03
2.718122460120303077e-08
4.586319428665425746e-01
5.203728777875176511e-04
2.931004062047275927e+00
1.085704209210216478e-03
2.009744067953785758e-07
1.264231781312117758e-06
5.130335434796419924e-05
2.119235944195089161e+01
2.014745691951007345e+01
7.343117676380744863e-02
2.107105710231122127e-06
2.518087536512197595e-14
2.280747564093307182e-04
1.005828190732892979e+00
4.562675168158608190e-05
2.885705680479672028e-07
6.388003572317757950e+00
2.103441068688678683e+01
2.535430082661531159e+01
2.588721488640475954e+01
1.434953392802169825e+00
1.909666841149673265e-05
2.796281632363934151e-06
5.770557090925801935e-01
1.433711866308945915e+01
1.983245811661005914e-02
5.775392646116162161e-03
9.175252768372044003e-04
1.670721214835509949e-01
1.994234555578980306e+01
4.873729307393482181e-05
1.568868804158711860e+01
4.986444350231008297e-07
1.757189807751163073e-06
1.213599222571726126e-11
1.248217789403008763e-06
6.947157959549622736e-10
1.973366901334293644e+01
2.037497637869095906e-04
1.467740653736670717e-02
2.092744849957105302e+01
1.376081751706282752e+01
1.468448502369584265e-04
1.984320140643287544e+01
2.298373230017623925e+01
2.139695591199552993e+01
2.442192228497158388e-14
2.962293832038569714e-05
2.453349693372395375e-04
4.200411184791508212e+00
7.070024425731351000e-05
1.461217237935728830e-01
2.329550569166429952e+01
1.029179573519241275e+00
5.069234661456071791e-05
1.624257739279997293e-06
4.883915529140227610e-10
1.549815508767605627e-14
2.760922495520743698e-11
9.970259096036818036e+00
9.659673193746794563e-05
3.946793633416311245e-03
5.517772423811481648e-05
1.786129854303365641e-04
1.712454242293367557e+01
2.135578408382176607e-01
7.440177085163573345e+00
3.000150971196552732e-02
2.548917564836683286e-14
3.963454707486738210e-05
8.967085892755040366e-02
1.273127483691726791e-04
4.596285467971650718e+00
2.366967949376626734e+01
1.751763555591997035e+00
1.727152648891167160e-14
4.303298193018622410e-13
2.688383621225190723e+01
8.054941112953205584e-01
1.981850673872482105e+01
5.199264622303899455e-06
1.844077369460366933e+00
2.352023794986338601e+01
1.146461279869729211e+01
8.984234680297842335e-02
1.153137132522336204e-14
4.557168813037886693e-13
2.157240343955018833e-02
1.511866479665421037e-01
4.852425648110619605e+00
1.130801383511865945e-04
2.191749607230717280e-14
7.198924451769155388e-05
2.690637225069449201e+01
2.035148769768028803e-04
2.712270981761694344e+01
4.854021727035382231e-04
2.262640312371827633e+01
6.220284450391217130e-04
1.318262456631441282e+01
1.853791818844484342e-12
1.132808889973530540e-04
2.407027301652846928e-14
1.383179013379878873e-14
7.774117569849916975e+00
1.360341030509320613e-14
2.376564673593879107e+01
1.178197401023161986e-05
3.581684378046203765e+00
4.389949210511620597e-08
2.035165190832994142e+01
1.887374097258944807e-14
3.617038389696524336e-04
2.191431229349214860e+01
1.449418606081003708e-09
4.672496002166598217e+00
4.587013200131868424e-07
2.406796810182174335e-14
8.980816403164119358e-05
2.565795137144419158e+01
1.644898750631614849e-14
2.698326981914951261e+01
8.167720921722875000e-07
6.584369493515867832e-06
1.588583605699719808e-13
5.124052943311379340e-06
1.187272907075306252e-14
6.554010340254984254e-14
7.798699195825430766e-07
8.914920439385186435e-07
7.238756874359122755e-05
1.853862682132496786e+01
2.021400959386998508e+01
1.020828072609508377e-04
2.669837218645536346e-04
9.241154565610659686e-07
4.965426629899830400e-05
2.096087085051236227e-10
4.658583794490236407e+00
1.811369066201778362e-08
7.405193506364639853e-06
1.948685818433256856e+01
7.047148215969293972e+00
2.262365680495534564e-08
1.227540993128620412e-03
5.899996651507200527e-05
1.707325774824600373e+01
4.656109943790060711e-13
4.188119202708281077e-06
2.645724354618271068e-04
1.536663586503080997e-10
8.952961009055328864e-05
3.812863846548054436e+00
3.439560146215575376e+00
4.097366583873719215e+00
8.479033626221297018e-11
1.280870851464878810e-07
2.159333873398461418e-07
2.677465720772350721e+01
3.930405982694351770e-05
1.969649691920894102e-11
5.661171895914214152e-12
7.999436654965552673e-03
5.094735144688501194e+00
1.253098508230906027e+01
1.656619355097142460e-07
3.451515330980317722e-05
1.582171175336089641e+00
2.301709252943574313e+01
6.130977305546679856e-01
1.732695602750267558e-14
8.858660855200137241e-03
1.198038999275799910e+01
8.972249180499253197e-04
6.819416225654303966e-08
1.337120031249122655e-11
2.696797607521267157e-12
1.892848212541873743e+00
2.177863583745088669e-14
1.876259955543506308e+01
2.221364518230650312e-06
1.961882433541958919e-10
6.223702959852215777e+00
1.866064363794690831e-07
3.860087116115771469e-07
5.290120104522540861e-02
2.142433126638936969e+01
8.167181231519019564e-07
4.053714309468016081e-11
1.368521653041145925e+01
4.477232392226422775e+00
2.067645228218582129e-14
3.502797925267428850e-03
3.491092427386174918e-08
4.366282199083594881e-06
8.523418811755335103e-11
4.169119138677064638e-08
1.735629577004765894e-10
1.242066087191862067e+01
4.107020002047751472e-04
3.533349834233648118e-05
4.104872141382839956e+00
1.508646995353250257e-05
1.962182824063239073e+00
2.594145878192013477e+00
9.370033389837570533e-05
2.092962547791967509e+01
4.967507242799883591e-07
1.029548028303086948e-01
1.462714075031828764e-01
1.638102112836990365e+00
4.882756913745028741e-07
1.513336989884375011e-02
8.909072624299195775e-01
5.466798344551540012e+00
4.938536904445565438e-08
1.399372815669219783e+00
2.119906773695355917e-14
5.368368572484464446e-05
1.412221675671903047e-05
4.498124282793036083e-02
6.018088357377315845e+00
2.693806660455574208e-14
2.882958374108383621e-04
3.829241233690962254e+00
2.428867181085647914e-04
1.534456947583775843e+01
9.325562509402952616e-01
1.798385370523820370e+01
1.667159457448781688e-04
1.478246296008352929e-04
4.667624237307491459e-10
3.761043225756166791e-05
2.244801424470080065e+01
2.427207372847580432e-06
3.886390069674014995e-05
3.694174053638944244e+00
3.638128563443509406e-02
2.148480752712617309e-04
2.608860827217048071e-04
1.547679329078571708e-14
1.518766886265256557e-04
6.218782372056882446e-01
1.861693210151658784e+00
4.499446791145945832e-11
7.096341015634801558e-11
1.056459682184906525e-02
2.681508848218132629e-10
2.050909275858852965e+00
6.656690993025250691e+00
7.576332845546599248e-12
1.430081430372943268e-04
9.829370643344120140e+00
1.982402927667110702e-07
2.444687118950719906e+01
4.652325202451368944e-04
1.844203146566854182e-05
1.373979705956183467e-12
5.153344069079418129e-10
4.395117748532391566e+00
2.140104825325762797e-04
5.137147558715463580e-01
2.859875738801809231e-05
8.170163284150275373e+00
2.361238903423371838e+01
3.189635067293680585e-12
1.829093066149563282e-14
1.186835935722584652e-05
5.345036990897036322e-01
7.921769173275046107e-14
1.639680450887866625e+00
3.240751478953472764e-02
1.917444178471038185e+01
1.068721325333836687e-02
2.513934782605199203e+01
2.114154174877705720e-06
4.138053381199810477e-03
1.871709283592624473e+01
3.761593418368306366e-14
2.203178877632813766e-05
6.977901524333527772e-05
2.408267055723653627e+01
2.352857555731729278e+01
1.381663091195121235e-02
3.789081801382601370e-12
1.775455829447594770e-14
2.265663071745732182e+01
1.767747402935622603e+01
6.425149053294651577e-05
4.372560094886001281e+00
2.556186890279453294e+01
1.058924559856627592e-14
1.965665050538505376e+00
1.062610726571295183e+00
1.456371791081860134e-09
2.250138785396559626e+01
2.140980606970342204e-14
2.293473998831275276e-14
1.671863417562667564e+01
9.593843903244161225e-03
1.684783674965626560e-02
1.965386798075631436e+00
3.469434836340516345e-03
6.981648646908985789e+00
6.148136015499919615e+00
1.503486645538908151e-01
3.335880024528154082e-05
1.986697867621000668e+01
9.312587806289138962e-13
8.958913746334949343e-03
4.957760701854259621e-10
2.246135766050768353e-05
8.144956164416889035e-07
1.171436442594516832e-07
1.866661499919183598e+01
2.760392160175561247e-07
2.021660482493465949e+01
1.231359147441802685e-14
1.976816540304544390e+01
2.264456083332178693e+01
7.120210287877699884e-02
1.511251324250914684e-09
8.820867595268426758e-05
1.369826019059189705e-04
7.952016285001008589e-04
1.082190385322253795e-10
2.624268595589195896e-01
3.274566251825675511e+00
1.215712861112884209e-03
