1.697630166842301564e-14
9.379997432822577325e-13
2.040119204708256717e+01
2.856259059262654532e+01
2.608663236161656504e-02
3.173906216548348068e-08
2.184151795766871296e-01
2.600973030236345451e+01
2.550544370813211970e+01
1.389050573800737176e+01
2.581950668407854721e+01
2.954321501765651803e+01
4.653383002397510530e-13
1.549153688175528450e-08
6.622934776009967162e-02
2.577113096678514026e+01
2.321931059396675678e+01
2.481478852956280901e-01
8.551668698345103792e+00
2.823043876543915331e+01
3.152920372842847119e-04
2.721022001230775800e+01
3.121115547011317304e+01
1.011969634287799025e+01
2.793076622018968891e+01
2.793539930783450131e+01
2.862163015332578908e+01
2.560573069972500448e+01
2.208004270984077877e+01
3.330802377024873806e+01
2.861888058048407757e+01
5.608240241991603980e+00
1.439573160845151989e+01
2.004797877959006769e+01
1.967838078962767101e-14
1.984292788950687481e+01
2.388761443708364496e+01
8.017723896090334534e+00
2.062204666362911709e+01
3.162918064824225794e+01
2.899340546720292267e+01
2.936182408733598237e+01
2.061820171888198416e+01
2.071245064150652482e+01
2.384507120358658483e+01
2.134778991471377907e+01
2.473060020130633418e+01
1.682506165941424726e-03
2.801309071348272894e+01
2.815185753219664022e+01
1.288733871172071894e-14
1.814994057027832852e+01
1.319586286401474462e+00
4.195230307492971503e-03
1.777349418536116660e-14
3.040761481824213419e+01
2.814844895981232042e+01
1.569870317741546017e+01
1.687299910702816869e-09
2.595110466205837696e+01
9.702193351415485637e-11
1.229420032608996992e-14
8.457696680990006773e-08
2.597848990542129144e+01
1.519493068541835523e+00
2.042847074033977606e+01
3.090980322213079325e-10
5.204589627387523620e-01
2.219169037586737403e+01
1.608094090858850578e+01
1.315758669835638828e-01
2.834634854256947989e+01
2.093308947778002249e+01
2.528771700486032969e+01
2.554032200246622963e+01
2.326040257905530240e+01
1.894180432664783445e-14
2.696723928606380483e+01
2.692336181839760911e+01
1.486981606755361618e+01
2.797854180984703021e+01
3.024076026064769351e+01
1.970006234197151963e-03
2.552748797608079556e+01
7.669794489229313228e-02
1.129579378094570075e+01
3.725224685699410898e-01
1.786812864817758850e+01
1.619025403161515797e+01
2.870383747758201665e+01
8.959815745295781619e-01
5.896642799253598635e-06
2.586136120787293535e+01
1.706881765890105029e+01
2.322324728676245442e+01
2.347611004630163478e+01
1.988670363955775011e+00
2.623515765010435885e+01
2.560715440113467167e+01
2.869736330586433226e+01
2.634109119332108762e+01
2.972977359040378786e+01
2.268480978139355742e+01
7.622071591510415502e-07
1.885088344385267849e-04
1.840013927030069851e+01
2.441434854139505006e+01
2.727841466650764701e+01
3.120142845968211009e+00
1.416783948154472306e+01
9.544005789223836800e+00
4.926586481284959095e-03
2.752197615039005996e+01
1.029585348816094618e-13
4.280773400435050613e-01
8.505180602707516968e+00
9.698338169095963708e-09
2.574352612963192399e+01
1.007273527360004627e-05
1.471461535986206785e-08
9.264746303524524773e-01
3.355961698771806612e-01
2.204789598364376602e+01
2.798366461175132613e+01
3.105175693520754621e+01
2.877521524348350113e+01
2.265911897355609028e+01
1.893292606680710222e+01
2.021969274882820855e+01
2.787352036703799030e+01
1.651266320238929663e-02
2.665924933872444313e+01
4.008838789014740372e-05
2.901505126503057141e+01
1.100199373124531942e-08
4.433753980503341019e+00
2.513076544798636291e+01
3.708461872577976326e+00
2.705388679587441203e+01
2.524530139636410553e+01
1.427735066130467896e-06
2.682235902555795803e+01
6.495957501646017011e-12
1.591102371072261080e-03
2.122326137884373924e-13
1.047264880635298923e+01
2.656890988136196086e+01
1.522046620287676180e-08
1.460654586378411274e-14
1.849578287340754468e+00
2.711647019586493457e+01
2.179355857805540708e+01
2.582179494434203448e+01
4.085409979347285336e+00
1.216447791325552073e-12
7.566955571589873308e+00
2.339024355572080438e+01
2.225257708720379313e+01
2.657520990511922676e+01
2.526145516828877390e-14
8.808372450715319379e-01
2.385274596582287643e+01
2.762033045008000798e+01
2.793148955034971692e+01
2.682608540216224213e+01
2.218950905394012958e-14
2.687807244490795711e+01
9.909144163256583537e-03
8.879034401363573916e-15
1.083244582428403990e-01
1.949222327136622662e-04
1.888467534374396450e+01
5.692595299306614600e-14
1.369447665357957925e-14
5.346760324312568535e+00
2.503692035430091067e+01
4.270805654484510274e-07
1.944426303165097991e+01
9.017593914945168265e+00
2.491803232056605211e+01
2.941537688708937992e+01
3.932922659756525441e+00
4.483365546774168700e-04
1.166345459344860625e-04
9.139970687320195353e+00
5.103419277112053454e-01
2.299200783131188253e+00
2.832232074682078249e+01
3.487143120335518542e+00
2.366114783795899612e+01
1.570975481958213096e-14
1.700724335272333931e+01
2.854471061922476949e+01
2.169415781271180776e+01
1.124399242380512698e+00
2.252799275380227943e-03
2.609346979958009172e+01
1.107028861850966918e-11
2.304430809924944512e+01
2.531331013983579581e+01
2.727791239197567918e+01
2.420092653431555263e+01
2.449672304801801914e+01
1.133025405696467378e-14
1.716692059323702058e+00
1.159879077763330284e-14
1.345799895689552717e+00
1.567205560002687115e+01
5.332080976108095172e+00
1.501769968484675777e-14
2.551168603908029908e+01
1.357388153452973936e-02
2.668927691428186932e+01
7.539414832837958462e-05
8.362742944005931989e-01
5.504146047441409867e-03
2.707617877435170683e+01
6.947908260201843614e-04
1.481157908803766229e-02
4.401219595513571115e+00
4.888847286427734758e-09
4.919582029707034719e-06
2.693639983604813892e+01
4.370616502148899407e+00
5.766373485987494685e-14
2.931836755927568561e+01
1.013285342850724615e-06
7.843416357104966447e-04
2.253836903607287923e+01
1.569508726527855160e-05
2.646606447093276415e+01
1.094900966235182960e+00
6.604037147587088485e-01
8.183931957580869110e+00
3.030148444239751299e-05
2.850483764796702957e+01
3.925956390063563250e-08
1.317517749041907571e+01
2.386223689133135295e+01
4.346237363058355455e-13
5.145481215526960201e-10
2.918372336368411979e+01
2.783463214892181625e+01
7.566348119390857099e-09
2.741424357549430724e+01
2.351533706725584844e-11
2.907089742631702478e+01
5.056578436825660994e+00
9.369290958552827675e+00
6.254115364875594614e-05
2.736690679658043379e+01
2.457421210968608705e+01
2.077953360971273611e+01
8.531181428967093083e+00
1.169730759480053922e-02
6.951269707076906525e-06
2.654514022755233427e+01
2.755177141042267408e+01
2.195586153137884036e-02
1.502117351755950514e-01
2.117345334551526398e-06
3.663230474478776921e-01
4.741349922304304715e-02
3.168445730886124245e+00
1.913989656015362976e-14
1.890214266837792156e-05
1.671821380943220789e-02
1.198159965448218451e-06
1.169579900057054242e-04
1.556004418199420769e+01
2.139427926829076299e+01
2.636778897287722856e+01
3.015797863010198299e+01
1.118030682682854000e-05
2.188834134106416585e+00
2.110525651232795141e+01
2.394188084598790311e+01
1.447075597872292185e+01
2.372933341961916298e+01
1.938129749539328742e-07
2.570456582861559625e+01
2.172440956362705222e+01
2.905083915297648645e+01
2.510728813167252339e-06
1.648776548404456221e+01
1.627421231305433333e-10
2.190955348964465088e+01
2.503193394573087656e-04
1.663873639011427485e+00
2.745817423736794893e+01
6.327660898729304151e+00
4.771056598386452710e-09
2.629173324105375897e+01
3.971214228371139907e-06
2.116659209392473784e+01
2.736514185460968562e+01
1.486354651397292415e+01
1.768340581880575613e+01
1.868708149083517678e-05
2.185360729023610915e+01
2.646359725198843904e+01
2.861488056813900016e+01
2.130231124096678030e+01
2.884193365560230404e+01
2.788044082659827706e-04
2.919056848043115338e+01
2.572094804919743821e-02
9.837788467097716497e-03
3.463499574094572320e-03
7.934539404179459083e-08
2.501704730971644253e+01
1.835971202848248396e+01
1.150988222590533583e-05
4.958338505963316933e+00
2.814449965249872321e+01
1.358144850902158250e-09
2.652170731592509156e+01
1.187942598598369118e-14
2.331057151506362336e-06
2.002476655668824037e-13
1.161953040293805728e+01
3.236391910389138508e-05
2.701165355241446520e+01
7.275961272627911924e+00
1.895534594625653213e+00
5.886760011151835961e-03
2.228388681631835055e+01
1.904536768591290041e+01
1.834985164423381931e+01
1.562607703690445859e+01
2.605294233384773150e+01
4.951671041074628136e-13
2.656005069720152889e+01
8.354506564032630417e-14
2.308276036741770554e+01
1.925893772426439244e-05
2.541402433787686022e+01
3.192589371994700248e-06
1.805046149136417025e-07
4.615653890005838430e-07
2.842894396042166557e-08
2.478418096685381950e-03
1.187901858769714458e+01
2.578749921984890392e+01
1.200909524564674813e+00
1.000726544704216536e+01
1.571411189250189813e-02
1.237094557941998505e-06
3.617967587236578630e+00
2.743899580123136417e+01
1.685639050379175785e+01
3.166634532373021571e+01
1.678012472882969730e+00
8.477616928213056944e-14
4.937723501218919950e-11
1.462736898440781586e+00
2.370592049876116292e+01
1.452651434693977528e+01
5.754652490059376513e-01
2.571903800711838528e+01
3.113086677166161209e+01
2.309054460664723862e+01
1.434898132460367930e-07
2.230225067863452093e+00
5.535996427026567906e-06
2.988989896885814623e+00
1.845966589291997764e-02
1.583170014374286261e+01
8.384436479201198722e+00
1.290682023813140844e-01
9.774361781769956181e+00
3.137418624500887887e+01
2.209662504729561405e+01
1.332539605343430709e-02
2.533378686316406103e+01
2.398051126993927085e+01
2.556769406078501916e+01
2.421890044906001904e+01
1.910027793072000080e+01
1.178810311092233757e-11
3.211496980682095881e+00
5.852648712702899393e-09
1.863563724588378769e-10
2.052793293506681849e+01
1.386927830705201181e+01
4.403379320891683902e-04
2.155229683320214917e+01
2.379928217771175980e+01
2.730376533444267047e-05
1.299143722012419357e-14
5.732095395894205967e-05
2.691113491899934118e+01
2.051695298340191798e+01
7.440274997795805374e-04
7.614618632837299422e-06
1.601706262900707500e+01
5.397156170320883658e-05
1.618425918253805307e+01
6.549969961413679709e-01
9.012197075182517766e-03
2.289797844022300666e+01
2.358714420112034915e+01
2.311512353808666632e-05
1.409300022569803107e-02
2.550804212286338313e+01
4.328550384272166873e+00
1.422795673383011916e+01
6.926850237568058510e-01
1.728510147958370169e+01
2.336060379235466655e+01
2.555738003822909477e+01
1.308086450784815858e-08
1.362378191023851670e+01
1.039971745432529815e+01
2.608908497144129783e-06
2.502852932569837939e-04
1.068678903985418760e+00
2.353556683507589398e+01
2.215041667489767008e+01
7.764637365972964917e-09
1.792704040046444192e+01
2.686895398617209807e+01
2.110700475557241873e+01
2.188338464746971468e+01
1.104813423294728175e-09
5.148377243501267131e+00
5.454758584122702120e-02
2.588661161778249564e+01
1.438906660820700088e-06
7.592163650673743052e-11
1.041819096043361093e+01
4.951283228046749474e-01
3.612381700354581504e+00
2.394445979735913355e+01
1.060133643691923444e-08
2.184672113647697245e+01
8.164209076420572361e-05
7.043216903073550306e-01
5.238229714210943487e-03
1.533284637593694847e-03
2.302700895063246378e+01
7.992326865334166364e+00
2.472693796743060446e+01
2.322827374264699074e+01
2.552979104369261165e+01
2.540863611489404761e+01
1.376730970059213024e-04
4.786968686143402030e-05
8.811369066626777879e+00
2.515315756439230904e-06
4.675638192384033331e+00
1.972211168232153550e-04
2.082961774426769708e+01
5.270814337764519804e-09
2.737259997198849959e+01
3.200715869233634431e-07
1.401204563304910174e-03
1.672365819952266834e-11
2.752498389879923124e+01
2.715004328536250355e+01
2.309775176913219497e+01
2.532417794347783523e-11
1.051685527844062190e-01
3.801515881581257084e+00
7.719699273367801491e-03
2.929668074972624427e-04
1.039742164116736208e-07
2.576595697049483391e+01
1.324296286309298765e+01
2.441245499791942208e+01
2.322497521758154093e+01
2.192751753583299125e-07
1.639408273414331063e+01
9.542524104510133789e-08
2.511783002138135910e-14
3.713480696788772420e-03
2.240583226300880071e+01
2.085992138362954051e+01
2.309857285173972841e+01
7.177255599587314627e+00
2.015389647831570841e+01
2.388081340584429199e-14
1.208522446805434214e+01
1.085359546849795898e+01
2.529610376555144668e+01
1.306980600336555653e+01
1.262958812086307958e+01
7.654144002254766654e+00
2.940244279725451548e+01
2.837361992486342767e-05
2.311263066319568793e+01
2.260702423219124858e-08
6.555503036000049022e+00
8.981534452409098535e+00
1.170500469884152572e+01
2.659812898763159339e+01
2.336563284439386479e+01
3.780842752870110203e-14
1.935956716968152263e-05
3.675202464905868820e-03
9.525438580523992727e-01
1.873279062474216572e-07
7.281758219446032854e+00
3.164219643368842982e-01
2.555942264431953505e-04
2.774606688027349626e-06
7.948664938971371496e-01
2.369735457872477014e+01
2.639636867845634338e+00
1.706072086711683952e-14
8.281216378885140728e+00
5.738261789464605322e-05
2.028509011476463186e+01
1.559101082893686119e+01
2.336287284210191231e-02
2.037659721670997115e+01
1.071255311696904625e-06
6.527261995535287020e-02
1.875902361656670436e+01
2.204295522583331390e+01
2.549260566204405976e+01
2.736748795072197993e+01
1.161131923460776306e-03
2.102594685539981256e+01
2.545735474938005538e+01
1.205245020759971470e-06
1.552320577797158818e-02
1.515827247242933402e-04
9.815918975735376861e+00
2.349351553156420636e+01
4.616305946852571944e-13
7.112262614602354439e-08
1.812060704254690435e+01
7.772854778305946510e+00
4.561771631992037643e-04
3.555122991527497778e+00
2.368178424796863624e+01
2.359116475160813309e+01
3.086069165515214342e-08
3.759405882762655027e-02
1.508693226267294207e+01
5.298150985304599103e-02
4.595760932275615163e-02
3.282457381126829277e-01
1.239223056642968219e-04
8.535453120733270893e+00
7.049338382770666933e-05
2.678246791324536502e-09
1.317023211593318366e-02
1.026093658048889308e-03
1.304122170226797195e+01
3.829721192585683393e-08
2.053883647188010642e+01
1.243334484133082896e+01
2.043192915392826325e+00
1.660349688402395798e-09
8.405484840298012017e+00
2.453976059457762138e-03
1.944052928417405468e+01
1.852685304622448470e+01
7.649261307158880118e-05
2.471329635935278901e+01
4.722596558956528412e+00
5.278926852740561948e-01
4.975236860409086928e-03
2.845598670197609703e+00
1.951522872186177836e-05
2.447062130351503129e+01
1.359792165182989703e-04
4.614833405883255857e+00
1.322794319876530551e-06
3.547395383498193611e-01
2.571536996365466621e+01
1.247674458062281388e+01
2.716576642589065267e-14
1.638058172796309144e-14
2.556221427986906747e+01
2.295008963715947914e+01
2.373327670302177239e+01
1.617625241404620606e+00
1.354669398763068758e-03
1.997270689995429491e-03
9.857291974724739547e-06
8.017866791750661658e-11
2.308763043506426627e+01
5.584515534803676078e-11
1.878482979836854638e-01
5.031541937826681021e+00
1.228569183044948832e-01
1.008350780561824683e-04
2.380628276803366106e+01
3.541381567581674715e-05
2.401602105880227001e+01
7.705712271451919726e+00
1.546261872390650845e-14
2.150927769255198285e+01
1.593176386311847326e+00
1.189221526348561708e+00
1.371300904591393958e-05
2.801475631358615459e+01
1.419584523151900513e+01
1.721260631514833911e-14
1.306058081435276839e-14
1.067913408458620035e-14
1.854490218108240856e-10
2.668326557152478173e+01
1.597321051222223254e+01
4.294564316433525063e-04
5.591475842367135511e-04
3.616811586644033595e-06
6.522452866643795581e-06
2.211057786601465125e+01
1.080782240561144457e-04
3.562831485723243902e-02
1.136895452239106596e+01
2.696315182580125125e+01
1.603792319999703153e+01
2.885290403285650090e-03
2.479075456986395538e-08
2.337962591734268614e+01
1.727014865898846599e-14
5.570921353121899955e+00
4.370812920680150432e-13
4.621602790680722872e-04
1.666120448052011133e-09
2.430597079973852814e+01
1.214597429766100300e-07
1.408747188570011226e-14
2.015321317222680708e+00
2.207587654330109647e-06
2.353556451484491419e+01
4.805067570751100589e-07
1.695176002632651428e-04
9.513069279158667957e-01
2.915632655678886521e-11
1.021267222854565365e-02
6.396339639215199886e-03
2.350256452432425291e+01
2.535608655648270826e+01
1.807310466939350969e-04
1.137237242760566502e+01
3.712115406900961201e+00
2.293204059601914580e+01
3.639977149405392568e-05
2.089785292485497068e-04
2.241616689205035492e-14
2.932018834559936777e-04
5.377703616485852295e-02
1.344386985511780425e-14
9.437813407021737253e-03
1.031415692211495427e+00
9.218089913989989273e-13
3.859368075917492646e+00
6.277103364276695691e-05
1.030538274028974521e-01
8.988877103737290936e-05
1.484274953546287426e-02
3.313708764226242463e-04
2.790856085929947632e-12
1.777400797752876505e-03
1.878649996005623635e+01
3.276530922260260225e-06
2.251081337560711404e+01
3.257418481195538671e-07
4.554287564854913185e-05
1.944817170827763064e+00
7.633164077596166107e-09
1.059900255204067854e+01
2.046821465013418021e-14
3.231522460914577650e-12
4.401909023036166825e-05
1.388166388458546230e+01
2.535427380063394764e+01
2.812505792582779307e+01
1.923207055914848951e+01
6.418400871302886823e-05
9.263194904545245015e-13
1.723534804280309629e+01
4.649695632525687183e-01
7.245986969967857169e-04
1.530374828504862841e-05
1.776698167687355223e+01
1.982175784316741859e-14
5.181158729986848257e-05
6.833049543678883231e-02
5.954585315602771711e-01
1.549007180356203506e+01
2.325175910778666122e+01
5.185337403601262957e-14
2.513999034594701129e-11
2.879152389468816509e+01
4.504042752698872998e-01
1.598610233877393773e-14
2.954382865157058902e+01
1.415045184442353569e-08
7.113404245791935562e-06
7.898648777029884462e-07
1.649257849457522662e-03
1.948501215940004867e-14
4.063081181808755540e-05
3.098695339452390139e-07
2.657817858196944982e+01
1.213424946844742669e+00
3.539995890946676452e-03
1.162831180704598388e+01
9.580739886913182346e+00
1.180735422466513279e-02
3.344361203158075023e-08
2.206425279517900026e-13
6.354752174028192877e-11
2.711903551381395320e-07
6.860231684609738423e+00
5.614271991792288282e-10
1.503274720494957584e-01
8.240539615681777619e+00
2.441669974189633407e+01
1.543080892430486628e+01
1.777357689931284312e+01
2.174844266235621546e-14
1.047890775072340845e-14
1.017483202039356181e-02
2.231923252981680506e+01
5.080448095187793636e-09
2.731005055764293142e-11
2.503899157256184083e+01
2.330504614509887773e+00
4.269889701328947675e-07
4.239795796886019694e-07
1.923225060731798096e-14
5.717885607006086370e-12
1.125217406579989900e-13
2.304226422070403046e+01
1.159337101483798271e+01
2.684501610554170317e-03
4.599921485611717513e-14
1.622567519488432808e+00
1.313263941106797006e+01
2.381655637699030360e-06
3.131865394135082137e-01
1.055292064102459094e-12
9.220445549287276776e+00
3.428274367811928214e-09
2.616565199768642984e-03
3.480214268170973280e-14
4.638953526412093960e-09
2.752531910909503110e-01
1.884778447453241412e-01
5.764655613477265663e-05
2.502552546437480530e+01
2.296896087273929063e-03
4.758399518044674828e-03
8.029607941099522334e-03
4.238393601712952923e-03
2.630778732508786888e+01
1.588543848203843858e-14
2.451162300539623060e-14
3.920297234022428900e-06
1.114848189066380081e-04
2.017389518511840052e+01
1.925594849959209043e+01
6.567779266596497356e-01
1.494954125536862535e-14
5.322327384903816422e-06
6.098544782341238681e-03
1.169129456815341506e+01
1.145751417569576411e-13
2.185805762255847402e-07
3.965975093356720793e-05
9.801208149922283064e-02
9.223196132265151448e+00
1.042415996649821469e-04
1.336356860087613305e-07
2.029950183000075288e-09
2.444109841328203814e+01
4.080793142596269955e-03
1.338039660578788949e-04
1.810777706695058768e-03
1.282388826895634604e-01
7.501747231213985907e-03
1.909063725002671816e-14
2.497148716323994933e+01
2.322731121977448824e-11
1.797752518886501960e+01
7.176311291798632475e+00
1.411028975802847962e-14
1.358298241483482679e-08
2.458651631024834217e+01
7.738590929432069554e-04
1.450076290815757659e-08
2.612293376012601342e+01
5.910300884407838113e-06
2.035057931297946099e-01
1.198027578952483552e+01
1.848766779457401910e+01
1.257142149232020993e-03
1.618797770530502412e-04
1.581741415626283223e-14
2.875452334913642274e-06
9.581765929464396425e-01
8.907513997204150893e-05
6.205688284772314239e-03
1.405369027611387225e-06
3.096611593508383553e+00
2.275812090072862892e-01
8.168420272983022947e-09
1.460612047499941328e-02
1.888843141074579557e-04
1.543119495817170980e-04
2.063590483925148064e-13
3.564851127410833091e-10
3.429870809613311428e-06
2.271872406857871951e+01
6.081892796424327372e-14
2.978579695592630760e-14
2.085283035597202073e+01
1.198023597725332983e-14
2.583218408670970234e+01
1.786700323065361573e+01
9.093104424581988565e-05
1.953762769870667526e+01
2.493621105891786046e-05
6.048714729425680391e-06
2.590594072666981518e+01
2.414126768498072551e+01
1.190151392029669107e-05
3.677765996170475046e-11
8.679045856766016516e-08
7.001167979203169744e-02
7.890657258449710554e+00
1.766641800921859434e-04
6.347467952578751856e-03
2.230374604251592885e+01
8.118067795520799920e-03
8.588500908867725462e-06
1.550240317719897565e-02
2.305835512348086880e+01
4.122807393271762216e-14
6.050536704582006209e+00
2.338171458629395261e+01
1.855944131572729727e-14
3.434185014969385648e-05
2.192483048604844598e+01
2.343773363526074640e-08
2.700121537886076718e-05
1.705227795035450366e-04
4.333057579011487536e-13
2.591193271843871826e-01
3.546376557582050039e-09
4.528403141235721460e-05
5.310758793442122538e+00
2.360225738575354626e+01
1.918711396572532957e-07
1.747069509106141449e+00
3.671015992518932188e-03
1.153459905317343187e-01
1.631746042905707003e-02
1.775503617091043248e-04
1.145990202783312917e+01
2.199218629535804571e-10
1.989671853291497783e+01
2.047383251840235374e+01
2.947091312129634954e-04
2.995665662904617053e-04
3.093026056809642949e-03
1.360568276166584933e+00
3.419739119808564570e-02
1.474368542396806620e-14
1.163631616686393855e+01
1.669630481191818102e-08
1.120280230767436194e-04
2.021414454173880770e+01
2.587856435821409050e-04
5.138318735392496789e-14
1.837486971030879448e-04
3.438767422506666245e-14
4.084426825458307597e+00
3.184668020880482213e-11
2.726870086644533231e+01
2.638266895769052391e-14
1.325316697989914542e-14
2.794017309406280347e-01
1.517632645741953564e-11
2.347848904163244654e+01
1.101811943836277993e-02
3.513824678764104092e+00
6.986164395993254378e-06
7.812517650603075371e-05
5.274331845461386428e-10
2.846664878515271283e-10
2.139013122008141484e-05
1.842193787859841201e-14
2.381409016454054173e-14
2.642830928287251062e-11
7.485766672835527345e-03
2.115621602970789894e+01
1.787403935837537137e-07
1.466316080600984062e+00
3.018361541449936865e-04
6.252766488138584988e-02
2.373410391360826566e+01
2.011664631830111460e+01
2.169696702597873639e+01
1.174371691126694889e-14
2.288110848163441152e-05
1.232339690819064515e+01
1.446623033887009736e-07
1.085075355845694122e-13
6.336734112562490695e-04
6.147731538054866004e-06
4.233576266160854820e-04
7.249711921259477387e-02
1.547020495453507487e-14
4.749387620007557687e-14
2.493893093677044977e-14
9.833183304739948838e+00
1.369858999352439284e-10
2.360094408790118850e-02
2.530364207696636214e+01
6.673892620316525637e+00
1.597685470613736314e+01
2.523768912885699996e-14
5.853586110765978567e+00
1.777616680229584034e+01
1.258635101799877718e-05
3.763793726014454111e-02
1.796607248553776159e+01
1.617608075157097147e+01
1.162668041216262035e-02
2.936709517186625785e-09
1.697746119591932366e-14
5.347945202972193163e-09
4.590160152523092949e-11
1.855805501129351942e+00
1.081792221012772793e-04
1.032017825878076600e+01
3.132083439835678718e+00
2.269088452200158592e-06
1.479985366890774024e-14
7.120446887397591284e-04
2.478150104489571545e-04
2.740802413149365170e-04
2.180376111652326898e+01
3.044917867354461405e-05
4.061091049642810424e-01
6.895872016803741929e-08
2.222103835176678643e+01
2.874740731383134129e+00
8.093141091082904604e-05
2.937024261981182618e-04
2.274251494596510526e+01
1.598719929081416247e+01
5.441792432350328221e-11
2.902072485220692950e-03
7.939300847802969407e+00
1.777941787280273900e+01
5.620239314467868784e-14
6.559351496131720971e+00
2.003315892593275294e+01
9.411984162641829244e+00
2.187860012004739119e+01
2.117220743628597641e-14
1.678790849092309084e-09
9.230118496943797050e-07
2.657568369283512144e+00
2.387731061217010404e-14
2.228228886758034000e-14
6.719071358911026844e-13
6.720150262882041758e+00
2.038995275557861295e-03
1.558443788671621455e+01
1.991317934351571495e+01
5.087543004305807415e+00
1.430691502335793581e-14
7.024648600809562998e-05
1.398840414642207027e-11
1.691316796379163634e+01
1.370164317101435220e-14
1.114521147908549281e+01
2.495435415134623585e-14
3.753905302525082385e-05
4.469266142928436381e+00
5.726854079639484064e-11
3.080560839399022218e-11
5.037740247157781624e-05
3.885313276355465972e-01
9.170495727219396542e+00
9.530750630571844031e-03
7.260038815349755259e-01
7.462289275590514581e-01
1.221616078164923665e-04
2.437039824021508849e+01
1.520171245167105112e-01
2.871417262690098587e-07
2.558575818629163123e+01
8.912868339098589492e-05
2.267343614618361869e+01
4.435279427911395622e+00
1.452076514694978972e-03
1.072092962509905852e-07
6.103150900115574373e-14
1.856086576891361004e-13
