2.552049525122049900e+01
2.869703328561326217e+01
2.852472056716995397e+01
2.687004845698865907e+01
2.807554061314969118e+01
2.832844436012889844e+01
2.389210021369154546e+01
1.953856489064297719e+01
2.110080644392777316e+01
2.063680087899689752e+01
2.505869574557117119e+01
2.029146481182142026e+01
1.966891613108040991e-07
1.767038402943645536e+01
1.615987329344962763e-08
1.077722854150736964e+01
2.826430626070828467e+01
2.935682607337111349e+01
2.440680701103131867e+01
9.950035354371825846e+00
2.285992027318747688e+01
2.783355249087280114e+01
1.698463315995176537e-14
1.761203569774254163e+01
2.642518253845063469e+01
5.258829829036146958e-02
1.731113162802789063e+01
2.296630095979107011e+01
1.493347336455927810e+01
2.080952825606131995e+01
3.047577997987848519e+01
2.984875528172954162e+01
2.044400767356296811e+01
2.551059158974863100e-02
2.737827678980134749e+01
4.607476792399820074e-05
2.250330927930667713e+01
2.738970815033216155e+01
1.691953469816931291e-04
6.908692067842345352e+00
1.152277354791376763e-14
2.573431621135911129e+01
2.472303653185161210e+01
1.591068104591178667e+01
1.530442025028234541e-14
1.574259245959180268e-03
2.802571850615117199e+01
1.305182236659945761e-14
7.774304474954650601e+00
2.477526391625544022e+01
6.221709494582855271e+00
3.060516998419272738e+01
3.061911164896105220e+01
5.526928085951048758e-03
2.178136162400395648e+01
1.782829680064724442e+01
3.110768568323636885e+01
2.209735620554156554e+01
3.016242229043832523e+01
2.875933580777753917e+01
2.603326638187820308e+01
2.775676039551880336e+01
2.703481749428622649e+01
4.368682605470862512e+00
5.684865334931270553e+00
2.502032025807057991e+01
2.372089985404693735e+01
3.836737775872890569e-04
1.194940469774777014e+01
2.048619417352279726e+01
3.035368064003636945e+01
4.631288313697108727e-09
2.420210980940290213e+01
1.095610888894230735e-11
2.884545616646891020e+01
2.983399681592260322e+01
2.310029519986012048e+01
2.487601948438519983e+01
2.574551928835183290e+01
2.581724750713793881e+01
2.899137681266703481e+01
3.370943113765407784e-01
2.845087851083313168e+01
1.931337841958405477e+01
3.036447659019846412e+01
2.937739852092365567e+01
2.741937473132166403e+01
6.263532230163806484e-14
8.704866824251270008e-03
7.753234312152578411e+00
1.957149512126712943e-14
4.923951837318879754e+00
3.382475309102944759e-04
2.651205633491339597e+01
3.589150181027335452e-13
2.866711073862633441e+01
6.731534692461777327e-04
1.177572967269563918e-02
1.920266688163613367e+01
1.866468906501670943e+01
4.183927680008985711e-02
6.297090618635458048e-01
2.463221321416659038e+01
2.366278637034810117e+01
2.721393921756010670e+01
2.753825298513933362e+01
2.737850205815771076e+01
8.594262318050172013e-07
9.692616303506920161e+00
2.524966568919313303e+01
4.260970436902838721e+00
2.744176161406557668e+01
8.029440482706112547e+00
3.032512161698889841e+01
2.193752431642765544e+01
1.659162966893390134e+01
2.956300840001718910e+01
2.624048434168565702e+00
2.573309848915525389e-01
2.523874547628295417e+01
1.636796791783574889e+01
4.689719070868791809e-04
1.852280037752361759e-14
2.520655315252398054e+01
1.986021745542249101e-09
1.580194885299145469e+01
2.132979898184206391e+01
2.580680122459720138e+01
4.107861780482607801e-05
2.814831980831090301e-07
2.646763541099283756e+01
1.115833049086423223e+01
2.337458628952954598e+01
2.520697232356216944e+01
1.637316211785808662e+01
2.318619094373716032e-14
2.693918858359477397e+01
1.816919236714054975e+01
2.830193893611710720e+01
1.461594629418494051e+00
2.462288643813933575e+01
2.684209247153349054e+01
1.202948692555568222e+01
1.652656172284527969e+01
3.866892873557036525e-09
3.751962772946762503e-01
1.597271259052677017e+01
2.759173589692112216e+01
2.328990726318306059e+01
1.327216070587193368e-02
2.335376341464801442e+01
7.749131615572282250e-01
2.732032348267402000e+01
2.541414314383933970e+01
2.892883611723828707e+01
1.891314881492863930e-13
2.753928994860250334e+00
7.175686722974974785e+00
1.049843764139154204e-06
4.617429404288509104e-12
2.541904855699182519e+01
2.039905401894644479e-13
2.797827184347680785e+01
1.637866585326293389e+01
1.276240861065130083e+01
2.553331288954981915e+01
3.263136507824428726e-05
1.856962125034483966e-05
3.039978574114286639e-04
1.629447462634335508e+01
1.261478904504039766e-01
1.066061951249877637e+01
3.431440091318509352e-05
1.799135565278649402e-04
2.394602766173377972e+01
1.816244388527686215e+00
6.619687465627994028e-05
1.045962991091282121e-05
1.739445011614752090e+01
2.712086098356172670e+01
1.389255996014774683e-14
1.475186382954321296e+01
8.128200860171402864e-01
2.232290457658347595e-05
2.217720921612398755e+01
6.491693700699023573e-02
8.234586194958820826e+00
1.128507988511709037e+01
2.305289666225384693e+01
1.743941729505934695e-06
4.735157343468779700e+00
1.081559916961368195e+01
5.361498951851458028e-02
1.276767669422175857e-14
2.802188311089578576e+01
2.601732885176832610e+01
2.137865236540680058e+01
1.750148493062581911e+00
4.337359881762000574e-02
1.079544956397762885e-02
3.010506923139747926e+01
1.765353107084402056e-14
1.193376315550974232e+00
6.598489869435464512e-03
1.667596314543339647e-02
2.507735135642290203e+01
2.325706722566780016e+01
2.759305479031450048e+01
9.755171352442822087e-04
2.273182767036628604e+01
2.301936684718447479e-02
2.765504763651146192e+01
1.361717834676192708e-02
1.213264947509916587e-14
2.013657660841766531e-04
2.638443372468001868e+01
2.949931371121009960e+01
2.225634559398086995e-08
4.533113884663686211e-05
6.128884705364036778e-12
8.281672721592743425e-09
2.375696491782130693e+01
2.635160078120378913e+01
2.057790849105162323e+01
7.690573196855445381e+00
2.392726856672263480e+01
3.738248501084690399e-07
3.551139624875854395e+01
2.852674017113816518e+01
2.646614733308646095e+01
1.672703256781623248e-05
1.995216911149162426e-14
9.814792606857857038e+00
2.072947481228318430e-04
7.889417687782233068e-01
1.436247267821777207e+01
3.094972663527711720e+00
7.123576525878494436e-02
2.427383093162347905e+01
2.715773845700198308e+01
1.358749807947099342e+01
6.133797471031691810e-03
2.897029349494560435e+01
1.160006675422616951e+01
1.407769022040585094e-14
2.763994522319781311e+01
1.126104294172690956e+01
1.170600169079586195e+00
2.122924005571688610e+01
6.408939219897379358e-01
1.032919435258977808e-01
2.249405005472675523e+00
1.655155903107206683e+01
3.890659237316285614e-06
1.094297571566949276e-07
3.162175087055434020e+01
3.639129525288491667e-05
2.536808862914636720e+01
1.183013584673188336e-07
2.528534426945011404e+01
2.329195194455078166e+01
2.428802321478189086e+01
6.006530982849377365e-01
2.799117906265287203e+01
2.515888493068577603e+01
1.769801690620312269e-14
1.358718959298104790e-03
3.587332308861631347e+00
2.690860134761269631e-03
1.233657538777541163e+01
2.106539346995161210e+01
2.471635429432025521e+00
7.786077117296396562e-14
1.848345578378715715e+01
2.787933123340570418e+01
2.978734787586819976e+01
2.606873190067148371e+01
1.127061196302974544e+01
1.624506978226981428e-05
1.959830487929705356e+01
2.828506266621810994e+01
7.070026036181917230e-12
7.394250340237053373e-05
3.017400190622970029e-06
2.241044008908046692e+01
1.990146569729005321e+01
1.626401883959673802e-14
3.626738521146465111e+00
1.782798944445576339e+01
2.316134014676005748e+01
2.398812694566093384e+01
2.797968347426171221e+01
6.476666487256507843e+00
3.360414480594318964e-02
1.528563709810473803e+01
3.186744996414753217e+01
6.772928238398067508e-06
6.039174586572333868e-06
2.910010507790544665e+01
1.494546794513644628e+01
8.445268759084807897e+00
1.943663657039110149e+01
3.136132537987688984e+00
1.301619654216084498e+01
8.896362330594636827e-07
2.561735583157976848e+01
2.350577143392013824e+01
3.111696149280816220e-14
7.813372252682701564e-13
2.660956356410251544e+01
8.435036985657790254e+00
1.354694776594034167e+01
2.535845970640110281e+01
2.423362307536340055e+01
3.702772457468483241e-02
8.192961624338316684e-05
2.223879024988753983e+01
2.402423157392289657e-07
1.059201597064506626e-04
1.878453138600531958e+01
4.881468903689054173e+00
5.271003045038286788e-02
6.552100118862375888e-14
7.041172777274288919e+00
7.362790318089743824e-13
3.640443863161128541e-12
2.071513562505512918e-06
1.071809888841384617e-01
2.424845534406526681e+01
1.985962201880744260e+01
2.329093590241257417e+01
2.374285143973040491e+01
1.743350382275652888e-05
5.095411034737483490e-14
1.438639613350252366e+00
1.943874916792260521e+01
1.612843295481788530e+01
8.415801285591843595e+00
8.043925684174904944e+00
1.805554058553960435e-14
1.247619897921475291e-12
1.490471005826295992e+00
1.357000699442681313e+00
4.252574088509183286e-05
1.674899542277263897e+00
4.504003222127301356e-14
4.427901009794101839e+00
6.692037735190521808e+00
1.881399642152251867e-07
1.064744382559096661e-03
1.795504539584615245e+01
1.422186740063117583e+01
1.967520541596358852e-03
4.394200266882248296e-01
1.278255331155440544e+01
3.474337635895413768e-14
4.260412566282394814e-02
8.534719147224338442e+00
1.417112257792575436e+00
2.274465820486015133e+01
5.840984267937633471e-03
1.030733831173851087e-14
2.665794087638614585e+01
5.070586826401810576e-01
1.734272920876692853e-02
2.196988975932534771e+01
2.708698825440701441e+01
2.756504148094873941e+01
2.800981662864800725e+01
1.488962309713215149e+01
1.734869833147606610e-12
2.974704466320714502e-01
2.365811893811976674e+01
1.815478038933892435e+01
2.510654694046617053e+01
3.057651354362151253e+01
2.096481273267330891e+01
3.770931355218346456e-07
3.917128118006618013e-04
2.444954350949329580e+01
1.533781627068952602e-04
8.023725488851720655e-01
1.907918205754091689e-09
3.254033680665030088e-10
5.835822471881691342e+00
2.259860538425435905e+01
2.920872444448281868e+01
2.605724805841089875e+01
1.658576665202006642e-14
2.017165228518736697e+01
1.280933810939372004e-09
2.578564750503507597e+01
4.638548646984467236e-04
2.417146899633049983e+01
1.563383591453224497e+01
2.740378451482032318e+01
1.541205441663439440e-14
2.352616740811058449e+01
3.260311631522427021e-05
1.711008586582232027e+01
1.428021300025477646e-14
5.061282376182132836e+00
2.562538053709165808e+01
5.107514621785357728e-02
4.758357449526824823e+00
2.173689815506131495e+01
3.005684292166876226e-05
6.679763233712783521e-04
2.732740589802150666e+01
9.699955174791945467e-01
2.642222408078886176e+01
9.902938480024558196e-11
1.895512813346443437e+01
1.558483509930452468e-02
2.674425368450295082e+01
2.817002147018229152e+01
4.849390019493076132e-01
1.558793850596375030e+01
1.302330723356801201e+01
9.531774973929744218e-05
1.764779711537119056e+01
2.661153936189593949e+01
2.332079575832817753e+01
2.172146189936486138e+01
3.861737562256523527e-03
1.638602420075678753e-05
7.217570368552531784e-04
2.510149972707934296e+01
2.663694359662962796e+01
2.268946732004357258e+01
1.773606837919986390e+01
1.885708760129359973e+01
2.431543108108547102e+01
2.519833135126254184e-14
7.939446624071199388e+00
5.382186689625838127e+00
2.116001373194251071e-07
3.141867528677479271e+01
3.289454329504557656e-02
2.867364513455220899e-03
1.697456048960428232e+00
1.844026842611780381e+01
3.031688544724993761e+01
1.945413715725939977e-02
7.480626719399675779e-14
2.303297058710975995e-02
2.023035003716291177e-05
1.216008937316555294e-02
1.462308950881414304e+01
2.539798520821937444e+01
2.473880350702517461e+01
6.076564485773218898e-07
3.596896956031201853e+00
2.063524101088207274e+01
1.081011988812353823e-03
8.057838813071223862e-06
1.731960650566644233e+01
1.385296956745820264e-14
1.217942949172305764e-04
6.553277393308171161e-02
9.716141760295830820e-03
4.930142057209769434e-13
2.656624944165214330e+01
4.364100447675861445e-14
2.390244311264562160e+00
7.467462173816495907e-01
2.309091840394059147e+01
1.612811477942806797e-14
2.487639952254387055e+01
3.209035780323362242e-12
7.909876706898157084e-02
2.605802364125305104e+01
1.853230945571508803e+00
2.696717888242840289e+01
1.435257917537030128e-10
2.159010577936596320e+01
1.947111920324082490e+01
2.238317597736413944e+01
9.044809365318691322e-04
8.847840094167896297e+00
8.994133818911694066e-05
2.856042085498352956e-14
1.317426454821421800e+01
2.663802307498572475e+01
2.602936316398778160e+01
1.484508383503895246e+00
2.629084990014054668e+01
1.994965506978292780e+01
5.259723835026291198e-05
1.889345910502911252e+01
8.762137574685192831e+00
1.712567705779432359e+01
2.455112606043473278e+01
2.341985830975644589e+01
3.017837181037264600e-05
1.595431309973980580e-14
2.139676296492382490e-14
1.538155378479085833e+01
2.937143260878707096e+01
2.581651579468053015e+01
2.117541948867913248e+01
1.065916849365322460e-14
4.060488683050484049e+00
2.644258840459808724e+01
7.772358308136033877e-04
1.524870219420800797e-14
8.011882416776641591e+00
9.924245274420000484e+00
8.364974785647825398e-05
2.503989651952031181e+01
5.788869735168032660e-02
2.676716891754264083e+01
1.135835381097360202e-05
1.171597019078202550e-05
2.289126664807460543e+01
3.899593109627637333e-02
1.988742734972792636e+00
2.063265306155324907e+01
2.569963809317513892e+01
7.201683405933513756e-03
2.710252978218930409e+01
5.095774414234598204e+00
9.368060759692107913e-08
2.105168497524990533e-04
1.555547079547209677e+01
6.032895736777143192e+00
1.689376813009786562e-14
4.180844399632688974e-02
2.339178116522459305e+01
2.993086416822972051e+00
2.340815080596563647e+01
2.303345334508408726e+01
8.206334422619770692e-05
3.148286539949980261e-14
2.201852878827557802e+01
2.221855515673130161e-10
1.564808325151834209e-07
2.538652663559597927e-05
6.357366220921064626e-01
1.646873816896645337e+01
8.995814354504517912e-06
2.107091784630961584e+01
2.041694883611253595e-04
2.705176462314623720e+01
6.141798292634012794e-08
3.813841753189246755e-03
2.835868518628027601e+01
3.452767008500059834e-12
1.587323039983385975e-01
6.536025872684574800e+00
1.839028802309619692e+01
2.874460211986693636e+01
6.318628957695043846e-01
2.432314579661697707e+01
1.231814970061440384e+01
4.183725493760132941e-05
5.361265832814868758e-03
4.065617528550801605e-13
6.109618042606375532e+00
2.208471608297151434e+01
1.893531521569016718e+01
5.736386083203495094e-04
1.788065969941238720e+01
2.570126279446831674e+01
8.318316660263682545e-07
1.916033582440282781e-03
1.162896540216508197e-09
2.580177236523354622e+01
8.404221138722386963e-02
4.252762064187066038e+00
2.416728750704669082e+01
2.143158003304474590e+01
2.519904641431188352e+01
4.413725251084906986e+00
1.761304756654232781e-05
2.522110731618125001e+01
1.631539413631938373e+01
5.712049203308600283e-03
1.551372838841611097e-02
1.559098063797128078e-02
2.029978593267781850e+00
2.519749375457357132e+01
4.190169742857925428e+00
5.452651915882940353e-05
1.822674935429033829e-14
5.591477621992971415e-06
3.057620792852826621e-04
2.740656544756665625e+01
2.992178292329409836e-02
1.218138488225499927e+01
5.754743202719073481e-08
1.922942399479607727e-12
1.314905692562623300e-04
3.140359975895398899e-04
1.138726119365575506e+01
2.367978424609222898e+01
1.556665244594323561e+01
3.979362593594474098e-03
2.329578301331032719e+01
2.128820777808109455e+01
7.046688392155785229e-04
1.505810719204369796e+01
8.498158101605378656e-01
1.768938423718599040e+01
2.638679791056678781e+01
1.241872139985370234e-12
2.950559102890674268e+01
2.102078165795695597e+01
3.708806761987248484e-07
9.766820039953866609e-05
6.290123143269115147e-01
2.071483370296170179e+01
2.498019701742112275e+01
2.406197217382636211e+01
1.786225357888429838e-03
1.667867158247266026e-09
2.881278970624628144e+01
2.493874441354188676e+01
1.894178073408435736e+01
2.679583417456323957e+01
5.858624285744199689e+00
4.299756994177882324e-14
7.737465845082518889e+00
3.330650556377486097e-05
1.305295935395169771e+01
3.040568910512839174e-03
2.360013884811057494e+01
5.921347019271249509e-04
3.523461562759099275e-01
2.211851093737373475e+01
1.900590270921496838e+01
2.714245131756486291e-11
1.078562981949857935e+01
2.400248354219788535e-02
1.255378570760189964e-08
6.909084318478913829e-05
3.553091333245153321e-10
8.202030560895858802e-01
6.969825649559071579e+00
2.781527080276209078e-10
1.833209459464613794e-04
1.490772474080227283e+01
2.717481339282376229e+00
1.367531520640282272e+00
2.694710269765266883e-02
9.800905754152743343e-01
1.691524721010451054e-13
1.049689884921139394e-14
3.354140294313390183e-11
8.418630132645748823e-15
3.918456320277820661e-05
2.528121672521563568e+01
3.026588935371991515e-02
5.562893773263340479e-09
1.067425841650334120e-02
7.544597908724314655e-03
9.301895004745466267e-01
3.953222200453809174e-05
3.497524621017177537e+00
2.088529956215039363e+01
3.728209889883335809e-12
1.021144046355941607e-04
2.422151877300102640e+01
4.203601176008513185e-02
1.067205191503007731e-04
5.519515796067892832e-07
4.032809199459557625e+00
1.656946771674617695e-12
1.336560196123215505e+01
2.704982494086674936e-06
7.449773230524859846e-01
2.333729158906573531e+01
4.462344066086935790e+00
2.825725013765447002e+01
5.694963701646226228e-01
9.306678332182647347e-06
2.070589120800811500e+01
1.285418539640500718e-06
5.272706554085271335e+00
1.663719869694434905e+01
2.405966630311554155e+01
1.519107827009779221e+01
3.963303096652006126e-10
2.134633112978887581e+01
4.961980631153677875e-12
1.404426938105172547e-08
3.126342396862833150e-11
5.220677472972035625e-03
1.449865831138471629e-04
2.209243648291200302e+01
2.429549306469149135e-03
1.822223099596481763e-05
1.368478887069930060e-14
7.778480589744483433e-13
1.524041285539422849e-04
1.321021978998578902e-14
1.318836304329101078e-13
1.890711459032301534e+01
2.191800022582302887e+01
3.229830569238058580e-14
2.025282116825528038e-07
3.005100751685694949e-13
7.351572520458440014e-08
5.786756385144005018e-09
1.918602365168986745e+00
1.213923975282142540e-05
2.441426714641413653e+01
1.800390128811040233e-14
6.711061133751969443e+00
2.341519980142514612e+00
4.507821560534676554e-05
4.973332602062258800e+00
1.604876436213041905e-03
1.927939201894802221e-06
1.079202280481848520e-04
2.269584108061976746e+00
2.383433664661706430e+01
2.510962368466301570e-03
1.186024402622298732e-14
2.696405937452716844e-07
1.153114092169452419e-14
1.091788943212035207e-01
9.045364520251233868e-07
1.098586605911104088e-05
3.619361623879566170e-02
2.794976336321928437e-03
8.379154887740183355e-01
8.145438892451508736e-10
1.152121045950349121e+01
3.849326508574256449e-10
1.303236024931061188e+01
1.800599588579715230e-05
1.186760999813008922e-14
4.590282727305802085e-02
1.980119993125691025e+01
2.040818564202676555e+01
1.826707988733808140e-14
1.213911097108659682e-03
1.325196029645180464e-04
4.171615730814350982e-11
1.122387494113310729e-13
9.896128712520972925e+00
7.119676288997641160e-05
8.224882282993564719e-02
9.886954305842795882e-11
3.002156141258404515e-07
5.279534668734548321e-05
9.076983497249328181e+00
6.830390611272486390e-05
3.150798089411678897e-06
7.403430100926761755e-05
2.367173423202622118e+01
2.332404310261704339e+01
5.706160368976527931e-05
5.976584341714946983e-06
1.948408943521536330e+01
7.063655964339592185e-04
5.122610551514825019e-12
1.546610681097770196e-02
1.160750172846930939e+00
2.023390864519591759e+01
1.522787823696187814e+00
1.486193341059712501e-04
8.061876140553449588e+00
1.879271189304002011e-03
1.730375057731061261e+01
6.583494077192526623e-08
1.005723128915967102e-01
2.194055811632793151e+01
2.826581515463110250e+01
1.816014070961335847e+01
6.975548471233662153e-03
4.030950684663814923e-05
2.557993542554570610e+01
3.829133556262246607e+00
3.095313898365980698e+00
2.542657882146931866e-08
4.293179142451058333e-02
2.161175640558124300e+01
4.120308311468406259e+00
9.098769229964052038e-14
2.368617581745224498e+01
4.485327631035668314e-13
6.539458298195447231e-03
1.858889287356961240e-01
1.960735480543080768e-04
2.476707534366275709e+01
6.449677197133166118e+00
5.018332486448218479e-07
1.206499435080772820e+01
1.581953519069878925e-02
8.536793282209922517e-05
2.649843811299552686e-09
2.379120136182673518e-13
1.518871352675868090e-04
8.334727967705185975e-14
5.071606374527176664e-01
5.233839826986798165e-03
3.757935357961580632e-04
3.127878699744278517e-09
1.159908610646435534e+01
2.218029647609098021e+01
2.399872280540535016e-02
3.316699806570578010e-12
6.274616686094834893e-13
1.103468502681854680e-08
1.150657137301013676e-05
1.281326138184424874e-14
4.128759255069003764e+00
1.333653595331480979e+01
7.215216861375058945e-05
2.355378110722496743e+01
1.816901836709143936e+01
2.399279355130326508e+01
6.342233424088725418e-08
6.203141240500746001e+00
1.734975524598180583e-14
1.312402596919386731e-14
1.847474309742521926e-11
3.680643485580457669e-05
7.573808963805135630e-02
1.625157355428244088e+01
2.489864087914997194e-05
1.441919941227208408e-14
5.007712451050136237e-11
1.018093375542200318e-14
5.494504771603949018e-03
1.958093981250100763e-14
2.356481797478667062e+01
4.922698231350214337e-01
9.585712239790896913e-03
1.024340836306373248e+01
4.075243273519892858e-06
1.651501899391027636e-02
2.726206966837128931e+01
6.134925428810657450e-05
1.702004139084867182e-13
1.106031650805287803e-04
2.180435643761991216e+01
4.015925194415380860e-14
4.107795692526748697e-05
1.882170560680896543e+01
1.996796510520445876e-14
1.742490845147325729e+01
2.474496200578726501e+01
4.284683366048693681e-02
2.970196816345677585e-07
1.914351393386730955e-14
3.318675280986832552e-07
4.729078816566163468e+00
2.210491060295171195e+01
4.183432209304871321e-11
1.932427671604570918e+01
3.336765404302756259e-05
4.601397705252389385e-14
5.569167439993170888e-04
6.568393584619124486e-08
2.403811086039872591e-01
1.833381036857702684e-04
3.181412186239863736e-06
1.219448533117587496e-01
3.286713651318875270e-03
2.156461532729100627e-01
2.310631663747706810e+01
1.739906765506148807e-04
1.545176143343497702e-06
4.449810430039661619e-11
1.959907056555056798e-05
2.659818706520365450e-01
3.275555023224153756e-11
1.811457358309166921e+01
2.202685151082618376e+01
2.023781475927292206e+01
4.690405453351688292e-06
1.443886056434826144e-05
2.419985474996743946e+01
1.534648702231066933e-06
5.992795936995756802e-06
2.428814538818347302e+01
1.183287643652833482e-01
2.940612849778655863e-02
2.344789252870452856e+01
1.330206194080449755e+01
5.586522673808682910e-04
1.442385555879608478e-05
2.248806655417705139e-04
3.245909207647226680e+00
1.363326919470479348e+00
1.212782456055239849e-01
2.678503863428868215e+01
1.715431136004011158e-08
1.573401289341288438e-04
1.320930336761908364e-08
1.425903159801391319e-07
2.664643129257212498e-06
8.736412848981622847e-02
2.649367154664783452e-01
1.351866728795989882e-02
7.745877282959147620e-04
9.234038021627553883e-02
2.536882364914250943e-08
2.115487017849496354e+01
1.449940499012369521e+01
1.643453926501591056e+01
8.952814880534343153e-14
2.112521361343642567e+01
1.478334888303752243e-14
1.508123156885429751e-14
2.939234340599981271e-05
6.843350492332533246e-05
1.550757720538044460e+01
2.559034115188489444e+00
1.335555013194679101e-14
1.137976315065310383e-14
2.754138822407076197e-13
6.382233225923603093e-02
2.773076929338012294e-10
1.863086797417738083e+01
7.047567128276713230e-06
3.070679422279494174e-09
5.996977046656765451e-14
8.450376912816019568e-13
1.097486733907796340e-05
5.625364473726512764e-04
2.817126139109666981e-10
3.359737221512285629e-04
1.246639880104658982e+00
4.553189166818380961e-05
7.261336830592028946e+00
7.687094773216716914e-02
2.488084357571537097e+01
2.437379676812002316e+01
2.351259256580199875e+01
1.422378577372569215e-14
7.756589231803800733e-14
1.273178935582889823e-07
4.026186826612814938e-04
2.523336845657592102e-06
1.141086310537887168e-06
1.314792810386759459e-05
7.412874552085384845e-09
2.607589760338630214e+01
4.226502669549556807e-02
1.072422648961648965e-05
1.842891239678600412e-01
7.337667609247168716e-11
4.205455059229925574e-01
1.380365583649673553e-12
1.529987491653644297e-04
8.367499659866542316e+00
2.377407242330709281e+01
6.504552437463557600e-05
2.226788869192423689e-12
6.275143685082783316e-06
6.931480255273749034e-05
2.618118744162507028e+01
3.042891822031593160e-11
1.470870579049844418e-01
9.018526602038054563e+00
1.333699684400475569e-10
4.361689720000051854e-07
2.040341149414253508e+01
4.585246810484912327e-04
1.213278607133323048e-05
1.552493112903175310e-07
1.333168938898416994e-04
3.421224218157494184e-04
2.043290628610466798e-14
1.821968425952221564e-14
4.412155602495940521e+00
6.432069246666389031e-03
1.091867288440211921e-05
3.251662971208894581e-01
1.657275383701566795e+01
4.391556673150632389e-02
4.079539460847745325e+00
1.828273923733001615e-14
1.822647935386219635e-14
1.832200185868739695e+01
1.575004422498430630e-03
5.147831553235535803e-07
1.408316841721213031e+01
8.746892552381154809e-06
2.739850705721292223e-04
1.877695245575150906e+01
1.600526079101057569e-05
1.070757080327370806e-07
2.172795837524974871e+01
2.388793126984494464e+01
3.212385644485181047e+00
4.167989425898894889e-06
4.792824877656499005e+00
7.787946418869114318e+00
2.447719113090766598e-14
2.823301007858711333e-05
3.096288001133469666e-05
1.631305891447457093e-05
2.389843813172414499e+01
4.650186746932008703e-04
1.863732676184476134e+01
7.093609096661268251e-03
