8.169999999999998375e-01
7.994999999999998774e-01
8.025000000000003242e-01
8.619999999999999885e-01
8.405000000000000249e-01
8.529999999999999805e-01
8.854999999999998428e-01
8.465000000000003633e-01
8.499999999999999778e-01
8.130000000000001670e-01
8.334999999999999076e-01
8.225000000000000089e-01
8.275000000000000133e-01
7.784999999999999698e-01
8.914999999999999591e-01
7.830000000000001403e-01
8.295000000000001261e-01
8.489999999999998659e-01
8.675000000000001599e-01
8.165000000000000036e-01
9.200000000000001510e-01
8.209999999999998410e-01
8.629999999999999893e-01
8.165000000000000036e-01
8.209999999999999520e-01
8.565000000000000391e-01
8.160000000000000586e-01
8.480000000000000870e-01
8.970000000000001306e-01
7.945000000000002061e-01
8.110000000000000542e-01
8.120000000000000551e-01
7.974999999999999867e-01
8.144999999999997797e-01
8.024999999999998801e-01
7.979999999999997096e-01
8.930000000000000160e-01
8.795000000000000595e-01
8.345000000000000195e-01
9.015000000000001901e-01
8.335000000000001297e-01
8.465000000000000302e-01
8.330000000000002958e-01
8.190000000000000613e-01
7.925000000000000933e-01
8.309999999999999609e-01
8.625000000000000444e-01
7.924999999999999822e-01
7.859999999999999210e-01
7.949999999999998179e-01
7.974999999999998757e-01
8.060000000000002718e-01
8.225000000000000089e-01
8.669999999999999929e-01
8.244999999999998996e-01
8.395000000000001350e-01
8.479999999999998650e-01
8.239999999999999547e-01
8.335000000000001297e-01
8.365000000000000213e-01
8.044999999999999929e-01
8.390000000000000790e-01
8.289999999999999591e-01
8.279999999999999583e-01
8.250000000000002887e-01
8.434999999999999165e-01
8.004999999999999893e-01
7.754999999999999671e-01
8.100000000000001643e-01
7.924999999999999822e-01
8.375000000000000222e-01
8.559999999999999831e-01
8.505000000000001448e-01
8.544999999999999263e-01
8.375000000000001332e-01
8.584999999999999298e-01
7.924999999999999822e-01
8.865000000000001767e-01
8.059999999999999387e-01
8.185000000000001164e-01
7.789999999999999147e-01
8.270000000000001794e-01
8.850000000000000089e-01
8.545000000000000373e-01
7.475000000000001643e-01
8.190000000000000613e-01
7.994999999999999885e-01
7.940000000000000391e-01
7.965000000000002078e-01
8.180000000000000604e-01
8.160000000000000586e-01
8.535000000000000364e-01
7.859999999999999210e-01
7.500000000000001110e-01
7.754999999999998561e-01
7.374999999999998224e-01
8.129999999999999449e-01
7.890000000000000346e-01
8.270000000000000684e-01
8.634999999999999343e-01
8.820000000000001172e-01
8.069999999999999396e-01
7.845000000000001972e-01
8.070000000000000506e-01
8.140000000000000568e-01
8.610000000000000986e-01
8.420000000000000817e-01
8.495000000000001439e-01
8.660000000000001030e-01
8.275000000000002354e-01
7.865000000000000879e-01
7.839999999999999192e-01
7.650000000000001243e-01
8.699999999999999956e-01
7.685000000000000719e-01
8.160000000000000586e-01
8.170000000000001705e-01
8.005000000000001004e-01
8.804999999999999494e-01
7.970000000000000417e-01
7.954999999999998739e-01
7.550000000000000044e-01
7.995000000000002105e-01
8.515000000000001457e-01
7.465000000000000524e-01
7.665000000000002922e-01
7.880000000000001448e-01
7.934999999999997611e-01
7.540000000000000036e-01
8.060000000000002718e-01
7.700000000000002398e-01
8.380000000000000782e-01
8.005000000000001004e-01
8.050000000000000488e-01
7.955000000000000959e-01
8.069999999999997176e-01
7.784999999999999698e-01
8.345000000000000195e-01
7.904999999999999805e-01
8.310000000000000719e-01
7.620000000000000107e-01
8.200000000000001732e-01
8.125000000000000000e-01
8.264999999999999014e-01
7.635000000000001785e-01
7.874999999999999778e-01
8.515000000000001457e-01
7.905000000000000915e-01
7.429999999999999938e-01
8.194999999999998952e-01
7.950000000000000400e-01
8.039999999999999369e-01
8.390000000000001901e-01
7.879999999999999227e-01
8.334999999999999076e-01
7.384999999999999343e-01
7.759999999999999121e-01
7.620000000000001217e-01
7.930000000000001492e-01
8.105000000000001092e-01
7.645000000000001794e-01
7.735000000000000764e-01
8.325000000000001288e-01
8.110000000000000542e-01
8.490000000000000879e-01
8.494999999999996998e-01
7.844999999999998641e-01
7.935000000000000941e-01
7.664999999999999591e-01
7.929999999999998161e-01
7.815000000000000835e-01
8.389999999999999680e-01
7.739999999999999103e-01
7.724999999999999645e-01
7.950000000000002620e-01
8.100000000000000533e-01
7.470000000000003304e-01
8.064999999999998836e-01
7.824999999999998623e-01
7.790000000000000258e-01
8.195000000000000062e-01
8.069999999999999396e-01
8.200000000000001732e-01
7.945000000000002061e-01
8.154999999999997806e-01
7.580000000000001181e-01
8.339999999999999636e-01
8.059999999999999387e-01
8.555000000000002602e-01
7.970000000000000417e-01
7.674999999999999600e-01
8.280000000000000693e-01
7.664999999999999591e-01
7.979999999999999316e-01
8.065000000000001057e-01
7.590000000000000080e-01
7.935000000000000941e-01
8.079999999999999405e-01
7.329999999999998739e-01
7.580000000000000071e-01
7.910000000000000364e-01
7.135000000000001341e-01
8.409999999999999698e-01
7.349999999999998757e-01
8.079999999999999405e-01
7.429999999999999938e-01
8.134999999999998899e-01
8.515000000000000346e-01
7.935000000000000941e-01
8.295000000000000151e-01
8.034999999999999920e-01
7.340000000000000968e-01
8.685000000000000497e-01
7.914999999999998703e-01
7.584999999999999520e-01
7.929999999999999272e-01
7.310000000000002052e-01
7.524999999999999467e-01
7.999999999999998224e-01
7.859999999999999210e-01
7.654999999999999583e-01
7.680000000000001270e-01
7.254999999999998117e-01
7.835000000000001963e-01
7.280000000000000915e-01
7.724999999999999645e-01
8.345000000000000195e-01
8.055000000000001048e-01
8.305000000000000160e-01
8.089999999999999414e-01
8.184999999999998943e-01
8.040000000000000480e-01
8.135000000000001119e-01
7.400000000000001021e-01
7.680000000000001270e-01
8.625000000000000444e-01
8.160000000000000586e-01
7.885000000000002007e-01
8.155000000000001137e-01
7.974999999999998757e-01
8.380000000000003002e-01
8.364999999999999103e-01
7.474999999999998312e-01
8.084999999999999964e-01
8.284999999999999032e-01
7.479999999999999982e-01
7.495000000000000551e-01
7.784999999999999698e-01
7.674999999999998490e-01
7.665000000000001812e-01
7.540000000000000036e-01
8.074999999999998845e-01
7.550000000000001155e-01
7.419999999999999929e-01
7.239999999999998659e-01
7.879999999999999227e-01
7.460000000000001075e-01
7.600000000000000089e-01
7.449999999999999956e-01
7.604999999999999538e-01
7.079999999999998517e-01
7.989999999999999325e-01
8.339999999999999636e-01
7.609999999999998987e-01
7.400000000000001021e-01
7.404999999999999361e-01
8.005000000000001004e-01
8.010000000000000453e-01
7.264999999999999236e-01
8.849999999999998979e-01
7.459999999999999964e-01
7.339999999999998748e-01
7.600000000000000089e-01
8.479999999999999760e-01
7.334999999999998188e-01
7.759999999999999121e-01
7.354999999999999316e-01
7.534999999999998366e-01
7.620000000000001217e-01
7.830000000000001403e-01
8.590000000000000968e-01
7.755000000000003002e-01
7.249999999999999778e-01
7.760000000000001341e-01
7.869999999999996998e-01
7.515000000000000568e-01
8.004999999999998783e-01
7.974999999999998757e-01
7.399999999999998801e-01
7.465000000000000524e-01
8.395000000000000240e-01
7.440000000000001057e-01
7.455000000000002736e-01
7.429999999999999938e-01
8.024999999999999911e-01
8.014999999999998792e-01
7.410000000000001030e-01
7.339999999999998748e-01
7.789999999999999147e-01
8.174999999999998934e-01
8.039999999999999369e-01
8.134999999999998899e-01
6.850000000000001643e-01
7.490000000000001101e-01
7.539999999999997815e-01
7.565000000000000613e-01
7.984999999999999876e-01
7.935000000000000941e-01
7.865000000000000879e-01
8.155000000000001137e-01
7.814999999999998614e-01
7.630000000000000115e-01
7.439999999999997726e-01
7.314999999999999281e-01
7.504999999999998339e-01
7.334999999999998188e-01
8.019999999999999352e-01
8.050000000000001599e-01
7.690000000000002389e-01
7.890000000000001457e-01
7.874999999999999778e-01
7.750000000000002442e-01
8.069999999999997176e-01
8.260000000000000675e-01
7.425000000000000488e-01
8.360000000000000764e-01
7.810000000000001386e-01
7.829999999999999183e-01
7.994999999999998774e-01
8.085000000000001075e-01
7.699999999999999067e-01
7.339999999999998748e-01
7.700000000000000178e-01
7.975000000000000977e-01
7.435000000000002718e-01
7.850000000000000311e-01
8.040000000000000480e-01
7.819999999999999174e-01
7.430000000000004379e-01
7.085000000000001297e-01
7.459999999999999964e-01
7.274999999999998135e-01
7.749999999999999112e-01
7.840000000000000302e-01
7.980000000000001537e-01
7.635000000000001785e-01
7.429999999999999938e-01
7.314999999999999281e-01
7.534999999999998366e-01
7.175000000000000266e-01
7.750000000000001332e-01
8.410000000000000808e-01
7.165000000000000258e-01
7.719999999999999085e-01
7.545000000000000595e-01
7.665000000000001812e-01
7.990000000000000435e-01
7.574999999999999512e-01
7.149999999999999689e-01
7.770000000000003570e-01
7.654999999999998472e-01
7.340000000000002078e-01
7.305000000000002602e-01
6.684999999999997611e-01
7.160000000000000808e-01
7.449999999999998845e-01
7.444999999999999396e-01
7.865000000000000879e-01
7.639999999999999014e-01
7.310000000000000941e-01
8.120000000000000551e-01
7.580000000000000071e-01
7.800000000000001377e-01
7.704999999999999627e-01
7.225000000000000311e-01
7.259999999999999787e-01
7.169999999999998597e-01
7.360000000000002096e-01
7.604999999999999538e-01
7.520000000000000018e-01
7.010000000000000675e-01
6.955000000000000071e-01
7.764999999999999680e-01
6.970000000000001750e-01
8.390000000000000790e-01
7.630000000000001226e-01
7.015000000000000124e-01
7.834999999999999742e-01
7.020000000000000684e-01
6.789999999999999369e-01
7.884999999999997566e-01
7.020000000000000684e-01
7.529999999999997806e-01
7.130000000000000782e-01
7.184999999999999165e-01
7.764999999999999680e-01
7.005000000000001226e-01
7.105000000000001315e-01
7.915000000000002034e-01
6.834999999999999964e-01
7.695000000000000728e-01
7.890000000000000346e-01
7.390000000000001013e-01
7.905000000000000915e-01
7.139999999999999680e-01
7.029999999999999583e-01
7.675000000000001821e-01
7.980000000000001537e-01
7.890000000000000346e-01
7.195000000000000284e-01
7.099999999999999645e-01
7.425000000000000488e-01
6.619999999999999218e-01
7.714999999999999636e-01
8.090000000000000524e-01
8.039999999999998259e-01
7.969999999999999307e-01
7.710000000000001297e-01
8.094999999999999973e-01
8.039999999999998259e-01
7.714999999999999636e-01
7.770000000000000240e-01
7.814999999999997504e-01
7.665000000000000702e-01
7.784999999999997478e-01
7.300000000000000933e-01
7.275000000000000355e-01
7.225000000000000311e-01
7.415000000000001590e-01
6.824999999999998845e-01
7.085000000000001297e-01
7.175000000000000266e-01
7.964999999999998748e-01
6.794999999999999929e-01
6.905000000000002247e-01
7.209999999999997522e-01
7.700000000000002398e-01
7.500000000000001110e-01
8.085000000000001075e-01
7.650000000000001243e-01
7.225000000000000311e-01
7.285000000000000364e-01
7.420000000000002149e-01
7.789999999999999147e-01
6.945000000000001172e-01
6.949999999999999512e-01
7.620000000000003437e-01
7.270000000000002016e-01
7.259999999999999787e-01
6.849999999999998312e-01
7.369999999999998774e-01
7.140000000000000790e-01
7.795000000000000817e-01
7.214999999999998082e-01
7.479999999999997762e-01
6.855000000000001092e-01
7.554999999999999494e-01
6.670000000000000373e-01
8.099999999999998312e-01
7.105000000000001315e-01
6.980000000000000648e-01
6.460000000000002407e-01
7.124999999999999112e-01
6.754999999999999893e-01
7.454999999999999405e-01
7.619999999999998996e-01
7.954999999999999849e-01
7.135000000000001341e-01
7.695000000000000728e-01
7.290000000000000924e-01
6.624999999999999778e-01
6.470000000000001306e-01
7.240000000000001990e-01
7.339999999999998748e-01
6.969999999999998419e-01
6.909999999999999476e-01
7.655000000000000693e-01
7.459999999999997744e-01
7.454999999999999405e-01
7.324999999999997069e-01
6.790000000000001590e-01
6.910000000000002807e-01
7.354999999999999316e-01
7.040000000000000702e-01
7.219999999999999751e-01
7.130000000000000782e-01
8.359999999999999654e-01
7.030000000000000693e-01
6.969999999999998419e-01
7.820000000000000284e-01
6.894999999999998908e-01
7.325000000000000400e-01
7.335000000000000409e-01
6.659999999999999254e-01
7.225000000000000311e-01
7.270000000000003126e-01
7.709999999999999076e-01
7.145000000000000240e-01
6.620000000000000329e-01
7.210000000000000853e-01
6.975000000000000089e-01
7.325000000000000400e-01
7.020000000000000684e-01
7.704999999999999627e-01
6.424999999999999600e-01
7.110000000000000764e-01
7.355000000000001537e-01
7.084999999999997966e-01
6.959999999999998410e-01
7.149999999999999689e-01
7.414999999999999369e-01
6.730000000000001537e-01
6.965000000000000080e-01
7.780000000000001359e-01
6.520000000000001350e-01
6.725000000000000977e-01
7.725000000000001865e-01
7.209999999999999742e-01
6.085000000000000409e-01
7.369999999999998774e-01
7.460000000000002185e-01
7.394999999999999352e-01
6.925000000000001155e-01
7.710000000000001297e-01
7.484999999999999432e-01
7.385000000000002673e-01
7.549999999999998934e-01
6.875000000000000000e-01
6.629999999999999227e-01
6.615000000000000879e-01
6.634999999999999787e-01
6.700000000000001510e-01
6.139999999999998792e-01
7.084999999999999076e-01
6.614999999999998659e-01
6.965000000000000080e-01
7.300000000000000933e-01
7.555000000000000604e-01
6.830000000000001625e-01
7.325000000000001510e-01
6.589999999999998082e-01
6.890000000000000568e-01
6.420000000000000151e-01
7.375000000000001554e-01
6.599999999999998090e-01
7.079999999999999627e-01
7.459999999999999964e-01
7.060000000000000719e-01
6.005000000000000338e-01
6.354999999999999538e-01
7.070000000000000728e-01
7.260000000000000897e-01
7.284999999999999254e-01
6.785000000000001030e-01
7.350000000000000977e-01
6.604999999999998650e-01
6.360000000000001208e-01
7.445000000000000506e-01
6.789999999999999369e-01
6.034999999999998144e-01
6.324999999999999512e-01
7.175000000000002487e-01
7.384999999999999343e-01
6.809999999999999387e-01
6.710000000000002629e-01
6.600000000000000311e-01
7.409999999999999920e-01
7.229999999999999760e-01
7.335000000000000409e-01
6.834999999999999964e-01
7.139999999999999680e-01
6.839999999999997193e-01
6.875000000000001110e-01
6.800000000000000488e-01
6.524999999999999689e-01
6.630000000000001448e-01
6.609999999999999210e-01
6.209999999999999964e-01
7.409999999999999920e-01
6.405000000000000693e-01
6.795000000000002149e-01
6.834999999999999964e-01
6.850000000000002753e-01
6.049999999999999822e-01
7.175000000000001377e-01
6.245000000000000551e-01
7.074999999999999067e-01
7.565000000000000613e-01
6.604999999999999760e-01
6.949999999999999512e-01
6.639999999999999236e-01
6.784999999999999920e-01
7.605000000000000648e-01
6.730000000000001537e-01
7.324999999999998179e-01
7.800000000000001377e-01
6.690000000000000391e-01
6.835000000000001075e-01
7.265000000000000346e-01
7.234999999999999210e-01
6.935000000000001164e-01
6.815000000000001057e-01
7.314999999999999281e-01
6.755000000000001004e-01
6.534999999999999698e-01
6.869999999999998330e-01
6.265000000000001679e-01
7.370000000000002105e-01
6.794999999999999929e-01
6.459999999999999076e-01
7.435000000000000497e-01
6.949999999999998401e-01
6.594999999999999751e-01
7.189999999999998614e-01
7.184999999999999165e-01
6.924999999999998934e-01
7.019999999999998463e-01
7.345000000000000417e-01
7.459999999999999964e-01
6.209999999999999964e-01
6.655000000000000915e-01
6.905000000000004468e-01
7.024999999999999023e-01
7.225000000000001421e-01
6.394999999999999574e-01
6.524999999999999689e-01
7.215000000000000302e-01
6.399999999999999023e-01
6.920000000000000595e-01
6.099999999999998757e-01
6.665000000000000924e-01
6.534999999999999698e-01
6.590000000000000302e-01
7.010000000000000675e-01
6.630000000000001448e-01
7.565000000000000613e-01
6.765000000000001013e-01
7.145000000000001350e-01
7.329999999999998739e-01
6.879999999999999449e-01
6.844999999999999973e-01
6.324999999999998401e-01
7.735000000000000764e-01
6.669999999999999263e-01
6.669999999999999263e-01
7.045000000000000151e-01
6.424999999999999600e-01
5.964999999999999192e-01
7.135000000000001341e-01
6.865000000000001101e-01
7.459999999999999964e-01
6.744999999999998774e-01
6.345000000000000639e-01
6.690000000000000391e-01
6.645000000000002016e-01
6.229999999999998872e-01
6.850000000000000533e-01
6.615000000000000879e-01
6.734999999999999876e-01
6.764999999999998792e-01
7.155000000000000249e-01
6.865000000000001101e-01
6.379999999999997895e-01
6.905000000000000027e-01
6.129999999999998783e-01
6.770000000000001572e-01
6.565000000000000835e-01
7.089999999999999636e-01
7.019999999999998463e-01
5.985000000000000320e-01
6.549999999999998046e-01
6.875000000000001110e-01
7.230000000000000870e-01
6.355000000000000648e-01
7.009999999999999565e-01
6.140000000000002123e-01
6.620000000000001439e-01
6.729999999999999316e-01
6.609999999999999210e-01
6.424999999999999600e-01
6.459999999999999076e-01
6.430000000000001270e-01
6.034999999999999254e-01
6.284999999999999476e-01
6.955000000000002292e-01
7.129999999999999671e-01
7.280000000000002025e-01
6.045000000000001483e-01
6.899999999999998357e-01
6.494999999999998552e-01
6.529999999999998028e-01
6.885000000000001119e-01
6.470000000000000195e-01
7.339999999999998748e-01
6.034999999999999254e-01
6.455000000000002958e-01
6.884999999999998899e-01
7.664999999999999591e-01
7.384999999999999343e-01
7.340000000000000968e-01
6.734999999999999876e-01
6.594999999999999751e-01
6.670000000000001483e-01
6.569999999999999174e-01
6.484999999999999654e-01
6.530000000000000249e-01
6.815000000000001057e-01
6.694999999999998730e-01
6.274999999999999467e-01
6.495000000000001883e-01
6.900000000000002798e-01
7.100000000000001865e-01
6.515000000000000790e-01
6.609999999999999210e-01
6.915000000000002256e-01
6.174999999999999378e-01
6.555000000000000826e-01
6.380000000000000115e-01
6.490000000000000213e-01
5.714999999999998970e-01
6.525000000000001910e-01
6.614999999999998659e-01
5.799999999999999600e-01
6.215000000000000524e-01
6.970000000000000639e-01
6.895000000000002238e-01
6.965000000000002300e-01
5.965000000000002522e-01
6.304999999999999494e-01
6.010000000000000897e-01
6.635000000000000897e-01
6.319999999999996732e-01
5.905000000000001359e-01
6.420000000000000151e-01
6.410000000000001252e-01
6.729999999999999316e-01
6.215000000000000524e-01
6.744999999999999885e-01
6.330000000000000071e-01
6.435000000000000719e-01
6.274999999999999467e-01
6.790000000000000480e-01
7.064999999999999059e-01
6.174999999999998268e-01
6.915000000000002256e-01
6.014999999999999236e-01
7.090000000000001856e-01
6.270000000000001128e-01
6.534999999999999698e-01
7.415000000000000480e-01
6.895000000000002238e-01
6.449999999999999067e-01
6.475000000000001865e-01
6.724999999999998757e-01
5.865000000000000213e-01
6.039999999999998703e-01
5.840000000000000746e-01
6.290000000000000036e-01
6.335000000000000631e-01
5.924999999999999156e-01
6.169999999999999929e-01
6.775000000000001021e-01
6.465000000000001856e-01
6.135000000000000453e-01
6.455000000000000737e-01
6.194999999999999396e-01
6.299999999999998934e-01
6.515000000000000790e-01
6.339999999999998970e-01
7.245000000000000329e-01
6.745000000000002105e-01
6.685000000000000941e-01
6.390000000000000124e-01
6.360000000000000098e-01
6.185000000000000497e-01
6.265000000000001679e-01
6.414999999999999591e-01
6.559999999999999165e-01
7.154999999999998028e-01
6.480000000000001315e-01
5.710000000000001741e-01
5.455000000000000959e-01
7.180000000000003046e-01
7.105000000000001315e-01
6.720000000000001528e-01
6.549999999999998046e-01
6.390000000000000124e-01
6.229999999999999982e-01
6.600000000000000311e-01
6.025000000000000355e-01
5.825000000000000178e-01
6.930000000000000604e-01
6.045000000000000373e-01
6.739999999999999325e-01
6.579999999999999183e-01
6.604999999999999760e-01
5.150000000000001243e-01
6.320000000000001172e-01
6.474999999999999645e-01
5.909999999999999698e-01
6.394999999999999574e-01
6.814999999999998836e-01
5.615000000000001101e-01
6.014999999999999236e-01
5.950000000000001954e-01
6.459999999999999076e-01
6.599999999999998090e-01
6.420000000000000151e-01
6.134999999999999343e-01
5.905000000000001359e-01
5.899999999999999689e-01
6.600000000000000311e-01
5.275000000000001910e-01
6.450000000000000178e-01
5.984999999999999210e-01
6.150000000000001021e-01
5.959999999999999742e-01
6.105000000000000426e-01
6.335000000000000631e-01
5.889999999999998570e-01
5.910000000000000808e-01
6.490000000000000213e-01
6.484999999999999654e-01
6.284999999999999476e-01
6.479999999999997984e-01
6.574999999999999734e-01
5.760000000000000675e-01
6.274999999999999467e-01
5.240000000000000213e-01
6.529999999999998028e-01
6.669999999999999263e-01
6.415000000000000702e-01
6.715000000000002078e-01
6.975000000000001199e-01
6.569999999999999174e-01
6.774999999999999911e-01
5.795000000000000151e-01
6.359999999999998987e-01
6.324999999999999512e-01
6.165000000000001590e-01
6.779999999999998250e-01
6.815000000000002167e-01
6.409999999999999032e-01
6.425000000000001821e-01
5.789999999999999591e-01
5.969999999999999751e-01
6.229999999999998872e-01
6.079999999999999849e-01
6.209999999999997744e-01
6.015000000000000346e-01
6.929999999999998384e-01
5.709999999999999520e-01
5.645000000000002238e-01
6.300000000000001155e-01
6.554999999999999716e-01
6.800000000000000488e-01
6.385000000000001785e-01
6.344999999999998419e-01
6.474999999999999645e-01
6.234999999999998321e-01
6.049999999999998712e-01
6.149999999999998801e-01
6.284999999999997256e-01
6.640000000000000346e-01
5.604999999999998872e-01
5.900000000000001910e-01
5.929999999999998606e-01
5.945000000000001394e-01
5.695000000000001172e-01
5.354999999999999760e-01
6.619999999999999218e-01
6.885000000000001119e-01
5.729999999999999538e-01
6.650000000000001465e-01
6.719999999999999307e-01
6.165000000000000480e-01
5.500000000000000444e-01
6.234999999999999432e-01
5.614999999999999991e-01
6.365000000000001767e-01
7.050000000000001821e-01
7.085000000000001297e-01
6.390000000000000124e-01
6.039999999999999813e-01
5.589999999999999414e-01
6.559999999999998055e-01
6.054999999999999272e-01
6.069999999999999840e-01
5.405000000000000915e-01
5.785000000000001252e-01
6.044999999999999263e-01
6.135000000000000453e-01
7.050000000000002931e-01
6.794999999999998819e-01
6.050000000000000933e-01
6.105000000000001537e-01
5.399999999999999245e-01
6.565000000000000835e-01
5.925000000000000266e-01
6.190000000000001057e-01
6.054999999999999272e-01
6.410000000000001252e-01
6.090000000000000968e-01
6.500000000000000222e-01
4.970000000000000528e-01
6.139999999999998792e-01
5.874999999999999112e-01
6.199999999999997735e-01
5.440000000000001501e-01
5.839999999999998526e-01
6.529999999999998028e-01
6.229999999999999982e-01
4.999999999999999445e-01
5.335000000000000853e-01
6.385000000000001785e-01
6.875000000000000000e-01
5.965000000000000302e-01
5.895000000000000240e-01
7.159999999999997478e-01
6.690000000000000391e-01
5.460000000000000409e-01
6.059999999999999831e-01
5.959999999999999742e-01
6.620000000000000329e-01
6.485000000000000764e-01
5.930000000000000826e-01
6.689999999999999281e-01
6.534999999999999698e-01
5.599999999999998312e-01
6.069999999999997620e-01
5.630000000000002780e-01
5.989999999999999769e-01
5.885000000000001341e-01
6.604999999999998650e-01
6.249999999999998890e-01
6.309999999999998943e-01
4.935000000000001052e-01
6.374999999999999556e-01
6.134999999999999343e-01
5.355000000000000870e-01
6.154999999999999361e-01
5.815000000000000169e-01
6.315000000000000613e-01
6.510000000000002451e-01
5.335000000000001963e-01
5.800000000000001821e-01
5.849999999999999645e-01
6.065000000000001501e-01
6.009999999999999787e-01
5.544999999999999929e-01
5.240000000000000213e-01
6.215000000000000524e-01
5.940000000000000835e-01
6.119999999999999885e-01
5.665000000000000036e-01
5.919999999999999707e-01
5.384999999999999787e-01
5.694999999999998952e-01
5.965000000000000302e-01
6.055000000000002602e-01
5.485000000000000986e-01
5.720000000000000639e-01
6.280000000000000027e-01
5.905000000000000249e-01
5.815000000000001279e-01
6.295000000000000595e-01
6.509999999999999121e-01
6.284999999999998366e-01
5.835000000000000187e-01
5.879999999999998561e-01
6.889999999999999458e-01
5.499999999999999334e-01
5.924999999999998046e-01
5.359999999999999210e-01
5.819999999999999618e-01
6.330000000000002292e-01
6.585000000000000853e-01
5.380000000000000338e-01
5.805000000000000160e-01
5.135000000000001785e-01
5.550000000000000488e-01
6.585000000000000853e-01
6.275000000000000577e-01
6.525000000000001910e-01
5.689999999999999503e-01
5.284999999999999698e-01
6.239999999999997771e-01
5.989999999999998659e-01
5.575000000000001066e-01
5.909999999999997478e-01
5.934999999999999165e-01
6.174999999999998268e-01
5.970000000000001972e-01
5.974999999999999201e-01
5.799999999999999600e-01
5.975000000000002531e-01
6.170000000000001039e-01
6.209999999999999964e-01
6.019999999999999796e-01
5.650000000000000577e-01
5.675000000000001155e-01
