5.862713286797995860e-01
6.457227108098984036e-01
7.191294443163200878e-01
7.332950693690173383e-01
6.367727651920109810e-01
6.538565354112532146e-01
7.250350114306617355e-01
6.474849992754099226e-01
6.656404182844500861e-01
5.342074097281352962e-01
6.734956047971303317e-01
6.778874395886625992e-01
6.406979808370765195e-01
6.637224142762182533e-01
7.443373000751414281e-01
8.026722801292851539e-01
6.869467174866673576e-01
9.205797687138749241e-01
5.814560678593596599e-01
6.125546043471559177e-01
6.699162210966900233e-01
6.168641400454474288e-01
7.319371133836540810e-01
6.301391708507859679e-01
6.956347128670867797e-01
6.615496544924279743e-01
5.196610850345950716e-01
6.846534771316883372e-01
5.454450691169548948e-01
6.538365106940079441e-01
7.283578979968821088e-01
6.975044025206804665e-01
8.240975870929477809e-01
6.544906735737104908e-01
7.292152849603853459e-01
6.567805931442761702e-01
6.400283186265837143e-01
5.154092707691930730e-01
7.419899217623577847e-01
6.449367285698978103e-01
6.891374326446524368e-01
5.808697088885835802e-01
6.825972177986943112e-01
5.308152358918798441e-01
5.808666253594280127e-01
6.910567439166936943e-01
5.331127956120729205e-01
6.952080213204264725e-01
7.083853712760814769e-01
7.723179746386036326e-01
7.115569687740062044e-01
5.260959626734811323e-01
5.784826569961984966e-01
6.738889025173948610e-01
6.122413014218788252e-01
5.830977835940736043e-01
5.889736168435817376e-01
8.127685916083584594e-01
6.505884016938233705e-01
6.689379009734003345e-01
5.103693641575162143e-01
6.144059175226724845e-01
7.080760221410461464e-01
5.206215894395540555e-01
6.464877765878448423e-01
4.792380223868066280e-01
5.848334758656316135e-01
5.897830369143535201e-01
7.790829636110557788e-01
6.851079232938364072e-01
7.460607391551025147e-01
5.757340229801208853e-01
6.497757149126234255e-01
6.880238878734956653e-01
5.273977991672743615e-01
7.886949767260994504e-01
7.550445626266691912e-01
3.972784298562846428e-01
5.880239501985351502e-01
6.656144631973618386e-01
6.176796009069295268e-01
7.661509420169357876e-01
5.462844601558624058e-01
6.281830080280741413e-01
5.548037819169026053e-01
5.168188883160684810e-01
5.697192107088551172e-01
4.483322296967151566e-01
5.411404716213874533e-01
6.134914895324083961e-01
5.266298818992229958e-01
6.822143063732439838e-01
5.342734049474954228e-01
6.194408608244054149e-01
6.090665857242660852e-01
4.879156941287537408e-01
5.188348084754957901e-01
5.539436881641897070e-01
4.966954019840167933e-01
5.967765648955486446e-01
5.584368836561557359e-01
7.755545344218013337e-01
6.189968700103007926e-01
5.140423515000940302e-01
5.145233615665221194e-01
4.644022146703523091e-01
7.374542674327663194e-01
5.223243552630404407e-01
5.564457384465325562e-01
7.815910686056416479e-01
4.559774923676388481e-01
6.627496155289039903e-01
5.823398020611548764e-01
6.769925101776763654e-01
5.857015953794566521e-01
4.474100140612609078e-01
5.138655262604604479e-01
5.562729733023943357e-01
3.871732305618945102e-01
5.514229151112161054e-01
6.304315418507607793e-01
6.525559883162559416e-01
5.649873349217515717e-01
6.133985708413444149e-01
5.830831963261319251e-01
6.048700144401281120e-01
4.558090464705016331e-01
5.282841075111425200e-01
4.646886523542561598e-01
6.160684452822431378e-01
5.319440403502997405e-01
6.606589754990385144e-01
4.939727688538226857e-01
6.325514372660835383e-01
5.941765569718746587e-01
5.627597897177645248e-01
7.830624678941593420e-01
6.410792690219517809e-01
6.041640036672463188e-01
5.700505235687536310e-01
5.026885945807542111e-01
4.832751070499371471e-01
5.641388840159563545e-01
5.654735812565301334e-01
5.853341674346679291e-01
6.102912507468449821e-01
4.971476564264761255e-01
6.297879580434675439e-01
6.009418936702177749e-01
4.846423548622582067e-01
6.729434172733218533e-01
5.387177293755616159e-01
5.255322011051345443e-01
5.610826839116258569e-01
7.382110846360675493e-01
4.917835935143236026e-01
4.531023440603659247e-01
5.112577783839610257e-01
4.683643283346266561e-01
5.801509921889975718e-01
4.795018993929010542e-01
4.238250487906006225e-01
4.064031384197013264e-01
5.246215406186781616e-01
5.088149312908391009e-01
5.532848723264868207e-01
4.406465736196986116e-01
5.280134967135181601e-01
5.470884855215337739e-01
4.919073018844172807e-01
6.274692302576921898e-01
5.500255713163203497e-01
3.732231643198268833e-01
5.488020920571378136e-01
5.617661870596770690e-01
5.298393260269859129e-01
6.485509250913392698e-01
3.772085360851251123e-01
4.696539255848914407e-01
5.149790485955297870e-01
6.704633226631957488e-01
5.320059904371229331e-01
4.998248396817379646e-01
7.284534371123172480e-01
6.359207006371661031e-01
3.542633596152146569e-01
3.976221070869680463e-01
3.679930211013984764e-01
6.202745272729648374e-01
4.510645657825872457e-01
5.774555217386245776e-01
5.465461378970292161e-01
5.890479824136669595e-01
5.665303957152947323e-01
5.480569603036693493e-01
3.832947584776149608e-01
4.411516841762378460e-01
4.287403051731135117e-01
5.602217009161410965e-01
4.872530227050687057e-01
3.840938928090881221e-01
5.186765194921730826e-01
4.156980116473848463e-01
4.308989171716943178e-01
4.611034167151542573e-01
5.693612706103008403e-01
4.019765916584692178e-01
3.868260713199140333e-01
5.686054489729988060e-01
4.477484761764941035e-01
5.594093112078550867e-01
4.845107064508585859e-01
4.822059710615766992e-01
4.229223164639184240e-01
5.033516828879338600e-01
4.755276696173826312e-01
5.138407659308464881e-01
5.363882049773930349e-01
3.694095438911070284e-01
4.315382621707029576e-01
5.218047865398524054e-01
5.138693907254805460e-01
5.081238869453634788e-01
6.415757661275223178e-01
4.364405045150434037e-01
4.006828174092915140e-01
4.466441677925155895e-01
4.499241543822587452e-01
5.101444123732007396e-01
4.763928013095031222e-01
5.456516112168531274e-01
4.113450938080809860e-01
5.037275800995900665e-01
5.279066857917116273e-01
3.961724351782293096e-01
4.599630053102416460e-01
4.607097137235699469e-01
4.038692948305723229e-01
5.302965802562360498e-01
4.418379636639259700e-01
4.584923951960363508e-01
6.210178848037656296e-01
5.090437615606637767e-01
4.325412962471474332e-01
4.071829899054636992e-01
5.762615235034171945e-01
4.444108638874918471e-01
5.839035384140723872e-01
4.002918230120524057e-01
4.517367525850085608e-01
3.941893620456811687e-01
6.658058919280003263e-01
4.052363297483049243e-01
5.731344975646603945e-01
3.812800131525446168e-01
4.472693707024490428e-01
5.012345715098734944e-01
5.147959659616233585e-01
3.304110866639573540e-01
3.774891189490107157e-01
5.502040869200484074e-01
5.532499599144616864e-01
4.447929060846812499e-01
4.653908823129601080e-01
4.481156009780503657e-01
4.569080505334275899e-01
3.364749363821431527e-01
4.645097357672455796e-01
5.057719755192321420e-01
4.238071232918621534e-01
4.308555474905942928e-01
3.993765524247488430e-01
4.623193991386321255e-01
4.945425496157280221e-01
5.828069124576752413e-01
4.361832689967949372e-01
4.564062216884732792e-01
5.482814428702619258e-01
3.923638314062085075e-01
4.316061202940308927e-01
4.897325698324184740e-01
4.524105693899951319e-01
4.485260361045928512e-01
4.223107740260308995e-01
5.820659459629894394e-01
3.899182327670723258e-01
5.421454800095791837e-01
4.528288486564603366e-01
4.555335851935166103e-01
4.461184400358769730e-01
4.730988920933161257e-01
4.475092125295404011e-01
2.846618713465094985e-01
4.265580314638124371e-01
3.915109263955306451e-01
4.166064384681666399e-01
4.968390798808621223e-01
5.006251370357351904e-01
4.125941877429768478e-01
4.200971993300587903e-01
4.097533082286410333e-01
5.324814897608056707e-01
4.696501608812551076e-01
3.527573106752095455e-01
3.928970183053981380e-01
4.495334807409060440e-01
4.264975716855896049e-01
5.833854565007356996e-01
4.817458596999117382e-01
4.724997485123865193e-01
4.139374975546411539e-01
3.710599383528704331e-01
4.710289649050748984e-01
3.766151509279079268e-01
3.442008137099580867e-01
3.905033477661699060e-01
4.703307885909392971e-01
3.995171579151498009e-01
3.432480819719756493e-01
3.761175662464482095e-01
3.331861979781871042e-01
3.678395243331779585e-01
4.548662706747063078e-01
3.514998134458119372e-01
3.589469771052573588e-01
3.973355993403708819e-01
4.231443183564171928e-01
3.996320090316862750e-01
4.167866642847899428e-01
5.078320453485531960e-01
3.144722005540255272e-01
3.519137919743190457e-01
4.654481061727266389e-01
4.398440019918901656e-01
4.238351942179637288e-01
3.723751769960603197e-01
5.024436115370038980e-01
4.196157555871928846e-01
3.180170982394311952e-01
3.151556905883894366e-01
4.725163410122456553e-01
4.847200283016691591e-01
3.945981433194508115e-01
3.350398428532589956e-01
5.077179332755703545e-01
5.077677539979994492e-01
4.404041737931124190e-01
3.333912543716111565e-01
5.065414950170031849e-01
4.281939701067744020e-01
2.783123848915605159e-01
4.179250800339635030e-01
4.286177524124411553e-01
3.064886618663367757e-01
4.066494718292331667e-01
4.309567971709787337e-01
5.390068213304365363e-01
4.769366230220219993e-01
3.944165093209749395e-01
4.196080839859345213e-01
4.148323080721874612e-01
4.266942730039862131e-01
4.341153215149956002e-01
3.466419185765766131e-01
3.791340579697444202e-01
3.757532300598349639e-01
4.066385797048248651e-01
3.722315790714563200e-01
3.497628703813631112e-01
4.261698700303468423e-01
3.097978482793695143e-01
3.937614716303954876e-01
4.039496952477411029e-01
3.479831730126855538e-01
3.365580009970875475e-01
3.284248817798685049e-01
4.400272432955145696e-01
4.163238837493887234e-01
4.148744820480917417e-01
4.389296412947206183e-01
3.139140018442949653e-01
3.302263074052187997e-01
4.112528022013965390e-01
4.666368443939731825e-01
3.389303605003141096e-01
3.514478865948125752e-01
3.885301648889042392e-01
3.752204782694045782e-01
3.810774416045465962e-01
3.355117992734567012e-01
3.019068279203306893e-01
4.830638556094241642e-01
3.922218260646780363e-01
3.207612654761383131e-01
3.533827174233752366e-01
3.672760389567073513e-01
3.995946254139473020e-01
4.847324611397579308e-01
3.928678963273994351e-01
4.300249733949926823e-01
3.332478752116357357e-01
4.213402203149662073e-01
3.349095659287550930e-01
4.324883026378577577e-01
4.021851970678069765e-01
4.259257720659855306e-01
3.357301134492926553e-01
3.321316001012299401e-01
3.523736663965466032e-01
3.529120632937712276e-01
3.591944024919190293e-01
3.061082487207300029e-01
2.799116920338744485e-01
3.449049888862830149e-01
4.226741378353355283e-01
3.028150984654779942e-01
3.046471099886433054e-01
3.525044204278445226e-01
4.378082814720362093e-01
3.017811368597137500e-01
3.659447433610121814e-01
3.768775311359201519e-01
3.243304737898242140e-01
4.558312890821082930e-01
4.773482279330521494e-01
3.651741875329319598e-01
2.914821373929737391e-01
3.592330336757328935e-01
3.825607191680169272e-01
4.244994942953244643e-01
2.772798957520384300e-01
3.161699784594706464e-01
3.009247862501924775e-01
3.755229081577944883e-01
4.321366754199573723e-01
3.412258336906283107e-01
3.745347351036284467e-01
3.111754186168428915e-01
3.555380456218696361e-01
4.139411578373675682e-01
4.124309269335723616e-01
3.242522690742640212e-01
2.991532420910774648e-01
3.805722350391851916e-01
3.615720833106220167e-01
2.716459831085020205e-01
3.648182622607854531e-01
3.974789262322420136e-01
4.037291516946529546e-01
3.299804985671236368e-01
3.898879094436303872e-01
3.224216089058392076e-01
3.095899236336879246e-01
4.288375410824925016e-01
3.198446841441514588e-01
3.265553803200992866e-01
4.073676226903136244e-01
3.824535340801504812e-01
3.780327220980173042e-01
2.608865388610439595e-01
4.523240060514412963e-01
4.114930009111382181e-01
3.642323483288520958e-01
3.648258580138048490e-01
3.668564199753021615e-01
4.117778220541605250e-01
2.795317108272545870e-01
3.857785350554759907e-01
3.488593666736199972e-01
4.061652253356766162e-01
3.422551170832730527e-01
3.626217106779893173e-01
4.032898003436301559e-01
2.690613512319715017e-01
3.268468266971537584e-01
4.067518013997750148e-01
3.377770417580737705e-01
2.815396858542961733e-01
2.707834813117048212e-01
2.830732954573841886e-01
3.110662164512496553e-01
2.585884981467209687e-01
3.930257178202760660e-01
3.322068070115252736e-01
3.562111680054708129e-01
4.396215764331020681e-01
3.518716423060480047e-01
3.229784922881013820e-01
2.825504958877567141e-01
3.728135341807067293e-01
3.236147620581283912e-01
3.440746616509864908e-01
3.212744526048151861e-01
3.555548754671134515e-01
3.416161522587627397e-01
2.729772849097941712e-01
3.362963126970033856e-01
3.100347834462701124e-01
3.856710514640406817e-01
2.908666839452472841e-01
4.152967527969760320e-01
3.841265708310379057e-01
3.394125763258453166e-01
2.972558256883226502e-01
3.981711153775279732e-01
3.557365455871778770e-01
3.123463341425437578e-01
2.720971777830974991e-01
3.452200363575420594e-01
3.441245010017546790e-01
3.110486249927673086e-01
3.076454895865701755e-01
3.249104112109307274e-01
3.044490654792210149e-01
3.460140340221371513e-01
2.927889346331410958e-01
3.703450150284875453e-01
2.194354966374166549e-01
3.455043860937755951e-01
3.047228830243060016e-01
2.583987225623292083e-01
3.534469057153660221e-01
3.151630676721803304e-01
3.029273677359642369e-01
3.261271324716178421e-01
3.041575169770842080e-01
3.434669889280399513e-01
3.392594259250340527e-01
2.836757456945223077e-01
2.904645618825915099e-01
3.456801841335905290e-01
4.174460080120590000e-01
3.453289579821522959e-01
3.082747931487330728e-01
2.569658756134065580e-01
3.084974981344260625e-01
3.082791874718173175e-01
3.385661374297818660e-01
3.212520954801678097e-01
2.696041797143371999e-01
3.201666515772959576e-01
3.740522104392914327e-01
2.976127591561301133e-01
3.265207926710088082e-01
3.165558016857614732e-01
3.418640117263824774e-01
3.062073660305033584e-01
3.487705219099381249e-01
3.230453431730015978e-01
3.521137641862019940e-01
2.434264351661597769e-01
3.400775997546531260e-01
3.784922177847360181e-01
2.978972033326944269e-01
3.706811034710209007e-01
3.553757267529067398e-01
3.003571844053435913e-01
3.680723429656811430e-01
3.023007407083411757e-01
2.688235899835238474e-01
2.307695201156476639e-01
2.946823856161085442e-01
3.742384543550566489e-01
2.642541556504471312e-01
3.827848276664670424e-01
3.143359260620884887e-01
3.022888503879614386e-01
3.087191561357552350e-01
3.197300043796018620e-01
3.408464942785658369e-01
2.845216569719541400e-01
3.027470787826352372e-01
3.156942002489554477e-01
2.792271885296072065e-01
3.826201945247750813e-01
2.748471973879319519e-01
3.297660001441533595e-01
3.173585363470801668e-01
3.919702225952660934e-01
2.968752093781856227e-01
3.189592301163487464e-01
3.160416086858175433e-01
2.765595543674466694e-01
3.291980335792578094e-01
2.712934336065288554e-01
2.714596492078853451e-01
2.706240616517259223e-01
2.900591172390153960e-01
2.638473400331061147e-01
2.998507317231761671e-01
2.957695786502991808e-01
2.725439814115714343e-01
2.868130559370232202e-01
3.582406539857297401e-01
2.679192325277635622e-01
2.433727758190219193e-01
2.753131761910962427e-01
3.630400598010780078e-01
3.163163804590625738e-01
3.306727422825267437e-01
3.965879021855663322e-01
2.661236675339703761e-01
2.923285015109792773e-01
3.102185138643739348e-01
2.851122944725901776e-01
2.712934035631258678e-01
2.645843341689720907e-01
3.013460297946254918e-01
3.622978983137948861e-01
3.391338576897923174e-01
3.410247476308405079e-01
2.360216522121145744e-01
2.456634141615251510e-01
3.844050778714300787e-01
2.861080801339870860e-01
3.209882520888968083e-01
3.552092836035271595e-01
2.701190106467181717e-01
2.974315211066148046e-01
3.770484971801064678e-01
3.018375266097713117e-01
2.544062246041963182e-01
2.448390795045204682e-01
2.748542469368728258e-01
2.573213574767507783e-01
2.408375280037387545e-01
2.514561662693491906e-01
3.264954778335646401e-01
2.602099030652681444e-01
3.341251495845635189e-01
2.458349379927242118e-01
2.338930620133534699e-01
3.012929290628095225e-01
2.570020393788089996e-01
2.942556929401791144e-01
2.747085752876044507e-01
3.157692457374215445e-01
3.116801665701994239e-01
2.530769821086089055e-01
2.520325894780572340e-01
3.293951335741606701e-01
2.349788354612293295e-01
2.855312192571115570e-01
2.387900762919767383e-01
2.607936716542757494e-01
2.957804828532478725e-01
2.516317829913654047e-01
2.519291250183359199e-01
2.856587457891662241e-01
2.539790206963832842e-01
2.789792863040150284e-01
3.003047892779858175e-01
3.279745323986509864e-01
2.572494184600741529e-01
2.299112019551690644e-01
2.694180201682832565e-01
2.601655563193869258e-01
3.501754471975175864e-01
3.098911948262533245e-01
2.464312046204270024e-01
2.958715028683172044e-01
2.825973161314209725e-01
2.912966042793282417e-01
2.838709221022702178e-01
2.782620900647357898e-01
2.709312511792995593e-01
2.897324865575839348e-01
2.625704162293931998e-01
3.165756582830588917e-01
2.705500670515277872e-01
3.106668281752806293e-01
3.242183054170192369e-01
2.662116312726342526e-01
2.735410951787461964e-01
2.044500439421891580e-01
3.008828223270033630e-01
2.448408836530731048e-01
2.546746982687259075e-01
3.434623915681768169e-01
2.746106270898353574e-01
3.114024886779951373e-01
2.845476378947697227e-01
2.284902374234916711e-01
2.358182565299941913e-01
2.777345413847944200e-01
2.579049357765808015e-01
2.668095875374151826e-01
3.048783416103827970e-01
3.006913033386152678e-01
2.422339141435967957e-01
2.590570049278683173e-01
2.574157497625280122e-01
3.027674111948734370e-01
3.160032559209022263e-01
2.756435483984857049e-01
2.558882592598921701e-01
2.381241909535159185e-01
2.811600575568272697e-01
3.090188632749432118e-01
2.596235062920087544e-01
2.479351300966790572e-01
2.847958802656226363e-01
2.262448291979062276e-01
2.862781603161905220e-01
1.963591150684350917e-01
3.296606149903683058e-01
2.548566679339745455e-01
2.570691742805258917e-01
2.696740392373861983e-01
2.265705932400103872e-01
2.614500516775940531e-01
1.985515850807584026e-01
2.704321802752554516e-01
2.893639906721977573e-01
2.408612100795327893e-01
2.651470798455085043e-01
2.520507984814139291e-01
1.902277228953661858e-01
2.778227522839010755e-01
2.780216634416157739e-01
2.530926106036752721e-01
2.742525703408648652e-01
2.781345116098388193e-01
2.743976334217357871e-01
2.701331529484652383e-01
2.620739588268555242e-01
2.513779706235098055e-01
3.038969173034578031e-01
2.494403498245917061e-01
2.358755945314335301e-01
3.206066152493622368e-01
2.850415485549770422e-01
2.795521599164333959e-01
2.295039673865968410e-01
2.495301670552431406e-01
2.319650190491316100e-01
2.665674713225388293e-01
2.335931907535734597e-01
2.349666346414366891e-01
3.184529252384765141e-01
2.244676949114979003e-01
2.515064755625210924e-01
2.360354969011139170e-01
2.411035362896688794e-01
2.420695559887254544e-01
2.276341939669368486e-01
2.161160362596009354e-01
2.132837267194868103e-01
2.877741044524474989e-01
2.770659597433355881e-01
2.950324241761995703e-01
2.237051782755672125e-01
2.020508681143038943e-01
2.042243503893996781e-01
2.150427292721995842e-01
2.242082606555057811e-01
2.879473479228726873e-01
2.855767364079874193e-01
2.475408876056328922e-01
1.952875756828502396e-01
2.748731641362663902e-01
3.293043977145607148e-01
2.634081305638961701e-01
2.492133584420750114e-01
1.584666036217020901e-01
2.094146316364549620e-01
2.565172928295504362e-01
2.164667994644349780e-01
2.178518458750048348e-01
1.927841412689737799e-01
2.321227818815595478e-01
2.504796566717159556e-01
3.137177386686549885e-01
2.524153351318441096e-01
2.003728374909675425e-01
2.522462114335080607e-01
2.023351100140736991e-01
2.748258428796502839e-01
3.374578635487263112e-01
2.136623717633172881e-01
3.340789132939718797e-01
2.554857089957398020e-01
2.914954565279217480e-01
2.326048402026495987e-01
2.048142684491939813e-01
2.621519344049968447e-01
2.436740144272833142e-01
2.212641537485031396e-01
2.518215287434193428e-01
2.337192395796099387e-01
2.091326087388893362e-01
2.378688404461072603e-01
2.807912868995891542e-01
3.056119890092433011e-01
2.232286429842224307e-01
2.628449534211709793e-01
1.667085690935342090e-01
1.981953651224493129e-01
2.093951496066003837e-01
2.349297419396445263e-01
1.953065338770158532e-01
2.730645432203707146e-01
2.231306600749206615e-01
2.157667310563878005e-01
2.264546591660264729e-01
2.187744079581537548e-01
1.884894259530370819e-01
2.513642813914906404e-01
1.861667839144682812e-01
2.195166710387869424e-01
3.096643845939995865e-01
2.330565544253074550e-01
1.901680284598786241e-01
2.316117146679123606e-01
2.484877865619563864e-01
2.401645072885862930e-01
2.081287749967257461e-01
1.826586585639209392e-01
2.440148161452884989e-01
2.445718253619750815e-01
2.181079656382892973e-01
1.918040139464888272e-01
2.373044199036957458e-01
2.377384493785834607e-01
2.259634102899366614e-01
2.105337263394917446e-01
1.871713775305144933e-01
2.204355603819002085e-01
2.762151006712253443e-01
2.358374842776091440e-01
2.447627152038973630e-01
1.981172346947420726e-01
1.699924434445276300e-01
2.236178683222896646e-01
2.119262646942761119e-01
2.765458124112366023e-01
2.833659108279911187e-01
1.479034962743777659e-01
2.482591817647155918e-01
2.608777197879386112e-01
1.860259345544302556e-01
2.766341024015175898e-01
2.655587129067277785e-01
2.168039186883564950e-01
2.750657068048464327e-01
2.277274136518183667e-01
1.896276285495453184e-01
2.014893232666479517e-01
2.374203023797204770e-01
2.194568243319337808e-01
2.727421411460750345e-01
1.987456387410954373e-01
2.246476805942929089e-01
2.061349628860088545e-01
2.003211754752418916e-01
2.084535786059900364e-01
2.317124237466313408e-01
1.973191053720250443e-01
2.837690712736701260e-01
2.746617328576513306e-01
1.989182310788984720e-01
2.117414807521630360e-01
2.278304404912982473e-01
2.190080254448262820e-01
1.777475413300595719e-01
2.436618066769213886e-01
2.580102670652068553e-01
2.875815892315943256e-01
1.950374500470892503e-01
2.252504314687892306e-01
1.887968636198891215e-01
2.056145557518449518e-01
2.163985928357602673e-01
1.686333326150528389e-01
2.117282695323176311e-01
2.666791014765784174e-01
2.283714521674986841e-01
2.437950293215370157e-01
2.591928623242813479e-01
2.067490433066794531e-01
2.133114094887257339e-01
2.124432420527117560e-01
2.755001469434038008e-01
3.008045044498788845e-01
1.673374135680467945e-01
2.192229045829957312e-01
2.753310561186937400e-01
2.600882610331384237e-01
1.912374726890810617e-01
1.969592710473225539e-01
2.364682173045438429e-01
2.048213062993366196e-01
1.999295155478255925e-01
2.162546491635581603e-01
2.502731120786153562e-01
2.723256734303783899e-01
1.713490303584396246e-01
1.797579490689593384e-01
2.273908705001409514e-01
1.872179024266485137e-01
2.599420525491070721e-01
2.386866521369946925e-01
2.125521517556943074e-01
2.250300660408343922e-01
1.951488789326895623e-01
1.863993402808551969e-01
2.273050945141993073e-01
1.834788377373036683e-01
2.728920137909888743e-01
2.068181165708943281e-01
2.091711829286169722e-01
1.885405901683826768e-01
1.999634164417211923e-01
1.902213661303210901e-01
2.002066308085808932e-01
2.071620403007511380e-01
2.181719137002252895e-01
2.223162552044762041e-01
2.471276384142095939e-01
1.622335427131091634e-01
2.613577705114685235e-01
2.407189587450400681e-01
2.302468159060395980e-01
2.128592885950409963e-01
2.569251811737178204e-01
2.501409064828498119e-01
2.074404985066325424e-01
2.620085731089693004e-01
2.287077203841374751e-01
1.845023340466625250e-01
1.813765690071326708e-01
1.932538719474907185e-01
1.973333482716587428e-01
1.892290165890374298e-01
2.142947238817745625e-01
1.713309682001882273e-01
1.960094039776358044e-01
2.054450734360544484e-01
1.868615879183288808e-01
1.975741969117184860e-01
2.160372208926066573e-01
2.142136092041725115e-01
1.649887060103954473e-01
2.297705728449589702e-01
2.117326214226235293e-01
2.714394586696451395e-01
2.283481694279177188e-01
2.128905933598004563e-01
1.966060351861235178e-01
2.210385430947270080e-01
1.868525500403696860e-01
1.758675133336664032e-01
2.165132815015724521e-01
2.196214297889856337e-01
2.414340413197630375e-01
2.308990025068822227e-01
2.229797401992636152e-01
1.527118633903147282e-01
2.264731563139002479e-01
1.708137415759553024e-01
1.841417953703064492e-01
2.079205737001324494e-01
1.959607462446915915e-01
1.480951246529511045e-01
1.623601598685897318e-01
2.160295473620499895e-01
2.037534166977752470e-01
1.947610575799416655e-01
1.619132683844070331e-01
2.167099472230848700e-01
1.912504979097782443e-01
1.853013998074281299e-01
1.870565710302885820e-01
2.672867830507833498e-01
1.844227920670787335e-01
2.128758784517578995e-01
1.680259824689812609e-01
2.071895901409706031e-01
2.286911022768679247e-01
1.790687474053178629e-01
2.106990682906731416e-01
1.808108258468202056e-01
2.262063578111925544e-01
1.687677964660428687e-01
2.296982008240059936e-01
2.109463425683637261e-01
1.740924198924822530e-01
2.122192115333323414e-01
1.973001010806510747e-01
1.505449252261965853e-01
1.905728386621311776e-01
1.954068434880127658e-01
1.530922439608432273e-01
2.074066834065785292e-01
1.604166631733460469e-01
2.205909951452939832e-01
1.820432971715031378e-01
1.820880193913422818e-01
1.801803654376276653e-01
2.136400734158956649e-01
1.912653461298020885e-01
