6.177971519494053809e-16
1.069923528620369478e-04
4.573582043954345995e-04
1.187627437143327895e-05
1.781643289336819251e-05
3.496461416096779962e-01
3.398431684713795254e-04
1.257000926982315414e-01
6.771713354565066512e-01
1.495820948189554135e-03
1.778011668671169998e+00
4.470970441209985435e-01
4.489976144660526636e+00
6.555997564759442620e-01
1.608885088695233723e+00
2.388263955607356159e+00
4.922649609597598008e+00
1.362620256105830263e+00
2.061674545998093411e+00
2.615940154897660186e+00
3.191817722967161153e+00
