2.249603357024343997e-01
2.117335536112248118e-01
2.184780941724640824e-01
2.354686112860562286e-01
2.144098580402537257e-01
1.792779349606255235e-01
1.492558233029655790e-01
1.308568988246254783e-01
1.284531988719297135e-01
1.347801822834519547e-01
1.405769486350997854e-01
1.544427516930154398e-01
1.215088485473894420e-01
8.703646194248830514e-02
7.066723089957674397e-02
6.653555531998581185e-02
6.972947753677156968e-02
7.246069578183575444e-02
7.502807281738131662e-02
8.386226946676569871e-02
1.006095325632911097e-01
1.239947934024353549e-01
1.554047067749598221e-01
2.037921768209925710e-01
2.894466096708861458e-01
3.164537896175970144e-01
3.110311972396605507e-01
3.327336149662826759e-01
2.750882588215274316e-01
2.214374183704016230e-01
1.705545086775511754e-01
1.460786148470941403e-01
1.203377970880929598e-01
1.175056466194832894e-01
1.130288102458608390e-01
1.037503072224790629e-01
1.003271995536286071e-01
9.913050853411947694e-02
9.662479341422629264e-02
1.016626769766206112e-01
1.103629390323336706e-01
8.725802055553417980e-02
7.747137821439092908e-02
8.004654642942028719e-02
8.539263443439518153e-02
9.026383800639897759e-02
9.446723397668323197e-02
9.765304561964391339e-02
1.100357164989814729e-01
1.257000926982315414e-01
