2.059016012176893895e+00
2.070744108292524199e+00
2.096815250319816748e+00
2.137664402302678734e+00
2.190193066924926768e+00
2.210642886243452843e+00
2.164224529687832188e+00
2.101886601360484885e+00
2.086524683434302752e+00
2.086842595106956466e+00
2.076292618473057683e+00
2.064710899937662436e+00
2.072934447055446938e+00
2.099078935912984445e+00
2.131910639224764203e+00
2.160675260968273559e+00
2.143563262275704595e+00
2.082545890737047323e+00
2.031344677966567591e+00
1.983873260657449178e+00
1.919550320780535113e+00
1.862340859159647311e+00
1.817238997969051528e+00
1.796726839211380433e+00
1.796340009913654168e+00
1.805663894009748471e+00
1.822280243579568193e+00
1.836170432938243335e+00
1.862916028139223412e+00
1.888467292446053492e+00
1.894153751525995188e+00
1.898148644416981057e+00
1.902178179866731655e+00
1.907391126465869835e+00
1.912702382787041078e+00
1.925095785678140103e+00
1.951985681796071237e+00
1.984149018172147505e+00
2.021281491916590234e+00
2.060740667197559439e+00
2.029437415602964645e+00
1.981399480061170948e+00
1.963904196818843984e+00
1.949801761378158860e+00
1.949462365811025721e+00
1.961479022987116849e+00
1.974778504280726876e+00
1.997089910181718109e+00
2.034031224814524030e+00
2.061674545998093411e+00
