6.434113353867305235e-05
5.313163818239205374e-05
4.037600097984879184e-05
3.137155777453410846e-05
2.727993539094149592e-05
2.586110650801870834e-05
2.430195314363909861e-05
2.199686289330134829e-05
1.996322393296190388e-05
1.804258214830995296e-05
1.605675856964019100e-05
1.414529586263491423e-05
1.262685218565920324e-05
1.165665702961370206e-05
1.117907022311465895e-05
1.111401241788794661e-05
1.143065596628096022e-05
1.208358732539548423e-05
1.289052907799387966e-05
1.357838596377553690e-05
1.421628169823001354e-05
1.517747694612375318e-05
1.663956989555309267e-05
1.854663903137060004e-05
2.065170797606706311e-05
2.226980327533313120e-05
2.309364996326427463e-05
2.401892073489564390e-05
2.560321249498350831e-05
2.770121356473408838e-05
3.040859679699778399e-05
3.345893250778205559e-05
3.595712687435354720e-05
3.616585976105997043e-05
3.436771783109719410e-05
3.310726061723481741e-05
3.593819668404000655e-05
4.476375401721960459e-05
5.533058539651889839e-05
5.945839255805740947e-05
5.356218415133937987e-05
4.225541980315470323e-05
3.137019200080078975e-05
2.391354946567619827e-05
1.965503206787299898e-05
1.711612022462496717e-05
1.535462785684675317e-05
1.402578896796512113e-05
1.292917967313702630e-05
1.187627437143327895e-05
