6.766380915194513124e-01
6.766981253561454857e-01
6.767503347855221563e-01
6.767997388501222344e-01
6.768546335991638685e-01
6.769176890762959031e-01
6.769897153529961242e-01
6.770811291213740812e-01
6.771599126489575848e-01
6.772224128856466630e-01
6.772848116549204933e-01
6.772588149140172931e-01
6.771506271991573067e-01
6.770482631705697640e-01
6.770156678160358377e-01
6.770265872376650673e-01
6.770488056846614144e-01
6.770765215731937570e-01
6.771033569072285596e-01
6.771227913552354538e-01
6.771368725371891273e-01
6.771605023295608206e-01
6.772093870069485488e-01
6.772542354915269680e-01
6.772615694567920563e-01
6.772199281992752340e-01
6.771669501856243389e-01
6.771380565197258061e-01
6.771431262278215790e-01
6.771545160601870617e-01
6.771839344701836572e-01
6.772096790028061530e-01
6.771977594709134296e-01
6.772025395309752005e-01
6.772306815216853071e-01
6.772271107845008187e-01
6.772344536150594063e-01
6.772977155269577221e-01
6.771941722723070489e-01
6.772008620479210705e-01
6.772018925293789016e-01
6.771541164174211813e-01
6.771050075421243264e-01
6.770623810916820418e-01
6.770629406734107736e-01
6.770845766598826421e-01
6.771062906729435893e-01
6.771219116275416505e-01
6.771374582179251478e-01
6.771713354565066512e-01
