1.734686828131124070e+00
1.762377469069615232e+00
1.778849364886175177e+00
1.789683698144199253e+00
1.788823134528747527e+00
1.779403762244809339e+00
1.765758070384739753e+00
1.748580845866331446e+00
1.735190400239986275e+00
1.720232642415724156e+00
1.698018090278100800e+00
1.668201084612018992e+00
1.650555986704112854e+00
1.630222271418775737e+00
1.602695691811479417e+00
1.596694672775940349e+00
1.599541187870863856e+00
1.614734153643197612e+00
1.631333922977314277e+00
1.643795958008161806e+00
1.651758913469783652e+00
1.655100753669659808e+00
1.663986740516683493e+00
1.661096680607606846e+00
1.652150421239201972e+00
1.638610257780786839e+00
1.629130198355803527e+00
1.627172564206644356e+00
1.636660978922809706e+00
1.631457168851099038e+00
1.627905365341569155e+00
1.621499173153931439e+00
1.617023014021786054e+00
1.608297273375196568e+00
1.595180842779511332e+00
1.565298544329793540e+00
1.551693220761940939e+00
1.550320307426512167e+00
1.560445389596356147e+00
1.586261958566495656e+00
1.627427447947246364e+00
1.675160273191557803e+00
1.719334050223242372e+00
1.748319817491403416e+00
1.766378530135898739e+00
1.774921887045184388e+00
1.767918807712642870e+00
1.764914569908325515e+00
1.771932602695394987e+00
1.778011668671169998e+00
