-1.216235225835346156e+00
-2.606927839060053098e-01
6.885993146508831431e-02
-2.610246968925100219e+00
1.572734523765115577e+00
2.183335186522891824e+00
4.311108716177729505e+00
-3.241461160549446996e-01
-3.738396094636684985e+00
3.370086306027767264e+00
-1.217121623916904927e+00
1.089473074018824095e+00
-1.467637100466528399e-01
3.807262352377390524e+00
-6.911643616316144323e-01
3.177251796708921550e+00
4.959012840307996418e-03
6.079305999983039221e+00
-9.395549990589807665e-01
-1.658811493597785458e-01
-2.760277171498422888e+00
-3.340151400567078710e+00
-1.724177853575191710e+00
2.459517220304001217e+00
-3.923199158315835877e+00
2.388227066680951971e+00
-3.058369666559124678e+00
-1.229252149910536746e-01
-2.390738153809352617e+00
8.495908572515507018e-01
-1.839454221606458273e-02
-3.462796925726673303e-01
1.198664450080768745e-01
-3.816728219842350223e-01
1.378237664399454276e-01
2.647397530772617635e+00
9.967395592979452212e-01
-1.793907956469695364e+00
2.719365164933291723e+00
3.266411923680915402e-02
2.491375296012102503e+00
-1.825497682641007646e+00
9.465849206257921644e-02
-8.842789912580238942e-01
2.746362112470431160e+00
-1.504473355675148394e+00
1.025706968416252751e+00
-1.718778772546937450e+00
1.211574539485322788e-01
-1.885633521913445021e+00
-1.429042838685902206e+00
-5.908794378718222884e-01
-2.590624665818925254e-01
1.761020145553902905e-01
5.038907900533002859e+00
-6.444885039737433541e-01
6.727908388040508558e-02
-3.500383278199567627e+00
-1.580537338536121439e+00
-1.691394502200357586e+00
-1.276222009712264294e+00
3.907441982738165454e+00
-4.765338620331594832e+00
1.269606484421077042e+00
-1.301522707986283722e-01
-7.825247991211294885e-01
-2.695347285214766853e+00
-1.633144247253980552e+00
-1.549827166728844352e+00
-5.519631485758931255e-01
3.395581344467942242e-01
4.542799214414043607e-02
9.192101876647196246e-01
-5.168958993847247108e+00
6.598718181375625713e-01
-5.430331760051831047e+00
2.437087360641320810e+00
-1.510318476332769722e+00
-1.669029147122115031e+00
-2.926808623523263098e+00
8.310943433919102397e-01
3.701122914686829635e+00
-4.554013662018427944e+00
-2.413202674387687097e+00
-1.371108783752464477e+00
4.203377889303446580e+00
1.234215211432592753e-02
9.927145198244849422e-02
1.539137655930788551e+00
4.155952635392679895e+00
1.317692447390934385e+00
-2.081324694698851244e-02
-4.713188244527267146e-01
-1.564856328683594811e-01
-4.098081987128147224e-02
-2.256255068977097711e-02
2.682172982983135889e-01
5.845850092525606279e-01
-3.016399288469371887e-01
-9.813122534138254416e-01
-1.202684030948226145e-02
-9.973658399530317409e-01
-4.062732200685482908e+00
2.264718832954680128e+00
-7.616703387869162567e-01
8.137851768283266285e-01
-2.657414750343991550e+00
-5.777622265390234269e+00
-2.537303516347418686e+00
2.013097252669197312e-01
1.694965754239530498e-01
4.334295778666214516e-01
-2.906918108338043538e+00
-1.458669492389442768e+00
4.623269810278332947e+00
-1.035689396160099252e+00
-3.767762367951798197e+00
2.958155769265661483e+00
-1.121284555012585615e+00
4.769198607716891303e+00
-7.770939510459540234e-03
1.872511530288227879e-02
3.365161373372904108e-01
2.395580371554924426e+00
6.979524595413910681e-01
-3.689484466557214848e+00
-3.241477336112440488e-01
1.465995425671615449e+00
-3.836575898000033291e+00
-8.569042032616881466e-01
-4.601674176538148031e-01
-1.155572802513308739e+00
4.028684367935707056e-01
2.684930686877507799e+00
-1.026031312106729931e+00
-7.009605594487331448e-01
6.516175346772757893e-01
3.530443635567950267e-01
6.037694967288494752e+00
2.440449482432593270e-02
-3.624917876989127041e+00
-1.665481448855266944e+00
-1.878592160299571434e-01
-9.723036213138324113e-01
-1.213753542710587635e-01
-5.242983560302973828e-02
-1.930767675757292468e+00
-8.937172096149072209e-02
-5.603022103038147961e+00
-1.967234533088468018e-01
1.828328556745537847e+00
3.501848759159266411e+00
1.778686555440532446e+00
2.031895705975832911e+00
6.530682733277058949e-01
-2.159113573003396347e+00
-1.711839038788077971e+00
-3.038460061961168801e+00
9.334432228778770380e-02
-4.995530541706668104e-01
-1.367641923176210694e+00
-2.621930497720351694e-01
1.764039848870169180e+00
-4.589580504072320544e+00
-2.026638514754810938e+00
-7.258272252390660650e-01
-2.861381976819542761e+00
-1.468621064062755055e+00
-5.399335238653008240e+00
-3.206301053218575170e+00
2.998638193343124314e+00
-6.326557597323764881e+00
9.591353912089375933e-02
1.667106724278842655e+00
-2.643010700984933514e+00
-1.626692755177163940e+00
-4.980083512566983117e+00
1.674645492699614394e-02
-2.325888796596597530e+00
-6.434152568492188529e-01
2.148057410164700087e+00
-3.132757414763779558e+00
3.358679193892267989e+00
-3.083817034810586513e-02
1.876036422762052736e+00
6.751729744243707698e-02
1.572720061904758770e+00
6.143643846494330901e-02
1.092519777630872824e+00
1.660089919839792927e+00
3.519770072511024583e+00
3.812687091897025947e-03
9.380037476358419335e-01
-1.622655292244803704e-01
2.183223188020921413e+00
2.245011829211585486e+00
6.938229296287300452e-01
3.886583646835176653e-01
-1.643765063337892851e+00
-4.843890784624136359e+00
1.257622599353729553e+00
-2.841281782367252706e+00
-4.877692803497130747e+00
2.347341296805473210e+00
1.045437458854504981e-01
5.302068741279837738e+00
4.115266086810875912e+00
1.185958973441194830e+00
2.193340995529543314e+00
7.402523470153253571e-02
-2.899061069949706582e+00
7.277687963680309902e-02
-3.454630110865859027e+00
-4.180968128043835108e+00
2.616741547384183963e+00
1.483135268093730863e+00
1.978225867423949458e-01
2.522826570630442689e+00
-1.097029419777957038e-01
2.817803240070780646e+00
-2.081752386301969071e-01
3.732352887675214892e-01
-3.891507346734110473e-01
-1.234589388489680362e+00
3.970495193586558447e+00
4.341858072880741659e+00
2.292368856954301481e+00
1.164611027421367684e+00
-9.185909604137426632e-01
-4.145766750648778753e+00
1.577306710027466696e+00
-2.248127355748474332e-01
4.187036028663453924e-01
1.343699186274020851e+00
-2.606630356204613364e+00
-1.603688298546074309e+00
-6.671616501674194899e-02
1.078487277221538559e-01
1.071682447237339852e+00
-3.707785547663703163e+00
-2.423903964642635522e-01
-2.649371721107450561e+00
2.945463557901433660e+00
-9.907046167340316165e-03
2.457204230850810411e+00
-4.540501585646162575e+00
-8.727669151657324598e-02
-8.767954613130903851e-01
3.635791231627653719e+00
3.399860140290321686e-01
3.698766436042886685e+00
3.106569470509848774e+00
-4.518208857213045770e-01
-4.002198464389671528e+00
-1.993405933815615150e+00
9.603368505671351363e-01
2.546549445637130704e-01
1.582873260689858563e+00
6.537005832091667301e+00
-1.119717083966891735e+00
1.347958045510819769e-01
-2.748974693411904369e+00
-2.804817628910871025e-02
-4.637304421807965094e-01
-4.893644421297639879e-01
5.761323593558251993e-02
-3.421272537665009494e+00
1.155709286786657630e+00
4.736543368298915979e+00
-1.341871682862933346e+00
4.121115989736621327e-02
7.532786453126801007e-02
1.588369221403364007e+00
-1.664310980463344691e+00
4.296024457275115616e+00
1.114617112443554658e+00
8.487593262849622150e-03
-2.215478939202619735e+00
6.334770851662692159e-01
-4.263504984938287556e+00
7.456430503130607734e-01
2.193626875235112905e+00
-4.749053284327900748e+00
-2.764697870598395446e-01
-1.023857264777129350e+00
-1.073378299312898410e+00
-1.950090552658543044e-02
1.653622248340908540e-01
1.960787018975668206e-01
1.633751451383583575e+00
-6.206898587770856013e-01
4.830237162777210602e-01
2.270512773388316530e-01
8.186529910109545394e-02
1.453471054352951930e-01
1.363904769588317301e+00
1.884419418904926813e+00
-7.160108028014932069e-01
-1.931716600840878706e-01
1.801156047092402401e+00
-1.227886520034964679e+00
-3.327098646925915837e+00
2.222399165994154158e-01
5.114356337679872411e+00
5.188087944894266279e+00
-1.509548269846836765e+00
-3.588933600907793231e+00
-4.718578847095968865e-01
5.560218438553706122e+00
-3.228295481517165066e-03
1.176224587605403382e+00
-5.303443116355151865e+00
-1.988806675244632893e-01
3.078009371930343629e-01
2.745170220869485256e+00
-3.958211752729932975e+00
3.617100013519221058e+00
-3.864632916734968282e-02
-3.193786765628112700e-01
5.300500701158394889e+00
-4.576339299991836640e+00
1.897615774075235073e+00
-4.324596743677969757e-01
1.377257823326727589e-02
9.182779614580598160e-02
-3.296357520078449177e+00
-4.023921384849808019e-02
-2.036390783084194744e+00
1.364965346723125972e-01
-1.544524673799158476e+00
4.077634447764302728e+00
3.339695573309309773e-01
-2.243467674601955508e+00
5.241278196311784099e-02
4.059244425078146534e+00
1.171917186246352882e-01
4.145157406881087248e+00
4.856199614927844799e+00
-1.063180361409035601e+00
-3.285864320945701245e+00
2.112667534586362417e-01
-5.128544677717624900e+00
-1.634950583440700558e-02
-5.097990269542465036e+00
-7.073998205716548748e-02
1.808144362730326193e+00
-5.295097710690253479e+00
-5.076585142519643767e+00
6.622922341257166112e-02
3.785358226977128204e+00
-4.023796188504387139e+00
2.849839196115871331e+00
3.425427880903608280e+00
4.699298278197532874e-01
3.702935083193430454e+00
1.371241855640896734e+00
5.720904585467362580e+00
1.814037206568795968e+00
3.685404255033095655e-01
-2.783855695045509560e+00
-7.162715851374161780e-01
1.003250377636453416e+00
3.954586579280716219e+00
-4.593357942290576257e-01
-5.959672152900458819e+00
1.516067236156480647e+00
3.942696314447328820e+00
-5.483682742532434595e+00
6.744220325344116862e-01
1.423834518109842184e-01
-7.007337577448225829e+00
5.031757933403562255e+00
1.119450302553643833e-01
1.572754140515036259e+00
-1.480529625100630353e+00
1.590730164935467896e-03
5.845433960014651653e+00
-3.816625268523888614e+00
-4.063888326283684016e+00
-2.496723481272967948e+00
1.400615412891130340e+00
-1.407162493461341146e+00
4.680431576261270266e+00
-4.583641765622323838e-01
-4.595439360274410356e-01
-1.158477763636714064e+00
-3.513159998828572217e+00
3.884051930129359231e+00
2.354005893595029875e+00
-4.880107802254733951e-01
-3.965158649916701306e-01
-2.504077145340951382e+00
-1.300715905992924082e-01
3.461148732110130410e+00
-3.220957977299740427e-01
1.182524963005295859e-01
-1.233634465512903011e+00
-1.464096154403252137e-01
-5.758725255142634225e+00
-2.456723489733585897e+00
-4.279949771971768513e+00
8.688835289779613114e-02
2.466984750258450987e+00
2.650805009271915313e+00
-2.702978066978907190e-01
5.430553350325690865e+00
-1.574973074228855241e+00
-3.575236624542561525e+00
-6.321375396861494966e-01
1.057772989339189965e-02
4.380837402030511585e-02
1.215407755721785721e+00
6.165681397197755181e-02
1.118788213495809369e+00
-2.648359988967896594e+00
9.785985722077243931e-01
-3.165193077353412487e+00
4.671737309860855558e-01
-4.906295713096561428e+00
-9.579351193773708584e-01
8.972953087298585206e-01
-3.650951226334768762e-01
9.109097335203073520e-01
3.491517912679560354e-01
-1.203304233173647875e+00
1.696264317682743411e-02
-1.331736394361227482e+00
-1.029700986383508682e-01
-1.244102255768781751e+00
-1.092155648545384938e+00
-5.445518341671094081e-03
4.739242868936691444e+00
-2.589211776340009652e-01
5.069920782555838557e+00
-8.766057600293621910e-01
-1.672016335914392915e+00
-1.388780558224207984e-01
1.107464997800749890e-01
7.040743892896401679e-01
4.617094979771143137e+00
1.822195031368302187e+00
1.902302739651632990e+00
3.584133840573558327e+00
-5.570054263440968434e+00
1.282158590748341265e+00
-5.015196315614220524e+00
-1.176629318083388220e+00
3.114753825345414340e-01
3.422265138165482834e-01
3.396953860937464764e+00
4.302496551619932497e+00
-2.439443630962080112e-01
-1.355402647570963862e-02
1.244289602325922561e-01
-1.273010148218813198e+00
5.846566370399603585e+00
-9.367904905313050312e-01
8.082589752493601898e-02
-5.135686571803466105e-01
-2.799242275394051127e+00
2.310702454883388324e+00
-4.253617099427519754e+00
-2.710834522801592428e+00
-2.071548664637397508e+00
-2.059685631659360805e+00
-1.130645289667156383e+00
3.379479161561111944e-01
-1.233201188481934940e+00
3.361413549410445345e+00
2.053162947760122925e-01
1.385285332531407954e-01
2.024817271205804278e-02
7.390866589756292515e-02
5.152181799857942224e+00
4.467190407346104841e+00
-3.248480488299478885e+00
9.005912733936219938e-01
-4.947369477514753200e+00
4.707208966322327104e-01
-1.858849160150068958e-01
-1.025127276812155763e+00
-3.147779814887475158e+00
-4.210608846223057311e-01
-8.067547693906146344e-01
-1.241713949762563773e+00
2.032080471024579060e-01
8.846268461718294063e-01
1.310445243539915428e+00
-2.736588808832359110e+00
1.817056432595075766e+00
6.951620794629479461e-01
-4.920897082150874069e-02
-2.524808266810490753e+00
1.060046294408532486e+00
-1.739269494454877441e+00
-3.092622474229833163e+00
1.234821056285388546e-01
1.955872783325770969e+00
8.862984561568182373e-02
-2.833700607411351324e-01
-1.242897901420736417e+00
1.307428037798950227e+00
7.840400224773633187e-02
-7.080632227591341366e-01
-4.767234380161147755e-02
-3.269871686150465084e+00
-1.619039868392524104e-02
2.462604986335036328e-01
4.616953359940081381e-01
-1.385992065877885926e+00
-1.450988306173782716e-01
9.665412763581889832e-01
-3.686116072849492942e-01
5.032804996038843015e+00
4.815752147280889101e-02
-5.947733304025170087e-01
-1.927112124607167409e+00
1.528450448108805704e+00
-4.431895718295134068e-02
3.468459438350222523e+00
5.087644607772880079e+00
-1.726501145846934371e+00
2.870189850214800220e+00
3.593841890608791001e+00
3.657547522373403304e-01
2.114105784165184326e-02
-1.941484977982323779e+00
5.272687263906437494e+00
3.794544737288281511e-02
9.227461523497940687e-01
-1.586700754935449709e+00
3.648378885413716688e-01
1.426206639882758032e-01
4.216350796774643306e-01
-3.604023128137212151e+00
-2.465104930456308852e-01
3.976855843678447355e-01
-1.163631457080387399e+00
1.539884869178038684e+00
-2.324491891274534705e+00
-3.563353966336998413e-01
1.948573962213278277e+00
2.334940155516943783e+00
3.485142390172076166e+00
-5.979657472292362996e+00
-4.222927380249196644e-02
-1.887032007452474902e-01
-2.991031683147694409e+00
4.813522804363309149e+00
-5.649938176403031947e-02
-2.024018317497572994e+00
-2.442389280215585767e+00
2.943588175518088601e+00
2.456851241020340026e+00
4.372770401627702058e-02
8.026345455889065048e-03
4.477537805421672346e+00
-2.433612094892582345e+00
-3.266091236316232660e+00
1.130492042874150227e-01
-2.427219034648076812e-01
1.671906276608040864e-01
9.466022830654315934e-01
-2.832926340825544717e-02
-1.537393283603884914e-03
1.705203469991587673e+00
-2.937152892026010931e-01
7.409978895819756273e-02
2.868439578381721144e+00
3.374619633244709593e+00
-7.934535574136499791e-01
-5.492299852356813394e-01
-9.606448342116506722e-02
-5.648882170853489981e+00
-1.940528947393336257e+00
4.576100035182266157e-01
-6.862746379992836765e-01
4.348408764849095220e+00
2.894843978050435584e+00
-1.921728859135615641e+00
-1.831873864235254112e+00
3.794590712843029401e+00
-1.967187260506573221e+00
4.369927794804654986e-01
4.513217661787303214e+00
3.935886640737722431e-01
-1.805841392117548017e+00
-1.721627982430724346e+00
2.857440997750946732e+00
6.603002214430639949e-01
-9.523097737126570150e-01
-3.021533433010960223e+00
-4.348581452246390588e-01
-2.397222935214489425e-02
-1.473852440174092449e+00
-1.224631905211446048e+00
-8.464394198263971436e-01
-2.376970188757212110e+00
-1.190659008236880784e-01
1.019648913673383950e+00
2.862209730960399434e-01
-1.207548705308069570e+00
1.418018861414176435e+00
-1.160210469074920869e+00
-1.081916935431144755e-01
2.160607306339860312e+00
3.761784695419146285e+00
1.697904503444637392e+00
4.689903457278264298e+00
6.546503790845851212e-01
-1.124197506177479600e+00
-2.277073163921366827e+00
5.798302325521692779e+00
2.307588152848274454e+00
2.914491431606330618e+00
3.234612763220737208e-01
-1.007882509629143275e+00
4.271531341555565575e+00
5.153702457988107000e+00
-1.827208385476093433e+00
-2.266177854474280107e+00
1.054767048843923583e+00
5.110101003273372910e-01
-3.546466054356729014e+00
1.363028595207037341e+00
5.377038049947174159e+00
2.523208269227308342e-01
-1.836968790193739265e-01
-3.396976112256693714e+00
3.530413705592082785e+00
-3.995570910256750263e+00
3.428901490733480273e-01
1.881930239526270920e+00
2.706194074798758731e+00
-4.894793825797808751e+00
1.302701113018107426e+00
4.034440185766574594e+00
-2.821051686186558438e+00
2.848498708188651474e+00
-5.408695810883226707e-02
1.689474119464947632e+00
2.072856302055811728e+00
-1.772496983364392653e+00
-9.028662506266442733e-01
-2.547168756869922834e+00
9.117735835872142758e-01
2.818261541657725022e+00
-1.067975707117727324e-01
5.531288704125756794e+00
-2.423535208556006904e+00
2.069059223513252006e-03
8.015579347885312123e-01
-4.288470958010147105e-01
-1.967561476039729196e-01
-2.632491133069662093e-01
-5.638837192969065049e-01
-2.693814772302215665e+00
2.779191345686835568e+00
8.423304180073600822e-01
6.671619359005386994e-04
3.477737768763597970e+00
-1.301832766192933220e-02
3.426137717699415219e+00
-8.657903761894436556e-01
2.728560037746674549e-02
4.579634587381414157e+00
-4.256501766716087043e-01
1.381346346093507149e+00
-1.860522724701940023e+00
-4.146315511852045610e+00
3.206409058243780419e-01
5.228722472300651597e-02
-2.969753408189213406e+00
-9.223044337630158518e-01
2.336819548251522605e+00
1.234982300200656802e+00
-4.397196583434311024e-02
1.820428127145009567e+00
9.374642677887654041e-02
-5.464618220556766381e+00
-1.410079635375444951e-01
1.999712686843278631e+00
-5.005016610229201524e-01
-6.848406340066611087e+00
2.144622510012207106e-01
3.871601435398513313e+00
5.148326754407835715e+00
-7.390997515722679267e-01
-1.599347778837340250e+00
-1.823304686771769489e+00
1.351796374778001762e-02
-4.247407595259511837e+00
-1.591807279061852265e+00
-1.401910829596691110e+00
1.626000334223502014e-02
2.827624100972425225e+00
-2.060361234084413240e-01
5.139698369045885507e+00
-6.721861748214765786e-01
-7.238475553896617232e-01
-1.964626745160701793e+00
-8.192271847587696554e-01
-6.212158810239927220e+00
-3.339371190440977299e-01
-2.573040930788552227e+00
-1.828546614450193841e+00
7.778833388367888124e-02
-1.053618998062580525e+00
-9.492267294443315073e-01
-1.335683328223286337e-01
-4.712190553899975320e+00
-1.572342808270745573e+00
-8.924270064674080793e-02
-5.310500480141112645e-01
-1.172727680394772092e-02
-2.205044657513446360e+00
2.512043334689336049e+00
-1.135500657455230433e+00
6.119731368595879989e-02
-5.212999512725303985e-02
4.664925524638273702e-01
-2.691005948845798024e+00
-3.431898703249303573e+00
3.058914618516714312e-01
-4.789726037919037616e+00
7.313735789402270315e-02
3.532113441022470379e+00
1.530355123859553634e+00
-3.564738498294970359e+00
-1.131459978455415932e-01
3.926541565454854665e-01
5.218529176153527516e+00
2.785015608334755477e-01
5.807204190239979580e-01
-5.658622089043339187e+00
2.505486156757131599e+00
-3.353239285890845078e+00
9.075634932814785616e-02
-3.362498750337167941e+00
-4.553816592517917705e+00
-2.406635306326339485e+00
6.071879710656521212e+00
-2.227558117657780556e+00
5.471986682202589769e+00
-3.822297643838725723e+00
2.508297656846505408e+00
-1.664183675028881870e+00
3.607272116796606198e+00
9.668553075745359160e-02
9.395591599094331725e-01
2.003321371547360119e+00
2.531664950881085563e+00
1.337089951558051437e-01
6.134273260906929259e+00
7.155522037813563108e-01
-1.118148845949282766e-01
-4.921508963952643534e-02
-2.115433465682473368e+00
-4.994243286345823596e-01
9.938967699390535010e-03
-9.513900620967539190e-01
-1.437239697155354490e+00
-6.303990667376520030e-01
-1.799986051517996177e+00
1.162692732249509253e-01
1.735140412998609660e+00
-4.160498960869793095e+00
-5.235364722882662747e+00
6.187928037065474562e+00
5.619553752997897611e+00
-3.777376080630643340e+00
5.210478684391167903e+00
-1.928829457541156658e-02
-7.806698235417972587e-01
-2.116744320091407783e+00
3.180305238399065981e+00
-1.132240358315790736e-02
1.546041229015373240e-02
-6.256820710623954618e+00
-1.227802227510812028e+00
-2.315424289042912476e-01
4.875453674703081219e+00
1.028495254948931903e+00
1.566798165454428085e-02
