4.819122423180616645e-08
4.528895553181213564e-08
4.250012205090986568e-08
3.998574513274315839e-08
3.822699923925625333e-08
3.666173594141170666e-08
3.535815819942044964e-08
3.434970768389803040e-08
3.293344649758707400e-08
3.077723165175807988e-08
2.898322051585864186e-08
2.756637284251973364e-08
2.640830715010501730e-08
2.548719493349128844e-08
2.516535620472042701e-08
2.452276766237321593e-08
2.346902284718012285e-08
2.270952292110310258e-08
2.165486996191910196e-08
2.074126697795803482e-08
1.925494354197582237e-08
1.815217820821092224e-08
1.746176452081996115e-08
1.676140002609304396e-08
1.600899944117799827e-08
1.547021636159745024e-08
1.499363755084213395e-08
1.463446372925411037e-08
1.403507047416226307e-08
1.319324614776785407e-08
1.255238381967960161e-08
1.218831201658761979e-08
1.160046838571078255e-08
1.107732009341934312e-08
1.071686859410264767e-08
1.001611563727405437e-08
9.769841414607642220e-09
9.438884876142388004e-09
9.057252320768600014e-09
8.814249620942225099e-09
8.434602145535385777e-09
7.817654183029655074e-09
7.468460396722955877e-09
7.113192485478751590e-09
6.748052011188063940e-09
6.289416319030695827e-09
6.081812375677877452e-09
6.051946616746837835e-09
5.751446652038249744e-09
5.428898339944776788e-09
