2.156209405616304264e-07
2.112648856750192029e-07
2.070986052118559271e-07
2.030228565715487008e-07
1.989618563472366425e-07
1.948660969177819005e-07
1.906236987463648713e-07
1.861542788257334202e-07
1.814004065156572339e-07
1.763341706546339170e-07
1.710333927217967565e-07
1.656453258565908535e-07
1.603551148407784813e-07
1.553688584794303965e-07
1.508686897900517796e-07
1.469463649312967589e-07
1.435262206622323428e-07
1.404388687286595655e-07
1.376328856123362430e-07
1.349266510539174115e-07
1.322865898419433810e-07
1.296701109724588310e-07
1.269998742062241787e-07
1.245077609593677225e-07
1.219774074307507984e-07
1.196144013287182671e-07
1.173375447352443465e-07
1.151539332090709935e-07
1.129833282254635991e-07
1.108712962824137704e-07
1.085592208214616481e-07
1.060139738435408755e-07
1.034087099714393890e-07
1.006750489983472656e-07
9.765948389555187423e-08
9.479205186978977689e-08
9.232449383644424303e-08
9.013927831270416912e-08
8.762439467375904776e-08
8.511803552330317802e-08
8.248250514898862453e-08
7.938502395769190884e-08
7.635290878650932567e-08
7.314745659765818859e-08
6.982586448890090794e-08
6.677369807470948642e-08
6.375116434950626732e-08
6.101420742657086393e-08
5.772742856673725340e-08
5.553655315924463200e-08
