1.592595184854881138e-07
1.502298040125421157e-07
1.413409176949074296e-07
1.337524010656763317e-07
1.266924690018669279e-07
1.200809952910405837e-07
1.139811335119382556e-07
1.077225125325631324e-07
1.027256685188518214e-07
9.644592564427450971e-08
9.122519661934891035e-08
8.656613336103577824e-08
8.202601555492716113e-08
7.729206003753543866e-08
7.403789535518927111e-08
6.973279133722369777e-08
6.661562405425933414e-08
6.320180996820105775e-08
6.109874951309433653e-08
5.881831963602775262e-08
5.689350131056666451e-08
5.456214163703757568e-08
5.224560066805321293e-08
4.922457238807598806e-08
4.657370848438247144e-08
4.451355214796970779e-08
4.315907955033851300e-08
4.203649256168242798e-08
3.977257220671406040e-08
3.808153528428676681e-08
3.578879587286704308e-08
3.435811688674852181e-08
3.306355424579314650e-08
3.114513724029973919e-08
2.936840703345778094e-08
2.725190756489068462e-08
2.546406824486622099e-08
2.383445379475995568e-08
2.263158406265594048e-08
2.232427978688960595e-08
2.193714980901459241e-08
2.105283294173628586e-08
2.042653520851797733e-08
1.947738278721076127e-08
1.918016372688605784e-08
1.810891844449637187e-08
1.659084864090007196e-08
1.576275668905693035e-08
1.472335829941416483e-08
1.382867183672640285e-08
