8.070765006265946798e-10
7.649233862287274430e-10
7.202409590565750989e-10
6.755422508908009548e-10
6.267630568085591442e-10
5.981694058051567735e-10
5.641666748028261999e-10
5.287532145543541809e-10
5.096019732191466123e-10
4.973727717549483975e-10
4.749376511953085464e-10
4.528555645705620177e-10
4.262170073116498991e-10
4.137966355018666186e-10
3.844527322115988508e-10
3.638852404077192515e-10
3.460278202446717547e-10
3.269629822886841761e-10
3.088736263149991157e-10
2.875126499735739470e-10
2.669524622226810849e-10
2.480325580671550316e-10
2.363356005111663679e-10
2.203631036725695088e-10
2.073625407583796982e-10
1.918171729673844813e-10
1.822814725611490002e-10
1.737048924979522970e-10
1.610662068913026583e-10
1.538592373336581551e-10
1.512002616177975933e-10
1.392156701091141764e-10
1.289561540152283202e-10
1.218210980813013590e-10
1.143551256817153345e-10
1.085009594644522895e-10
1.030228920554404742e-10
9.833504792614703125e-11
9.394975796025898492e-11
9.160724224016713949e-11
8.739835822367918783e-11
8.347576002044246398e-11
7.725808643952348491e-11
7.343246423071818519e-11
7.264303117851291002e-11
6.929815732367120958e-11
6.538310032961616233e-11
6.175502164131176223e-11
5.910791313025463869e-11
5.675749093666905432e-11
