2.906035527517412003e-07
2.746107053931355839e-07
2.598112408878281649e-07
2.458887772386212489e-07
2.328416704254779724e-07
2.204968564710343332e-07
2.088056681580886780e-07
1.976936366736760870e-07
1.871780264865201858e-07
1.772511705518711991e-07
1.678311906140553607e-07
1.586897059809589566e-07
1.498160568591962751e-07
1.413018509860754591e-07
1.330871958676840855e-07
1.253169210388110639e-07
1.184312035662834322e-07
1.119278251423556479e-07
1.058340248722274403e-07
1.007220356515580865e-07
9.569048040690660690e-08
9.141136536294996273e-08
8.687175896049432830e-08
8.306755406348596299e-08
7.937353353443676811e-08
7.637825044739117360e-08
7.372452408467198152e-08
7.078461642111494157e-08
6.801889182241316384e-08
6.520721521439621030e-08
6.293922319586479540e-08
6.049448228945531213e-08
5.862619167872317581e-08
5.668274958216278811e-08
5.497845552264591783e-08
5.285438423303131177e-08
5.013536736184664490e-08
4.734885895356200834e-08
4.541492541120495490e-08
4.372644696878420626e-08
4.204407912639651742e-08
4.083265551587028074e-08
3.903337276752397188e-08
3.793183025787212381e-08
3.666060097241197980e-08
3.514015641513749047e-08
3.352257957690380718e-08
3.239045975531853411e-08
3.146380911488208440e-08
2.998441693080290360e-08
