6.773917057564692933e-07
6.563730426856906581e-07
6.353205886128752578e-07
6.141144556919398368e-07
5.926765331774352513e-07
5.710291689374275074e-07
5.493205594931337023e-07
5.278007318151900731e-07
5.068106314068550007e-07
4.867389468003104687e-07
4.679383121198478675e-07
4.506131258647972298e-07
4.347616888012859075e-07
4.202020325922022677e-07
4.067404404475805829e-07
3.942234133932466776e-07
3.825325641750540310e-07
3.715766578872971803e-07
3.612394342011245147e-07
3.513583263301276568e-07
3.417438901746962746e-07
3.321821239468807931e-07
3.224889566273594482e-07
3.125484053221405139e-07
3.023705244405043235e-07
2.919846597484253528e-07
2.813620999104726613e-07
2.704089660702140074e-07
2.589401575447735827e-07
2.469539837115739761e-07
2.346810999590385464e-07
2.226706104839885750e-07
2.116088305396786427e-07
2.018381857664584285e-07
1.931410910866207206e-07
1.852084009898576791e-07
1.778514086854503944e-07
1.709858805342934357e-07
1.645721019560086811e-07
1.586208217284558923e-07
1.531211308961983992e-07
1.480711780493950572e-07
1.434255020663546785e-07
1.391228717772370119e-07
1.351064301320011020e-07
1.313732922214540591e-07
1.277700118281023950e-07
1.243511184492999224e-07
1.210914408835762682e-07
1.179645942984472092e-07
