1.277823736127349276e-06
1.225972523860699565e-06
1.176817127296863746e-06
1.131003212130434876e-06
1.089124581007580729e-06
1.051163981380821023e-06
1.016322674032750737e-06
9.835539207578949271e-07
9.522780304130162316e-07
9.225121945398006883e-07
8.943214960373426163e-07
8.673602769258204062e-07
8.411322638903883472e-07
8.153926830757112882e-07
7.901240808719582291e-07
7.652972378755124580e-07
7.407261886470071544e-07
7.160743239922700246e-07
6.909190563509064923e-07
6.647870782881323397e-07
6.373239135633629353e-07
6.084814357774944778e-07
5.786759098723651886e-07
5.487617262590116764e-07
5.197948293497372224e-07
4.927049161199715266e-07
4.680059139917741134e-07
4.457345238239765557e-07
4.255945288829483639e-07
4.072107004110864269e-07
3.902597030382601439e-07
3.745211911643105485e-07
3.598540390633661344e-07
3.461676525611436457e-07
3.334196246263291853e-07
3.215958749366692919e-07
3.106898397053154775e-07
3.006894152947296370e-07
2.915574357621633275e-07
2.831844048357109883e-07
2.754415987917847038e-07
2.681304341334703089e-07
2.610344953187530587e-07
2.539149488142645025e-07
2.466068799682829777e-07
2.389831735209274948e-07
2.310091883531238745e-07
2.227838093517620233e-07
2.145329097915391273e-07
2.065142501545617539e-07
