1.059152882006892866e-06
1.037479346832022312e-06
1.011585374419533376e-06
9.819481709535106075e-07
9.493138767730861238e-07
9.144684161158992867e-07
8.781386932672816409e-07
8.409985314527527075e-07
8.036175150254387593e-07
7.664305575060830982e-07
7.299246136618491172e-07
6.949116705645643899e-07
6.625269848003095069e-07
6.338015291212372140e-07
6.090745489745339789e-07
5.878198471247723004e-07
5.691100996200179336e-07
5.521639360866850604e-07
5.364891401762823386e-07
5.217253949594992504e-07
5.074842518808627588e-07
4.933505163267979897e-07
4.789903868715116174e-07
4.642542797517375077e-07
4.492138763908917970e-07
4.341188558122637283e-07
4.192848298035767959e-07
4.049951594321446711e-07
3.914608213331054471e-07
3.787618649731293889e-07
3.667881909816069640e-07
3.552702747732643902e-07
3.439042038261410935e-07
3.324576887673084374e-07
3.208147964082079468e-07
3.089933764701405885e-07
2.971627381442840965e-07
2.856403852204204481e-07
2.747693690322659256e-07
2.647037453940152828e-07
2.553610299393889783e-07
2.465701362118957546e-07
2.381908086476204375e-07
2.301298138045851550e-07
2.223304235108214620e-07
2.147584026216386965e-07
2.073939022654307171e-07
2.002140412964531524e-07
1.931966254350923922e-07
1.863114673528582886e-07
