3.377407432959076256e-08
3.160952169207239817e-08
2.956472428463670517e-08
2.764595863868342716e-08
2.588120962659448461e-08
2.427594634677330118e-08
2.279831080861214119e-08
2.157070365521532816e-08
2.048402923946499815e-08
1.951022707985705220e-08
1.860410804726621562e-08
1.778510475876742917e-08
1.690112394268625025e-08
1.608876700041288010e-08
1.524099877418962917e-08
1.436817727769694284e-08
1.352291503057146627e-08
1.266641780374921753e-08
1.181356730592304347e-08
1.098101719590588251e-08
1.029928321572859720e-08
9.596868019624500161e-09
8.952073677259191983e-09
8.465465522422824450e-09
7.939952233501636970e-09
7.407031066152486242e-09
6.956182913779527805e-09
6.667096222887769387e-09
6.197100917363922209e-09
5.807618200029611923e-09
5.529383703942082370e-09
5.231323716727554498e-09
4.926136779819690174e-09
4.700865450015995521e-09
4.441683818569390270e-09
4.348581494432875492e-09
4.126465861523926716e-09
3.948585590354728868e-09
3.747162061142975618e-09
3.635707083519337803e-09
3.455647731639564798e-09
3.267430006314675865e-09
3.146724294446171427e-09
2.995584992700569139e-09
2.903100023411278909e-09
2.831466607808606175e-09
2.701792955451840445e-09
2.544642607923743842e-09
2.448462576522065716e-09
2.269941309025564245e-09
