1.662059213295245509e-06
1.621999931039423620e-06
1.583825992444480785e-06
1.546002196218852798e-06
1.507868404209788193e-06
1.469681722716196706e-06
1.432679398202648690e-06
1.399043846038626702e-06
1.370796710846190993e-06
1.347676335303010209e-06
1.327449629347313918e-06
1.308418781114210413e-06
1.290296926226796909e-06
1.273529737002095290e-06
1.258374763659285266e-06
1.244364801114559729e-06
1.230348567197474713e-06
1.214760262941271984e-06
1.195884328803772396e-06
1.172208665476104263e-06
1.142872030942346674e-06
1.108031322985280723e-06
1.068938277403176974e-06
1.027662684619245327e-06
9.864491885819562245e-07
9.469334783222044377e-07
9.096392384665565204e-07
8.742043295441451486e-07
8.399774659599786472e-07
8.066116496105055024e-07
7.743789672419267856e-07
7.440019057903698512e-07
7.162229482782614840e-07
6.915830680007723498e-07
6.703419124348352226e-07
6.522266003039657266e-07
6.363680011495012372e-07
6.216537165948844122e-07
6.072052465517360420e-07
5.925696111339938724e-07
5.776714508373857478e-07
5.627207013033966675e-07
5.481157130224114600e-07
5.342583310987688608e-07
5.213617138078263577e-07
5.092822409149460283e-07
4.976448139426681983e-07
4.860199834210110014e-07
4.740503334509764116e-07
4.614777204482982901e-07
