1.085704829637511600e-06
1.048048325245026121e-06
1.014254798470742909e-06
9.846161741305240479e-07
9.588978592574150128e-07
9.360009528121792118e-07
9.142125924013383031e-07
8.920499209535644116e-07
8.686489827159458629e-07
8.436733208704549531e-07
8.172103738124609004e-07
7.897726124251406686e-07
7.622686577948538197e-07
7.358126178986474686e-07
7.113502154930263394e-07
6.892848727464427886e-07
6.694199097918127608e-07
6.512505112255543512e-07
6.342864938471730595e-07
6.181977720067157351e-07
6.028202614093087545e-07
5.880936294202244827e-07
5.739690459053032823e-07
5.603248263701293771e-07
5.469420467149518801e-07
5.335547228529746051e-07
5.199299473747938587e-07
5.059240144654855490e-07
4.915024831635893603e-07
4.767326746289569763e-07
4.617744543518655285e-07
4.468663858234045857e-07
4.323064624227737465e-07
4.184008223684258793e-07
4.053796058599811073e-07
3.933166250127209694e-07
3.821356134803924866e-07
3.716906951361629235e-07
3.618489166604739534e-07
3.525181780829820619e-07
3.436442584270953593e-07
3.351983212112889091e-07
3.271637213414749511e-07
3.195281331784116683e-07
3.122822834707243835e-07
3.054280872287020175e-07
2.989953048249774030e-07
2.930546196638584397e-07
2.877109809667680240e-07
2.830512473284327444e-07
