6.024381341299284955e-07
5.923829427491961877e-07
5.810548076708692571e-07
5.685319769663506576e-07
5.549418053616799991e-07
5.405274168839323299e-07
5.255831768900409974e-07
5.103653506657662059e-07
4.951182986148452511e-07
4.800750776018856019e-07
4.653900366215946901e-07
4.511958297089642219e-07
4.375890953925501557e-07
4.246183026653158270e-07
4.122591275311493440e-07
4.003800095912743883e-07
3.888247845596385857e-07
3.773739679016386609e-07
3.659413685559744197e-07
3.544226697522947609e-07
3.429130853846814544e-07
3.315996268154910794e-07
3.207309986414305831e-07
3.106188371347468760e-07
3.016021432329548581e-07
2.937117165311813281e-07
2.867535081335192494e-07
2.803562174082263036e-07
2.741041023998434413e-07
2.677390104137271511e-07
2.611944174044183225e-07
2.546063714729629147e-07
2.480045331835101939e-07
2.415787403962358770e-07
2.356216251653184975e-07
2.300340198410980750e-07
2.251323188196057253e-07
2.204088324120994733e-07
2.157545750027290431e-07
2.109222164280831760e-07
2.059300447413255573e-07
2.006311463686227749e-07
1.951001630547869669e-07
1.888885154664872813e-07
1.824110632245543320e-07
1.753852767791532096e-07
1.682271800180673775e-07
1.608932267740321102e-07
1.536627156611062667e-07
1.469490041383202577e-07
