6.876253845200388407e-09
6.469782785277356001e-09
6.134292583293980267e-09
5.740320905950995575e-09
5.380569099951817850e-09
5.207692436084660457e-09
4.896810175843123095e-09
4.688866568371392199e-09
4.419345175824093738e-09
4.157608929282092911e-09
3.903706770220668874e-09
3.532712058033890501e-09
3.266114759860180537e-09
3.089455415978417918e-09
2.904363631839423373e-09
2.700340917338023360e-09
2.549337527343502604e-09
2.341669854274380743e-09
2.186269905060412754e-09
2.000172760295380429e-09
1.819691605858619850e-09
1.687590141713893790e-09
1.608707025602843443e-09
1.525534839924692501e-09
1.421352843600753906e-09
1.332510305751029742e-09
1.236189528398226186e-09
1.148312268577487903e-09
1.042883232107245233e-09
9.839002817280846178e-10
9.234472570976268681e-10
8.831966693550575786e-10
8.264919913716884637e-10
7.576060414415580233e-10
7.006577625507074621e-10
6.583219715343991962e-10
6.274659850467153431e-10
5.900415368804519942e-10
5.600003728675570689e-10
5.508879837811851077e-10
5.328475663455726187e-10
5.038855126268546823e-10
4.670966059795205462e-10
4.337511439960587068e-10
4.104099128093894912e-10
3.984621538917189841e-10
3.811370801827966365e-10
3.591065707000258258e-10
3.542855320455163931e-10
3.542709319562425107e-10
