2.656828089046446897e-07
2.511247835887537823e-07
2.377686597469772303e-07
2.256398181338371108e-07
2.147344095682082534e-07
2.049836338335490263e-07
1.962109698180166186e-07
1.881628104627782651e-07
1.806196627145895821e-07
1.733989826658233415e-07
1.663760198832274027e-07
1.595011456093407221e-07
1.527574089665276111e-07
1.460954870235131899e-07
1.396889334598380896e-07
1.336145192430355616e-07
1.278077711606303671e-07
1.222883274159344547e-07
1.170286392134949945e-07
1.119408947677925474e-07
1.070552021852945647e-07
1.024651403121001185e-07
9.804509873916274583e-08
9.396445124700227358e-08
8.976695119666138992e-08
8.588853091089606643e-08
8.202414514990614768e-08
7.865527726255338405e-08
7.533741188794039372e-08
7.197542056104305492e-08
6.883218665631297426e-08
6.601241526175653271e-08
6.323225987713357977e-08
6.095975621187446519e-08
5.844777904926251707e-08
5.557595046492721770e-08
5.329158542420981153e-08
5.170138988289971281e-08
5.029960351106969302e-08
4.907815143060307846e-08
4.698037921125456276e-08
4.501755616080196283e-08
4.289717317400879984e-08
4.019393628219292595e-08
3.803631725576336766e-08
3.552888718449076435e-08
3.314254195946659552e-08
3.050986043598602443e-08
2.877827786984938141e-08
2.672193843094459135e-08
