7.656784186880206067e-07
7.373142292944673686e-07
7.102307595784150577e-07
6.842947532539748666e-07
6.592787120864247282e-07
6.349444975521389567e-07
6.110935319606397577e-07
5.876405905598559119e-07
5.646496146009556285e-07
5.423610079128198728e-07
5.211807531065255542e-07
5.015879720980588691e-07
4.840356406753312675e-07
4.688519831164723371e-07
4.561225313546270261e-07
4.455620889773745141e-07
4.365964533089768961e-07
4.286452754041525356e-07
4.212862690815092933e-07
4.142308424156675036e-07
4.072458047062635587e-07
4.000873326867606431e-07
3.924606468625282198e-07
3.840531092488752235e-07
3.745915958688931571e-07
3.639354742884633782e-07
3.521613734678566392e-07
3.396026076671921071e-07
3.267031905021348540e-07
3.137675029890544596e-07
3.009253756802216007e-07
2.884010168074507747e-07
2.766766105835483651e-07
2.660094881370025300e-07
2.560708958290104222e-07
2.465105309082033029e-07
2.372915717831196896e-07
2.285435467096067807e-07
2.203534835272223103e-07
2.127400099889165948e-07
2.056630559814039455e-07
1.990449296336780009e-07
1.927705231846954974e-07
1.867225784899970208e-07
1.808227775515264874e-07
1.750288633386731053e-07
1.693756000753584821e-07
1.639528337141207348e-07
1.588652063343915540e-07
1.541838688443317827e-07
