6.499854712437829060e-07
6.391711886405875594e-07
6.280963464528214307e-07
6.167257377132164970e-07
6.050637559973204766e-07
5.931454427825327354e-07
5.810543688889443437e-07
5.689153383684344681e-07
5.568807550157340408e-07
5.450993189554138222e-07
5.336877057330340083e-07
5.226825349688442785e-07
5.120107793699919955e-07
5.014916906053727686e-07
4.908308723721711315e-07
4.796973554212761522e-07
4.677671968348542069e-07
4.548042223616681779e-07
4.407806751973150218e-07
4.260253173058490554e-07
4.112889599346424729e-07
3.975435251143827207e-07
3.853174513705666211e-07
3.744546011949575853e-07
3.644938153230278980e-07
3.550897384991145227e-07
3.460236100548468558e-07
3.371692176606108551e-07
3.284325987452424415e-07
3.197591529285513917e-07
3.111112675007966113e-07
3.024460401873616696e-07
2.937260624451642857e-07
2.849657037797954919e-07
2.761526621922627836e-07
2.673987072928308773e-07
2.587908570828460576e-07
2.504140929877248529e-07
2.423125053235166490e-07
2.344787490031368616e-07
2.269379673732047048e-07
2.196669652988517093e-07
2.126170652804346638e-07
2.057082383590344704e-07
1.989629811135850438e-07
1.924368285792249548e-07
1.862698629963948084e-07
1.805586264133091068e-07
1.753167425414676889e-07
1.704854378395639212e-07
