3.422045608398578947e-08
3.187310788786219314e-08
2.969599364426496042e-08
2.775124385862723963e-08
2.592552345561094590e-08
2.419176860966654996e-08
2.263267670181105843e-08
2.134719536709549168e-08
1.993763324766453427e-08
1.858257663451058303e-08
1.729369492054708657e-08
1.621582045318816014e-08
1.507625995226495761e-08
1.445243886934030435e-08
1.358104211179279090e-08
1.300599034000545313e-08
1.242345638888275679e-08
1.176110819231347542e-08
1.118154259077476590e-08
1.051302033515312736e-08
9.832073072356166662e-09
9.402105249020613241e-09
8.956445472422794960e-09
8.484044325042311664e-09
8.002574529429884086e-09
7.546617654770187863e-09
6.977095804029897524e-09
6.589994752138450245e-09
6.208270298123786659e-09
5.852870191880568335e-09
5.452657875112137373e-09
5.152681840800110675e-09
4.975160877871258349e-09
4.683741747016029836e-09
4.413921474720856373e-09
4.137576901364120443e-09
4.041023187531968207e-09
3.872551949082134370e-09
3.683911711595656545e-09
3.605724268578512069e-09
3.424218943748489945e-09
3.272893215911039570e-09
3.130368339861184477e-09
2.964022143380269320e-09
2.862638109610457498e-09
2.719538850566188942e-09
2.630493449926252656e-09
2.565493660915673395e-09
2.518540081206389379e-09
2.393869987297797687e-09
