2.220446049250313081e-16
2.273294955730048311e-08
1.284171050995899862e-09
1.546888087500310225e-10
1.215436423301224750e-09
4.248111901835506954e-07
3.178554253292498595e-06
2.923060648329116748e-08
2.143518294673297171e-08
9.305849173747039976e-09
3.188844279022432949e-08
7.506014855835706396e-09
1.654283109265371176e-08
2.899888842821682459e-06
8.909089496471524160e-07
1.188740377570643451e-05
1.770480520776271275e-06
3.374020055485987927e-07
1.607200287329481338e-06
2.417313258514587919e-05
9.789477534310672273e-06
