2.220446049250313081e-16
2.220446049250313081e-16
2.220446049250313081e-16
2.220446049250313081e-16
2.220446049250313081e-16
2.220446049250313081e-16
2.220446049250313081e-16
2.220446049250313081e-16
2.220446049250313081e-16
2.220446049250313081e-16
2.220446049250313081e-16
2.220446049250313081e-16
2.220446049250313081e-16
2.220446049250313081e-16
2.220446049250313081e-16
2.220446049250313081e-16
2.220446049250313081e-16
2.220446049250313081e-16
2.220446049250313081e-16
1.617041992252621680e-15
2.220446049250313081e-16
2.220446049250313081e-16
2.220446049250313081e-16
2.220446049250313081e-16
2.220446049250313081e-16
2.220446049250313081e-16
2.220446049250313081e-16
2.220446049250313081e-16
2.220446049250313081e-16
2.220446049250313081e-16
2.220446049250313081e-16
2.220446049250313081e-16
2.220446049250313081e-16
2.220446049250313081e-16
2.220446049250313081e-16
1.626721690003022152e-15
2.220446049250313081e-16
2.220446049250313081e-16
2.220446049250313081e-16
2.220446049250313081e-16
2.220446049250313081e-16
2.220446049250313081e-16
2.220446049250313081e-16
2.220446049250313081e-16
2.220446049250313081e-16
2.220446049250313081e-16
2.220446049250313081e-16
2.220446049250313081e-16
2.220446049250313081e-16
2.220446049250313081e-16
2.220446049250313081e-16
2.220446049250313081e-16
1.613277389757770333e-15
2.220446049250313081e-16
2.220446049250313081e-16
2.220446049250313081e-16
2.220446049250313081e-16
2.220446049250313081e-16
2.220446049250313081e-16
2.220446049250313081e-16
2.220446049250313081e-16
2.220446049250313081e-16
2.220446049250313081e-16
1.129624137240548586e-14
2.220446049250313081e-16
2.220446049250313081e-16
2.220446049250313081e-16
2.220446049250313081e-16
2.220446049250313081e-16
1.546408114778800208e-15
2.220446049250313081e-16
2.220446049250313081e-16
2.220446049250313081e-16
2.220446049250313081e-16
1.602476815482622282e-15
2.220446049250313081e-16
2.220446049250313081e-16
2.220446049250313081e-16
2.220446049250313081e-16
2.220446049250313081e-16
2.220446049250313081e-16
2.220446049250313081e-16
2.220446049250313081e-16
2.220446049250313081e-16
2.220446049250313081e-16
2.220446049250313081e-16
2.220446049250313081e-16
2.220446049250313081e-16
2.220446049250313081e-16
1.595961660489719033e-15
2.220446049250313081e-16
2.220446049250313081e-16
2.220446049250313081e-16
2.220446049250313081e-16
2.220446049250313081e-16
2.220446049250313081e-16
2.220446049250313081e-16
8.488720235070590320e-14
2.220446049250313081e-16
2.220446049250313081e-16
2.220446049250313081e-16
2.220446049250313081e-16
2.220446049250313081e-16
2.220446049250313081e-16
2.220446049250313081e-16
2.220446049250313081e-16
2.220446049250313081e-16
2.220446049250313081e-16
2.220446049250313081e-16
2.220446049250313081e-16
2.220446049250313081e-16
2.220446049250313081e-16
2.220446049250313081e-16
2.220446049250313081e-16
2.220446049250313081e-16
2.220446049250313081e-16
2.220446049250313081e-16
2.220446049250313081e-16
2.220446049250313081e-16
2.220446049250313081e-16
2.220446049250313081e-16
1.643040132040452577e-15
2.220446049250313081e-16
2.220446049250313081e-16
2.220446049250313081e-16
2.220446049250313081e-16
2.220446049250313081e-16
2.220446049250313081e-16
2.220446049250313081e-16
2.220446049250313081e-16
2.220446049250313081e-16
2.220446049250313081e-16
2.220446049250313081e-16
2.220446049250313081e-16
2.220446049250313081e-16
2.220446049250313081e-16
2.220446049250313081e-16
2.220446049250313081e-16
2.220446049250313081e-16
2.220446049250313081e-16
2.220446049250313081e-16
2.220446049250313081e-16
1.597858889908915652e-15
2.220446049250313081e-16
1.186015473516892114e-14
2.220446049250313081e-16
2.220446049250313081e-16
2.220446049250313081e-16
2.220446049250313081e-16
2.220446049250313081e-16
2.220446049250313081e-16
1.479804987136845313e-15
2.220446049250313081e-16
1.643883827981612897e-15
2.220446049250313081e-16
2.220446049250313081e-16
2.220446049250313081e-16
2.220446049250313081e-16
1.586833396147482764e-15
2.220446049250313081e-16
2.220446049250313081e-16
2.220446049250313081e-16
2.220446049250313081e-16
2.220446049250313081e-16
2.220446049250313081e-16
2.220446049250313081e-16
2.220446049250313081e-16
2.220446049250313081e-16
2.220446049250313081e-16
2.220446049250313081e-16
2.220446049250313081e-16
2.220446049250313081e-16
1.197963995361817203e-14
2.220446049250313081e-16
2.220446049250313081e-16
2.220446049250313081e-16
1.591092647253345581e-15
2.220446049250313081e-16
2.220446049250313081e-16
2.220446049250313081e-16
2.220446049250313081e-16
2.220446049250313081e-16
2.220446049250313081e-16
2.220446049250313081e-16
2.220446049250313081e-16
2.220446049250313081e-16
2.220446049250313081e-16
2.220446049250313081e-16
2.220446049250313081e-16
2.220446049250313081e-16
2.220446049250313081e-16
2.220446049250313081e-16
2.220446049250313081e-16
2.220446049250313081e-16
2.220446049250313081e-16
1.643660306925046532e-15
2.220446049250313081e-16
2.220446049250313081e-16
2.220446049250313081e-16
2.220446049250313081e-16
2.220446049250313081e-16
2.220446049250313081e-16
2.220446049250313081e-16
2.220446049250313081e-16
2.220446049250313081e-16
2.220446049250313081e-16
1.516106114613249707e-15
2.220446049250313081e-16
1.187532111585663792e-14
2.220446049250313081e-16
1.526307075260437773e-15
2.220446049250313081e-16
2.220446049250313081e-16
2.220446049250313081e-16
1.593789823549825206e-15
2.220446049250313081e-16
2.220446049250313081e-16
2.220446049250313081e-16
2.220446049250313081e-16
2.220446049250313081e-16
1.565292655835057147e-15
2.220446049250313081e-16
4.633446304436714984e-12
2.220446049250313081e-16
2.220446049250313081e-16
2.220446049250313081e-16
1.168840873428898268e-14
1.393701328383562576e-15
2.220446049250313081e-16
1.541254702436935786e-15
2.220446049250313081e-16
2.220446049250313081e-16
2.220446049250313081e-16
2.220446049250313081e-16
2.220446049250313081e-16
2.220446049250313081e-16
1.623949844411515996e-15
2.220446049250313081e-16
2.220446049250313081e-16
1.156235289354851654e-14
1.616913797483138478e-15
1.130911641131393393e-14
2.220446049250313081e-16
2.220446049250313081e-16
1.613502466680619090e-15
2.220446049250313081e-16
2.220446049250313081e-16
2.220446049250313081e-16
2.220446049250313081e-16
2.220446049250313081e-16
2.220446049250313081e-16
1.621529433928236856e-15
2.220446049250313081e-16
2.220446049250313081e-16
2.220446049250313081e-16
2.220446049250313081e-16
1.075032276913536764e-14
3.292530185294991683e-11
1.615175274406445486e-15
1.639802585639307541e-15
1.539134857931532295e-15
2.220446049250313081e-16
2.220446049250313081e-16
1.521011498141316469e-15
1.176201251755579883e-14
2.220446049250313081e-16
2.220446049250313081e-16
2.220446049250313081e-16
1.644710947385325739e-15
2.220446049250313081e-16
2.220446049250313081e-16
1.165943824415129957e-14
2.220446049250313081e-16
2.220446049250313081e-16
1.594664195725082878e-15
1.189407514640584113e-14
4.609036279805172340e-12
1.165200458922175240e-14
2.220446049250313081e-16
1.606600677265962907e-15
2.220446049250313081e-16
1.619757018253901016e-15
1.181917458830245721e-14
2.220446049250313081e-16
2.220446049250313081e-16
2.220446049250313081e-16
1.632502738580797325e-15
2.220446049250313081e-16
1.611805614444496827e-15
2.220446049250313081e-16
1.472399891295755356e-15
2.220446049250313081e-16
2.220446049250313081e-16
2.220446049250313081e-16
2.220446049250313081e-16
1.611744914853959895e-15
2.220446049250313081e-16
2.220446049250313081e-16
1.645667289198787970e-15
2.220446049250313081e-16
2.220446049250313081e-16
1.555526335667398537e-15
8.028687571095963384e-14
2.220446049250313081e-16
2.220446049250313081e-16
2.220446049250313081e-16
2.220446049250313081e-16
2.220446049250313081e-16
2.220446049250313081e-16
1.627246762571613933e-15
6.151364595473647881e-13
2.220446049250313081e-16
2.220446049250313081e-16
2.220446049250313081e-16
1.641474591463906329e-15
1.536894362724410433e-15
8.498846284255171101e-14
2.220446049250313081e-16
1.643266774471829191e-15
1.622947972227521768e-15
2.220446049250313081e-16
1.558761906987622183e-15
2.220446049250313081e-16
2.220446049250313081e-16
4.277645571554757129e-12
1.519879881642871643e-15
2.220446049250313081e-16
1.168659166183941236e-14
1.618496687581846464e-15
1.621739601488022876e-15
2.220446049250313081e-16
1.061303960195232844e-14
2.220446049250313081e-16
8.452460755866570126e-14
1.204709885821314946e-14
1.099216486348931700e-14
1.617253054611401441e-15
1.733427112096609440e-09
1.594515536223456545e-15
2.220446049250313081e-16
1.643772271775058197e-15
2.220446049250313081e-16
1.123939752330392068e-14
1.576967794015167377e-15
2.220446049250313081e-16
1.170720661231125457e-14
2.220446049250313081e-16
2.220446049250313081e-16
2.220446049250313081e-16
2.220446049250313081e-16
4.824314121296527036e-13
2.220446049250313081e-16
2.220446049250313081e-16
1.147915500938576239e-14
2.220446049250313081e-16
1.618404922205731937e-15
2.220446049250313081e-16
2.220446049250313081e-16
2.220446049250313081e-16
2.220446049250313081e-16
5.866235405397014449e-13
1.210297830325677320e-14
2.220446049250313081e-16
1.083164291366720342e-14
2.220446049250313081e-16
2.220446049250313081e-16
6.321936737092606434e-13
2.220446049250313081e-16
1.633296305232325857e-15
2.220446049250313081e-16
1.635600466428582438e-15
1.510494858111645601e-15
1.151008637423971391e-14
2.220446049250313081e-16
4.535097080369636343e-12
6.924680283347446674e-07
2.220446049250313081e-16
8.001273725978349307e-14
1.175888642009586111e-14
2.220446049250313081e-16
6.565571308903945913e-07
2.220446049250313081e-16
2.220446049250313081e-16
1.641712511404984099e-15
1.623589889613902523e-15
2.220446049250313081e-16
2.220446049250313081e-16
2.220446049250313081e-16
1.128213100420693209e-14
6.327234067207452366e-13
2.220446049250313081e-16
1.563365720922667080e-15
1.582487764559730035e-15
1.202138002211687166e-14
2.220446049250313081e-16
8.752408298451059313e-08
6.076944830823708267e-13
8.182233920711747582e-14
2.220446049250313081e-16
1.633321137396836987e-15
1.633373300237865773e-15
2.220446049250313081e-16
1.869079239383796909e-03
2.220446049250313081e-16
4.372759120840308163e-12
1.291052079970972913e-08
1.625546890343759476e-15
1.241684270878815949e-08
3.336154799732194159e-11
1.792138895194739581e-10
2.220446049250313081e-16
2.220446049250313081e-16
2.220446049250313081e-16
1.626045642797662918e-15
8.839941327058334751e-14
1.185696899451886432e-14
1.615009955477779125e-15
1.172615570647422602e-14
9.104223301531714864e-08
1.608750065306378734e-15
8.548947052828007126e-14
2.220446049250313081e-16
1.821355841503546432e-09
2.220446049250313081e-16
4.556705782975256083e-12
1.091288162785872508e-14
1.187172070368075264e-14
5.949685292878902252e-13
8.446391166246917880e-14
1.555059169473140135e-15
2.108741431659372244e-10
2.220446049250313081e-16
3.161803676199443128e-11
1.122724379676299831e-14
2.220446049250313081e-16
1.185502536921071047e-14
1.552037980237256663e-15
1.726214849375259303e-09
4.630138505131601774e-12
3.500143437950262229e-11
5.037828018580945385e-13
2.526726369778706867e-04
2.220446049250313081e-16
2.220446049250313081e-16
2.220446049250313081e-16
3.874397509742573544e-12
3.950071331833608750e-12
1.120215494463438181e-14
1.773826674023058585e-09
1.090465320358644845e-14
2.220446049250313081e-16
1.528779160783677219e-15
1.186827593877718552e-14
4.626051806051376180e-12
3.724740793131809671e-05
1.505638226414281340e-15
1.393701328383562773e-15
2.220446049250313081e-16
2.220446049250313081e-16
1.191678295853665494e-14
1.638146990854350712e-15
8.785287276011765063e-08
1.009414642309910681e-01
2.220446049250313081e-16
1.430697108205488711e-02
6.113955879964436501e-13
1.268121720873178401e-08
7.205776966705909059e-01
2.220446049250313081e-16
1.496021457882798240e-15
1.565664256185193802e-15
1.645309164443863178e-15
5.973243889919734446e-13
7.549024243366724285e-01
2.399430863198165481e-10
2.394657695722551622e-10
4.588281389910118252e-12
5.598409162971179620e-13
8.790486079645352610e-14
1.546928703638436047e-15
8.753082337548177752e-14
5.856148670417453622e-13
3.026463613535612928e-05
2.220446049250313081e-16
1.593786186071562332e-15
2.321584306059959688e-10
1.551361330064511453e-15
1.257056407911742397e-08
7.393260773584836483e-14
3.668967135004415418e-05
4.630308583212092281e-12
1.525422478615116414e-15
2.485900248126481273e-11
2.620799385691744430e-04
1.526388044097527442e-15
5.875625777976594821e-07
1.560887517849726357e-15
4.604682237478248748e-12
2.220446049250313081e-16
3.063496131763965857e-11
2.220446049250313081e-16
6.670950265180426975e-07
8.000645581773207102e-14
5.576547647987721845e-01
2.274569838577911748e-04
1.606765814390975137e-09
7.628450329551216269e-01
1.968193383997873455e-03
1.599182651198939598e-15
6.146666171994534881e-13
4.893649504579659417e-06
5.078789758720152375e-06
1.856621311485733396e-03
5.552436032950843937e-13
2.220446049250313081e-16
1.518189277629954437e-15
5.198621016653393490e+00
1.790900056784727605e-09
4.646338932590205011e-06
2.779674496455773942e-04
7.678847595646494700e-08
4.072274651815133786e-12
2.220446049250313081e-16
2.336556976573969725e-10
2.239109182970239163e-10
5.300775645424887550e+00
2.373554878646207925e-04
4.541349060845468426e-12
8.949671293967843463e-09
2.220446049250313081e-16
1.198091690992016519e-08
3.064817955098926572e-11
1.869927220241749735e-10
3.828826291504811508e+01
8.307632260715447349e-14
1.142336390319874932e-14
5.665058311964794591e+00
8.945971501998482451e-14
2.220446049250313081e-16
3.749689062323807772e-06
6.271367592961271763e-13
1.820173367122824345e-03
9.253958666969426535e-08
3.170387793883451135e-11
1.514359858033096467e-15
4.955242280922616727e-06
6.800830066503382760e-07
5.528794896989158936e+00
4.004063899096505708e+01
7.279213152990445801e-01
1.633692867970586299e-15
7.397416821567108150e-14
1.640643821871437281e-15
3.862240308907568931e+01
3.641577365298707747e+01
7.150972907126668110e-01
4.666922851949733442e+00
9.841555645540185637e-02
1.918799286615571449e-03
1.649616031229787855e-09
4.273568781022684707e-12
1.188522566805932164e-08
6.141869712729289832e-01
4.068238899293150723e+01
2.220446049250313081e-16
4.015861963373817645e+01
3.537552874494306491e-05
2.636521959846193372e-04
7.747661756317049978e-14
4.590591914379200088e-12
1.531903443931811805e-15
1.124953651234542469e-14
4.810737267283439388e-06
2.612604184606237665e-04
6.769736511985623428e-01
1.930921979167969302e-03
4.413596194812235073e-06
1.004810715917726499e-01
1.323690939314938614e-02
4.650170869560296265e-06
1.170971155366171052e-14
2.220446049250313081e-16
1.784259367072914661e-03
3.807109721638764199e+01
1.118413358480415348e-08
3.897463481600222224e+01
4.848850751196305708e+00
1.613422088137790802e-15
2.220446049250313081e-16
2.220446049250313081e-16
7.842136651460690072e-14
2.220446049250313081e-16
1.174389548381251250e-14
8.590132697273814059e-14
3.895940080225409474e+01
2.220446049250313081e-16
3.610672502225019542e+01
4.021351083115752090e+01
2.220446049250313081e-16
2.220446049250313081e-16
5.512219573657543670e+00
5.705292673149744445e-07
3.724055424575605144e+01
4.704040466317629967e-06
6.830185167103884285e-07
2.220446049250313081e-16
8.626674532261862089e-14
2.067317463230930310e-10
3.501307946939408313e-05
3.884005320955247242e+01
2.220446049250313081e-16
1.471686141448157528e-02
1.134515670959317786e-14
3.381383842447718990e+01
4.559446294073370342e-07
3.863904509649373153e+01
3.585237824241027482e+01
5.457324529564227866e+00
3.819115735449667426e+01
3.679942071044636265e+01
3.943563634743409807e+01
1.267500714769291962e-08
7.125128113318857093e-01
1.293520133062921529e-08
1.860455680913080556e+01
3.936499478038904698e+01
5.450478700573373025e+00
6.719879828051231185e-02
3.913370893664389882e+01
3.774386529800948864e+01
6.560386740205480112e-07
1.493421106707508871e-15
1.755033723585683152e-03
3.699627468932500562e+01
6.197399682203461411e-13
5.181776291763186215e+00
9.945366832870328189e-02
3.981696196360405793e+01
2.220446049250313081e-16
1.112022150178209871e-14
8.260996325623267605e-14
7.000466067763792245e-07
1.015949423934857099e-01
3.793184005824387128e+01
4.104959696951133452e+01
1.186105967399626163e-14
3.846240093369932822e+01
9.525235785546257161e-02
2.599421617019181171e-04
2.373607534548462593e-11
3.859756729536795206e+01
3.891223712314342009e+01
4.068495181068978032e-12
3.955813290930267101e+01
5.640598922083259303e+00
5.761486585833693618e-07
4.220459494585999494e+01
2.220446049250313081e-16
3.105035113430836269e+00
1.805095672868093975e-03
4.951496263626959937e+00
3.821185580771863499e+01
3.511290938584343024e+01
2.220446049250313081e-16
4.624585177011763238e-06
3.632906724653342678e+01
9.882533821759055537e-02
3.794112499152191020e+01
4.021036130011118814e+01
6.345446486612433163e-13
3.855934006903061828e+01
3.283447563878420539e+01
3.762628987052771379e+01
3.886388674425194267e+01
3.720304758062058426e+01
9.497703589227469469e-04
5.845359270593542064e-08
3.724008765161413947e+01
4.331148874675080724e-12
3.877411148556186760e+01
6.117863854739900154e-13
3.840702165263355994e+01
1.461938357518095019e-04
4.509935371704252151e-12
6.727908068425941801e-01
3.371366034582010229e+01
2.220446049250313081e-16
3.844053350445685169e+01
4.101864105363087276e+01
3.769315237551415976e+01
3.706410470725566597e+01
3.829828416770455135e+01
4.328688013510169833e-06
2.220446049250313081e-16
2.310587141226347185e+01
3.667651877043033437e+01
3.774149900292477611e+01
4.868397517317563761e+00
1.869440310495309359e-03
5.222658163444791057e+00
3.546529681828371849e+01
3.980546266328723704e+01
3.511525936691591454e+01
1.020733652141723180e-01
1.733267800870447791e-03
3.779543873427048339e+01
3.269639719675490776e-11
3.653064921464843477e-05
4.033404096303205932e+01
4.830275942821796899e-13
3.652549507536416229e+01
3.352875082263346940e+01
2.472114958469889516e-05
3.788582048564889249e+01
3.743132132015001901e+01
2.388161021446955458e-04
3.983702276927760799e+00
5.097369653999956007e+00
3.721152460513252436e+01
4.182785738116190544e+01
3.756900119879037447e+01
3.877313531872610497e+01
4.021829082808832112e+01
3.610734950529417375e+01
1.660908254157210810e-05
3.866465435428256114e+01
4.033741883474424839e+01
5.337594658590883107e-13
2.821359916889903374e+01
3.684525751222110301e+01
2.220446049250313081e-16
5.116689421606311683e+00
4.060679008753999142e+01
3.632593138098273755e+01
5.692428406502187664e-07
3.769101184166270002e+01
3.889934467940695129e+01
3.609187248022387706e+01
3.920220523734342777e+01
3.979487306344280029e+01
3.936126916845995538e+01
3.833751781137311809e+01
3.953550856092589783e+01
6.801542941387824289e-08
3.811367351405756665e+01
3.486998892629950575e+01
3.798295389631545049e+01
4.835323378848662479e+00
1.357527796210015493e-02
5.331813820212980559e+00
5.357947848010096159e+00
3.832572756609955178e+01
4.008899588642739076e+01
3.921781091605279101e+01
5.546663974737371661e-02
3.836047743314588843e+01
3.648066717363258249e+01
3.842970313788979553e+01
1.866187308651690913e+01
3.733124483982670228e+01
3.801182202976849567e+01
3.804870901747754175e+01
1.022140526570619601e-14
3.920145259841255836e+01
4.168900872498965526e+01
1.795744961872367722e-03
4.389648173651702203e-12
3.936997492210042537e+01
3.856496088938661160e+01
3.849463951092793934e+01
3.389298585389813212e+01
3.858191214527294477e+01
4.013039751304759761e+01
3.849647978039730845e+01
3.882089322283076882e+01
4.068645116333555478e+01
8.024184350877413388e-14
3.705761760094532775e+01
3.900615782001887055e+01
3.926940438620647456e+01
3.974815584043103911e+01
7.273686895032608346e-01
2.191077288807951362e+01
3.901301786740362587e+01
3.918371739358396866e+01
4.033509107171477126e+01
4.019696651812564880e+01
3.858613873670765315e+01
3.497386793112306691e+01
3.842261159329700604e+01
3.699368107821473473e+01
3.781427183221993715e+01
3.634094091188188003e+01
3.815358106261341220e+01
3.981570391029626421e+01
3.731617981893766967e+01
3.628657953716641060e+01
3.708945844793018409e+01
9.043077483096127397e-03
3.621138837300291158e+01
2.542939339571901058e+01
2.510377683629856449e+01
1.752337121003691678e+01
1.591345415960930445e-04
4.930068101690471545e-13
2.982085300079456758e+01
1.217635532146525180e-02
3.952997580057428451e+01
3.831606933976194540e+01
3.766346574708048678e+01
2.005383275717831284e-03
3.230001797296193899e+01
3.710041747319250049e+01
3.947202932768701800e+01
3.746769313084611497e+01
3.672728162038691835e+01
6.461763047439194749e-14
5.241853875617644931e+00
3.768383851068411872e+01
3.457521352289851337e-05
3.850223252005798713e+01
4.651203320817893120e-06
3.633463998568901587e+01
4.042935901640979068e+01
3.719935255787025596e+01
3.971643877722376459e+01
3.920787900622796585e+00
3.768353791827797750e+01
1.592990982155659155e-15
1.990566001393520319e-03
4.040979474381850167e+01
3.681552554162199442e+01
2.549451107141305517e+00
3.936658803282060148e+01
3.518919173396141531e+01
3.357557779547954624e+01
3.839678579123140167e+01
3.943090020893589553e+01
3.771732031597461798e+01
4.086734210517298749e+01
3.114693538360971215e-11
3.833134819432988394e+01
3.866225255051870846e+01
3.677297948598910438e+01
3.584570212033754899e+01
3.893017866210517042e+01
1.769610400696612683e-04
4.815515365943445203e-01
4.053660811253780594e+01
2.273283425095585741e+01
3.606068742877181421e+01
2.907836309197152080e-01
5.213216037432374965e-13
1.795774296637428336e+01
3.756071597415730423e+01
1.824184565062218866e+01
3.779691447755257627e+01
3.929128549925990654e+01
3.623640572835519436e+01
3.549994738055983845e+01
3.861732766206705492e+01
3.797867787589395050e+01
3.885194498858161438e+01
3.827046798714899012e+01
9.406946776426548688e-08
3.762919250723534503e+01
4.165853941234657043e+01
4.123574366221129139e+01
3.304716108987283718e+01
3.866964064606312235e+01
4.066060154128470572e+01
3.287442320717928368e+01
2.220446049250313081e-16
2.359702671043522670e+01
3.774714812062470770e+01
3.559234963310989031e+01
7.531934945621156463e-09
4.000449720513888252e+01
3.805655067514841505e+01
3.844331640744214695e+01
1.001693789889183207e-14
3.516646645520570758e+01
3.812752397915964764e+01
4.059651858650953216e+01
4.029226408304976559e+01
3.303871264970164543e-05
3.460767464968000695e+01
3.886403443242938494e+01
3.829640585292661825e+01
3.549729512987658353e+01
3.892257096129720395e+01
3.673235875582405896e+01
3.898430859097407364e+01
4.300450392131168975e+00
3.991349231039139056e+01
3.902347847077027865e+01
3.387947369575570633e+01
3.925636613628245186e+01
3.643406703305534933e+01
3.737896567295182138e+01
3.973840684250993860e+01
4.093700192238213020e+01
4.041272791243439144e+01
4.043934655476198259e+01
3.902756421128414388e+01
3.928005194382928522e+01
2.087462999715648859e+00
3.674918728957470648e+01
1.484250863661927156e+01
3.688463771626638987e+01
3.699463172549909018e+01
3.744583579079401403e+01
3.874046215938412985e+01
3.965034110531654221e+01
3.426160425068008664e+01
3.897051335498747449e+01
4.087927186037590843e+01
3.783540567225380613e+01
3.951155057744036725e+01
3.978907737406791512e+01
3.761506193268215981e+01
3.659616011476354913e+01
3.883577042780480326e+01
3.360833469647830185e+01
3.985957273758176456e+01
4.188679345345333616e+01
4.036459848981828458e+01
3.642606238024553988e+01
3.746630463511051801e+01
3.753286332853358687e+01
1.857694251454768519e+01
3.764998395097883588e+01
3.785495477718457380e+01
3.978016753794226190e+01
3.577834345128038507e+01
3.834778200219832200e+01
4.044805778370844962e+01
4.013251324928523900e+01
3.710302656993855663e+01
7.493923884096289408e-09
3.891261538514292084e+01
4.097139700876321911e+01
3.830303290487611179e+01
3.952076100252860158e+01
3.658562301359349789e+01
3.786995159945661271e+01
3.847241627027245414e+01
4.044114612638521322e+01
4.025435145324249220e+01
1.725818509856814842e+01
3.928736943762073253e+01
3.974151595933506087e+01
3.666957525545993235e+01
3.971148219121977263e+01
4.088241510046140803e+01
3.972364400024962094e+01
3.742771626061479395e+01
3.986323950049055043e+01
3.848322791543390764e+01
3.725468745305946072e+01
3.965779310041106953e+01
4.009359472393193613e+01
3.896779552693412541e+01
3.887568736986357010e+01
4.779976382498960064e+00
3.800719220249811059e+01
3.739181580275472783e+01
3.891583371277603476e+01
3.807976397766094578e+01
3.870485561175559042e+01
3.924501966121798802e+01
3.702834050617374828e+01
4.047839815727229507e+01
3.958823423232725247e+01
3.830150212870396587e+01
3.596090676683030551e+01
3.657374050143075550e+01
2.437926171856270230e+01
3.688373351479797435e+01
3.894756933284237022e+01
3.819157603435809278e+01
3.895285787612217376e+01
3.542304450261013624e-07
3.527791027879241881e+01
3.926015700916990880e+01
3.817993930327157415e+01
3.541351734493606784e+01
6.912053829956622993e-03
3.720888264456156236e+01
3.501752311657482863e+01
3.966288168471142939e+01
3.750391626423685665e+01
4.000825385370086451e+01
3.807450604667824479e+01
3.937323220619763475e+01
4.188213735264418602e+01
3.776315463814515283e+01
4.006385829624090178e+01
3.958642848540937820e+01
2.004263434674588140e+01
3.985270877778599186e+01
