2.220446049250313081e-16
2.220446049250313081e-16
2.220446049250313081e-16
2.220446049250313081e-16
2.220446049250313081e-16
2.220446049250313081e-16
2.220446049250313081e-16
1.611013731819301233e-15
2.220446049250313081e-16
2.220446049250313081e-16
2.220446049250313081e-16
2.220446049250313081e-16
2.220446049250313081e-16
2.220446049250313081e-16
2.220446049250313081e-16
2.220446049250313081e-16
2.220446049250313081e-16
2.220446049250313081e-16
2.220446049250313081e-16
2.220446049250313081e-16
8.513251477954145496e-14
2.220446049250313081e-16
2.220446049250313081e-16
1.597858887588635127e-15
2.220446049250313081e-16
2.220446049250313081e-16
2.220446049250313081e-16
2.220446049250313081e-16
2.220446049250313081e-16
2.220446049250313081e-16
2.220446049250313081e-16
2.220446049250313081e-16
2.220446049250313081e-16
2.220446049250313081e-16
2.220446049250313081e-16
2.220446049250313081e-16
2.220446049250313081e-16
2.220446049250313081e-16
2.220446049250313081e-16
2.220446049250313081e-16
2.220446049250313081e-16
2.220446049250313081e-16
2.220446049250313081e-16
2.220446049250313081e-16
1.631696248205341986e-15
2.220446049250313081e-16
2.220446049250313081e-16
2.220446049250313081e-16
2.220446049250313081e-16
2.220446049250313081e-16
2.220446049250313081e-16
2.220446049250313081e-16
2.220446049250313081e-16
1.646367906166243236e-15
2.220446049250313081e-16
2.220446049250313081e-16
2.220446049250313081e-16
2.220446049250313081e-16
2.220446049250313081e-16
2.220446049250313081e-16
2.220446049250313081e-16
2.220446049250313081e-16
2.220446049250313081e-16
2.220446049250313081e-16
2.220446049250313081e-16
2.220446049250313081e-16
1.178099882218495514e-14
2.220446049250313081e-16
1.631299445610452126e-15
2.220446049250313081e-16
2.220446049250313081e-16
2.220446049250313081e-16
2.220446049250313081e-16
2.220446049250313081e-16
1.628446425996852087e-15
2.220446049250313081e-16
1.442850099586636243e-15
2.220446049250313081e-16
2.220446049250313081e-16
2.220446049250313081e-16
2.220446049250313081e-16
1.634849416564912718e-15
2.220446049250313081e-16
2.220446049250313081e-16
1.418062798486812436e-15
2.220446049250313081e-16
2.220446049250313081e-16
2.220446049250313081e-16
2.220446049250313081e-16
2.220446049250313081e-16
1.468070675077740356e-15
2.220446049250313081e-16
2.220446049250313081e-16
2.220446049250313081e-16
2.220446049250313081e-16
2.220446049250313081e-16
2.220446049250313081e-16
2.220446049250313081e-16
1.573745338553944631e-15
2.220446049250313081e-16
2.220446049250313081e-16
2.220446049250313081e-16
2.220446049250313081e-16
2.220446049250313081e-16
2.220446049250313081e-16
2.220446049250313081e-16
2.220446049250313081e-16
2.220446049250313081e-16
2.220446049250313081e-16
2.220446049250313081e-16
2.220446049250313081e-16
2.220446049250313081e-16
2.220446049250313081e-16
1.184771011793544547e-14
2.220446049250313081e-16
2.220446049250313081e-16
2.220446049250313081e-16
2.220446049250313081e-16
2.220446049250313081e-16
2.220446049250313081e-16
1.616402079469748423e-15
2.220446049250313081e-16
2.220446049250313081e-16
2.220446049250313081e-16
2.220446049250313081e-16
2.220446049250313081e-16
2.220446049250313081e-16
2.220446049250313081e-16
2.220446049250313081e-16
2.220446049250313081e-16
1.612458602047622419e-15
2.220446049250313081e-16
2.220446049250313081e-16
1.616136187010917642e-15
2.220446049250313081e-16
2.220446049250313081e-16
2.220446049250313081e-16
2.220446049250313081e-16
2.220446049250313081e-16
2.220446049250313081e-16
2.220446049250313081e-16
2.220446049250313081e-16
2.220446049250313081e-16
2.220446049250313081e-16
2.220446049250313081e-16
2.220446049250313081e-16
2.220446049250313081e-16
2.220446049250313081e-16
2.220446049250313081e-16
2.220446049250313081e-16
2.220446049250313081e-16
2.220446049250313081e-16
2.220446049250313081e-16
2.220446049250313081e-16
1.588633293986543038e-15
2.220446049250313081e-16
2.220446049250313081e-16
2.220446049250313081e-16
2.220446049250313081e-16
1.472399892219882832e-15
2.220446049250313081e-16
2.220446049250313081e-16
1.526259829912062427e-15
2.220446049250313081e-16
2.220446049250313081e-16
2.220446049250313081e-16
2.220446049250313081e-16
2.220446049250313081e-16
2.220446049250313081e-16
2.220446049250313081e-16
1.603517753528751616e-15
2.220446049250313081e-16
2.220446049250313081e-16
2.220446049250313081e-16
2.220446049250313081e-16
2.220446049250313081e-16
1.618770550564874869e-15
2.220446049250313081e-16
2.220446049250313081e-16
2.220446049250313081e-16
1.602476815492762103e-15
1.539134633390150822e-15
2.220446049250313081e-16
2.220446049250313081e-16
2.220446049250313081e-16
2.220446049250313081e-16
2.220446049250313081e-16
2.220446049250313081e-16
8.531386258789863090e-14
2.220446049250313081e-16
2.220446049250313081e-16
1.638102845499262587e-15
2.220446049250313081e-16
2.220446049250313081e-16
1.514776869159786917e-15
1.195846270360839431e-14
2.220446049250313081e-16
2.220446049250313081e-16
2.220446049250313081e-16
1.542607402125387813e-15
2.220446049250313081e-16
2.220446049250313081e-16
2.220446049250313081e-16
1.643367422841059269e-15
2.220446049250313081e-16
2.220446049250313081e-16
2.220446049250313081e-16
2.220446049250313081e-16
2.220446049250313081e-16
2.220446049250313081e-16
2.220446049250313081e-16
1.616625384795741868e-15
2.220446049250313081e-16
2.220446049250313081e-16
2.220446049250313081e-16
2.220446049250313081e-16
2.220446049250313081e-16
2.220446049250313081e-16
2.220446049250313081e-16
2.220446049250313081e-16
2.220446049250313081e-16
2.220446049250313081e-16
2.220446049250313081e-16
1.576970340442168767e-15
8.617089091244053933e-14
6.811768220315772671e-14
2.220446049250313081e-16
2.220446049250313081e-16
1.553579026540392194e-15
2.220446049250313081e-16
2.220446049250313081e-16
2.220446049250313081e-16
2.220446049250313081e-16
2.220446049250313081e-16
1.618292865688193764e-15
1.536868801314715469e-15
1.602894483476756412e-15
2.220446049250313081e-16
2.220446049250313081e-16
2.220446049250313081e-16
1.106200687560757419e-14
2.220446049250313081e-16
1.582235553873328997e-15
2.220446049250313081e-16
1.507403077845932505e-15
2.220446049250313081e-16
2.220446049250313081e-16
2.220446049250313081e-16
1.640460644476570002e-15
2.220446049250313081e-16
2.220446049250313081e-16
2.220446049250313081e-16
1.600786588886658859e-15
2.220446049250313081e-16
8.387791883868273544e-14
2.220446049250313081e-16
2.220446049250313081e-16
2.220446049250313081e-16
2.220446049250313081e-16
2.220446049250313081e-16
2.220446049250313081e-16
2.220446049250313081e-16
2.220446049250313081e-16
2.220446049250313081e-16
2.220446049250313081e-16
1.598693241413402635e-15
1.618199053573297641e-15
2.220446049250313081e-16
8.576451132497942328e-14
2.220446049250313081e-16
1.560924108859463503e-15
2.220446049250313081e-16
2.220446049250313081e-16
2.220446049250313081e-16
1.610856885346358726e-15
2.220446049250313081e-16
1.636673176698506521e-15
2.220446049250313081e-16
1.155825942256466361e-14
2.220446049250313081e-16
2.220446049250313081e-16
2.220446049250313081e-16
2.220446049250313081e-16
2.220446049250313081e-16
2.220446049250313081e-16
2.220446049250313081e-16
1.574350797323651414e-15
1.560547417031052324e-15
2.220446049250313081e-16
2.220446049250313081e-16
2.220446049250313081e-16
1.581409682431838919e-15
1.165659487810613455e-14
2.220446049250313081e-16
1.605519127208482827e-15
1.590684454295581952e-15
1.641182601931218568e-15
1.209803180732417706e-14
1.545263255538597143e-15
2.220446049250313081e-16
1.161391336328266914e-14
1.611622699169214739e-15
8.246928174971137724e-14
1.175716142988476958e-14
1.628365897277574772e-15
2.220446049250313081e-16
2.220446049250313081e-16
2.220446049250313081e-16
2.220446049250313081e-16
2.220446049250313081e-16
1.139585275212011997e-14
1.555505309434993329e-15
1.195030811692317610e-14
8.735748536217019216e-14
1.579273314547222158e-15
2.220446049250313081e-16
2.220446049250313081e-16
2.220446049250313081e-16
2.220446049250313081e-16
1.541265880438290772e-15
2.220446049250313081e-16
8.717302136260208728e-14
2.220446049250313081e-16
9.710452339003051215e-15
2.220446049250313081e-16
2.220446049250313081e-16
2.220446049250313081e-16
2.220446049250313081e-16
2.220446049250313081e-16
2.220446049250313081e-16
2.220446049250313081e-16
2.220446049250313081e-16
7.752648854998166839e-14
2.220446049250313081e-16
1.163483980702459296e-14
6.565402264369739556e-13
2.220446049250313081e-16
1.576681313322009209e-15
1.641003193979471018e-15
2.220446049250313081e-16
1.613899141430751317e-15
2.220446049250313081e-16
2.220446049250313081e-16
5.836029067072148129e-13
2.220446049250313081e-16
2.220446049250313081e-16
1.617500565374457926e-15
4.671624207270443249e-12
2.220446049250313081e-16
1.570573923345359797e-15
2.220446049250313081e-16
2.220446049250313081e-16
2.220446049250313081e-16
4.609834404807754336e-12
1.178232406479643305e-14
2.220446049250313081e-16
1.618670148683977770e-15
1.513400273345334125e-15
8.228205187563913317e-14
1.612576649606522173e-15
1.180088417587083639e-14
1.080697100714797080e-14
2.220446049250313081e-16
1.578983918724841408e-15
1.078546780751500858e-14
2.391969213403768976e-10
2.220446049250313081e-16
1.507253544023488551e-15
2.220446049250313081e-16
6.033370533775130856e-13
3.199066299997876375e-11
2.220446049250313081e-16
1.496034496458302621e-15
2.295679356408634453e-10
2.220446049250313081e-16
2.220446049250313081e-16
4.555320477509834699e-12
2.220446049250313081e-16
1.510491272859500071e-15
9.557266317881038895e-08
2.220446049250313081e-16
1.590020303545981336e-15
4.557371500395891201e-12
1.153449861078911988e-14
2.406602937772647672e-10
2.220446049250313081e-16
8.632160096526018185e-14
8.394635776120475864e-14
2.220446049250313081e-16
1.609770564130227823e-15
1.705258335267738605e-09
1.538410019358159379e-15
1.147271974200509828e-14
2.220446049250313081e-16
2.220446049250313081e-16
1.605432220072812584e-15
1.562554904764892060e-15
6.234010357617430944e-13
1.488819006928568274e-15
1.149301994061199272e-14
4.822450582401374695e-06
1.471164809773090618e-15
2.220446049250313081e-16
1.613073304386641118e-15
3.277933390910046870e-11
2.220446049250313081e-16
2.220446049250313081e-16
7.594941488262723380e-14
8.576155070094406504e-14
2.220446049250313081e-16
2.220446049250313081e-16
7.983207099047979800e-14
6.821059922989167931e-07
2.220446049250313081e-16
1.173223476935755411e-14
8.284267198678730129e-14
1.138816324282953703e-14
2.463662295566504556e-11
8.722666524778302664e-14
1.597684109505621472e-15
2.220446049250313081e-16
2.220446049250313081e-16
2.482358485895323928e-10
1.221258559492393354e-08
2.220446049250313081e-16
1.642889320116778317e-15
3.220802847998486620e-11
5.159124318304049878e-06
2.220446049250313081e-16
1.145257888074992177e-14
3.551264157560209475e-05
1.314868030952807326e-08
8.736369737394457087e-14
2.220446049250313081e-16
2.220446049250313081e-16
8.121981359261153078e-14
2.220446049250313081e-16
1.357489527101584867e-02
1.346055863891837054e-02
2.220446049250313081e-16
1.281735999455873033e-08
4.099394488787854509e-12
8.687130907950513582e-14
2.220446049250313081e-16
9.010387579686329884e-08
2.220446049250313081e-16
4.517229869184214744e-12
1.752510161584548287e-09
2.220446049250313081e-16
4.502740461588176073e-12
3.532651209609232438e-05
1.278192448522199053e-08
1.714901331645198207e-09
3.458400186964229184e-05
1.088657648813101746e-14
9.943640768299139010e-02
1.277757914686518998e-08
2.220446049250313081e-16
2.220446049250313081e-16
1.218397661852637967e-14
1.220551223112351287e-08
5.847868322574119424e-13
2.220446049250313081e-16
1.728435152350814611e-09
1.315756546912053534e-08
1.427050029072103945e-02
2.220446049250313081e-16
2.627498521410168760e-04
7.574779282248705892e-01
2.220446049250313081e-16
1.211556954058223994e-14
3.905304250225989904e+01
2.220446049250313081e-16
3.708281345506741990e-05
2.220446049250313081e-16
3.413897445508925339e-11
2.220446049250313081e-16
1.799502488908520673e-09
6.316459380242645044e-13
2.220446049250313081e-16
1.991229344963482001e-03
8.473002457882661768e-14
1.192049864296394742e-14
6.469482113426796729e-13
8.735706299849925665e-14
2.579490658208458370e-04
2.220446049250313081e-16
1.493732098370165973e-15
2.220446049250313081e-16
1.614849055855123617e-15
1.514775908053669206e-15
3.422857276909351855e-05
4.658756530311726011e-12
1.008796611847842894e-14
1.573439190669434200e-15
2.220446049250313081e-16
1.916891802230395172e-03
2.220446049250313081e-16
2.220446049250313081e-16
7.180181574445675119e-02
1.083953835286050482e-14
5.119918421002601860e+00
2.220446049250313081e-16
1.572371450648830289e-15
2.220446049250313081e-16
3.921255572270933953e+01
4.662929442294392834e-12
4.214535579023663583e-12
5.924791896238419113e-13
4.164622565512284069e+01
1.008565245943082445e-01
2.220446049250313081e-16
1.432813600006304623e-15
2.220446049250313081e-16
3.330554084012077066e-11
1.163914506590078914e-14
1.612810821436901581e-15
5.287805628547007863e+00
5.450755201399592131e+00
1.552433167742083155e-15
5.235864451249792167e-13
6.661596958387771119e-07
8.154997514053110375e-14
8.155554058564337191e-14
1.676638681570816837e-09
3.334211569176020314e-11
8.682275463157853645e-14
3.472442631583754572e-11
6.131073434758655405e-13
2.220446049250313081e-16
1.201710045960189578e-03
3.246640278012784192e-11
7.472142504203800328e-01
1.171221097427414707e-14
2.220446049250313081e-16
6.274396130721721779e-13
2.220446049250313081e-16
1.609693448311463843e-15
2.220446049250313081e-16
6.748058603582500758e-01
7.042994403822722131e-14
5.010897582002857398e+00
2.601127330638196679e-04
3.194815339221604303e-05
3.983661604276306178e+01
7.205787785063737516e-01
1.495997734592480043e-15
2.220446049250313081e-16
7.151231568100582248e-01
7.104200711742832963e-01
5.234225436722450553e+00
1.852847186495656072e-03
3.866669117925832211e+01
4.021714260562217191e+01
2.413305834316123704e-04
1.274326642227354289e-08
2.220446049250313081e-16
2.220446049250313081e-16
2.220446049250313081e-16
5.508772760605552169e-13
3.777078725462823172e+01
3.331759317106168831e-11
1.669604935945019500e-03
6.467892689545117182e-14
4.653772488569062777e-13
2.327403400910816374e-10
2.975662237949031950e-11
2.386774058367909177e-10
1.613207405368839344e-10
4.172627015578638066e+01
4.523174434125596802e-12
7.526992838101389215e-03
3.583975883132217177e+01
2.643014674276512471e-11
7.830596271741125275e-14
1.008025480593872925e-01
1.280041862876047754e-08
4.548578720621819782e-01
1.841103329567829808e-03
3.201924664346304304e-11
3.750959236239337002e+01
2.220446049250313081e-16
2.220446049250313081e-16
8.422533695320099541e-14
3.777770974947190292e-05
5.510644191568639130e-13
1.631546494432740670e-15
2.220446049250313081e-16
3.708291463578975566e+01
5.304215978436375600e+00
3.836257058166477663e+01
4.804752713643638842e-13
1.281697758796086946e-02
6.140230087423750174e-13
1.193228471303631881e-08
2.434582991391652142e-10
2.640496486434486647e-04
9.405483163830241635e-08
4.169431540901973947e-06
1.694827345887093398e-09
6.953220493401117630e-07
1.671468051046661862e-03
1.379602449651470786e-09
3.322221568776399661e-05
8.760833114138107379e-14
4.694949991929714037e-12
4.590162863965555064e-06
9.800047718782423090e-02
7.835842556026705319e-01
7.183185087682648629e-01
3.975391516899847488e+01
9.858083806778050739e-02
3.658735559846586227e+01
9.885876482496128159e-02
1.862373203004108544e-04
5.274289460067760338e+00
1.059301713110933352e-01
3.615737032453937161e+01
2.064930524318505575e-10
9.984115991846476135e-02
1.531996819423926067e-15
4.037976623654329700e+01
9.089219724207466184e-08
3.883835763455901713e+01
1.004346114903648282e-14
1.069687104290755475e-14
2.220446049250313081e-16
3.724284563923354341e+01
1.328343167879169305e-02
5.236488579484543493e+00
7.544442085779671237e-01
3.936570408351818884e+01
5.692816291745270081e-13
3.296201108410532008e-11
9.836021688536419894e-02
4.912973400766632359e+00
1.906188258022947042e-03
4.555882547324432430e+00
5.054732312492809244e-06
4.041950154392953465e+01
1.928889711707385121e-03
2.232444520658268853e-10
3.797167400986709396e+01
2.220446049250313081e-16
3.760198568842807276e+01
2.220446049250313081e-16
2.220446049250313081e-16
3.909854105853014516e+01
8.466014196599258697e-14
1.641946606562491083e-15
3.898985532453801994e+01
1.023394690700507592e-01
9.240427299086227675e-02
1.632979327272994708e-15
2.597362748025134217e-05
5.103605387149370760e-06
2.220446049250313081e-16
4.748816636977995387e+00
2.886107387690464428e-04
3.909807220135447636e+01
9.463000508157823343e-02
4.872771806964565297e-06
7.122383145315308584e-01
3.885876311628211965e+01
5.307747858562124717e-05
2.220446049250313081e-16
5.856114214003956312e-07
3.811533739690186605e-12
2.655887089871308100e-04
2.220446049250313081e-16
1.188017609356115993e-14
3.829466347674099325e+01
4.074648603576000028e+01
4.008999024282368850e+01
1.392247295322959115e-03
6.649499863862118332e-01
1.206774492588941547e-08
3.796997587390953299e+01
3.864591607869870415e+01
7.569064701627963299e-01
3.821949116530912249e+01
1.752441761945583648e-03
1.163351153048317716e-08
3.288438144401326646e+00
4.007051597598969295e+01
3.875435785220841467e+01
6.570232152314871010e-01
6.275785727731354042e-08
2.410610260693995567e-04
6.298829317165385300e-01
3.517861721054707402e+01
1.100621228949337361e-14
8.604322057288789349e-02
1.360329196855309189e-02
3.942810067405473973e+01
1.101916701040419602e-03
3.980661901799994240e+01
3.577509617152767163e+01
1.780541452940504182e-04
3.943956974441798025e+01
4.098634728047856197e-12
3.972419010566084552e+01
2.600542154786969747e-11
5.357911078685694214e-13
3.740452838991692630e+01
2.521791786149946772e-11
5.173819825860028310e+00
3.851487441890335361e+01
3.936976441724298326e+01
3.881954136618096385e+01
3.682023595226920776e+01
3.787848134087139584e+01
2.554676540945592686e-11
4.973641547862844625e+00
3.581526947821727447e+01
4.580081601305835193e+00
3.565137560043712028e+01
4.024373844051313398e+01
3.727909116499843378e+01
3.428695139567246741e+01
1.081354771835477946e-09
3.864854020443679872e+01
3.684097264524702098e+01
4.019216151790133296e+01
2.492822463927792023e-04
3.979542467809835671e+01
7.139980491088579870e-14
3.751057409495220440e+01
3.942319305612274860e+01
3.892796634909770148e+01
3.857800156417806647e+01
3.774140333302996453e+01
3.190824561255643488e+01
4.066114005259976238e+01
3.668721209188183252e+01
7.360856242534544736e-01
3.271616653470121872e+00
3.683654834618118912e+01
3.869688964849419222e+01
1.584970298046594564e-15
4.052584242139992206e-12
3.794085020317768908e+01
3.888308491108789866e+01
8.085988026777924124e-09
3.307282291160373688e+01
4.007865499068605430e+01
3.855733405927856694e+01
3.724333438599555990e+01
5.241421211681390746e-01
9.873069598578836092e-02
3.922255139863806761e+01
3.668173363522723918e+01
1.263565852764768822e-08
3.900597766097369856e+01
3.825363413082396136e+01
2.220446049250313081e-16
3.890375772002044386e+01
2.455525473907280087e+01
3.915729333648566524e+01
3.955764940779736349e+01
9.276764318362406654e-08
3.909743348436125387e+01
4.044098112158081193e+01
3.291866430935228749e+01
3.670473383737015638e+01
3.871895897838761158e+01
3.876248235015871302e+01
3.715637586725508612e+01
3.905097367810014219e+01
2.427454236426647682e+01
3.834595608945203082e+01
3.657109398328329064e+01
3.424508293549643412e+01
2.661763943639358132e+01
3.853827490929734978e+01
3.916369079523092722e+01
3.935352782618135592e+01
3.765755660613162803e+01
4.095308177933365812e+01
3.691800799239339881e+01
3.547870020025624171e+01
3.729671644233170724e+01
3.469247851758277790e+01
3.438255523591257656e+01
3.924390649531948583e+01
3.607399756670525903e+01
3.720024778117760889e+01
3.792280496211267860e+01
3.569471521436965844e+01
3.844689388092736237e+01
4.655878965933068088e-12
1.928803866033520706e-03
3.878965225098585279e+01
3.807072482184901929e+01
3.708492673844960308e+01
1.554570344484842346e-15
4.019195279570883628e+01
1.416023425778330409e-02
3.893298205251999633e+01
3.979340119869615222e+01
3.858855305094327548e+01
1.953588001219753972e-10
3.740036885689264778e+01
3.758626311539568832e+01
4.001247093193877191e+01
2.282596837253626632e+01
1.653752637919680057e-03
6.327918373107452310e-02
3.198513953987064795e+01
1.491321814707110749e-15
3.923398997163128854e+01
1.842125328582553578e+01
3.970968177545087485e+01
3.515465218931183600e-05
3.773239179563405798e+01
3.967795501832409144e+01
3.905712709438041941e+01
3.639957967583840315e+01
3.804242249091112882e+01
3.782781664456445014e+01
3.948534055378652852e+01
3.844689542861694775e+01
3.722264682715467643e+01
3.946974525807798528e+01
4.044056583360155344e+01
3.841063577124616302e+01
3.819456278161971596e+01
3.819379687104407139e+01
3.888484969830352611e+01
3.818990478298103142e+01
3.890095164100270608e+01
3.566390976217925779e-01
3.742720679871085565e+01
3.584448725152384441e+01
3.779931694203523307e+01
4.049787505782873609e+01
3.700741689622297770e+01
3.726297894680778455e+01
3.762103587548816819e+01
5.989082578211563784e-02
3.489303537292911983e+01
3.990914684096515685e+01
1.139638141346103334e-02
3.877733711034912290e+01
1.138118885226590993e-14
3.867209829428401235e+01
3.883406148121548540e+01
1.395778648570492053e-02
5.676577669088769252e-07
3.690402358851991238e+01
3.781124169029355642e+01
3.141818498812502725e+01
3.962050852087782715e+01
4.138291707724071244e+01
3.609210763895161023e+01
3.744376472078634066e+01
3.853592203402374139e+01
3.854931247143642992e+01
3.607447109114053063e+01
3.996307839406380680e+01
3.645906038461414056e+01
3.720038600464650358e+01
1.779781742003543243e+01
2.302569897028802228e-04
3.810445887106107676e+01
3.919214682160805552e+01
3.886912448291560906e+01
4.143589697189210597e+01
2.282817132281392247e+01
3.672783461832194973e+01
3.660354139009845653e+01
3.933796286008862353e+01
3.635627635396560464e+01
3.764345810126980041e+01
3.224818786512505397e+01
3.985307639437463223e+01
3.526597453085349088e+01
6.517322631783010189e-01
3.502881004913336938e+01
4.237320543785255134e-01
3.588281315818687744e+01
7.303423716855423908e-01
3.463649353865729097e+01
3.779891604803104599e+01
3.829047041850905231e+01
3.856322117794870508e+01
3.675637375939709983e+01
2.970624700170894172e+01
3.908825434526854536e+01
3.861457864554040498e+01
4.684049575749318350e+00
1.932287735148474574e-05
3.836896249842401829e+01
2.154926344887578438e+01
3.985275632133525647e+01
3.707729624243317801e+01
4.091686851735887132e+01
2.687469413150817843e+01
3.852957784686965681e+01
3.767435462159108539e+01
2.965109052130567591e+01
3.571164754236802708e+01
3.769119089806780210e+01
3.298207062308935633e+01
3.950883107003679129e+01
3.979384607612779945e+01
3.736078698046331681e+01
2.279705734485390067e+01
3.309215630231974625e+00
1.153875508245813177e-09
3.802226709240326130e+01
4.080468084230698622e+01
3.798467363483859316e+01
3.976772179259577200e+01
3.981482355101231008e+01
3.767262521677685783e+01
4.081753480001395928e+01
3.699978126514692889e+01
3.934080152255076968e+01
5.192724634430601505e+00
3.968195653519610033e+01
3.961959250587064929e+01
3.846302961466481918e+01
3.751351311117019804e+01
3.896158339172538376e+01
3.851860783235821373e+01
5.010969604529827315e+00
3.791609432195865992e+01
3.817040385610606279e+01
3.873731240675669341e+01
3.801909809279277397e+01
3.832260659285974924e+01
3.740146816313133371e+01
3.458580497912708296e+01
3.914796764071915192e+01
3.693842451712209396e+01
3.635099741548291519e+01
3.706727455147018446e+01
3.838315298305562351e+01
3.829179754354478860e+01
3.967429496767841357e+01
3.895031923754373082e+01
3.295003995391169127e+01
3.627147156896408831e+01
4.111179941874996757e+01
1.521282945789871636e-15
3.980671878762671412e+01
3.953865391551514108e+01
3.448956054670178162e+01
3.867114240862193242e+01
3.948951692512375189e+01
3.823535073131471052e+01
3.740232396818181826e+01
3.863441343474019618e+01
1.511620700414084498e-15
4.070395631536548109e+01
3.979402194178753405e+01
2.601495129219243907e+01
3.618862452441338462e+01
2.115305328822417863e+01
3.624964552744500423e+01
3.730648073032591583e+01
3.831699965833634280e+01
3.980054660488721652e+01
3.781643791798692433e+01
3.688469482205524486e+01
3.883481739045377168e+01
3.676330027610168116e+01
3.530346204156614220e+01
3.911361106977768287e+01
3.976443738411067841e+01
1.048728344980242276e-02
4.005011236525154317e+01
3.640476976561361511e+01
3.696158197288593072e+01
2.480766542839690503e-01
4.760194734112735970e-01
3.339225991790431181e+01
3.881320949401700204e+01
6.838777096094455993e-14
3.884017656382797412e+01
3.712835400386931184e+01
3.836096515588759814e+01
3.900945685757329073e+01
3.478624139876051657e+01
3.805852208204265708e+01
3.636278628001650048e+01
3.890288761872665901e+01
3.890152970372006536e+01
3.963210114387272398e+01
3.839235039329863497e+01
3.965080213572286993e+01
2.220446049250313081e-16
3.870908004862949525e+01
3.985917339766009349e+01
3.468920784737466789e+01
4.024978046274272003e+01
3.661123708640349861e+01
3.767499868829207799e+01
3.950384674073670510e+01
3.883166819156298999e+01
