2.220446049250313081e-16
2.220446049250313081e-16
2.220446049250313081e-16
2.220446049250313081e-16
2.220446049250313081e-16
2.220446049250313081e-16
2.220446049250313081e-16
2.220446049250313081e-16
2.220446049250313081e-16
2.220446049250313081e-16
2.220446049250313081e-16
2.220446049250313081e-16
2.220446049250313081e-16
2.220446049250313081e-16
2.220446049250313081e-16
1.607302963141975957e-15
2.220446049250313081e-16
2.220446049250313081e-16
2.220446049250313081e-16
2.220446049250313081e-16
2.220446049250313081e-16
2.220446049250313081e-16
2.220446049250313081e-16
2.220446049250313081e-16
2.220446049250313081e-16
2.220446049250313081e-16
2.220446049250313081e-16
2.220446049250313081e-16
2.220446049250313081e-16
2.220446049250313081e-16
2.220446049250313081e-16
2.220446049250313081e-16
2.220446049250313081e-16
2.220446049250313081e-16
2.220446049250313081e-16
2.220446049250313081e-16
2.220446049250313081e-16
2.220446049250313081e-16
2.220446049250313081e-16
2.220446049250313081e-16
2.220446049250313081e-16
2.220446049250313081e-16
2.220446049250313081e-16
2.220446049250313081e-16
2.220446049250313081e-16
2.220446049250313081e-16
2.220446049250313081e-16
2.220446049250313081e-16
2.220446049250313081e-16
1.525368441852608340e-15
2.220446049250313081e-16
2.220446049250313081e-16
2.220446049250313081e-16
2.220446049250313081e-16
2.220446049250313081e-16
2.220446049250313081e-16
2.220446049250313081e-16
2.220446049250313081e-16
2.220446049250313081e-16
2.220446049250313081e-16
2.220446049250313081e-16
2.220446049250313081e-16
2.220446049250313081e-16
2.220446049250313081e-16
2.220446049250313081e-16
2.220446049250313081e-16
2.220446049250313081e-16
2.220446049250313081e-16
2.220446049250313081e-16
1.170085018857635532e-14
2.220446049250313081e-16
2.220446049250313081e-16
2.220446049250313081e-16
1.622766450747550022e-15
2.220446049250313081e-16
2.220446049250313081e-16
1.639487534610069400e-15
2.220446049250313081e-16
2.220446049250313081e-16
2.220446049250313081e-16
2.220446049250313081e-16
2.220446049250313081e-16
2.220446049250313081e-16
2.220446049250313081e-16
2.220446049250313081e-16
2.220446049250313081e-16
2.220446049250313081e-16
2.220446049250313081e-16
2.220446049250313081e-16
2.220446049250313081e-16
2.220446049250313081e-16
2.220446049250313081e-16
2.220446049250313081e-16
2.220446049250313081e-16
2.220446049250313081e-16
2.220446049250313081e-16
2.220446049250313081e-16
2.220446049250313081e-16
2.220446049250313081e-16
1.627551890801954857e-15
1.646370112081477289e-15
1.537615999023766147e-15
2.220446049250313081e-16
2.220446049250313081e-16
2.220446049250313081e-16
2.220446049250313081e-16
2.220446049250313081e-16
2.220446049250313081e-16
2.220446049250313081e-16
2.220446049250313081e-16
2.220446049250313081e-16
2.220446049250313081e-16
2.220446049250313081e-16
1.633805821757750697e-15
2.220446049250313081e-16
2.220446049250313081e-16
2.220446049250313081e-16
1.615091891840493583e-15
2.220446049250313081e-16
2.220446049250313081e-16
2.220446049250313081e-16
2.220446049250313081e-16
2.220446049250313081e-16
2.220446049250313081e-16
2.220446049250313081e-16
2.220446049250313081e-16
2.220446049250313081e-16
2.220446049250313081e-16
2.220446049250313081e-16
2.220446049250313081e-16
2.220446049250313081e-16
2.220446049250313081e-16
2.220446049250313081e-16
2.220446049250313081e-16
1.630944831775042892e-15
2.220446049250313081e-16
2.220446049250313081e-16
1.588278137725671002e-15
2.220446049250313081e-16
1.581240134696241622e-15
2.220446049250313081e-16
2.220446049250313081e-16
2.220446049250313081e-16
2.220446049250313081e-16
2.220446049250313081e-16
2.220446049250313081e-16
2.220446049250313081e-16
1.640883763179221925e-15
1.034690713398911938e-14
2.220446049250313081e-16
2.220446049250313081e-16
2.220446049250313081e-16
2.220446049250313081e-16
2.220446049250313081e-16
2.220446049250313081e-16
2.220446049250313081e-16
2.220446049250313081e-16
2.220446049250313081e-16
2.220446049250313081e-16
2.220446049250313081e-16
2.220446049250313081e-16
2.220446049250313081e-16
2.220446049250313081e-16
2.220446049250313081e-16
1.626114778721734165e-15
2.220446049250313081e-16
1.182388100060272185e-14
2.220446049250313081e-16
2.220446049250313081e-16
2.220446049250313081e-16
2.220446049250313081e-16
2.220446049250313081e-16
2.220446049250313081e-16
2.220446049250313081e-16
2.220446049250313081e-16
2.220446049250313081e-16
2.220446049250313081e-16
2.220446049250313081e-16
2.220446049250313081e-16
2.220446049250313081e-16
2.220446049250313081e-16
2.220446049250313081e-16
2.220446049250313081e-16
2.220446049250313081e-16
2.220446049250313081e-16
1.591880519631499454e-15
2.220446049250313081e-16
1.173670158015422990e-14
2.220446049250313081e-16
2.220446049250313081e-16
8.468509462857682988e-14
2.220446049250313081e-16
1.620399918546272211e-15
2.220446049250313081e-16
2.220446049250313081e-16
2.220446049250313081e-16
2.220446049250313081e-16
2.220446049250313081e-16
2.220446049250313081e-16
2.220446049250313081e-16
2.220446049250313081e-16
2.220446049250313081e-16
2.220446049250313081e-16
1.207686892796967195e-14
2.220446049250313081e-16
2.220446049250313081e-16
2.220446049250313081e-16
1.154166772413699965e-14
2.220446049250313081e-16
2.220446049250313081e-16
2.220446049250313081e-16
2.220446049250313081e-16
2.220446049250313081e-16
2.220446049250313081e-16
2.220446049250313081e-16
2.220446049250313081e-16
2.220446049250313081e-16
2.220446049250313081e-16
2.220446049250313081e-16
2.220446049250313081e-16
2.220446049250313081e-16
1.581989789375441007e-15
2.220446049250313081e-16
2.220446049250313081e-16
1.175720789089851532e-14
1.123449326056680313e-14
2.220446049250313081e-16
1.184777322563244778e-14
2.220446049250313081e-16
2.220446049250313081e-16
2.220446049250313081e-16
2.220446049250313081e-16
2.220446049250313081e-16
2.220446049250313081e-16
2.220446049250313081e-16
2.220446049250313081e-16
2.220446049250313081e-16
2.220446049250313081e-16
4.414225358640112741e-12
2.220446049250313081e-16
1.609008757785781740e-15
2.220446049250313081e-16
2.220446049250313081e-16
2.220446049250313081e-16
2.220446049250313081e-16
2.220446049250313081e-16
1.148909925014290038e-14
2.220446049250313081e-16
2.220446049250313081e-16
2.220446049250313081e-16
1.612321151025036322e-15
1.645357735982382479e-15
2.220446049250313081e-16
2.220446049250313081e-16
2.220446049250313081e-16
2.220446049250313081e-16
2.220446049250313081e-16
1.627679674269802454e-15
2.220446049250313081e-16
2.220446049250313081e-16
2.220446049250313081e-16
1.576114367964200160e-15
2.220446049250313081e-16
1.070460128170093814e-14
1.523392343304471538e-15
2.220446049250313081e-16
1.165582944366530732e-14
2.220446049250313081e-16
1.162352061247089762e-14
2.220446049250313081e-16
4.575354340098959446e-12
2.220446049250313081e-16
8.684914050211216927e-14
1.167769305861454339e-14
2.220446049250313081e-16
1.562968962131431784e-15
2.220446049250313081e-16
2.220446049250313081e-16
2.220446049250313081e-16
2.220446049250313081e-16
2.220446049250313081e-16
1.607837319486290821e-15
2.220446049250313081e-16
2.220446049250313081e-16
2.220446049250313081e-16
2.220446049250313081e-16
1.629164337205348854e-15
2.220446049250313081e-16
1.528306588396872137e-15
1.629458250816176570e-15
1.555693873017715148e-15
1.645835924375681558e-15
1.180111542970500585e-14
2.220446049250313081e-16
1.607302963157688291e-15
2.220446049250313081e-16
2.220446049250313081e-16
2.220446049250313081e-16
1.616532439811080055e-15
2.220446049250313081e-16
2.220446049250313081e-16
1.564927979271291454e-15
1.194702397622467726e-14
2.220446049250313081e-16
3.218721297108799008e-11
9.592917086187107295e-15
2.220446049250313081e-16
6.246950428058082884e-13
6.252859883892223497e-13
1.646160150818625104e-15
1.494415417288670446e-15
1.538350077277970391e-15
6.831384518350177880e-14
1.168723290272387504e-14
5.905222878287429010e-13
2.220446049250313081e-16
1.627586817395038574e-15
6.213223132406998934e-13
2.220446049250313081e-16
1.586424621880368303e-15
1.215949089333853719e-14
1.595790924789684233e-15
1.613393657332162846e-15
1.639502735270321745e-15
2.220446049250313081e-16
2.220446049250313081e-16
2.220446049250313081e-16
1.624307439538450134e-15
2.220446049250313081e-16
8.565674411691533657e-14
2.220446049250313081e-16
1.564532940746379431e-15
2.220446049250313081e-16
2.220446049250313081e-16
1.531989656667776332e-15
2.220446049250313081e-16
2.220446049250313081e-16
1.182479853847063324e-14
6.205268240363328368e-13
1.570737589691054854e-15
4.326328254868741872e-12
6.256276150074438050e-13
2.220446049250313081e-16
1.457550112284530698e-15
8.627085869185819307e-14
1.143695383968575163e-14
2.220446049250313081e-16
2.220446049250313081e-16
1.614637443579131752e-15
2.220446049250313081e-16
8.681913271605887088e-14
2.220446049250313081e-16
2.220446049250313081e-16
1.640823917137297327e-15
2.220446049250313081e-16
6.247703652521579128e-13
2.220446049250313081e-16
2.220446049250313081e-16
7.979510929493970812e-14
1.164160228500566803e-14
2.220446049250313081e-16
1.184104646725073696e-14
2.220446049250313081e-16
1.535244421748762896e-15
2.220446049250313081e-16
2.220446049250313081e-16
1.580518494630936916e-15
2.220446049250313081e-16
2.220446049250313081e-16
2.220446049250313081e-16
2.220446049250313081e-16
1.066911690775963963e-14
2.220446049250313081e-16
8.155678550589286327e-14
1.568541020406854280e-15
4.631023098030672352e-12
2.220446049250313081e-16
1.266935312210597096e-08
8.640244959803748181e-14
1.148220838654314561e-14
1.115574828374808188e-14
3.330048771978525986e-11
1.167412930782897311e-14
8.499301252117078919e-14
2.472937334570311271e-10
2.220446049250313081e-16
2.220446049250313081e-16
4.599291409061478747e-12
4.510168282109572300e-12
3.302177393825808479e-11
8.813562241632089761e-14
2.220446049250313081e-16
4.495264311088403771e-06
2.220446049250313081e-16
3.198989048880317559e-11
2.220446049250313081e-16
8.571594492176897103e-14
3.111544644417877928e-11
1.135032673737999392e-14
4.410084134856473430e-12
1.609008440884324684e-15
2.681291652848792422e-04
3.714495169548854335e-12
2.220446049250313081e-16
1.599306718115789110e-15
2.220446049250313081e-16
1.152768626847140048e-08
8.703325252602453457e-14
2.220446049250313081e-16
1.562968990509323131e-15
6.283150539687164139e-13
8.577662751809234787e-14
2.328569842674482506e-10
1.178991333018967777e-14
9.605045565786110794e-08
1.609521838104400017e-15
2.220446049250313081e-16
1.207466079321150591e-14
1.547378884393516552e-15
3.363860822029800810e-11
3.107723640922140996e-05
4.322835199415827363e-12
8.521987695866400922e-14
2.220446049250313081e-16
6.127386218345293246e-13
2.220446049250313081e-16
1.086360126822429681e-14
1.138972797392848881e-14
4.966126283193596504e-06
2.220446049250313081e-16
7.842690601400757131e-14
2.220446049250313081e-16
2.220446049250313081e-16
1.620973534600279786e-15
9.151269859609069826e-08
4.509987852344251891e-12
1.141731821813565370e-14
1.165857983518198373e-08
1.141445942318167858e-14
1.089539578900389929e-14
1.222686948102427226e-08
8.821771141064383607e-08
4.561643236613032757e-12
1.136047270117524822e-14
9.855330297595995193e-15
4.569699144199585100e-12
1.111622344156747212e-14
8.471292416688230339e-14
3.805147389357808785e-12
6.999882367946238526e-01
1.517363061622955203e-15
2.371378610276474724e-10
1.544526355862802159e-15
1.325112485608383228e-08
5.561371697581127123e-13
2.220446049250313081e-16
2.220446049250313081e-16
2.454449947424643496e-10
2.220446049250313081e-16
3.322547944421474505e-05
1.633587725705143831e-15
2.220446049250313081e-16
1.748093368515623385e-09
2.220446049250313081e-16
6.070713950046859244e-13
3.459809954185024989e-05
3.489587862311720477e-05
2.220446049250313081e-16
1.518636228949313646e-15
1.046986032645957178e-14
1.127186424672100275e-14
7.304804714557657785e-01
6.184857771018370656e-13
3.562353500641852880e-05
6.097254154237986629e-13
2.612763649532122445e-11
1.844865975835847244e-03
1.189019044805173677e-14
1.747435387898148182e-09
3.948494730891776648e-12
2.220446049250313081e-16
1.036391516148740816e-14
3.879165928407723600e-12
2.220446049250313081e-16
2.220446049250313081e-16
1.812088510411421517e-09
5.594071823184973538e-13
1.318167751886992036e-08
7.798661218139786640e-14
1.586240313494227292e-15
2.220446049250313081e-16
4.889953253810740468e-06
3.092203894811480124e-11
7.543369859261457311e-01
2.536558303179053432e-04
2.450068915010202574e-10
3.198124683605644569e-11
6.335921277098753362e-13
4.483615690782308174e-12
1.542607412352299311e-15
2.220446049250313081e-16
3.602297060627660029e-05
3.297076865055745481e-11
1.515836541990992852e-15
2.220446049250313081e-16
4.119210135960790811e-12
1.040010069897355505e-01
6.146198394278633323e-13
2.220446049250313081e-16
1.450921673511941709e-15
9.847978267135551467e-02
3.775320521515288874e+01
9.770736613131129900e-02
3.700421528174884189e-05
8.441967411211860768e-14
1.408934813416894485e-02
2.220446049250313081e-16
7.741312364474788321e-01
3.636293453316140439e-12
9.288164415236821458e-02
7.158137947777845067e-01
4.527793719522111671e-12
4.771250391829230532e-07
1.227659053662793154e+00
1.273732793370276150e-08
1.881340639533148019e-03
6.551403563751089077e-07
1.151537433114633891e-08
2.220446049250313081e-16
1.749498613621948331e-03
8.148896142850822703e-14
5.421194828600579108e+00
3.785958765869585108e+01
2.989873872739074216e-11
2.366706531174277012e-10
9.045914216302818056e-02
3.870286312181488597e+01
4.503563092875863373e-12
6.331212318839577405e-13
1.300413633025433004e-08
2.696458706035310870e-11
3.524600725434442436e-05
3.384103938135989386e-11
2.439708359567339851e-10
5.832076937434300912e-13
3.699369774018001067e+01
1.700018108015539060e-09
3.272385850376471123e-11
1.539666025478952911e-15
2.220446049250313081e-16
3.356960334136708434e-05
1.524318682202340818e-15
2.613174742971073453e-04
4.745344954407097088e-06
3.049122212959228363e-11
3.601462798098979798e-05
6.561829286012039454e-07
9.896205730160127778e-02
2.416386224341524438e-04
3.742690623872307043e+01
1.517405858041162028e-15
5.321537373264583870e+00
2.490867290502362633e-10
2.220446049250313081e-16
2.755018324929359614e-11
1.450921623988608554e-15
1.233884403183338785e-08
2.220446049250313081e-16
3.848889962186430580e+01
6.312836291575563575e-13
5.161639472275163166e-13
7.667660836995716656e-01
1.035352633436185527e-01
1.595602394626367763e-15
8.672799324940467508e-14
1.602773551282736506e-15
2.220446049250313081e-16
1.519800472607575461e-15
4.264683037047569460e-12
7.739594386960994832e-02
1.107183388163282846e-14
1.089288056575398842e-08
1.002481989264776818e-08
1.824970366774979940e-03
6.493411155654108882e-08
1.836264876587327261e-09
1.202208943629005321e-14
6.818163381431887532e-07
1.583298432632844688e-09
3.778588478525129091e+01
1.006319632631955119e-01
1.115790254421138962e-14
2.220446049250313081e-16
2.551275107268788779e-04
2.431644758748944536e-10
4.548857425995472481e-12
5.469283135550812247e+00
9.953783031554067073e-02
2.220446049250313081e-16
4.082493000341005285e+01
7.093823032001800311e-01
2.525614643363942010e-04
1.456798623334562906e-02
1.522285785840365536e-15
4.357820472068480367e-12
1.095492023344856312e-14
5.379784776283442760e+00
5.882234125938360701e-13
2.220446049250313081e-16
4.201723294740361856e-12
4.052648092212653808e+01
1.521230162793438153e-15
1.357354784649780592e-02
8.466180426139035400e-14
1.110145738764735253e-14
3.670548274882667528e+01
2.220446049250313081e-16
5.431768773616128421e+00
4.089827806083778938e+01
3.652623094412550131e+01
3.960790810469948298e+01
7.308643628028755890e-01
4.015937724250844421e-12
8.394925210224349867e-14
1.003987108697391301e-01
5.907287356479582862e-13
3.457530524396316451e+01
3.799502802094507103e+01
3.721803637012065735e+01
4.666270933406735927e-06
3.711879022276705342e+01
2.340688888308168182e-04
2.570169197885464030e+01
1.737813218522247551e-03
4.015134940019974152e+01
3.775656142562211670e+01
1.757858040321749141e-03
3.827407008440701475e+01
3.922639684842314978e+01
1.758692789352836363e-04
9.785076603090553382e-02
4.839692990081933269e-12
3.922841263894679997e+01
3.788306956402076509e+01
1.432359546463560750e-02
2.275653490182830108e-10
3.986703896394682545e+01
9.341740794469470532e-02
1.011338300861905209e-01
1.954850331200996480e-03
1.029665785913230271e-08
4.053253378018853681e+01
1.624193828756743352e-15
2.179755673501452817e-10
5.550432684709766917e+00
5.240609161578837494e+00
1.203851335612332986e-03
3.532064533456847499e+01
3.086491075409180708e-05
3.435295751811143816e+01
1.939483385308785621e-03
3.689793392034398778e+01
6.849718323719084769e-08
1.521751946205711348e-15
3.713075827943556817e+01
1.930998088496761094e-04
3.973938457869477503e+01
4.915301940747047182e-01
3.194785327893274301e-06
8.054083092491322637e-14
7.182091994460074735e-01
3.550299445704351342e+01
5.434025010763524399e+00
9.867227867508017794e-03
3.477529766627681160e-05
1.256572460207285719e-02
5.002334782648879452e-06
4.155860275372164381e+01
2.648401870647084504e-11
1.194749733426023530e-14
3.752079097656061890e+01
3.881829677675861490e+01
3.092275387228152766e-06
9.335157692790782558e-02
3.943133193823552318e+01
3.791175899488876411e+01
1.206231086256207981e-14
3.979300667135300529e+01
3.868604818196235584e+01
3.647762875064734089e+01
1.292283953933976576e-02
3.682709437191600443e+01
3.768908757827698253e+01
3.695790301463188765e+00
3.886546742224719964e+01
3.997843514600933901e+01
3.887013277031385172e+01
3.897092956116649276e+01
3.776737349582729308e+01
3.813555284725859451e+01
7.411098510952316847e-14
3.525052924502627150e+01
3.644636277744015729e+01
3.211412954388475101e-11
3.851925099922748785e+01
3.783562536121981879e+01
3.484704533218171463e+01
3.832076785753034187e+01
3.790481641872481333e+01
3.562274464793055984e+01
1.285792600503333528e-02
1.073209387338845688e-02
3.952145171851140759e+01
3.845043098939217430e+01
3.680250611298771446e+01
1.011474364943885177e-14
3.435604110760271368e+01
3.778646412530381582e+01
3.737975088464136064e+01
4.135027530130672346e+01
2.220446049250313081e-16
3.782362027818162176e+01
2.247267347183862988e-04
2.963704667000513382e+01
3.896887827685112171e+01
4.045868890313715838e+01
3.941472048281733009e+01
3.981153802201908576e+01
1.457256434673873981e-02
3.562137230171088476e+01
4.320023052800381791e+00
6.324065657916128069e-02
3.934105039880842725e+01
1.079594894272792443e-14
2.220446049250313081e-16
3.793179409485630060e+01
1.754531951101782764e-03
3.528896285784067288e+01
6.931302513749912908e-01
5.365436153488483129e+00
2.634427951101242282e+00
4.060663995170534690e+01
4.031627920154194555e+01
3.885499799480354000e+01
4.515402540098021514e-06
3.784584913495454117e+01
3.838844401477597756e+01
8.914011924154617305e-08
5.741896863716240418e-01
3.882389005548097316e+01
3.701946895498754486e+01
8.889990771875723426e-08
3.766844405287309172e+01
3.652732461256408669e+01
3.634772092977950564e+01
3.773308233852150551e+01
4.008301530416350289e+01
3.836402096268022976e+00
4.543867367310458666e-07
3.902912662273858757e+01
3.659478921045926825e+01
3.884980109810721416e+01
4.278583887175668732e-01
2.279811553542365804e-10
3.598970614549535441e+01
9.976274317409966619e-02
3.773714075036450311e+01
3.443350002861208026e+01
3.870273321529064248e+01
4.079255461777999869e+01
3.738340788623487043e+01
3.850835464643639483e+01
3.347323146960787454e+01
4.712287827354342817e-01
3.790785258712053718e+01
3.858547270121445649e+01
3.586697054992473173e-06
3.700499673628477382e+01
3.726593335925340256e+01
3.788000338759420060e+01
3.838989512043080765e+01
3.891664211784705429e+01
3.324062164712088929e+01
3.693814501319866395e+01
2.522215348155880221e+01
3.784201303334193511e+01
3.633826139192277083e+01
3.915360027931043163e+01
3.718163055835915998e+01
5.053843521073746849e-13
3.659545103575447200e+01
3.802443328849386717e+01
5.385126783986770249e+00
3.489812443814602716e+01
3.479730915122451052e+01
3.800258683834428552e+01
3.899133020685784601e+01
3.769668358671896158e+01
3.924097938242063321e+01
3.915734186224709390e+01
3.802781340349531547e+01
3.996282320873957872e+01
3.723765976713669090e+01
2.288883078697526940e+01
4.105982785003337909e+01
3.866880638599938891e+01
3.505958167342051723e+01
3.733335580172812485e+01
3.866542756631977795e+01
1.699424756098711640e-09
4.710530139735898403e-01
2.220446049250313081e-16
3.899340089449876956e+01
4.061235419626999743e+01
5.060461639868496064e+00
4.117560796770576559e+01
3.862983407559799076e+01
3.853009863840938465e+01
3.897662277280397092e+01
4.034263289870028046e+01
3.692684278307131507e+01
6.067797218010549873e-13
3.822629753429986721e+01
3.814610143985643731e+01
7.269569885543440968e-01
3.674837168299615087e+01
3.810330823373661246e+01
3.249015247284324914e+01
3.583315868346853961e+01
3.411439144139601609e+01
3.885963251789317496e+01
3.532285871493157422e-12
7.821571619694733699e-14
3.898191250821760434e+01
1.183207225091389160e-14
3.791820653672473895e+01
3.981967375419140609e+01
3.651453304058368587e+01
2.442864345305169002e-04
4.107228575839590690e+01
3.558155330218647094e+01
3.819243958280447515e+01
3.989354387014658698e+01
3.734390070513610738e+01
2.910474793630880797e+01
3.775730828740798017e+01
4.657032854985438064e+00
3.711101287378759395e+01
3.501177946660090612e+01
3.559631511240026214e+01
3.089976230396440116e+01
4.006436589631903900e+01
4.109522035011752195e+01
3.963584881449144603e+01
2.220446049250313081e-16
3.858483136664828095e+01
3.842667841952329866e+01
3.594868049141389577e+01
3.846951602218727828e+01
3.882720523828002257e+01
3.859543836497077507e+01
3.731959644162209599e+01
2.191911045485556658e-10
4.133123874868292802e+01
3.606569302711509550e+01
3.998634348449770926e+01
4.257847840619253077e+01
3.979177915311905167e+01
3.847226343121341330e+01
4.069359122921265026e+01
3.819528729480231988e+01
4.082074438023052210e+01
1.957492895692691803e+01
3.448844793083178217e+01
3.969294238972280198e+01
3.849283074825857653e+01
3.652262199380714236e+01
3.719917737617656428e+01
4.174440375041101672e-07
3.291618917525551069e+01
3.580286107145192886e+01
3.907561264431687675e+01
3.996297725535337264e+01
2.391880156283861680e+01
4.061954491755398777e+01
4.010382294793613767e+01
3.918901762934097377e+01
3.541996058447214324e+01
3.753095284986146396e+01
3.781288536130082178e+01
3.732971894479936736e+01
3.790301095805493503e+01
3.858200624379700372e+01
3.924514023794193918e+01
1.664202651448742446e-09
4.132469838524659878e+01
3.504640671515131345e+01
3.817682532839885567e+01
3.393006235474392440e+01
2.427632896592988310e+00
3.802007242260278730e+01
3.638887943990334151e+01
4.024111586635684290e+01
3.729944898344362514e+01
3.983428482528043446e+01
3.337717737960117859e+01
3.712418248564529932e+01
5.621106279828734564e+00
4.529889540033505514e-12
3.726276393587647817e+01
3.285460999595343878e+01
3.713106236284937012e+01
7.291596033473251026e-01
3.187140725937168639e+01
4.070587487761491019e+01
3.819653394896632648e+01
3.646898617335421022e+01
8.651783947938598639e-14
3.896670245469791638e+01
2.297916229187651282e+01
4.032012157558906296e+01
3.539113670027217040e+01
3.646465607935549968e+01
3.822098113677724029e+01
3.983153109397579072e+01
3.862670550920780244e+01
3.332857728040568190e+01
3.762742389660319020e+01
3.920977049920423241e+01
3.974653517754055798e+01
3.783266746591079510e+01
3.819076095127415016e+01
3.986947406823750839e+01
4.164726891885577231e+01
4.005423182547498584e+01
3.844754419794940503e+01
3.762118898639930364e+01
3.978256199830213546e+01
3.841581828401751153e+01
4.083586544847769773e+01
3.919197590094974970e+01
3.374839725642420518e+01
4.074709750128784691e+01
3.888376457248816109e+01
5.240159593095372603e-01
3.984830368308978876e+01
3.496930407074102476e+01
3.790864844931061128e+01
3.953304281322247249e+01
3.917801863584643485e+01
3.768764334871017496e+01
3.115114182176995428e+01
3.966296981155407764e+01
3.910862765967698351e+01
3.922847633696061109e+01
3.689172693245697587e+01
3.919238985084387394e+01
3.718612633686269220e+01
9.203911341697599419e-04
3.658409854026871955e+01
3.474880112742852845e+01
3.607875150478307091e+01
3.792881346357698646e+01
3.945273680683140327e+01
3.993419114605418230e+01
3.981116907497883517e+01
3.368594379109201498e+01
3.757293071937032636e+01
3.698132939577728706e+01
3.618163662657229906e+01
3.904599862381044773e+01
3.461052910460301746e+01
2.172245838582938238e-02
3.957064676168135264e+01
3.394932389055095712e+01
3.947113310972724065e+01
4.064849264690824526e+01
4.012930291054787091e+01
3.851119365586197318e+01
3.621365498760177104e+01
3.693400961195465015e+01
3.648906924767413784e+01
3.768902982813733615e+01
4.006146748353731368e+01
3.779278446141616143e+01
3.835449048795041449e+01
3.677656200807219022e+01
3.955139146257315019e+01
3.792722297506103502e+01
4.036348188897372324e+01
3.534572947166254409e+01
3.855572292257087241e+01
3.853571976081443040e+01
3.677201776190960913e+01
3.725030849370944708e+01
3.937319985066459083e+01
3.788736489120280737e+01
3.859548148335306195e+01
3.679356796967454812e+01
3.599161199230891128e+01
3.683040690522852145e+01
