2.220446049250313081e-16
2.220446049250313081e-16
2.220446049250313081e-16
2.220446049250313081e-16
2.220446049250313081e-16
2.220446049250313081e-16
2.220446049250313081e-16
2.220446049250313081e-16
2.220446049250313081e-16
2.220446049250313081e-16
2.220446049250313081e-16
2.220446049250313081e-16
2.220446049250313081e-16
1.536118133701762479e-15
2.220446049250313081e-16
1.160531894223567993e-14
2.220446049250313081e-16
2.220446049250313081e-16
2.220446049250313081e-16
2.220446049250313081e-16
2.220446049250313081e-16
2.220446049250313081e-16
2.220446049250313081e-16
2.220446049250313081e-16
2.220446049250313081e-16
2.220446049250313081e-16
2.220446049250313081e-16
2.220446049250313081e-16
2.220446049250313081e-16
2.220446049250313081e-16
2.220446049250313081e-16
2.220446049250313081e-16
2.220446049250313081e-16
2.220446049250313081e-16
2.220446049250313081e-16
2.220446049250313081e-16
2.220446049250313081e-16
2.220446049250313081e-16
2.220446049250313081e-16
2.220446049250313081e-16
2.220446049250313081e-16
2.220446049250313081e-16
2.220446049250313081e-16
2.220446049250313081e-16
2.220446049250313081e-16
2.220446049250313081e-16
2.220446049250313081e-16
2.220446049250313081e-16
2.220446049250313081e-16
2.220446049250313081e-16
2.220446049250313081e-16
2.220446049250313081e-16
2.220446049250313081e-16
2.220446049250313081e-16
2.220446049250313081e-16
2.220446049250313081e-16
2.220446049250313081e-16
2.220446049250313081e-16
2.220446049250313081e-16
2.220446049250313081e-16
2.220446049250313081e-16
2.220446049250313081e-16
2.220446049250313081e-16
2.220446049250313081e-16
2.220446049250313081e-16
2.220446049250313081e-16
2.220446049250313081e-16
2.220446049250313081e-16
2.220446049250313081e-16
2.220446049250313081e-16
2.220446049250313081e-16
2.220446049250313081e-16
2.220446049250313081e-16
2.220446049250313081e-16
2.220446049250313081e-16
2.220446049250313081e-16
2.220446049250313081e-16
2.220446049250313081e-16
2.220446049250313081e-16
2.220446049250313081e-16
2.220446049250313081e-16
2.220446049250313081e-16
2.220446049250313081e-16
2.220446049250313081e-16
2.220446049250313081e-16
2.220446049250313081e-16
2.220446049250313081e-16
2.220446049250313081e-16
2.220446049250313081e-16
2.220446049250313081e-16
2.220446049250313081e-16
2.220446049250313081e-16
2.220446049250313081e-16
2.220446049250313081e-16
2.220446049250313081e-16
2.220446049250313081e-16
2.220446049250313081e-16
2.220446049250313081e-16
2.220446049250313081e-16
2.220446049250313081e-16
2.220446049250313081e-16
2.220446049250313081e-16
2.220446049250313081e-16
2.220446049250313081e-16
2.220446049250313081e-16
2.220446049250313081e-16
2.220446049250313081e-16
2.220446049250313081e-16
2.220446049250313081e-16
2.220446049250313081e-16
2.220446049250313081e-16
1.601869926385423306e-15
1.174494416569302647e-14
2.220446049250313081e-16
2.220446049250313081e-16
2.220446049250313081e-16
2.220446049250313081e-16
2.220446049250313081e-16
2.220446049250313081e-16
2.220446049250313081e-16
2.220446049250313081e-16
2.220446049250313081e-16
2.220446049250313081e-16
2.220446049250313081e-16
2.220446049250313081e-16
2.220446049250313081e-16
2.220446049250313081e-16
2.220446049250313081e-16
2.220446049250313081e-16
2.220446049250313081e-16
2.220446049250313081e-16
2.220446049250313081e-16
2.220446049250313081e-16
2.220446049250313081e-16
2.220446049250313081e-16
2.220446049250313081e-16
2.220446049250313081e-16
1.184264423674417256e-14
2.220446049250313081e-16
2.220446049250313081e-16
1.174194558967003904e-14
2.220446049250313081e-16
2.220446049250313081e-16
2.220446049250313081e-16
2.220446049250313081e-16
1.642177480432878797e-15
2.220446049250313081e-16
2.220446049250313081e-16
1.161319650326476958e-14
2.220446049250313081e-16
2.220446049250313081e-16
2.220446049250313081e-16
2.220446049250313081e-16
2.220446049250313081e-16
2.220446049250313081e-16
2.220446049250313081e-16
2.220446049250313081e-16
2.220446049250313081e-16
2.220446049250313081e-16
2.220446049250313081e-16
2.220446049250313081e-16
2.220446049250313081e-16
1.138683524582588878e-14
2.220446049250313081e-16
2.220446049250313081e-16
2.220446049250313081e-16
2.220446049250313081e-16
2.220446049250313081e-16
2.220446049250313081e-16
2.220446049250313081e-16
2.220446049250313081e-16
2.220446049250313081e-16
2.220446049250313081e-16
2.220446049250313081e-16
2.220446049250313081e-16
1.521011726681512756e-15
2.220446049250313081e-16
2.220446049250313081e-16
2.220446049250313081e-16
2.220446049250313081e-16
2.220446049250313081e-16
2.220446049250313081e-16
2.220446049250313081e-16
2.220446049250313081e-16
2.220446049250313081e-16
2.220446049250313081e-16
2.220446049250313081e-16
2.220446049250313081e-16
2.220446049250313081e-16
2.220446049250313081e-16
2.220446049250313081e-16
2.220446049250313081e-16
2.220446049250313081e-16
2.220446049250313081e-16
2.220446049250313081e-16
2.220446049250313081e-16
2.220446049250313081e-16
2.220446049250313081e-16
2.220446049250313081e-16
2.220446049250313081e-16
2.220446049250313081e-16
2.220446049250313081e-16
2.220446049250313081e-16
1.574650089607905011e-15
2.220446049250313081e-16
2.220446049250313081e-16
2.220446049250313081e-16
2.220446049250313081e-16
4.456303411226638504e-12
2.220446049250313081e-16
1.618395422408267374e-15
2.220446049250313081e-16
2.220446049250313081e-16
1.457548972992098115e-15
2.220446049250313081e-16
1.588208447896725751e-15
1.585744938163412996e-15
1.628285683611074560e-15
2.220446049250313081e-16
2.220446049250313081e-16
8.356500828478415754e-14
2.220446049250313081e-16
2.220446049250313081e-16
2.220446049250313081e-16
2.220446049250313081e-16
2.220446049250313081e-16
2.220446049250313081e-16
2.220446049250313081e-16
2.220446049250313081e-16
2.220446049250313081e-16
2.220446049250313081e-16
2.220446049250313081e-16
1.572132543843026131e-15
2.220446049250313081e-16
2.220446049250313081e-16
2.220446049250313081e-16
2.220446049250313081e-16
2.220446049250313081e-16
1.642524771040958806e-15
2.220446049250313081e-16
2.220446049250313081e-16
2.220446049250313081e-16
1.635193199345928669e-15
2.220446049250313081e-16
1.612209890042267800e-15
8.358952219135622180e-14
2.220446049250313081e-16
2.220446049250313081e-16
2.220446049250313081e-16
1.568195360087387614e-15
1.585789964716216444e-15
2.220446049250313081e-16
1.463047737104217038e-15
2.220446049250313081e-16
1.598027092362242390e-15
2.220446049250313081e-16
2.220446049250313081e-16
2.220446049250313081e-16
4.599738694943861741e-12
2.220446049250313081e-16
1.513405399230388793e-15
2.220446049250313081e-16
2.220446049250313081e-16
2.220446049250313081e-16
2.220446049250313081e-16
2.220446049250313081e-16
2.220446049250313081e-16
7.842358743678516428e-14
1.534896794495271152e-15
1.575663694878389572e-15
1.634641795352697685e-15
2.220446049250313081e-16
2.220446049250313081e-16
2.220446049250313081e-16
1.618595919230033751e-15
2.220446049250313081e-16
1.522147134710180014e-15
2.220446049250313081e-16
2.220446049250313081e-16
2.220446049250313081e-16
2.220446049250313081e-16
2.220446049250313081e-16
1.592461614305624270e-15
2.220446049250313081e-16
2.220446049250313081e-16
4.649857807924496172e-12
1.622640067941232252e-15
4.621786403219911789e-12
2.220446049250313081e-16
1.592122800817236245e-15
2.220446049250313081e-16
2.220446049250313081e-16
4.580363570107129870e-12
1.638958781367350489e-15
2.220446049250313081e-16
6.233656676637963637e-13
1.572505910721968985e-15
1.206704947682264854e-14
2.220446049250313081e-16
2.220446049250313081e-16
1.214575076415536471e-14
1.626141690019901505e-15
2.220446049250313081e-16
1.620217037149974201e-15
8.518854374072758349e-14
2.220446049250313081e-16
2.220446049250313081e-16
2.220446049250313081e-16
1.193562380255093456e-14
2.220446049250313081e-16
2.220446049250313081e-16
2.220446049250313081e-16
8.598186575761879672e-14
7.711974150313536518e-14
4.189361524091571819e-12
1.598469360385119760e-15
2.220446049250313081e-16
9.091389380189563185e-08
1.540524327152475260e-15
2.220446049250313081e-16
1.199188906021887288e-14
2.220446049250313081e-16
1.195234192636656675e-14
1.159547488024291529e-14
2.220446049250313081e-16
2.220446049250313081e-16
2.220446049250313081e-16
1.547852819864941473e-15
1.607437823729825022e-15
1.629636176421246013e-15
1.186469332258158056e-14
1.633933396740102406e-15
1.174273097668232361e-14
2.220446049250313081e-16
2.220446049250313081e-16
2.220446049250313081e-16
2.220446049250313081e-16
7.035816888532470164e-14
2.220446049250313081e-16
2.220446049250313081e-16
3.565350204827867457e-05
1.092871830789517803e-14
2.220446049250313081e-16
2.369382314178384777e-10
2.220446049250313081e-16
1.630792061131678795e-15
2.220446049250313081e-16
1.173606885756968366e-14
2.220446049250313081e-16
2.220446049250313081e-16
2.220446049250313081e-16
1.589906402356963041e-15
1.155371446196976096e-14
1.604060023958396021e-15
8.526681711400004178e-14
2.220446049250313081e-16
8.594657692032944740e-14
2.220446049250313081e-16
1.485998250680662328e-15
2.220446049250313081e-16
1.574870774062772057e-15
2.220446049250313081e-16
1.568980380103284412e-15
1.497981811205743529e-15
5.524374852594425525e-13
1.607478476724591460e-15
8.609344243288415369e-14
1.102664313872214460e-14
2.220446049250313081e-16
9.285148958468609362e-08
8.243608253652908950e-14
1.611743141950575598e-15
1.168871289418735419e-14
1.629536861841178498e-15
2.220446049250313081e-16
2.220446049250313081e-16
2.220446049250313081e-16
1.204842278034242849e-14
1.741198278024296203e-09
2.220446049250313081e-16
2.220446049250313081e-16
4.692226578883193847e-06
1.639237302986472062e-15
1.620997220654160361e-15
2.220446049250313081e-16
1.163998776842061887e-14
2.220446049250313081e-16
1.630172357353932731e-15
2.220446049250313081e-16
2.220446049250313081e-16
1.241488232674091736e-08
8.366022683020123408e-14
2.220446049250313081e-16
2.337145403673358369e-10
1.821979760826955945e-09
1.006383283811295278e-14
1.133807842997272683e-14
6.054523530674694019e-13
1.544229932672277619e-15
2.220446049250313081e-16
6.170764230010917845e-13
2.220446049250313081e-16
2.220446049250313081e-16
4.637201410432370050e-12
1.196665975869173446e-14
2.220446049250313081e-16
2.220446049250313081e-16
4.908795053304087439e-06
4.420239411615422241e-12
2.220446049250313081e-16
1.198536015323465506e-14
1.147551303375676904e-14
6.179326808634870414e-13
1.641122168814926345e-15
1.194901085249457729e-14
1.230286499007345152e-08
1.633729943576709578e-15
2.460534765506775380e-04
2.220446049250313081e-16
2.220446049250313081e-16
6.179590169644446817e-13
2.478251334188899106e-10
3.396073959583465580e-05
6.263766171679478806e-13
8.655113164732866850e-14
1.726765829179102298e-09
1.344259069102257675e-02
6.443642030481708505e-13
1.506577654911901934e-15
1.922055873704622744e-03
2.220446049250313081e-16
6.391626296623629063e-13
6.077429465227355417e-13
1.610874965422246257e-15
9.173371738676477137e-08
1.932747353136174233e-03
2.220446049250313081e-16
2.220446049250313081e-16
1.175446649905131047e-14
4.454304265086172259e-12
2.220446049250313081e-16
2.220446049250313081e-16
2.220446049250313081e-16
1.627803409496449299e-15
1.742722733647715869e-09
1.310016596655023957e-02
4.676582241692520032e-12
2.220446049250313081e-16
2.387445457550024617e-10
1.644426410047711920e-15
5.244146542472015504e+00
1.610646161976467483e-15
2.220446049250313081e-16
8.582285473541199225e-14
2.220446049250313081e-16
2.426938423052730988e-04
1.619307093860065432e-15
1.803998488091433010e-09
2.220446049250313081e-16
3.350817952497916300e-11
2.308847601304618048e-10
2.220446049250313081e-16
3.883671025677961808e+01
3.664853009776641812e+01
2.220446049250313081e-16
2.220446049250313081e-16
4.335352098675063556e-12
1.194153769177444836e-08
3.003704161757944143e-11
1.559902176159960174e-15
7.548362451837571138e-14
6.245539296663370162e-13
2.567358215307483375e-04
2.490182338758627342e-04
6.731970816849745462e-07
4.050634607413820731e+01
1.748849259778155977e-09
1.219791330942743493e-14
4.566560863438504234e-12
1.291639633570104394e-09
1.185000277970000326e-14
7.604338881894411511e-14
6.085164346896475877e-13
6.230880115902615595e-13
5.652433910435446669e-13
8.123356165539390179e-14
2.220446049250313081e-16
2.395313271097581779e-10
3.219611655116148272e-11
1.367416434744096916e-02
6.203347313936810786e-13
6.857534356644632832e-07
5.371166798569325884e+00
2.613525799232618786e-04
1.163476578248421503e-08
2.339938449727993556e-10
4.663665477758358427e-12
2.315405559648234404e-10
4.542462812257191815e-12
3.893984513260559055e+01
2.220446049250313081e-16
3.768480877730394575e-12
3.705672442953034107e+01
3.541674680630778110e-05
1.519321941529761878e-15
1.286550122511836072e-08
2.220446049250313081e-16
2.220446049250313081e-16
1.757384563619111667e-09
2.220446049250313081e-16
3.514650628453309149e-11
1.483027639454893951e-15
3.830559992940317926e+01
6.215981981975668495e-13
1.194621687684096238e-08
1.598025819237585872e-15
1.136484000690171525e-08
6.856564832578886708e-07
5.122297092710319966e+00
2.220446049250313081e-16
6.133761970680983906e-13
3.197375862476216102e-11
1.788628127502627820e-03
1.184276339224374382e-14
1.727834327669277459e-09
1.182711474127189991e-14
1.554570379469341420e-15
1.549802385297539029e-15
6.345125195447086535e-13
3.276966282068045189e-11
1.113174145186143825e-14
1.644216706092555121e-15
8.087907322917024101e-14
4.629334871335024245e-06
1.041866875143346713e-14
9.945742733289647530e-02
7.042598875661165209e-14
2.220446049250313081e-16
1.634012640565314901e-15
5.267400636989318485e+00
2.220446049250313081e-16
1.421528650443357709e-02
2.465762527150497902e-10
3.621979699097928318e+01
6.420368674010002876e-07
3.781096841479647708e+01
2.220446049250313081e-16
2.220446049250313081e-16
7.159359868945860935e-14
3.908974491673774310e+01
4.879968338965008865e-13
5.522406318067534237e+00
5.755338912789770278e-01
1.603370634359964552e-15
2.220446049250313081e-16
3.946411330922727245e+01
4.991751689673042058e+00
3.872230275653642906e+01
3.637197081604658604e-05
7.858530218519790510e-14
9.422748748699841039e-08
3.934581896856764160e+01
2.220446049250313081e-16
2.220446049250313081e-16
1.994881964863917927e-03
1.599904407161557466e-09
6.306222321629741303e-07
3.623322014218052016e-12
2.220446049250313081e-16
5.061212094426327468e+00
5.088811850754520735e-06
3.665197308570135704e+01
3.152038859941010021e-11
8.990836014435309765e-08
6.690036701165443687e-07
4.061039249105787263e+01
3.664216461036480865e+01
2.220446049250313081e-16
2.508498949812175373e-04
8.535350367497756633e-14
1.016712580386278514e-01
2.656764310018786193e-11
3.740412561962168780e+01
1.537453819634185938e-15
5.521609497934798091e-07
1.531900229028431082e-15
4.469837119405839538e-12
2.220446049250313081e-16
3.647756448164905233e-12
1.396552238756431155e-02
1.390905825292579508e-02
6.997914488561224333e-01
3.954899066893667481e+01
3.415059585920616353e-06
2.220446049250313081e-16
3.866871084013550330e+01
1.197941079484878423e-14
2.705637870702618073e-04
2.220446049250313081e-16
5.882654088244886358e-13
3.599886521031696418e+01
1.681367625810665769e-09
4.197451280316680552e-06
5.491128477936412899e+00
1.643507453321841229e-15
4.181689988596492213e+01
2.375819210162472374e-04
2.220446049250313081e-16
2.440812360753539451e-10
4.022952103938352764e+01
3.751883428807918364e+01
1.729518166838488976e-10
9.723895030831174180e-03
1.293452535482630776e-02
3.761596862127844787e+01
3.932216127185507304e+01
4.073413914656599388e+01
3.784964450228423516e+01
2.625218088651493824e-04
4.058641082991511695e+01
1.617304491446381480e-09
9.186866063900674118e-02
2.220446049250313081e-16
1.150833678240342503e-14
3.715272010684973480e+01
1.163283077567577934e-08
3.827951019539494837e+01
3.417376624555055465e-11
4.762431258085487667e-06
2.189733290495416080e-11
6.961232877236337435e-01
1.195647100489788742e-02
4.032473472216169341e+01
1.572498518263374864e-15
4.094217851429506538e+01
9.579058323471971448e-02
2.220446049250313081e-16
5.567936866479100466e+00
9.009248536940982210e-02
9.929094858679884950e-02
4.055915440235807523e+01
3.814248873187388966e+01
9.407095005973067914e-02
8.211029295638614693e-14
1.757823730545657326e-03
3.461272435154336335e+01
3.840358073500743075e+01
4.867913071425233440e+00
3.881003912410677970e+01
6.019012457307542559e-13
3.758133264202522383e+01
1.216078917068695141e-14
1.095597941638250901e-14
3.938102880739477030e+01
1.119064358341176671e-14
7.281397951810096858e-01
1.139016304420280155e-14
1.528344324361061825e-15
3.720858382129824093e+01
3.656179726490890166e-05
1.133269274956232286e-14
5.810222548810203639e-08
5.253158293738031226e+00
3.806403450195345783e+01
5.159219601357934337e+00
3.786805390662217263e+01
3.772012609780866654e+01
6.034147582359644928e-13
4.350445704756425391e-13
3.879515661157186202e+01
9.000274879981971787e-02
4.025935157300245493e+01
3.999982929938794740e+01
3.340092428417412407e+01
4.637946756184859964e+00
8.495798667954478430e-14
4.094924421632889278e+01
1.256342145164499514e-08
3.415554068288306362e-11
3.803583567373041063e+01
5.142602069085443262e+00
3.692911006321173772e+01
1.760741778789885791e-03
3.867392557821738563e+01
3.846413027096799198e+01
1.498289807884612126e-09
8.898387026990439126e-08
1.289210374241203870e-08
4.035434100867375662e+01
5.366286857996480136e-13
2.220446049250313081e-16
1.213067217163721649e-03
6.120105470971632713e-13
1.694088430990478393e-03
5.307865388189924261e+00
5.297970282005220355e+00
3.595929625745382197e+01
3.805309775961142549e+01
3.968169264654420658e+01
1.396745767277110702e-02
1.479671675342380557e-15
5.522750881457908712e+00
4.818248093167152746e+00
2.389373177535811059e-10
1.500168554058091148e-15
3.902701743932926348e+01
8.280615679164551879e-02
3.940144067303337039e+01
3.710387796147695383e+01
3.901040808949218786e+01
3.460264051286051528e-05
3.489120039705769472e+01
2.597406319504135426e-11
2.220446049250313081e-16
8.286246506428677839e-14
3.980203116921539674e+01
3.683527014714006498e+01
3.756481577827846507e+01
3.836563436104534475e+01
1.961518754462214109e-10
4.134544480276097289e+01
6.165850017445792985e-07
3.887777049618639325e+01
3.638554219498477615e-05
7.122869998167377092e-01
1.051590949225326622e-14
3.535818944852704547e-05
6.695168849052010041e-01
3.755529221035530441e+01
3.712647538738010411e+01
4.060666854077243215e+01
6.317258092974124818e-07
5.507066857802722648e-01
3.832968241845954793e+01
4.204734891797797758e+01
3.894092568258087539e+01
5.556803610020808609e-02
3.732351202609049778e+01
3.981730453007777015e+01
2.220446049250313081e-16
3.839887195055076319e+01
3.680206421330868949e+01
3.913885782673103364e+01
2.263188598427995345e-10
3.882592829458133821e+01
3.864792921148865901e+01
3.923026555491465217e+01
3.851383424468932759e+01
6.876848321209349188e-14
5.360761768584902425e-13
3.657958657639230182e+01
3.745682899765203899e+01
4.067734678200822884e+01
2.433288776080362226e+01
3.738093670355358711e+01
3.670752551860221047e+01
3.981583483020401815e+01
3.822331441332502067e+01
3.806868424836947895e+01
5.024071251866637056e+00
3.667929815158270657e+01
3.839354060035316962e+01
3.954654382105643862e+01
4.025031518604211556e+01
4.029310986617740298e+01
3.453638345644304053e+01
3.722534232542110288e+01
2.503466423199196826e-10
3.317005523727265626e+01
3.862225495911549444e+01
3.824344136435068719e+01
3.605282182884974418e+01
2.017713646432648593e-04
4.148267330184082624e+01
4.747530712252223672e+00
3.806561107724527915e+01
3.851841738740638732e+01
3.857714525305746633e+01
4.981200953592823666e+00
7.271142569804165401e-01
3.876624587812740685e+01
5.108401493087364464e+00
3.917023600364648672e+01
4.042444960985868363e+01
3.786022324323725741e+01
3.929609257148070611e+01
3.408520741864581329e-05
3.294427207080145337e+01
3.735072403392974394e+01
9.808780454670039048e-03
4.059739516404182069e+01
2.841236649392778979e+00
4.016203039635932015e+01
4.010480861842524547e+01
3.660197591004411777e+01
3.803863882921847761e+01
5.314151669300749781e+00
7.571044105113770017e-01
3.799030705061332469e+01
4.786542110335781253e+00
3.773565828183384951e+01
5.482294797636762764e-13
3.920663291165615050e+01
3.648073503175147181e+01
3.876392082408135309e+01
3.585931721336746847e+01
3.659504929581242294e+01
3.697940712730130031e+01
3.916879999168466497e+01
3.705729567312603479e+01
6.216134352212222547e-01
3.887764664347619714e+01
1.432509203136223051e-15
3.902803784805269771e+01
3.188888936238110650e-01
3.669215297450588764e+01
3.559371110779652270e+01
3.813355501185487384e+01
1.011440246912928276e-01
4.063655097504231861e+01
4.218815950251521940e+01
3.566880161777083202e+01
3.552398897018476731e+01
3.633061059123140524e+01
3.543088170378598534e+01
3.239321506831885245e+01
3.906530941455239514e+01
3.692490526764722603e+01
3.507553593414829862e+01
3.231920785020354003e+01
3.750173851517440227e+01
3.788058153849069498e+01
3.634492003618492362e+01
4.070047621498856216e+01
7.109875154407035991e-01
3.909401970406923255e+01
9.657829055104806548e-02
3.333307801283446575e-11
4.234194962375480031e+01
3.454076578270557007e+01
4.017228009059830640e+01
2.867946219179751921e+01
3.671468578035327113e+01
3.757222999757849635e+01
4.501900249764189788e+00
3.753389565349832679e+01
3.659183355223279932e+01
3.841201978477592860e+01
3.764837681134668657e+01
4.064238347304144128e+01
3.592095441210955187e+01
3.791278322466925488e+01
3.787432764995885037e+01
3.878938714297465395e+01
3.956271958270591682e+01
3.710009767365130529e+01
3.772036460403690228e+01
2.423650890981527439e+01
3.783459766232417820e+01
3.758821364855040770e+01
3.848104208687162497e+01
3.862967741615695871e+01
4.012833164455211943e+01
3.759564950787397919e+01
3.600192583752501463e+01
3.976663403970403010e+01
4.058741424590028402e+01
3.669728660684859989e+01
3.741261796795321715e+01
3.747826578789418761e+01
3.547578826395299245e+01
3.131386671960132428e-01
3.778190061631236318e+01
2.568891739427477461e+01
1.643075193192353822e+01
3.896995362406076424e+01
3.264477552651816694e+01
3.479194130360277626e+01
3.361864363225149085e-12
4.322079989261655442e+01
3.972280409761175690e+01
3.867917111818632492e+01
3.900954911171959338e+01
2.805505336938524863e+01
3.969818017543580879e+01
3.933333000648686806e+01
5.682035811472175944e-07
4.054795542978768452e+01
3.949970977683385343e+01
3.882577540403245564e+01
3.715237604499712631e+01
3.814683480638104385e+01
3.894005904880150837e+01
3.391875039028452932e+01
3.946701906368592461e+01
3.741978255566500877e+01
2.427052490291126929e+01
7.091193115539428105e-01
3.930496147710651655e+01
3.690941926673912832e+01
3.914716706940031088e+01
4.056803730649485118e+01
3.770636390965336204e+01
3.536163257485030442e+01
3.774299611440801527e+01
3.974986365468647875e+01
3.507787887088116463e+01
4.144131312679650136e+01
3.732947421553955536e+01
3.704238346746149801e+01
3.822252711608904718e+01
4.013360337690016166e+01
3.858945710642724691e+01
3.771192566488478093e+01
3.426896701581188864e+01
3.888132463835140129e+01
4.244410002848899133e+00
3.264556181300096682e+01
3.810096014837832712e+01
3.914027341887073419e+01
3.867636346585332063e+01
3.755586122522580439e+01
2.867585272694823217e+01
4.081363579391243945e+01
3.801605770525702610e+01
3.796160617359262801e+01
3.966529707805207750e+01
4.115495120867358025e+01
3.592451132402940317e+01
3.834163727694941315e+01
3.999025433270033858e+01
4.848107149607697508e+00
3.763055527780598908e+01
3.803627842000737758e+01
3.517451529695203760e+01
3.435092661268691927e+01
3.823891120195269622e+01
3.859588302710177743e+01
3.861779569718542859e+01
3.778492822371405424e+01
3.840678001374219974e+01
3.647691109745876759e+01
3.901081567398367156e+01
3.715580307822447992e+01
3.934159482634995442e+01
4.193996615804900330e+01
1.003928841326345226e-14
4.099417691728967128e+01
2.174332009467861226e+01
3.958499794040486108e+01
3.005297873362792771e+01
3.543268189938102353e+01
3.836381943364381897e+01
3.894182830998353495e+01
3.337010664751294797e+01
3.894491844818461601e+01
3.454896996920901131e+01
3.856107745660269615e+01
3.715368260446945214e+01
3.126566508769687047e+01
3.477882551150236878e+01
3.042644455973904982e+01
3.838402231856502311e+01
3.868230799725500191e+01
1.923424216739592296e+01
3.733551997921843935e+01
3.721951507403394288e+01
3.828271900403969141e+01
3.831701917941542490e+01
3.930251219624918235e+01
3.682777243931452915e+01
3.900588025471343201e+01
3.617341984094448293e+01
3.530514872405473170e+01
4.014968363659857431e+01
3.677409812785214172e+01
3.756857603642168897e+01
3.905755519810925591e+01
4.026126524864564971e+01
3.935518797602143337e+01
3.766388863103748719e+01
3.675345588564937316e+01
3.712026676523942115e+01
3.844451313804895420e+01
2.937777985334366804e+01
3.740586550833007351e+01
3.966520669931963994e+01
3.888099362982386964e+01
3.933208429966396125e+01
3.760328670095497472e+01
4.021310299912411779e+01
4.229274178692434560e+01
3.682282602672564309e+01
3.641861971066352055e+01
2.220446049250313081e-16
4.077928095951327236e+01
2.504438702950822915e+01
3.742789953718789064e+01
3.821163658070035041e+01
3.891643059086322154e+01
3.793330224382141580e+01
