2.220446049250313081e-16
1.524302143795724298e-15
2.220446049250313081e-16
2.220446049250313081e-16
2.220446049250313081e-16
2.220446049250313081e-16
2.220446049250313081e-16
2.220446049250313081e-16
2.220446049250313081e-16
2.220446049250313081e-16
2.220446049250313081e-16
2.220446049250313081e-16
2.220446049250313081e-16
2.220446049250313081e-16
2.220446049250313081e-16
2.220446049250313081e-16
2.220446049250313081e-16
2.220446049250313081e-16
2.220446049250313081e-16
2.220446049250313081e-16
2.220446049250313081e-16
2.220446049250313081e-16
2.220446049250313081e-16
2.220446049250313081e-16
2.220446049250313081e-16
2.220446049250313081e-16
2.220446049250313081e-16
2.220446049250313081e-16
2.220446049250313081e-16
2.220446049250313081e-16
2.220446049250313081e-16
2.220446049250313081e-16
2.220446049250313081e-16
2.220446049250313081e-16
2.220446049250313081e-16
2.220446049250313081e-16
2.220446049250313081e-16
2.220446049250313081e-16
2.220446049250313081e-16
2.220446049250313081e-16
2.220446049250313081e-16
2.220446049250313081e-16
2.220446049250313081e-16
2.220446049250313081e-16
2.220446049250313081e-16
2.220446049250313081e-16
2.220446049250313081e-16
2.220446049250313081e-16
2.220446049250313081e-16
2.220446049250313081e-16
1.582732751626502091e-15
2.220446049250313081e-16
2.220446049250313081e-16
2.220446049250313081e-16
2.220446049250313081e-16
2.220446049250313081e-16
2.220446049250313081e-16
2.220446049250313081e-16
2.220446049250313081e-16
2.220446049250313081e-16
2.220446049250313081e-16
2.220446049250313081e-16
2.220446049250313081e-16
2.220446049250313081e-16
2.220446049250313081e-16
2.220446049250313081e-16
2.220446049250313081e-16
2.220446049250313081e-16
2.220446049250313081e-16
1.645735097252305851e-15
2.220446049250313081e-16
2.220446049250313081e-16
2.220446049250313081e-16
2.220446049250313081e-16
1.488753898564727014e-15
2.220446049250313081e-16
2.220446049250313081e-16
2.220446049250313081e-16
2.220446049250313081e-16
2.220446049250313081e-16
2.220446049250313081e-16
2.220446049250313081e-16
2.220446049250313081e-16
2.220446049250313081e-16
2.220446049250313081e-16
2.220446049250313081e-16
2.220446049250313081e-16
2.220446049250313081e-16
2.220446049250313081e-16
2.220446049250313081e-16
2.220446049250313081e-16
2.220446049250313081e-16
2.220446049250313081e-16
2.220446049250313081e-16
2.220446049250313081e-16
2.220446049250313081e-16
1.611027455950439670e-15
2.220446049250313081e-16
2.220446049250313081e-16
2.220446049250313081e-16
2.220446049250313081e-16
2.220446049250313081e-16
2.220446049250313081e-16
1.628365476126200013e-15
2.220446049250313081e-16
2.220446049250313081e-16
2.220446049250313081e-16
2.220446049250313081e-16
2.220446049250313081e-16
2.220446049250313081e-16
2.220446049250313081e-16
1.627879397165941317e-15
2.220446049250313081e-16
2.220446049250313081e-16
2.220446049250313081e-16
2.220446049250313081e-16
2.220446049250313081e-16
2.220446049250313081e-16
1.617672144081692467e-15
2.220446049250313081e-16
2.220446049250313081e-16
2.220446049250313081e-16
2.220446049250313081e-16
2.220446049250313081e-16
2.220446049250313081e-16
2.220446049250313081e-16
2.220446049250313081e-16
2.220446049250313081e-16
2.220446049250313081e-16
2.220446049250313081e-16
1.644105989992805923e-15
2.220446049250313081e-16
2.220446049250313081e-16
2.220446049250313081e-16
1.172220163442521381e-14
2.220446049250313081e-16
2.220446049250313081e-16
2.220446049250313081e-16
2.220446049250313081e-16
1.624305175928197645e-15
2.220446049250313081e-16
2.220446049250313081e-16
2.220446049250313081e-16
2.220446049250313081e-16
2.220446049250313081e-16
8.571083645349798051e-14
2.220446049250313081e-16
2.220446049250313081e-16
2.220446049250313081e-16
2.220446049250313081e-16
2.220446049250313081e-16
2.220446049250313081e-16
2.220446049250313081e-16
2.220446049250313081e-16
2.220446049250313081e-16
2.220446049250313081e-16
2.220446049250313081e-16
2.220446049250313081e-16
2.220446049250313081e-16
2.220446049250313081e-16
2.220446049250313081e-16
2.220446049250313081e-16
2.220446049250313081e-16
2.220446049250313081e-16
2.220446049250313081e-16
2.220446049250313081e-16
2.220446049250313081e-16
2.220446049250313081e-16
2.220446049250313081e-16
1.202500044429149905e-14
2.220446049250313081e-16
2.220446049250313081e-16
2.220446049250313081e-16
2.220446049250313081e-16
2.220446049250313081e-16
1.642664785052781381e-15
2.220446049250313081e-16
1.186514105131600140e-14
2.220446049250313081e-16
2.220446049250313081e-16
2.220446049250313081e-16
1.606487215687632211e-15
2.220446049250313081e-16
2.220446049250313081e-16
1.196698136639350071e-14
2.220446049250313081e-16
2.220446049250313081e-16
2.220446049250313081e-16
2.220446049250313081e-16
2.220446049250313081e-16
1.605802612175431764e-15
2.220446049250313081e-16
1.418062798486812633e-15
1.195050446700451490e-14
2.220446049250313081e-16
2.220446049250313081e-16
1.624746863988832172e-15
2.220446049250313081e-16
2.220446049250313081e-16
2.220446049250313081e-16
2.220446049250313081e-16
2.220446049250313081e-16
2.220446049250313081e-16
2.220446049250313081e-16
2.220446049250313081e-16
2.220446049250313081e-16
2.220446049250313081e-16
2.220446049250313081e-16
2.220446049250313081e-16
2.220446049250313081e-16
2.220446049250313081e-16
2.220446049250313081e-16
1.575242185952973295e-15
2.220446049250313081e-16
2.220446049250313081e-16
1.107401514268845386e-14
2.220446049250313081e-16
2.220446049250313081e-16
1.573746411380316704e-15
2.220446049250313081e-16
1.188371119630389770e-14
8.132772368174062971e-14
2.220446049250313081e-16
1.610273986282799757e-15
2.220446049250313081e-16
2.220446049250313081e-16
2.220446049250313081e-16
2.220446049250313081e-16
2.220446049250313081e-16
2.220446049250313081e-16
1.505709512002413417e-15
2.220446049250313081e-16
1.561754619461329429e-15
8.950530098942880532e-14
1.476284263834870607e-15
2.220446049250313081e-16
1.612928785003501342e-15
2.220446049250313081e-16
1.627138855435874107e-15
1.622739927663231325e-15
2.220446049250313081e-16
2.220446049250313081e-16
4.618067992119724538e-12
2.220446049250313081e-16
2.220446049250313081e-16
1.598946509386486620e-15
2.220446049250313081e-16
2.220446049250313081e-16
1.510491190239425793e-15
2.220446049250313081e-16
2.220446049250313081e-16
2.220446049250313081e-16
2.220446049250313081e-16
2.220446049250313081e-16
2.220446049250313081e-16
2.220446049250313081e-16
1.164154858213381379e-14
2.220446049250313081e-16
2.220446049250313081e-16
1.148302646976615145e-14
2.220446049250313081e-16
2.220446049250313081e-16
1.637523875901948183e-15
2.220446049250313081e-16
2.220446049250313081e-16
1.639975294942736327e-15
2.220446049250313081e-16
2.220446049250313081e-16
1.638701700629721898e-15
8.464294542547509481e-14
2.220446049250313081e-16
2.220446049250313081e-16
2.220446049250313081e-16
2.220446049250313081e-16
1.629208746971482649e-15
2.220446049250313081e-16
2.220446049250313081e-16
1.450484796639661570e-15
2.220446049250313081e-16
1.537657887089081968e-15
4.551711562745735137e-12
1.543866922090304636e-15
6.304855031830184618e-13
2.220446049250313081e-16
2.220446049250313081e-16
2.220446049250313081e-16
1.203109597545431538e-14
4.519210721299218275e-12
2.220446049250313081e-16
2.220446049250313081e-16
1.084347963973211951e-14
2.220446049250313081e-16
8.660447186863641544e-14
2.220446049250313081e-16
5.966570290329506848e-13
2.220446049250313081e-16
2.220446049250313081e-16
1.194969298098396729e-14
2.220446049250313081e-16
2.220446049250313081e-16
1.174633471083088121e-14
2.220446049250313081e-16
6.337192386566793196e-13
1.623585228291311198e-15
2.220446049250313081e-16
2.220446049250313081e-16
1.198175269936634413e-14
2.220446049250313081e-16
2.220446049250313081e-16
1.170587809505552591e-14
2.220446049250313081e-16
1.202845164151175070e-14
1.642954430924853421e-15
3.164081513802769851e-11
2.220446049250313081e-16
2.220446049250313081e-16
2.220446049250313081e-16
2.220446049250313081e-16
2.220446049250313081e-16
2.220446049250313081e-16
2.220446049250313081e-16
1.602624159118263777e-15
2.220446049250313081e-16
1.784804564501921307e-09
2.220446049250313081e-16
2.220446049250313081e-16
2.220446049250313081e-16
1.615174960020349129e-15
8.434792840245559998e-14
2.220446049250313081e-16
2.220446049250313081e-16
1.541936842256560623e-15
2.220446049250313081e-16
2.220446049250313081e-16
2.220446049250313081e-16
1.646370604203713998e-15
1.089401545411963783e-14
2.220446049250313081e-16
1.140627243837628229e-14
8.506445518948756251e-14
2.220446049250313081e-16
2.220446049250313081e-16
1.604296098835995669e-15
2.220446049250313081e-16
2.220446049250313081e-16
2.220446049250313081e-16
2.220446049250313081e-16
6.040803065363780281e-13
1.611014600222979701e-15
2.220446049250313081e-16
2.220446049250313081e-16
3.193362831840964502e-11
1.103874524929556755e-14
4.538031541917299850e-12
2.220446049250313081e-16
4.543353035391734076e-12
1.594442013408754316e-15
2.220446049250313081e-16
1.842623897689423775e-09
1.637133413022712269e-15
4.465528018754195401e-12
1.620783561875026752e-15
2.220446049250313081e-16
2.220446049250313081e-16
2.220446049250313081e-16
1.168835469803754268e-14
3.301457378363113099e-11
2.220446049250313081e-16
2.220446049250313081e-16
1.224472427341842819e-08
2.220446049250313081e-16
2.220446049250313081e-16
2.220446049250313081e-16
2.220446049250313081e-16
1.611621998757939669e-15
1.095038289595674760e-14
1.290352894269461761e-08
4.585192472658601449e-12
2.220446049250313081e-16
1.618825991539598777e-15
2.220446049250313081e-16
2.220446049250313081e-16
8.536602964024283832e-14
2.220446049250313081e-16
7.974033539125516051e-14
2.220446049250313081e-16
1.259055868112912667e-08
2.220446049250313081e-16
2.220446049250313081e-16
8.601526362010941806e-14
2.220446049250313081e-16
2.220446049250313081e-16
2.220446049250313081e-16
2.220446049250313081e-16
1.624974988797449929e-15
1.199375069767248125e-14
8.937936694098537858e-08
1.636662642922983048e-15
1.592074795961791027e-15
1.730665094086433348e-09
1.717635070520526392e-09
2.220446049250313081e-16
4.355093999588421162e-12
2.220446049250313081e-16
2.220446049250313081e-16
3.192975617583211024e-11
2.220446049250313081e-16
1.131624704430378032e-14
1.633086882270878157e-15
1.178657809281945856e-14
2.367486432955170546e-10
2.220446049250313081e-16
2.220446049250313081e-16
4.359428628435317988e-12
2.220446049250313081e-16
2.220446049250313081e-16
1.125907198838810374e-14
3.678720353168377425e-05
2.220446049250313081e-16
6.246329308799427098e-13
1.634711100546806323e-15
8.147097029836740913e-14
2.517872105548125216e-10
6.428273407796967877e-13
9.165026542089826688e-08
1.193944172607053739e-14
3.602808183909031545e-05
2.220446049250313081e-16
2.220446049250313081e-16
2.220446049250313081e-16
2.481024250775907295e-10
2.220446049250313081e-16
2.220446049250313081e-16
5.165331303411100730e-06
2.220446049250313081e-16
1.597962848510385390e-15
1.259949631885086572e-08
2.000291228684438487e-10
2.220446049250313081e-16
6.270062977487441097e-13
8.631632350419723317e-14
6.960776310989590239e-07
1.164087609177220743e-14
2.852151162152210764e-11
7.597114134177259245e-14
1.184188673201048560e-14
4.773195660047095269e-06
2.355284391276371709e-10
2.220446049250313081e-16
8.651067409943103930e-14
2.220446049250313081e-16
1.386374188471046522e-02
2.271669583870782282e-10
2.220446049250313081e-16
3.614367439079441157e-05
3.592823196122016882e-05
4.874168982964264202e-06
6.238294164449256614e-13
6.090231724711238616e-13
1.626634107963837607e-15
1.626041196387540534e-15
4.887220042951786409e-06
1.283472029783515843e-02
4.441739113556149605e-12
1.625703251949217095e-15
2.220446049250313081e-16
1.488719097424196408e-15
1.530723240030311547e-15
9.316131323321102048e-08
1.586448301283040929e-15
1.166972683860776876e-14
2.220446049250313081e-16
1.750063605275630730e-09
3.293021575604860937e-11
2.458377490591686562e-10
1.693124602447632664e-09
2.379348440892395571e-10
4.452514265481626655e-12
4.307232735957819647e-06
1.011592344949311523e-01
2.220446049250313081e-16
1.155924263047395471e-14
1.128119115491151307e-14
2.220446049250313081e-16
8.207365915836447195e-14
6.611195096393222312e-14
8.609311011532590842e-14
1.194486910865780498e-14
1.479823527491600613e-15
7.646013683448037446e-01
1.550502051366184298e-15
9.514675246149366383e-02
4.531412147756202718e-12
1.129383447892620010e-14
5.304140465734629452e-06
9.078470583218206805e-08
1.085141731563029554e-14
4.441606098281312017e-12
1.371784062182217039e-02
1.124641154836430182e-14
3.522849307489784898e-05
7.296262848398396006e-01
4.717982201914517434e-06
6.862850626078332850e-01
8.993672501575097630e-08
1.763475128000577177e-03
1.043843994373223182e-08
1.122439557653072096e-08
3.844298870423732239e+01
1.088775717114195007e-14
7.997570287769156043e-14
7.339548699929036787e-08
1.532951399043649662e-15
1.889356946785616508e-03
1.049333872506056604e-14
4.474686500275014319e-12
8.612096036824309219e-14
3.623197457165937524e-05
3.365717572400284077e-11
1.776525738286122419e-09
4.551223560469286646e-12
2.220446049250313081e-16
1.666149241929408711e-09
1.195436031213365904e-08
1.634083234219169432e-15
3.805911796740701192e+01
3.819434376597326519e+01
8.518879097798133746e-14
1.366849869165693470e-03
1.610149158710381923e-15
6.762249751470771571e-07
1.061551986868100178e-01
3.225227186351473828e-11
6.923274410702515702e-01
9.520153634642924967e-02
1.041420535741635601e-14
7.287067027285643039e-01
1.857345946261589531e-03
3.560589747856836965e-12
5.271662250676274475e+00
1.613610130241207613e-15
4.642692161813992539e-12
2.220446049250313081e-16
3.756709892862655664e+01
4.167238494584367614e-12
9.973732849806073164e-02
5.424707470029109173e-13
1.841804811935840881e-03
9.164193624011813115e-08
9.997500640735113020e-02
2.220446049250313081e-16
4.096373483523471748e+01
3.662303386584643050e+01
5.134447214863983255e+00
4.217021805343284768e+01
3.200939378605407754e-11
6.540101837366470775e-07
1.560016769773093080e-15
4.897220582314949516e-06
4.261235114659937541e-12
9.501262001946643491e-08
2.154794603501548075e-04
2.220446049250313081e-16
4.615083399645767682e-12
3.805607299461551207e+01
2.220446049250313081e-16
9.775146733025485979e-02
1.992627357953350407e-03
6.412695531941579418e-07
3.902813980161929663e+01
8.536150322937662098e-14
3.529303896701447485e+01
3.917552614106850228e+01
3.690806521944466567e+01
3.802021011915480386e+01
1.483027680092079379e-15
9.079426084270670241e-08
6.114168850046673636e-13
2.364529598050838053e-04
2.220446049250313081e-16
7.429460961968133992e-01
7.089361951735452250e-01
1.137437453993002434e-14
3.190718009238081375e-11
2.554863697526373891e-04
1.055649954131919616e-01
6.818818029397495650e-03
4.865849531130279025e-06
1.236038496331733220e-08
2.220446049250313081e-16
3.853324180986543723e+01
2.557348329062274152e-04
5.406040148204556139e+00
2.490701754597788122e-04
6.300074787765488141e-14
5.509222956051267772e+00
1.945438240951708527e-03
2.220446049250313081e-16
3.672327986483013262e+01
7.324595049656493773e-01
1.385831294095139429e-03
3.411452406081493883e-11
3.938146139748958063e+01
1.260277592976555184e-08
1.740465372098869200e-04
5.816161058526435300e-07
5.106789755560525279e+00
3.824949888831150702e+01
1.052912864064927401e-01
3.657444510881205701e+01
9.336427959882682420e-08
1.298541662497625596e-08
7.608283761849331946e-14
5.782998426154212039e-07
6.948355954400270009e-07
8.566160268120816268e-02
5.781170897119458837e-13
1.405734964484225795e-02
5.196823254586163010e+00
8.586200963373112822e-14
1.165403450549889893e-08
4.076238456929053200e+01
3.567058026954993507e-05
3.847064470047472895e+01
9.765991150164680964e-09
8.014881977624244633e-14
3.539247693226170810e+01
1.062839179820883491e-14
2.951949487370086593e-06
3.960070925894088134e+01
5.182471320677675131e-01
3.735201335127882771e+01
6.324346190511382915e-01
5.715897588328075981e-13
5.399676530509238681e+00
1.059626326712701100e-01
4.782897520794808344e+00
3.933471973542939537e+01
3.978713325364321918e+01
9.430539701823801896e-15
3.771198038977711064e+01
3.756878049587130164e+01
1.027410786949971150e-01
2.523225454554651453e-05
2.077579514874491354e-10
1.384687384655382963e-02
4.039486483612321877e+01
4.084513138154587608e+01
5.250118229353302191e+00
3.768196485209361413e+01
3.646669693189471673e+01
2.220446049250313081e-16
1.978692908575674556e-10
3.673257873937478024e+01
1.084967854447155871e-08
3.798421296848768236e+01
3.143395854082247700e-11
3.900249161379959162e+01
2.220446049250313081e-16
4.173142821695958560e+01
3.497592231701545273e+01
3.841634094260464849e+01
1.059319674039429227e-01
3.656029107153982238e+01
8.693612571438054146e-06
3.935993590929975028e+01
3.603794249981906717e+01
7.236951183977464730e-01
1.001509921073135918e-14
3.905673751854313736e+01
5.723843579059591630e-13
2.220446049250313081e-16
4.083091696128784975e-01
3.532218838904569935e+01
4.128409800685910369e+01
1.518185688384601710e-15
1.131848808732539528e-09
3.870636954175003552e+01
1.298856236970143954e-03
1.329178407685189731e-03
3.562900180076729952e-05
5.150094063305168390e+00
4.128944626198042300e+01
4.664947335161951258e+00
8.496787376106519061e-08
3.856534150531091854e+01
3.731100547314753868e+01
2.528561584125019479e+01
4.085663415399399412e+01
2.220446049250313081e-16
1.476283324156656409e-15
4.966182138544322555e+00
1.598396133650952476e-03
3.861152873594056700e+01
3.860216697468160163e+01
3.979054841842973644e+01
3.923995828983725431e+01
3.573600743495848064e+01
3.937134432311093235e+01
3.684375972538346389e+01
3.992609241819631194e+01
3.887969169394954605e+01
3.227299448674465765e+01
3.575011803184225556e+01
6.081900367839737995e-07
3.847914203460013738e+01
3.901176241097232378e+01
3.915904004593865295e+01
8.959663435114051389e-02
3.909945142511409699e+01
1.638099810643740642e-15
1.880713081462859681e-03
4.112482738257946835e+01
3.922231301681056786e-07
3.138883934322425805e-11
4.039372252254156592e+01
3.124728631582426072e-05
3.931173541664170301e+01
3.485497481379543432e-12
3.550610142781710707e-06
4.044461059229747946e+01
3.900049788134901263e+01
4.014468133798541771e+01
3.818338536886314216e+01
6.558779335331977878e-01
9.862982583951066169e-05
2.220446049250313081e-16
3.960334697386803526e+01
3.773830236597822818e+01
2.220446049250313081e-16
3.834091156599006922e+01
3.795400271586333218e+01
7.531259193978397937e-01
3.697611861310611658e+01
4.216454302980699786e+00
3.708981316904322512e+01
3.791454132193150883e+01
3.589120890478675108e+01
3.731149265976767992e+01
7.036792651841902169e-01
4.915434886208461585e+00
3.943219768355893962e+01
3.974443629130688294e+01
3.782301094745636760e+01
3.754017603051234175e+01
3.864874065842794693e+01
7.284058137055247073e-01
3.733969362206553910e+01
3.717990743462641490e+01
1.325345684162590465e-02
3.948423181994947129e+01
3.778462200068160826e+01
3.897026798137154202e+01
5.614724439851743818e-13
3.381166850462104634e+01
3.359160555700869914e-06
1.593731358104996576e-10
4.153747069037181205e+01
3.888587250867482226e+01
3.861616322871112317e+01
4.032279780245735878e+01
4.011660604876244207e+01
3.885634789763912522e+01
3.312202248820160833e+01
3.741483126114377455e+01
3.707574076642652727e+01
1.803557392982789375e-05
4.122841641550967040e+01
4.964595810423718447e+00
3.525020198711295194e+01
3.583985973907157074e+01
3.887955179498970892e+01
3.804915552511310750e+01
4.105660799752946843e+01
3.556699358528078392e+01
3.379878147289900170e+01
4.022198781670901724e+01
2.220796290176521733e-04
3.690662983471533920e+01
4.022704746391095654e+01
4.096412764526038330e+01
4.700325373795833421e-13
3.989287752459193825e+01
3.817961562585595914e+01
1.291102109299947049e-03
4.059522637744051110e+01
3.710979863192217051e-05
3.740439260261066323e+01
3.950847259231993696e-07
3.660156333879553614e+01
3.740838370277636926e+01
4.001760818794952712e+01
2.774403456305619287e+01
4.113803915439229542e+01
2.771631808872563330e+00
3.955600612120782245e+01
3.760246044333058535e+01
2.198339171039812990e-11
3.676329467820173136e+01
4.908948774144368699e+00
3.962576998570112607e+01
3.622844998443312647e+01
6.640647331369797790e-01
3.655207287526848603e+01
5.488312435697371054e-07
3.809179623074897592e+01
3.775328703445678258e+01
4.015078844053619633e+01
3.695414333847717359e+01
3.860738927542644916e+01
3.904342910176929848e+01
5.397546970798812460e-02
3.686856052252063165e+01
3.958434785879521201e+01
3.895284563899157604e+01
3.789303146413163148e+01
2.978568168851217379e+01
4.113445127274697199e+01
2.547725828782677335e-11
4.533962862592993534e-13
4.003545743017683378e+01
3.832983229607171438e+01
3.842463728164437953e+01
9.696904323001341586e-02
3.840374918524796755e+01
3.856341636247825733e+01
3.907535213873093483e+01
3.962966783223027534e+01
2.497643418323931641e+01
8.158837396853762039e-03
3.973778107008726579e+01
3.856639533876735726e+01
3.738669260179086962e+01
3.752300226091977464e+01
3.831122535102053916e+01
3.530780337319811127e-06
3.855283054068524251e+01
3.865373234794227386e+01
3.576816540632407282e+01
3.664157567672828719e+01
3.883103447613336812e+01
3.049517636121001374e+01
3.687519270777371361e+01
5.335468591715891051e+00
3.651679911151964575e+01
3.998221742896037512e+01
3.746807469409570501e+01
3.764810576528611819e+01
3.678934188345260026e+01
3.544461091337603165e+01
4.021331818856441487e+01
4.042573189285134561e+01
2.967997041459022434e+00
3.663823708311131355e+01
3.593613582261141204e+01
3.904885455619458412e+01
4.122543377652249319e+01
3.639756846401481027e+01
4.087304084301562312e+01
3.952911806865366628e+01
3.855037121174401449e+01
3.734052154735211815e+01
3.998090095130081778e+01
3.564335273337999865e+01
3.719722209016121894e+01
4.283589629924720460e-12
3.796189805958476993e-01
3.934602524641718446e+01
3.979406438224010856e+01
3.514331422740806943e+01
2.718269796062056098e+00
3.792823711366768435e+01
3.587729176408031151e+01
3.353360080538683263e+01
4.030395880534680231e+01
3.419571075775886726e+01
2.180725638345128203e+01
4.204690550611118294e-12
3.749818321348384131e+01
3.946888343326577342e+01
3.640728193406912538e+01
3.178797605735140053e+01
3.488557750559358084e+01
3.851150580172678417e+01
3.698869480336819748e+01
2.220446049250313081e-16
3.900998969945793249e+01
3.950035642613507747e+01
3.682413275071565550e+01
3.923786709493789004e+01
3.740627000828478543e+01
2.273835968702526245e+01
3.771712095028568967e+01
3.234450994501818144e+01
3.690409453464913270e+01
3.827564674094118402e+01
3.808222106291283637e+01
3.695012180265923263e+01
3.722395563403721042e+01
4.057245364354912454e+01
3.736108182153252244e+01
3.737399948110332559e+01
3.645192143843180332e+01
1.669791070709847379e-03
3.677325026866336799e+01
3.966354218870589676e+01
3.747772949394585851e+01
4.113373204157942098e+01
4.061695037016044552e+01
3.798943221177636786e+01
3.728580717913040132e+01
3.768119242034637750e+01
3.747141488388176356e+01
2.828339313606847227e+01
3.942366347976078345e+01
4.111362230602402690e+01
4.068525328598627055e+01
6.467099441609447386e-01
2.678029051339480304e+01
3.983209721484210775e+01
3.820108420954716877e+01
3.835899894665132592e+01
3.751383533428124650e+01
3.608569206296302667e+01
3.586671218301032127e+01
3.931804193171731754e+01
3.039757920151902582e+01
4.014123993021777892e+01
2.635615269833602525e+01
3.882033696749375906e+01
3.009648328309937426e+01
3.782036993100862077e+01
2.995132350427883290e-11
3.793275962022893566e+01
3.886836018866556941e+01
3.645492852703834785e+01
3.489139300563259383e+01
3.758466525870109365e+01
3.764036407771295245e+01
3.766465709879052781e+01
4.034223527582181390e+01
4.120239249983409024e+01
3.965295778724537712e+01
3.859694520359025915e+01
3.509287177858085727e+01
3.686076542305985981e+01
3.725067113630432658e+01
3.629452805214516076e+01
3.193372699293421846e+01
3.911100702783635796e+01
3.988510283178614202e+01
3.633007398599890792e+01
3.716662648799091784e+01
4.004474497601377436e+01
4.163677712772360451e+01
2.449000075924248776e+01
3.410904500592862831e+01
3.721302743674890934e+01
3.743413143363228102e+01
3.705568351690293838e+01
5.127603347446846316e-01
3.822743777578597957e+01
3.912575644422837939e+01
1.486848905031900639e-15
3.623656589361203118e+01
3.570082423366471858e+01
3.725343444469035603e+01
3.604550896753678302e+01
3.710402597582956474e+01
3.805275282735530595e+01
3.390516913720459513e+01
3.414832966525714397e+01
3.662102788216424898e+01
4.054667634125683406e+01
2.039332691158979927e+01
3.830737102494585855e+01
3.679148383174236159e+01
7.945634097104344593e-14
3.731327145982395166e+01
3.793287960848332574e+01
3.826369744361448255e+01
3.799830315660512525e+01
1.877833493702297929e+01
4.032655106547279189e+01
3.714246202396777363e+01
3.894833647415014610e+01
3.960819721588186582e+01
3.955389480514489975e+01
3.998519582131671513e+01
3.816516090346203072e+01
3.885223540414180121e+01
3.906090412857592042e+01
3.877846893509332982e-01
3.883549481934610981e+01
3.983397915584778559e+01
3.821487574532648779e+01
3.971879349610100007e+01
3.904199127598511865e+01
4.058838212805250123e+01
3.862105303828928982e+01
3.993834382421206897e+01
