2.220446049250313081e-16
2.220446049250313081e-16
2.220446049250313081e-16
2.220446049250313081e-16
2.220446049250313081e-16
2.220446049250313081e-16
2.220446049250313081e-16
2.220446049250313081e-16
2.220446049250313081e-16
1.639423528424585291e-15
2.220446049250313081e-16
2.220446049250313081e-16
2.220446049250313081e-16
2.220446049250313081e-16
2.220446049250313081e-16
2.220446049250313081e-16
2.220446049250313081e-16
2.220446049250313081e-16
2.220446049250313081e-16
2.220446049250313081e-16
1.606763682122933391e-15
1.450921659993028259e-15
2.220446049250313081e-16
2.220446049250313081e-16
1.628926887234462116e-15
2.220446049250313081e-16
2.220446049250313081e-16
2.220446049250313081e-16
2.220446049250313081e-16
2.220446049250313081e-16
2.220446049250313081e-16
2.220446049250313081e-16
2.220446049250313081e-16
2.220446049250313081e-16
2.220446049250313081e-16
1.175088015375696872e-14
2.220446049250313081e-16
2.220446049250313081e-16
2.220446049250313081e-16
2.220446049250313081e-16
2.220446049250313081e-16
2.220446049250313081e-16
2.220446049250313081e-16
2.220446049250313081e-16
2.220446049250313081e-16
2.220446049250313081e-16
2.220446049250313081e-16
2.220446049250313081e-16
2.220446049250313081e-16
2.220446049250313081e-16
2.220446049250313081e-16
1.537655225220516496e-15
2.220446049250313081e-16
2.220446049250313081e-16
2.220446049250313081e-16
2.220446049250313081e-16
2.220446049250313081e-16
2.220446049250313081e-16
2.220446049250313081e-16
2.220446049250313081e-16
2.220446049250313081e-16
2.220446049250313081e-16
2.220446049250313081e-16
2.220446049250313081e-16
2.220446049250313081e-16
2.220446049250313081e-16
1.643210221351502626e-15
2.220446049250313081e-16
2.220446049250313081e-16
2.220446049250313081e-16
2.220446049250313081e-16
2.220446049250313081e-16
2.220446049250313081e-16
2.220446049250313081e-16
2.220446049250313081e-16
2.220446049250313081e-16
2.220446049250313081e-16
2.220446049250313081e-16
2.220446049250313081e-16
2.220446049250313081e-16
2.220446049250313081e-16
2.220446049250313081e-16
2.220446049250313081e-16
2.220446049250313081e-16
2.220446049250313081e-16
1.624834812192304941e-15
2.220446049250313081e-16
1.598194314600035742e-15
2.220446049250313081e-16
2.220446049250313081e-16
2.220446049250313081e-16
2.220446049250313081e-16
2.220446049250313081e-16
2.220446049250313081e-16
2.220446049250313081e-16
2.220446049250313081e-16
2.220446049250313081e-16
1.196326292284736951e-14
2.220446049250313081e-16
2.220446049250313081e-16
2.220446049250313081e-16
2.220446049250313081e-16
2.220446049250313081e-16
2.220446049250313081e-16
2.220446049250313081e-16
2.220446049250313081e-16
1.553336718782699381e-15
2.220446049250313081e-16
2.220446049250313081e-16
2.220446049250313081e-16
2.220446049250313081e-16
2.220446049250313081e-16
1.598693091141093005e-15
2.220446049250313081e-16
2.220446049250313081e-16
2.220446049250313081e-16
2.220446049250313081e-16
2.220446049250313081e-16
2.220446049250313081e-16
2.220446049250313081e-16
2.220446049250313081e-16
2.220446049250313081e-16
2.220446049250313081e-16
2.220446049250313081e-16
2.220446049250313081e-16
2.220446049250313081e-16
2.220446049250313081e-16
2.220446049250313081e-16
2.220446049250313081e-16
2.220446049250313081e-16
2.220446049250313081e-16
2.220446049250313081e-16
2.220446049250313081e-16
2.220446049250313081e-16
2.220446049250313081e-16
2.220446049250313081e-16
2.220446049250313081e-16
2.220446049250313081e-16
2.220446049250313081e-16
2.220446049250313081e-16
1.557873447569652060e-15
2.220446049250313081e-16
2.220446049250313081e-16
2.220446049250313081e-16
2.220446049250313081e-16
2.220446049250313081e-16
2.220446049250313081e-16
2.220446049250313081e-16
2.220446049250313081e-16
2.220446049250313081e-16
2.220446049250313081e-16
2.220446049250313081e-16
2.220446049250313081e-16
1.624571649473351123e-15
2.220446049250313081e-16
1.198448153085777181e-14
2.220446049250313081e-16
2.220446049250313081e-16
2.220446049250313081e-16
2.220446049250313081e-16
2.220446049250313081e-16
1.639650152008427146e-15
1.644983280909059800e-15
2.220446049250313081e-16
2.220446049250313081e-16
2.220446049250313081e-16
2.220446049250313081e-16
1.543915314026168080e-15
2.220446049250313081e-16
1.542331147782891189e-15
2.220446049250313081e-16
2.220446049250313081e-16
2.220446049250313081e-16
2.220446049250313081e-16
2.220446049250313081e-16
2.220446049250313081e-16
2.220446049250313081e-16
1.508950504662238853e-15
1.518636229053537948e-15
2.220446049250313081e-16
1.463178008136887253e-15
2.220446049250313081e-16
2.220446049250313081e-16
2.220446049250313081e-16
2.220446049250313081e-16
2.220446049250313081e-16
2.220446049250313081e-16
2.220446049250313081e-16
2.220446049250313081e-16
2.220446049250313081e-16
2.220446049250313081e-16
2.220446049250313081e-16
2.220446049250313081e-16
1.610273993086469671e-15
2.220446049250313081e-16
2.220446049250313081e-16
1.548180467991257369e-15
1.198777792139127187e-14
2.220446049250313081e-16
2.220446049250313081e-16
2.220446049250313081e-16
2.220446049250313081e-16
2.220446049250313081e-16
2.220446049250313081e-16
2.220446049250313081e-16
2.220446049250313081e-16
2.220446049250313081e-16
2.220446049250313081e-16
2.220446049250313081e-16
1.163413096794463810e-14
1.638799843766055838e-15
2.220446049250313081e-16
2.220446049250313081e-16
2.220446049250313081e-16
2.220446049250313081e-16
2.220446049250313081e-16
2.220446049250313081e-16
2.220446049250313081e-16
2.220446049250313081e-16
2.220446049250313081e-16
2.220446049250313081e-16
2.220446049250313081e-16
1.147769346333421125e-14
2.220446049250313081e-16
4.585329372171806330e-12
1.643548367346812039e-15
1.595409811381086850e-15
2.220446049250313081e-16
6.298412892755390511e-13
2.220446049250313081e-16
2.220446049250313081e-16
1.556504937351140614e-15
1.642640549933443119e-15
2.220446049250313081e-16
2.220446049250313081e-16
2.220446049250313081e-16
1.463178008136433067e-15
2.220446049250313081e-16
2.220446049250313081e-16
2.220446049250313081e-16
2.220446049250313081e-16
1.624590725795979492e-15
2.220446049250313081e-16
1.604848105074403371e-15
2.220446049250313081e-16
1.620299579848018844e-15
1.133065188672177815e-14
2.220446049250313081e-16
2.220446049250313081e-16
1.611622699169995712e-15
2.220446049250313081e-16
2.220446049250313081e-16
2.220446049250313081e-16
2.220446049250313081e-16
2.220446049250313081e-16
2.220446049250313081e-16
2.220446049250313081e-16
2.220446049250313081e-16
2.220446049250313081e-16
1.637263971242788805e-15
1.182302351687938965e-14
1.159829102306888427e-14
2.220446049250313081e-16
1.627307870178594953e-15
1.620463094774791790e-15
2.220446049250313081e-16
2.220446049250313081e-16
2.220446049250313081e-16
1.177761054285317657e-14
2.220446049250313081e-16
2.220446049250313081e-16
1.615512474850680310e-15
1.629243345493529736e-15
7.990103296349660629e-14
2.220446049250313081e-16
2.220446049250313081e-16
1.632212864834545919e-15
2.220446049250313081e-16
2.220446049250313081e-16
2.220446049250313081e-16
2.220446049250313081e-16
2.220446049250313081e-16
2.220446049250313081e-16
8.351255708981251070e-14
1.450921659993028259e-15
2.220446049250313081e-16
8.478204565747225652e-14
2.220446049250313081e-16
2.220446049250313081e-16
2.220446049250313081e-16
1.171809131230145517e-14
2.220446049250313081e-16
1.146405522973441226e-14
1.632751321482337004e-15
1.550968600784817097e-15
2.220446049250313081e-16
2.220446049250313081e-16
1.189717358678608064e-14
2.220446049250313081e-16
2.220446049250313081e-16
2.220446049250313081e-16
1.636340513201173678e-15
2.220446049250313081e-16
2.220446049250313081e-16
3.381569414963448638e-11
2.220446049250313081e-16
1.564914756934188286e-15
2.220446049250313081e-16
2.220446049250313081e-16
1.190888779454088506e-14
2.220446049250313081e-16
1.548753983680017432e-15
1.252642455686052811e-08
1.622302875600541494e-15
6.355033940798638242e-13
1.180701675643518619e-14
1.138541014254732547e-14
1.183902895294725337e-14
8.338515217900673942e-14
8.667539010672969949e-14
1.620783811316834845e-15
1.171212425516559917e-14
2.220446049250313081e-16
2.220446049250313081e-16
2.220446049250313081e-16
2.220446049250313081e-16
1.137235564799178265e-14
1.174882656456409546e-14
1.625091989598248112e-15
2.220446049250313081e-16
2.220446049250313081e-16
1.210956448841790265e-14
3.246535585495761465e-11
2.220446049250313081e-16
2.220446049250313081e-16
1.618457608307640046e-15
1.139675632968731693e-14
2.220446049250313081e-16
2.220446049250313081e-16
6.409791432312831073e-13
2.220446049250313081e-16
2.220446049250313081e-16
2.220446049250313081e-16
2.220446049250313081e-16
2.220446049250313081e-16
1.607436940239881659e-15
1.619904121558743002e-15
1.169505760604686023e-14
2.220446049250313081e-16
2.220446049250313081e-16
1.641774364891736981e-15
2.220446049250313081e-16
2.220446049250313081e-16
6.157961356168925921e-13
8.608617736951743269e-14
2.220446049250313081e-16
2.220446049250313081e-16
2.220446049250313081e-16
4.503610435372966732e-12
1.595775857112440353e-15
1.574345178128768205e-15
4.571232697891209702e-12
2.220446049250313081e-16
6.252500648737539255e-13
2.220446049250313081e-16
1.579019747426117077e-15
2.220446049250313081e-16
7.886242969063084960e-14
1.531131552397199206e-15
1.590491034462532249e-15
8.702846245302343887e-14
2.220446049250313081e-16
2.220446049250313081e-16
2.220446049250313081e-16
4.532424649332490334e-12
2.220446049250313081e-16
5.941526893691988560e-13
1.641334645734664525e-15
2.220446049250313081e-16
1.547833370761785950e-15
1.574359021368999062e-15
1.498143102827879343e-15
2.220446049250313081e-16
2.415985584717519400e-10
2.220446049250313081e-16
7.781792626756265903e-14
1.819605064786657427e-09
1.621039575192178040e-15
2.220446049250313081e-16
2.220446049250313081e-16
6.233839248270639780e-13
2.220446049250313081e-16
8.390494894562362825e-14
8.390042283431623249e-14
4.629883249374087532e-12
6.023374399409196876e-13
2.220446049250313081e-16
4.636277407922724017e-12
8.794265373874917645e-14
2.220446049250313081e-16
1.181895779759536921e-14
3.679463283729295190e-05
2.220446049250313081e-16
8.478934076674439116e-14
3.436612074440953680e-11
2.401809804257924755e-10
1.166279298929066395e-14
2.220446049250313081e-16
2.220446049250313081e-16
3.285999219493996057e-11
6.384631343171811228e-07
8.029514227643565485e-14
1.491323930781154943e-15
2.220446049250313081e-16
2.220446049250313081e-16
2.220446049250313081e-16
2.220446049250313081e-16
2.220446049250313081e-16
1.646160166191528920e-15
1.168955138938279419e-14
2.220446049250313081e-16
2.220446049250313081e-16
1.562969005951588134e-15
5.195503531291602827e-13
2.220446049250313081e-16
1.364388912110104518e-02
1.542659930510987923e-15
2.220446049250313081e-16
2.220446049250313081e-16
3.152660260926105281e-11
2.366926906522032469e-10
8.010453149644540753e-14
1.531888289432074424e-15
2.220446049250313081e-16
6.029001057760534249e-13
8.306692020126791919e-14
3.663252075567734778e+01
4.420815138452014767e-12
5.920906416084978773e-13
2.220446049250313081e-16
1.400674984739259769e-02
7.502563693358065684e-14
2.220446049250313081e-16
2.220446049250313081e-16
6.749028316979126786e-07
6.866504542641528132e-07
5.029672222497280023e-13
2.419428013862616046e-10
1.246244728216043528e-08
2.220446049250313081e-16
2.220446049250313081e-16
4.759646823130845258e-12
2.220446049250313081e-16
3.716104883101613369e-05
8.652486164510528896e-14
1.194090071470664817e-14
4.409799999093658901e-12
7.445266793072682354e-01
2.220446049250313081e-16
2.417973102844941855e-10
1.610892502096709037e-15
1.532439561209868071e-15
7.216925226044287323e-01
1.584172223620049619e-15
2.227265354845708420e-10
3.279166519166942105e-11
1.598012366466043833e-15
4.986492536642567055e-13
1.518343923796455447e-15
2.220446049250313081e-16
1.638049602032274248e-15
1.566078695299257104e-09
1.095948573931663435e-14
8.873485752789666555e-08
1.646056201803992424e-15
6.578095654180384947e-13
3.638709855888698600e-05
1.182614357806819665e-14
2.220446049250313081e-16
6.365128613810509320e-13
2.220446049250313081e-16
8.744001191626198766e-14
1.171214837577529754e-14
3.301769096708021274e-11
1.171716352821975139e-14
6.093611013323364092e-13
6.409197430259266762e-13
1.120487210585770617e-14
8.988265314297893333e-08
9.561053854505790615e-08
1.115988471669241997e-14
2.430605053175937855e-10
4.021572576351256600e+01
1.556957334650394446e-15
7.704503920466293221e-14
1.487661126128911028e-15
2.446902229884949007e-04
3.983450975911697611e+01
3.540264247736520450e-05
1.250270591281703297e-08
2.612120123270197003e-04
2.443420292909490009e-10
2.220446049250313081e-16
1.947507075241775281e-03
2.220446049250313081e-16
2.241142466878317736e-10
1.771837704256771568e-09
2.204055363991623115e-10
8.513550661446611730e-14
6.690896992547782837e-07
7.294262620101336081e-01
2.220446049250313081e-16
1.612162016039876034e-15
7.080411216106663463e-01
1.997144958309579244e-10
7.669655169059500142e-14
1.002030371661514622e-14
2.753210860990137985e-04
1.378935139823432403e-02
5.044870013837680396e-13
6.256418041023027487e-07
6.147773491476141245e-13
1.157969681785909203e-14
4.016433667331708079e+01
3.959867937873123367e+01
1.050412989436466225e-14
2.220446049250313081e-16
1.207589029043690492e-14
6.549659369049843200e-14
1.063331065452206142e-14
2.220446049250313081e-16
1.193474699431830755e-08
4.526547303378668477e-12
7.362514092837058044e-01
2.220446049250313081e-16
2.346061406139449789e-10
1.192185462537512170e-14
3.916348803963536085e+01
1.503004998191610582e-15
1.481728856473185467e-02
1.633055776264602926e-15
3.989684112215145007e+01
2.220446049250313081e-16
5.963245163030631410e-13
1.592844466588642455e-15
9.406404230933191386e-08
5.310204231485599280e+00
8.791122205645288884e-14
1.401015083291472056e-02
3.669773131554270407e+01
4.686792752074582660e-06
1.547894327310571623e-15
6.957134903977482132e-01
3.171886148142515535e-11
3.894553716681501498e+01
1.183361125127040999e-14
1.531110860649559299e-15
8.535868319666735836e-14
1.870654985073850205e-03
5.015628330824237757e+00
3.993461506634774594e+01
3.671668107402987147e+01
4.014896044535893083e+01
3.598809392109406861e-05
5.104379928034730708e-06
5.558364226582239276e+00
5.616636827451007414e-13
8.354949707747822333e-14
7.462531625099618202e-14
1.574298840855903210e-15
5.255089609622792146e+00
3.786477505549606093e+01
3.979506088062269242e+01
3.743258533799031795e+01
1.600124535124449146e-15
4.753905282191398763e-06
3.705223293418755759e+01
1.577804223466933188e-15
8.030233767115182491e-14
1.044204533191654407e-14
5.968475589391664224e-13
5.079477819222359969e+00
1.072948885034177492e-14
1.812006603716891397e-09
1.118296976941849111e-08
2.325588160181953762e-04
1.052980288692924879e-15
6.959365240684602870e-07
5.118421794923001755e+00
5.369885716400890630e+00
7.486376166669115317e-01
9.938679061461387632e-02
2.487965953737479368e-04
2.220446049250313081e-16
4.002971471814907289e+01
2.442765989732495024e-04
3.882048939592078085e+01
2.220446049250313081e-16
3.302018112641741165e-05
5.575663098079130187e+00
1.369522800263872379e-09
3.901155198321820450e+01
3.601942971463600765e-05
1.535454887351110235e-15
3.755958831371388840e+01
2.220446049250313081e-16
1.519797119310374336e-15
8.916238499477335168e-08
1.054993752712942573e-01
6.030058997923489173e-13
3.957268575161177182e+01
3.734573354821302951e-06
5.531739544165292344e+00
3.248841461321546237e-05
1.693468016663550885e-09
9.281232979746147083e-02
3.810593859876344425e+01
2.432706122111441537e-10
4.347573725713083976e-06
3.756233295372846470e+01
1.079212327506128971e-01
3.449107326855142863e-12
2.599303733264646450e-04
3.898139087579039597e+01
5.132098660114716715e+00
1.882986811569800851e-03
5.155741707644413196e+00
1.943243919761981518e-03
1.651508184156344532e-09
3.664219327321603004e+01
2.470349979212400645e-11
6.780145633381180856e-07
1.018173299563470829e-01
3.786342102408683985e+01
3.903483193994082256e+01
8.568989237263427837e-08
3.708800503727356812e+01
6.164347075600366123e-13
2.123568416113834532e-05
3.905504282181231446e+01
3.582961598267117154e+01
3.727318155746302608e+01
9.405149763846946975e-08
1.869603365079812798e-03
2.452630082445792314e-10
6.714332425094001407e-07
7.644516535888100650e-01
4.790600686039011456e-06
3.897067553927080041e+01
3.640466759693958920e+01
4.027012936178247315e+01
1.322224071459174657e-02
3.242991281162782600e-11
3.891439883638788189e+01
5.319612570803453622e+00
8.722071907455347661e-02
3.772011362181019223e+01
2.220446049250313081e-16
5.084712621209843242e+00
3.860285711856974444e+01
3.760342680840462748e+01
1.906737849095009509e-03
3.835473792876194921e+01
3.317266273894413331e+01
1.675690069591889282e-09
3.940852192409291632e+01
2.428754756461430342e-10
3.852411978270404802e+01
3.070575849019627768e+01
3.762296889668350985e+01
3.746239539731720214e+01
1.110445750743821547e-14
9.881915324235968079e-02
3.982390984660637656e+01
1.424373983019374540e-02
3.744796436624339719e+01
6.152858749343220798e-13
3.932766583745618050e+01
5.047329107776918699e-06
3.847471089755963902e+01
2.801979479717498460e-05
2.220446049250313081e-16
9.978305423833822019e-02
3.859455571456198442e+01
3.882767441130104658e+01
9.874337763906862464e-02
3.321038312836294892e+01
1.488753906253451532e-15
4.612772391816022155e-12
2.675703759515925988e-05
7.438307142753424021e-14
1.219486223811157104e-14
2.791615914799754350e+01
1.416046024384173471e-02
4.559062306899308581e+00
3.836141328488069036e+01
1.442435527042787956e-02
5.026247217589847188e-02
3.420745274451844653e-12
3.868411260512050376e+01
1.349821337650543469e-02
9.370178946083052018e-02
3.727499956573395679e+01
3.989929515831933315e+01
7.359554151180260906e-01
4.043320768185015623e+01
3.961234705997861738e+01
4.969481807606613621e+00
2.298602427895442091e+01
7.022326819159475411e-07
7.256912585154959849e-01
2.499599375204122247e-04
1.212457547521856193e-08
3.951486569223067846e+01
3.827890101101743170e+01
3.992350755334211243e+01
2.220446049250313081e-16
6.009487563935718446e-13
1.313465475480474903e-02
3.515479652749595374e+01
3.121288435700514624e-05
5.492630849622238465e+00
3.994894951689412466e+01
3.867010740574612981e+01
3.617858786598287679e+01
3.763176962266280157e+01
3.398008791174401466e+01
3.750198684867029186e+01
3.961082376486984913e+01
2.589641893227850248e-04
1.903889364305367529e-03
3.615477522778098063e+01
1.643483890252736304e-09
3.975987518501815998e+01
1.049050964159910409e-14
3.912873699948431749e+01
3.137354375871112921e+01
3.063749761837209817e+01
3.521806138291242405e+01
5.253514649560112382e+00
3.719076410770730234e+01
4.064706820971275647e+01
2.220446049250313081e-16
3.299985925827691347e+01
7.052758112028564213e-07
3.694138684811148465e+01
3.708949447473507632e+01
3.761111626433536514e+01
3.867452596459837366e+01
3.757575230918395448e+01
2.536661578775282525e-11
2.220446049250313081e-16
3.854083292840426367e+01
3.988938113729629720e+01
3.921004587296610566e+01
3.939371022521495291e+01
6.714894365398309528e-01
3.694270160955268523e+01
3.802466615326822108e+01
2.220446049250313081e-16
2.817833897071568927e+01
3.672974540782551145e+01
7.029002946291427988e-14
1.457555512693903373e-15
3.494505792520396881e+01
3.250219044210984265e+01
4.177667758741493742e+01
1.197695805088969286e-02
8.551487856248101916e-08
2.763125349355854965e+01
3.980510594454932516e+01
4.064849938662681694e+01
3.925764616256169859e+01
6.281779304340562309e-02
3.655555286466337606e+01
3.996595903768869817e+01
3.529884538979482899e-12
3.991434283669649119e+01
3.597139397798356697e+01
1.827583014741733714e-05
2.440868795925507802e-04
3.876168907970881605e+01
3.925990039946127297e+01
3.016740921491413888e-11
3.643309979396272524e+01
3.852779732090824183e+01
4.790582645739196010e+00
6.580632555344383705e-13
1.523250800728158951e-15
3.917565637378366006e+01
3.535882565043205972e+01
3.659373843000154380e+01
3.902471457912292152e+01
3.908910217633192019e+01
3.699031639626668522e+01
4.201732744200742786e+01
5.018781207647167619e+00
3.942636455149558827e+01
2.220446049250313081e-16
3.900266908503148500e+01
3.906331280815053475e+01
3.907844474810701030e+01
5.333970973053352438e+00
3.291453116633770826e-11
3.980808331672943012e+01
2.866454679238473346e+01
3.408151728719757045e+01
2.031222485720770976e+01
3.573676864601237213e+01
3.463250159398688055e+01
3.201567024474807255e+01
3.658283643289733789e+01
3.527824676058961728e+01
2.220446049250313081e-16
3.925887904747498425e+01
3.974662090173673334e+01
3.837168433345091501e+01
3.647906983211673548e+01
4.061171628255781485e+01
5.042491375838923595e+00
3.752858569803429845e+01
3.737267880142667309e+01
3.771458192192257286e+01
3.917610922573255294e+01
3.825834630300010986e+01
4.056831425066506114e+01
3.754672300455904121e+01
3.612505243039753111e+01
1.418357176741183890e-04
3.713427514397340445e+01
3.944357575576006525e+01
3.959575679331820908e+01
3.887811595024133027e+01
3.510279961212052058e+01
3.528939086869777952e+01
3.935767598898888764e+01
3.714182007871236380e+01
3.152466036433424534e+01
4.000779453066888891e+01
3.895253502338577078e+01
3.686387700452868188e+01
3.981373126137242480e+01
3.781445568362675402e+01
3.968284707209391371e+01
3.954459472854610169e+01
3.823181618173348539e+01
3.956296629793092023e+01
3.685350454277033094e+01
3.585446570850217540e+01
4.015513455604586568e+01
3.890718273120155857e+01
3.919327971834252367e+01
3.710424202589578613e+01
3.787245756454979784e+01
3.967979915772308175e+01
3.903471836521850236e+01
3.908297152704280819e+01
3.177166349427623659e-01
3.758639269934216998e+01
3.954762172627085448e+01
3.925378416601951415e+01
7.396105231765780219e-03
4.067489381698791107e+01
3.860076615554373092e+01
2.545505982539172507e+01
3.929176673857090663e+01
4.047057757674989631e+01
3.976249013281049827e+01
3.958110523438850947e+01
3.894552453561991712e+01
3.806319222446973782e+01
3.720815156706034088e+01
3.624426447801545237e+01
4.113144940013656736e+01
4.048444772703074079e+01
4.040441247941769376e+01
3.808067944018322493e+01
3.679141968595052958e+01
3.130756259386025775e+01
3.807326639559133952e+01
3.457363161736360269e+01
3.946954843899449372e+01
3.110462787642545734e+01
2.975078552878894581e-05
9.917439577658050415e-04
9.601295837228175818e-04
3.922870635816548912e+01
3.648737082562066275e-05
3.723785397066448155e+01
3.625213789536586262e+01
3.816487211761202047e+01
3.551421082229369830e+01
3.846624271227285874e+01
3.793056229512771438e+01
4.017254943840175940e+01
3.815049354629488221e+01
3.388995255666871742e+01
3.693284203478953032e+01
3.853665584342419237e+01
3.358798476817150913e+01
3.933796019786919373e+01
3.808167845360942749e+01
3.730400748894761165e+01
1.631065751848921217e-15
3.638416733932798053e+01
3.707696842272378035e+01
3.811096047144756227e+01
3.977685298788230739e+01
3.978326454115314448e+01
3.664369606559980497e+01
3.596691043330793036e+01
3.628605259307551734e+01
3.737110763123928336e+01
3.893480634902244475e+01
3.650736501832295744e+01
3.794564741919181472e+01
2.256890185519821301e+01
3.835004790474610559e+01
3.750800181764438435e+01
3.456890451672750686e+01
3.868292919513749695e+01
3.867630636996502602e+01
4.147748369173085337e+01
3.910077980346892446e+01
4.018967614708729741e+01
3.752903213493399193e+01
3.901034793299623260e+01
3.929193043250471362e+01
3.518332097562753091e+01
4.037130705741412129e+01
3.951282526203760170e+01
4.029369573798135917e+01
3.849617974025927936e+01
3.979741683494556526e+01
3.744532115615670165e+01
3.647144188262748798e+01
3.662357474540236524e+01
3.905749462736189770e+01
3.903083685315838380e+01
4.009738577495267009e+01
3.910520114734614339e+01
3.624398514480410682e+01
1.957306566794943592e+01
3.833248375215877957e+01
3.891901303546053015e+01
3.618289601154602053e+01
3.795183310404046040e+01
3.907642187729182837e+01
3.898287813686025771e+01
3.977466717342936420e+01
3.871350473101485079e+01
3.262387078253070172e+01
3.913816835712226094e+01
3.863836931478037684e+01
3.662704323765502323e+01
3.797443200341916736e+01
3.954946259213506465e+01
4.073865343523053184e+01
1.407211605118137844e-04
3.663557690702530323e+01
3.764080344059676975e+01
3.807177558135144579e+01
3.960931763601885791e+01
3.869740099212115325e+01
4.084038436338713751e+01
3.607093665146516770e+01
3.654527064409971615e+01
3.746270576930109542e+01
3.674930075508467696e-12
1.463175766197913897e-15
3.985655436915136818e+01
3.785009824657830535e+01
3.984691339150087686e+01
3.901157598881439981e+01
4.306695878550445400e+01
1.782219442484013783e+01
3.814453521919316614e+01
4.005333026692963472e+01
3.050050173836267575e+01
3.580075617057489268e+01
3.977670860611012671e+01
3.672071136001036251e+01
3.854561998587305993e+01
3.713595932110674624e+01
3.281612564517843111e+01
3.962438091233520510e+01
3.830532921988852735e+01
4.003602299457678981e+01
2.945483373530537818e+01
4.025052101892006817e+01
3.856646589005232073e+01
2.128892724400056391e+00
4.027479649637866288e+01
4.053708522976929629e+01
3.385376651433053041e+01
4.277766105007011532e+01
4.161317759548248318e+01
3.149937810884645017e+01
3.861309645549557956e+01
2.181278231904693143e+01
4.138327379915953230e+01
