2.220446049250313081e-16
2.220446049250313081e-16
2.220446049250313081e-16
2.220446049250313081e-16
2.220446049250313081e-16
2.220446049250313081e-16
2.220446049250313081e-16
2.220446049250313081e-16
2.220446049250313081e-16
2.220446049250313081e-16
2.220446049250313081e-16
2.220446049250313081e-16
2.220446049250313081e-16
2.220446049250313081e-16
2.220446049250313081e-16
2.220446049250313081e-16
2.220446049250313081e-16
1.600628472513325061e-15
2.220446049250313081e-16
2.220446049250313081e-16
2.220446049250313081e-16
2.220446049250313081e-16
2.220446049250313081e-16
2.220446049250313081e-16
2.220446049250313081e-16
2.220446049250313081e-16
2.220446049250313081e-16
2.220446049250313081e-16
2.220446049250313081e-16
2.220446049250313081e-16
2.220446049250313081e-16
2.220446049250313081e-16
2.220446049250313081e-16
2.220446049250313081e-16
2.220446049250313081e-16
2.220446049250313081e-16
2.220446049250313081e-16
2.220446049250313081e-16
2.220446049250313081e-16
2.220446049250313081e-16
2.220446049250313081e-16
2.220446049250313081e-16
2.220446049250313081e-16
2.220446049250313081e-16
2.220446049250313081e-16
2.220446049250313081e-16
2.220446049250313081e-16
2.220446049250313081e-16
2.220446049250313081e-16
2.220446049250313081e-16
2.220446049250313081e-16
2.220446049250313081e-16
2.220446049250313081e-16
2.220446049250313081e-16
2.220446049250313081e-16
2.220446049250313081e-16
2.220446049250313081e-16
2.220446049250313081e-16
2.220446049250313081e-16
2.220446049250313081e-16
2.220446049250313081e-16
1.508950505989503440e-15
2.220446049250313081e-16
2.220446049250313081e-16
2.220446049250313081e-16
2.220446049250313081e-16
2.220446049250313081e-16
2.220446049250313081e-16
2.220446049250313081e-16
2.220446049250313081e-16
2.220446049250313081e-16
2.220446049250313081e-16
2.220446049250313081e-16
2.220446049250313081e-16
1.488950956296423963e-15
2.220446049250313081e-16
2.220446049250313081e-16
2.220446049250313081e-16
2.220446049250313081e-16
2.220446049250313081e-16
2.220446049250313081e-16
2.220446049250313081e-16
2.220446049250313081e-16
1.606627751729589612e-15
2.220446049250313081e-16
2.220446049250313081e-16
2.220446049250313081e-16
2.220446049250313081e-16
2.220446049250313081e-16
2.220446049250313081e-16
2.220446049250313081e-16
2.220446049250313081e-16
2.220446049250313081e-16
2.220446049250313081e-16
2.220446049250313081e-16
2.220446049250313081e-16
2.220446049250313081e-16
2.220446049250313081e-16
2.220446049250313081e-16
2.220446049250313081e-16
2.220446049250313081e-16
2.220446049250313081e-16
2.220446049250313081e-16
2.220446049250313081e-16
2.220446049250313081e-16
2.220446049250313081e-16
2.220446049250313081e-16
2.220446049250313081e-16
1.529763043095869908e-15
2.220446049250313081e-16
2.220446049250313081e-16
2.220446049250313081e-16
2.220446049250313081e-16
2.220446049250313081e-16
2.220446049250313081e-16
2.220446049250313081e-16
2.220446049250313081e-16
2.220446049250313081e-16
2.220446049250313081e-16
2.220446049250313081e-16
9.998501448995414035e-15
2.220446049250313081e-16
2.220446049250313081e-16
1.599672226459028825e-15
2.220446049250313081e-16
2.220446049250313081e-16
2.220446049250313081e-16
1.638736921576532842e-15
2.220446049250313081e-16
2.220446049250313081e-16
2.220446049250313081e-16
2.220446049250313081e-16
2.220446049250313081e-16
2.220446049250313081e-16
2.220446049250313081e-16
2.220446049250313081e-16
2.220446049250313081e-16
2.220446049250313081e-16
2.220446049250313081e-16
2.220446049250313081e-16
1.631023901880397793e-15
2.220446049250313081e-16
2.220446049250313081e-16
2.220446049250313081e-16
2.220446049250313081e-16
2.220446049250313081e-16
2.220446049250313081e-16
2.220446049250313081e-16
2.220446049250313081e-16
1.193019293263429939e-14
2.220446049250313081e-16
2.220446049250313081e-16
1.495997728895552989e-15
2.220446049250313081e-16
2.220446049250313081e-16
2.220446049250313081e-16
2.220446049250313081e-16
2.220446049250313081e-16
1.134253831194607983e-14
2.220446049250313081e-16
2.220446049250313081e-16
2.220446049250313081e-16
1.491323960247543389e-15
2.220446049250313081e-16
2.220446049250313081e-16
2.220446049250313081e-16
2.220446049250313081e-16
2.220446049250313081e-16
2.220446049250313081e-16
1.642468133199390259e-15
2.220446049250313081e-16
2.220446049250313081e-16
2.220446049250313081e-16
2.220446049250313081e-16
2.220446049250313081e-16
2.220446049250313081e-16
1.623167883886685231e-15
2.220446049250313081e-16
2.220446049250313081e-16
2.220446049250313081e-16
2.220446049250313081e-16
2.220446049250313081e-16
2.220446049250313081e-16
1.601253922529788394e-15
2.220446049250313081e-16
2.220446049250313081e-16
2.220446049250313081e-16
1.602627148936845149e-15
2.220446049250313081e-16
2.220446049250313081e-16
2.220446049250313081e-16
1.605941000286038240e-15
2.220446049250313081e-16
2.220446049250313081e-16
2.220446049250313081e-16
2.220446049250313081e-16
2.220446049250313081e-16
2.220446049250313081e-16
2.220446049250313081e-16
2.220446049250313081e-16
2.220446049250313081e-16
2.220446049250313081e-16
2.220446049250313081e-16
2.220446049250313081e-16
8.543981715079282072e-14
2.220446049250313081e-16
2.220446049250313081e-16
2.220446049250313081e-16
2.220446049250313081e-16
2.220446049250313081e-16
1.634363334178552027e-15
2.220446049250313081e-16
2.220446049250313081e-16
1.195860177288274188e-14
2.220446049250313081e-16
2.220446049250313081e-16
2.220446049250313081e-16
2.220446049250313081e-16
1.168725419246811777e-14
2.220446049250313081e-16
2.220446049250313081e-16
2.220446049250313081e-16
2.220446049250313081e-16
2.220446049250313081e-16
2.220446049250313081e-16
2.220446049250313081e-16
1.069127219531588069e-14
2.220446049250313081e-16
2.220446049250313081e-16
2.220446049250313081e-16
2.220446049250313081e-16
2.220446049250313081e-16
2.220446049250313081e-16
2.220446049250313081e-16
2.220446049250313081e-16
2.220446049250313081e-16
2.220446049250313081e-16
8.290299197077297779e-14
2.220446049250313081e-16
1.631700595297309211e-15
2.220446049250313081e-16
2.220446049250313081e-16
2.220446049250313081e-16
1.189430183269676409e-14
2.220446049250313081e-16
2.220446049250313081e-16
2.220446049250313081e-16
2.220446049250313081e-16
1.630025324030648742e-15
2.220446049250313081e-16
2.220446049250313081e-16
2.220446049250313081e-16
1.485998249302516016e-15
2.220446049250313081e-16
1.541254702757620958e-15
1.633230851734620289e-15
2.220446049250313081e-16
1.589881575843814163e-15
2.220446049250313081e-16
1.170370511425542526e-14
2.220446049250313081e-16
2.220446049250313081e-16
2.220446049250313081e-16
2.220446049250313081e-16
2.220446049250313081e-16
1.500163360745388449e-15
2.220446049250313081e-16
2.220446049250313081e-16
2.220446049250313081e-16
8.812026274961956644e-14
2.220446049250313081e-16
2.220446049250313081e-16
1.629867149982718342e-15
6.049550713459139562e-13
1.632870223183578548e-15
2.220446049250313081e-16
2.220446049250313081e-16
8.469441301223600005e-14
8.407806593571932308e-14
1.541510952425647594e-15
1.625357766688641428e-15
2.220446049250313081e-16
2.220446049250313081e-16
8.509512967947974740e-14
8.489185594305993034e-14
2.220446049250313081e-16
2.220446049250313081e-16
1.108962287904328054e-14
2.220446049250313081e-16
2.220446049250313081e-16
2.220446049250313081e-16
2.220446049250313081e-16
2.220446049250313081e-16
1.634849416212453610e-15
2.220446049250313081e-16
1.190320723612133512e-14
1.152198146988111477e-14
1.622999307215223256e-15
1.538178784640754421e-15
2.220446049250313081e-16
2.220446049250313081e-16
1.620900913994489100e-15
2.220446049250313081e-16
2.220446049250313081e-16
1.608491153087156884e-15
1.488440656192247951e-15
2.220446049250313081e-16
1.626206202301396127e-15
1.633799282590278203e-15
1.626556498340523591e-15
1.612038662024557383e-15
2.220446049250313081e-16
1.626805994519700887e-15
1.619407223640061906e-15
6.271219729377100784e-13
4.379593606701449756e-12
2.220446049250313081e-16
2.220446049250313081e-16
2.220446049250313081e-16
1.614322479637458379e-15
1.177652754290156938e-14
2.220446049250313081e-16
2.220446049250313081e-16
2.220446049250313081e-16
1.181526883245690277e-14
1.574861389203844165e-15
1.639569107949617879e-15
2.220446049250313081e-16
2.220446049250313081e-16
1.692273310691095805e-09
1.639299522604734223e-15
2.220446049250313081e-16
2.220446049250313081e-16
1.616935947143334430e-15
2.220446049250313081e-16
6.184573942245869825e-13
2.220446049250313081e-16
8.835371844264436566e-14
2.220446049250313081e-16
1.545767997510297629e-15
8.673145271172769252e-14
2.220446049250313081e-16
1.561422024846978210e-15
2.220446049250313081e-16
2.220446049250313081e-16
1.166638012116822967e-14
1.573995630210844115e-15
2.220446049250313081e-16
2.220446049250313081e-16
2.220446049250313081e-16
1.576666529645343198e-15
2.220446049250313081e-16
2.286288789467568095e-10
1.556491188012749686e-15
2.220446049250313081e-16
1.584515227463676732e-15
2.220446049250313081e-16
2.220446049250313081e-16
7.008514811918250151e-07
1.623224996354807532e-15
1.158179981670709165e-14
6.937824119660682544e-07
1.180761958637831753e-14
1.507193230977818684e-15
1.161801177382564732e-14
2.220446049250313081e-16
2.220446049250313081e-16
2.220446049250313081e-16
1.588633289612840025e-15
2.220446049250313081e-16
1.528344342853470929e-15
2.220446049250313081e-16
2.220446049250313081e-16
5.044955994488540029e-06
2.220446049250313081e-16
2.220446049250313081e-16
1.578043162089069065e-15
1.161778917319447719e-14
2.220446049250313081e-16
1.599462685691268680e-09
1.164699402153730494e-14
8.541430369170935318e-14
1.620101180942654093e-15
1.483079340737720780e-15
1.127976020471091252e-14
1.164013697764765978e-14
2.220446049250313081e-16
1.513400117401283995e-15
8.619145107074838501e-14
2.220446049250313081e-16
8.581533859425080115e-14
1.163204560871781482e-14
1.756077570748961307e-09
6.161937939486914606e-13
1.592623853776188731e-15
9.039235073546358271e-09
3.191075512802221912e-11
8.552296196138867412e-14
6.418668219706625780e-14
2.220446049250313081e-16
3.212341938146465731e-11
2.220446049250313081e-16
1.175978434882937890e-14
1.644025475605116899e-15
2.220446049250313081e-16
1.175776014594961848e-14
9.272159546801933453e-08
6.249341850286108530e-13
1.017828291019115408e-14
1.600779740514912980e-15
1.178769519797356731e-14
2.220446049250313081e-16
1.613092404873140624e-15
6.353626683118795845e-13
2.220446049250313081e-16
8.558406538867260740e-14
6.363354529198077044e-13
6.242042647665752899e-13
1.726538259641183546e-09
2.220446049250313081e-16
1.143151566520297472e-14
1.158884829201439584e-14
2.274891358205087604e-10
8.632339128028189477e-14
7.578425016553663740e-01
2.220446049250313081e-16
1.633327260988415654e-15
1.572506611212509194e-15
1.536037427413325957e-15
1.623777512361723317e-15
1.591488425322001425e-15
9.560679143857080339e-08
1.644491653022421679e-15
1.120080079110934349e-14
3.375327746442137364e-11
3.254764518949594785e-11
6.126102979778419056e-13
2.220446049250313081e-16
6.202805723488534082e-13
4.045447313771049402e-12
1.137469075866385827e-14
1.482508237553335715e-09
8.795846051659690864e-14
5.830242305096276031e-13
9.324619474651318062e-08
4.078885327059404195e-12
2.220446049250313081e-16
1.156563811541369786e-14
2.220446049250313081e-16
1.181721976479823147e-14
8.520909004900538711e-14
3.659134799969205383e-05
1.234080860556650498e-08
1.188063177713061037e-14
1.877121424872332887e-03
2.220446049250313081e-16
5.993301393354762274e-13
2.220446049250313081e-16
1.604345368721716944e-15
2.220446049250313081e-16
6.251657125089639839e-13
1.632429324388859503e-15
2.220446049250313081e-16
2.220446049250313081e-16
3.467665112318591802e-05
3.271573074969146528e-11
1.605318867299019963e-15
2.220446049250313081e-16
5.573858349302767217e-13
3.134240569083593850e-11
2.220446049250313081e-16
9.263911178173490493e-08
2.220446049250313081e-16
1.476283323875582113e-15
4.866415584852256068e-06
1.919458273330921670e-03
5.961509927801112513e-13
5.178967492145224235e-13
2.548788769704184794e-04
2.359698142261163568e-10
1.125130199727240146e-14
2.309272984678734671e-10
7.095644853466476979e-14
5.093205600864651852e-06
1.294787213216016045e-02
1.719206509075125909e-09
9.085252889570426252e-08
1.145024291509108733e-14
1.727559495972994463e-09
1.885550523592019294e-03
2.335290642428401651e-10
1.626935793866700665e-15
2.220446049250313081e-16
2.452944884224524024e-10
1.640038131663675368e-15
2.384391554959671195e-10
1.843324966042906828e-03
1.912066457754615843e-10
2.220446049250313081e-16
6.151832463668122871e-13
6.280977750428095729e-13
1.909972495453738164e-03
2.325875652194941750e-04
3.898527195961594316e+01
2.220446049250313081e-16
1.839977090825852066e-03
1.186582631921457976e-14
7.420172198896793914e-01
7.167609738090934268e-01
1.101517832535320414e-14
1.565664493338410702e-15
2.220446049250313081e-16
1.154743745933879829e-14
1.000895434383026195e-01
6.945729531186582983e-01
1.579644820637354140e-15
1.591558998761970130e-15
4.313085018056694111e-12
1.556007260146445633e-15
3.043256525583755366e-11
5.228228649897890712e+00
1.661168784340763972e-03
5.761370084207231641e-13
6.586467101699045011e-07
2.220446049250313081e-16
5.936749728883663024e-13
1.176253625740574681e-14
1.645468937413359690e-15
3.699337749265269792e+01
5.389912187914307040e+00
5.267641306855492367e+00
4.740555985136344227e-06
8.397218162212130843e-08
3.182926051267430481e-11
3.662075338852638851e+01
2.220446049250313081e-16
4.437218867154255813e-12
3.840585659723576128e+01
5.026673247683531367e-07
2.552845557388924496e-04
4.909002654198771687e+00
6.152673056896303943e-13
5.389488968490608499e-13
6.976633921430441809e-02
1.691763202137928565e-03
2.402304689411363669e-10
2.632061743472878415e-04
1.268165997784526578e-08
3.317047826294163816e-11
3.593891401024940433e-05
4.492914164949380712e-06
1.068330744947256534e-14
3.844426823366006829e+01
2.220446049250313081e-16
3.210821394218053002e-11
1.035037443141486740e-08
3.563776987751943984e-05
7.950567239910182504e-14
1.343730897228912924e-08
3.895505063872490581e+01
3.910983611076189703e+01
1.068469468815425996e-14
6.842024750200908031e-14
2.220446049250313081e-16
1.314652361419972539e-08
3.027778514169234117e-11
1.002436221432123498e-08
7.825449145220546576e-01
1.102025890641319126e-03
2.455277786237890243e-10
2.220446049250313081e-16
7.129286808320256519e-01
6.998773376098750276e-01
8.309217579755394621e-14
4.956002064317193145e+00
2.247448051047670959e-10
3.862835467829217606e+01
2.710267683810928635e-11
1.256143483950935029e-03
1.224643042222176998e-09
3.120632663911951064e-11
1.528341783283216779e-15
7.729736082516445273e-14
9.106000093391780625e-02
4.178523343403663404e+01
7.835798844612369418e-01
7.537924375585576681e-14
1.379064008412233047e-02
3.869736425595836948e+01
9.930507945336969344e-02
2.647444063847469511e-04
4.052101157887254601e+01
1.518883380040881746e-03
5.985679168334353982e-13
2.533080594984587007e-10
7.224995635285879070e-01
4.688674060291277534e+00
7.052206468671373685e-01
3.619557736202452958e+01
4.056249207637065268e+01
3.901326148130827676e+01
4.732126722037658098e-13
3.293357340835231178e-11
3.832032199461559685e+01
1.643866872570510752e-15
3.622727309205536272e+01
1.828424709688050882e-04
1.647391769670430834e-09
4.067737224872013257e+01
1.888598507041458095e-03
8.332262896198404060e-14
1.177728728865508743e-14
3.933192283279900181e+01
9.606940428729970017e-08
1.184809551520417397e-14
1.424214721509869247e-02
5.950106292113696252e-13
3.923604090102721642e+01
2.424735573388490018e-10
4.566942170688668377e-12
4.890833794854167737e-06
7.124015187295085205e-01
1.268569291164814393e-08
1.377728503165720486e-02
1.345864404722937023e-02
3.686331336338979980e+01
3.920815019921833056e+01
7.658219834905372852e-09
5.115081936620345715e+00
2.220446049250313081e-16
5.439522213478018564e+00
1.525322985005848190e-09
5.436862213802410082e+00
7.459305051352698168e-01
2.220446049250313081e-16
3.473496358295954423e+01
1.583117706295408081e-09
6.872869151719938927e-07
7.224048413229870561e-14
5.628421172499408875e+00
1.389652295943628359e-02
1.337520205775535008e-02
7.348579811237506698e-01
3.983617596828271701e+01
4.678346027434678622e-06
5.442176209137997489e+00
3.812658826875573226e+01
3.918088825614439941e+01
1.781645693860379629e-03
2.764801713475663547e+01
1.489956459887155521e-15
4.861504996194531358e+00
2.602274233090000140e-11
3.809039400507442252e+01
4.239967768399398551e+01
4.059844188485207184e+01
2.220446049250313081e-16
5.132964640478392404e+00
3.959684474627522377e+01
3.607174843413490350e+01
3.953886103205956459e+01
3.840102183371293876e+01
4.788358119268511122e-06
3.760816167856183512e+01
4.121010443944714297e+01
2.480033635647054824e-10
6.081770935233216929e-13
1.598361444394746608e-15
3.909965917153700588e+01
7.145528633696333065e-01
5.323885965866845815e-01
3.882536595455943029e+01
3.862864156061901610e+01
3.639200262531310415e+01
3.602805012881353974e+01
6.068740786765047500e-13
2.220446049250313081e-16
2.220446049250313081e-16
3.703073170064463682e+01
1.040252278703905492e-01
3.816829421920526108e-06
1.358735501198225434e-02
7.308745532877983714e-14
3.885986541729774757e+01
4.813989421234431632e+00
4.104958329268396966e+01
4.001375312811652663e+01
3.109725698413787572e-11
3.410022473663387221e-11
3.780931568252434705e-01
3.808946756026492153e+01
4.084305927066414910e+01
3.749372406647466249e+01
3.910803345333497560e+01
1.617693632262101639e-15
3.976143941784041402e+01
4.139855047275403876e+01
6.664144819049149425e-07
3.964653939680760431e+01
8.912447589240784662e-14
6.394952611205809009e-07
4.003499700134313599e+01
3.946598769292628361e+01
3.841730265769447072e+01
3.926203475958581635e+01
3.715275702541210734e+01
4.624777667705512091e-12
5.475662738837130838e+00
1.102703490994322917e-14
3.789581081707750343e+01
1.064117662826628617e-14
1.920818323859301924e-03
3.610253215828489459e+01
3.955102227628763245e+01
2.778789960023073657e+00
4.050518906919404571e+01
3.700755712811272247e+01
7.281043992585070068e-01
7.338287693308774982e-14
4.046502124268141642e+01
3.656116332529516910e+01
1.099365304804125927e-02
6.616454088489671648e-01
5.325445036244243369e+00
4.053624501136549441e+01
3.845118028133241950e+01
3.968790858714164926e+01
3.230860644547666283e+01
9.235549050248445524e-02
3.533595015015087881e+01
3.710193182721540239e+01
1.218055523432497352e-02
4.017230581904368591e+01
3.734096441531084436e-07
1.451840155665440855e-02
3.509254676667170258e+01
3.841748387067504922e+01
7.524759422951240240e-14
3.692983070702803872e+01
3.909459268189866776e+01
6.470751015765318082e-01
3.779276297053412748e+01
3.876603830069525713e+01
3.896098379854987526e-01
3.901191417751425661e+01
3.805262114211266322e+01
3.759386912461143027e+01
3.792668213519306875e+01
3.962485643645669597e+01
7.600026589203110132e-14
3.800624528697925797e+01
3.563091195472028261e+01
4.187947155578257252e+01
3.720205651364105393e+01
3.842284787092172138e+01
3.421393134034658345e+01
5.571461755700394924e+00
4.583957224831640254e+00
2.272536053473479483e-10
1.642378653021366971e-15
4.025957726922197821e+01
2.495316243936921796e-04
3.648571100871869533e+01
3.876065173153757826e+01
1.879187924619805028e-03
3.699558979829625116e+01
3.829174299005875781e+01
3.578807405881518378e+01
3.739261400978934091e+01
3.433302619867648531e+01
4.071940239208762335e+01
3.498292597688008243e+01
5.375451575753582567e+00
4.169957805824221708e+01
5.351613209222302991e+00
3.757787239228338194e+01
3.816773371260450887e+01
3.666854631249165664e+01
3.624381910526028605e+01
3.867630851977558137e+01
3.760653519690704627e+01
6.774514268092523720e-07
2.491437291872926352e+01
3.701809129654434116e+01
4.738453215493374060e+00
4.964772181308475751e+00
3.281554157513062897e+00
3.712576085792561287e+01
3.589745052360843403e+01
4.009226393809891675e+01
4.136601949237797982e+01
3.506598037935754064e+01
4.100687739460693848e+01
3.740776018106169687e+01
3.304792826136217343e+01
3.637650387173499666e+01
3.994733321200977372e+01
3.698317153488013531e+01
1.502240593443674880e-15
3.778393896610856473e+01
3.003701466887183713e+01
3.528421004803238947e+00
3.833406481267470411e+01
4.019688588453514200e+01
3.945972553158129159e+01
3.846855260630114515e+01
1.102495332945107863e-14
3.963397194152953773e+01
3.735790448132647157e+01
1.813826940749155812e-03
3.814087798826775355e+01
1.166104369135745680e-02
3.801908177994362603e+01
3.797693841388741021e+01
4.217139684501408681e+01
1.516520811771675383e-15
2.220446049250313081e-16
3.740023866190113466e+01
3.880305843207491989e+01
3.977120466077703043e+01
3.884947837714155838e+01
3.798910963959744436e+01
3.729701707959051049e+01
3.875090518951881791e+01
3.985788010678229654e+01
3.981757187366342521e+01
4.078225279965668193e+01
7.181585690741552064e-01
3.912897997683636930e+01
3.669108827187407940e+01
4.363208436059295980e-01
3.949480179437776428e+01
4.158233541880895245e+01
4.069268439649223268e+01
3.969364186627810653e+01
3.363497074977924228e+01
3.667670513223625051e+01
4.131814193217818598e+01
3.887748707664704995e+01
3.202122318353369934e+01
3.911106118118893704e+01
4.019499751017320222e+01
3.229708581831118863e+01
4.042019858143658695e+01
3.996957618439017779e+01
3.872355969480680926e+01
3.773257200795705302e+01
3.960046999443311222e+01
2.507031819296361164e+01
2.734221203875718942e+01
2.957889160461488487e+01
3.549434214454849013e+01
4.214565161590251563e+01
3.733236431180260695e+01
4.105919811755720161e+01
3.863252051145852306e+01
3.829385749185179577e+01
3.945417482525953545e+01
3.853479695410435113e+01
3.725988911457327646e+01
3.638180606171918896e+01
3.842063341703921253e+01
3.730500436977033729e+01
4.037224130741869033e+01
3.963565507128473087e+01
3.639932135389822321e+01
6.617929967109960065e-01
3.684780942059661868e+01
4.097597524115547429e+01
3.848384601499142832e+01
3.942293134560033963e+01
3.731137440806789130e+01
3.581511244978320008e+01
3.920433268013630368e+01
3.649584565654173218e+01
3.814243204498143314e+01
2.131534622841552462e+01
5.609436928633097785e-02
3.600997638263742573e+01
3.828222023077240266e+01
3.138353271383477860e+01
3.653391629048581990e+01
5.120363375902798155e-07
2.047355463669375908e+01
4.015052707619777550e+01
4.033530494498678109e+01
4.035444687659047180e-01
3.273466427247921473e+01
3.735351687957804501e+01
3.439529644115584972e+01
3.979555354495106201e+01
3.602712671308601955e+01
3.823971688361312005e+01
4.102555248418819644e+01
3.145983917617660097e+01
3.514795540925429407e+01
2.512170334498114244e+01
3.728806856073942555e+01
1.810991118459615024e+01
3.961331416927714599e+01
5.081967275722090279e-06
3.555937961278875292e+01
6.172818658123500890e-02
4.212152104895827165e+01
3.836111416204138180e+01
3.914955249954236649e+01
9.632578128735508338e-02
3.302371958535361784e+01
3.781723168792189682e+01
3.817946307528387706e+01
3.870388903453749663e+01
3.535827837516620065e+01
3.961528394806877884e+01
2.656216748308603570e+01
3.974958347629112154e+01
3.742595127979953418e+01
3.478542968740062236e+01
3.624846105301213584e+01
3.689912871828678220e+01
3.721838078007304773e+01
3.856517370780277076e+01
3.928790133853636490e+01
1.621866632610980647e-10
3.781209278065251311e+01
3.911291162679181355e+01
3.917026784996776456e+01
5.298622433240785662e-02
3.965714935592522750e+01
3.698009176078592475e+01
3.565398107833968311e+01
3.962444118950457295e+01
3.955945466623522577e+01
6.561850192927768388e-01
3.805084865898407287e+01
3.989230940127813341e+01
4.113858830879428297e+01
2.917591567300587130e+01
3.860575858434896901e+01
3.982333145681131015e+01
3.960951589247933669e+01
3.651880386842996984e+01
3.790808087389412151e+01
4.049493475120535635e+01
3.668657799322258484e+01
3.721122649035916652e+01
2.394467710206516387e+01
3.551573074202347158e+01
4.016294419760493639e+01
3.875369962110971045e+01
3.310507538390773163e+01
3.490481340170854452e+01
1.683366731137127204e+01
3.781751330458006066e+01
3.970955719781479587e+01
4.102624321552134969e-06
4.227767726445667762e+01
3.912226323574773090e+01
5.544739051743764691e+00
3.867940481511327278e+01
2.100571580239709490e+01
3.771873017480445611e+01
3.676134279639957469e+01
3.926232134795713336e+01
3.638257825178436633e+01
3.584031067190323228e+01
3.996324978988594978e+01
2.288523523105393309e+01
3.824645871071916048e+01
3.950257219417446208e+01
9.709274885114279614e-10
1.783606980355414251e+01
3.757320838812552211e+01
3.733024309519507256e+01
3.475001720994684007e+01
3.982565743117538659e+01
4.015374527247438863e+01
3.620656625496078362e+01
3.912486933194444561e+01
3.421815509131192812e+01
3.488519778355971113e+01
3.806321467016982041e+01
4.142987572448601696e+01
4.046974142084797421e+01
3.938676770018791018e+01
5.054563163322275607e-03
3.843870967030137109e+01
4.013133509659127185e+01
3.885003097121411741e+01
3.902279760048669033e+01
3.754255892287057605e+01
2.851435615780183852e+01
3.890714860809995201e+01
3.648974513203123848e+01
3.695485779675043858e+01
3.721354723436524381e+01
3.753163996536473235e+01
3.980993010469991589e+01
3.772558681273009995e+01
3.648730096894289687e+01
3.425112970579377958e+01
3.880082794355639919e+01
