2.220446049250313081e-16
2.220446049250313081e-16
2.220446049250313081e-16
2.220446049250313081e-16
2.220446049250313081e-16
2.220446049250313081e-16
2.220446049250313081e-16
2.220446049250313081e-16
2.220446049250313081e-16
2.220446049250313081e-16
2.220446049250313081e-16
2.220446049250313081e-16
2.220446049250313081e-16
2.220446049250313081e-16
2.220446049250313081e-16
2.220446049250313081e-16
2.220446049250313081e-16
2.220446049250313081e-16
2.220446049250313081e-16
2.220446049250313081e-16
2.220446049250313081e-16
2.220446049250313081e-16
2.220446049250313081e-16
2.220446049250313081e-16
2.220446049250313081e-16
2.220446049250313081e-16
2.220446049250313081e-16
2.220446049250313081e-16
2.220446049250313081e-16
2.220446049250313081e-16
2.220446049250313081e-16
2.220446049250313081e-16
2.220446049250313081e-16
2.220446049250313081e-16
2.220446049250313081e-16
2.220446049250313081e-16
2.220446049250313081e-16
2.220446049250313081e-16
2.220446049250313081e-16
2.220446049250313081e-16
2.220446049250313081e-16
1.598027092362242390e-15
2.220446049250313081e-16
2.220446049250313081e-16
2.220446049250313081e-16
2.220446049250313081e-16
2.220446049250313081e-16
1.600952186797738778e-15
2.220446049250313081e-16
2.220446049250313081e-16
2.220446049250313081e-16
2.220446049250313081e-16
2.220446049250313081e-16
2.220446049250313081e-16
2.220446049250313081e-16
2.220446049250313081e-16
2.220446049250313081e-16
2.220446049250313081e-16
2.220446049250313081e-16
2.220446049250313081e-16
2.220446049250313081e-16
2.220446049250313081e-16
2.220446049250313081e-16
2.220446049250313081e-16
2.220446049250313081e-16
2.220446049250313081e-16
2.220446049250313081e-16
2.220446049250313081e-16
2.220446049250313081e-16
2.220446049250313081e-16
2.220446049250313081e-16
2.220446049250313081e-16
2.220446049250313081e-16
2.220446049250313081e-16
2.220446049250313081e-16
2.220446049250313081e-16
2.220446049250313081e-16
2.220446049250313081e-16
2.220446049250313081e-16
2.220446049250313081e-16
2.220446049250313081e-16
1.642697981446729109e-15
2.220446049250313081e-16
2.220446049250313081e-16
1.616186606782547729e-15
2.220446049250313081e-16
2.220446049250313081e-16
2.220446049250313081e-16
2.220446049250313081e-16
2.220446049250313081e-16
2.220446049250313081e-16
2.220446049250313081e-16
2.220446049250313081e-16
2.220446049250313081e-16
2.220446049250313081e-16
2.220446049250313081e-16
2.220446049250313081e-16
2.220446049250313081e-16
2.220446049250313081e-16
2.220446049250313081e-16
2.220446049250313081e-16
2.220446049250313081e-16
2.220446049250313081e-16
2.220446049250313081e-16
2.220446049250313081e-16
2.220446049250313081e-16
2.220446049250313081e-16
2.220446049250313081e-16
1.608621282128660553e-15
1.587660888414373097e-15
2.220446049250313081e-16
2.220446049250313081e-16
2.220446049250313081e-16
2.220446049250313081e-16
2.220446049250313081e-16
2.220446049250313081e-16
2.220446049250313081e-16
2.220446049250313081e-16
2.220446049250313081e-16
2.220446049250313081e-16
2.220446049250313081e-16
2.220446049250313081e-16
2.220446049250313081e-16
2.220446049250313081e-16
2.220446049250313081e-16
2.220446049250313081e-16
2.220446049250313081e-16
2.220446049250313081e-16
2.220446049250313081e-16
2.220446049250313081e-16
2.220446049250313081e-16
2.220446049250313081e-16
2.220446049250313081e-16
2.220446049250313081e-16
2.220446049250313081e-16
2.220446049250313081e-16
2.220446049250313081e-16
2.220446049250313081e-16
2.220446049250313081e-16
2.220446049250313081e-16
2.220446049250313081e-16
2.220446049250313081e-16
2.220446049250313081e-16
2.220446049250313081e-16
2.220446049250313081e-16
2.220446049250313081e-16
2.220446049250313081e-16
2.220446049250313081e-16
2.220446049250313081e-16
2.220446049250313081e-16
2.220446049250313081e-16
2.220446049250313081e-16
2.220446049250313081e-16
2.220446049250313081e-16
2.220446049250313081e-16
2.220446049250313081e-16
2.220446049250313081e-16
1.557824198283184630e-15
1.642350702697804136e-15
2.220446049250313081e-16
1.642121167477276403e-15
2.220446049250313081e-16
2.220446049250313081e-16
2.220446049250313081e-16
2.220446049250313081e-16
2.220446049250313081e-16
2.220446049250313081e-16
2.220446049250313081e-16
2.220446049250313081e-16
2.220446049250313081e-16
2.220446049250313081e-16
2.220446049250313081e-16
2.220446049250313081e-16
2.220446049250313081e-16
2.220446049250313081e-16
2.220446049250313081e-16
2.220446049250313081e-16
2.220446049250313081e-16
2.220446049250313081e-16
2.220446049250313081e-16
2.220446049250313081e-16
2.220446049250313081e-16
2.220446049250313081e-16
1.576685831421217082e-15
2.220446049250313081e-16
2.220446049250313081e-16
1.644665106033179858e-15
1.160679405651244778e-14
1.145360720676112020e-14
2.220446049250313081e-16
2.220446049250313081e-16
2.220446049250313081e-16
2.220446049250313081e-16
2.220446049250313081e-16
2.220446049250313081e-16
2.220446049250313081e-16
2.220446049250313081e-16
2.220446049250313081e-16
2.220446049250313081e-16
2.220446049250313081e-16
2.220446049250313081e-16
2.220446049250313081e-16
2.220446049250313081e-16
2.220446049250313081e-16
2.220446049250313081e-16
2.220446049250313081e-16
2.220446049250313081e-16
2.220446049250313081e-16
2.220446049250313081e-16
2.220446049250313081e-16
2.220446049250313081e-16
2.220446049250313081e-16
2.220446049250313081e-16
2.220446049250313081e-16
2.220446049250313081e-16
2.220446049250313081e-16
2.220446049250313081e-16
2.220446049250313081e-16
2.220446049250313081e-16
2.220446049250313081e-16
1.624387660992095713e-15
2.220446049250313081e-16
2.220446049250313081e-16
2.220446049250313081e-16
2.220446049250313081e-16
2.220446049250313081e-16
2.220446049250313081e-16
2.220446049250313081e-16
2.220446049250313081e-16
2.220446049250313081e-16
1.561754481363859418e-15
1.160590682506497203e-14
2.220446049250313081e-16
1.616398556784328485e-15
1.623406488931207194e-15
2.220446049250313081e-16
2.220446049250313081e-16
2.220446049250313081e-16
2.220446049250313081e-16
2.220446049250313081e-16
2.220446049250313081e-16
2.220446049250313081e-16
2.220446049250313081e-16
2.220446049250313081e-16
2.220446049250313081e-16
1.166578284686252455e-14
2.220446049250313081e-16
1.176285570959356346e-14
2.220446049250313081e-16
8.633568511569306736e-14
2.220446049250313081e-16
2.220446049250313081e-16
1.620686894162390331e-15
1.561647282677188947e-15
1.615423330160669391e-15
2.220446049250313081e-16
2.220446049250313081e-16
2.220446049250313081e-16
2.220446049250313081e-16
2.220446049250313081e-16
2.220446049250313081e-16
1.194149860592386965e-14
2.220446049250313081e-16
2.220446049250313081e-16
1.578661333192534732e-15
2.220446049250313081e-16
1.627887151166545845e-15
2.220446049250313081e-16
2.220446049250313081e-16
2.220446049250313081e-16
1.472399903499832131e-15
1.618293102625428240e-15
2.220446049250313081e-16
1.636209290842881258e-15
1.573130701851294293e-15
2.220446049250313081e-16
3.308978796698627761e-11
4.584511735671723258e-12
2.220446049250313081e-16
1.094286399387104041e-14
1.624296803721886940e-15
2.220446049250313081e-16
1.639485394913324089e-15
2.220446049250313081e-16
5.911446784803233666e-13
1.187149641728730573e-14
2.220446049250313081e-16
2.220446049250313081e-16
1.623001896139432860e-15
1.574049168659237767e-15
2.220446049250313081e-16
2.220446049250313081e-16
1.605862766673524354e-15
2.220446049250313081e-16
2.220446049250313081e-16
2.220446049250313081e-16
1.621834092682522121e-15
1.568193432629573481e-15
2.220446049250313081e-16
1.613853222173427358e-15
1.777100946686764336e-09
2.220446049250313081e-16
2.220446049250313081e-16
1.165926628782874763e-14
1.163216444107357664e-14
1.171045832541582129e-14
2.220446049250313081e-16
2.220446049250313081e-16
1.613199420789553692e-15
1.617983665884586460e-15
2.220446049250313081e-16
1.152089592707146182e-14
2.220446049250313081e-16
1.199592894098797438e-14
2.220446049250313081e-16
2.220446049250313081e-16
8.391132465239500584e-14
2.220446049250313081e-16
1.072318673365928081e-14
4.661900361554286551e-12
2.220446049250313081e-16
2.220446049250313081e-16
2.220446049250313081e-16
2.434750550706321422e-10
2.220446049250313081e-16
1.096945485366664906e-14
8.396357202023205149e-14
2.220446049250313081e-16
1.187769916899169521e-14
2.220446049250313081e-16
1.582487757827373541e-15
3.212186397724066636e-11
2.220446049250313081e-16
1.176187709235802817e-14
2.220446049250313081e-16
1.171199729062205932e-14
3.392194655927238295e-11
6.005663311063384956e-13
8.721844571727764917e-14
1.613521683796909939e-15
2.220446049250313081e-16
1.071808572038393522e-14
2.220446049250313081e-16
2.220446049250313081e-16
2.220446049250313081e-16
1.560448271300285011e-15
1.152401272506090201e-14
8.400022942649345641e-14
3.333062725566001055e-11
8.537607683305891157e-14
1.182039237777799097e-14
2.220446049250313081e-16
2.220446049250313081e-16
1.039468312799381594e-01
2.220446049250313081e-16
1.155947400116103930e-14
6.081921121701390764e-13
1.155012911071598668e-14
1.515620517822609271e-15
6.103521157314251150e-13
2.220446049250313081e-16
4.339451312197050758e-12
2.220446049250313081e-16
1.190262881072077917e-14
1.604819542406796476e-15
1.609170546834752983e-15
8.501940608356580893e-14
1.051361172172499164e-14
1.171898335753053834e-14
1.568319601280154686e-15
2.220446049250313081e-16
6.181711904859867657e-13
2.220446049250313081e-16
2.471080661199891606e-10
7.367574410724854705e-14
8.526520101048004727e-14
2.220446049250313081e-16
2.220446049250313081e-16
3.332402687208862791e-11
2.220446049250313081e-16
6.267258103651374152e-13
8.278559250387852123e-14
2.220446049250313081e-16
4.388991072299497311e-12
1.030715354960205006e-14
2.220446049250313081e-16
8.218457685545306507e-14
2.220446049250313081e-16
7.092796992745566316e-14
8.617293875323608711e-14
2.220446049250313081e-16
2.442986685560135460e-10
2.220446049250313081e-16
2.220446049250313081e-16
8.548337433635196689e-14
2.220446049250313081e-16
1.103822402874361810e-14
1.346339040928786097e-02
2.487033478797285170e-04
2.220446049250313081e-16
2.220446049250313081e-16
2.220446049250313081e-16
8.246490370888809612e-14
2.220446049250313081e-16
2.402234818383204719e-10
2.447768107350212804e-10
9.691249725049497665e-08
1.237672790668756487e-08
1.149994724458553479e-14
2.220446049250313081e-16
1.632872576372981813e-15
1.631378865138258624e-15
8.429657509361491496e-14
2.220446049250313081e-16
2.220446049250313081e-16
6.152037184832723903e-13
2.220446049250313081e-16
1.531990204927395248e-15
1.270483832889228723e-08
1.112715226203859699e-14
2.179884315482143845e-10
6.344057034367628414e-13
4.750063393502623566e-06
1.519850988050181035e-15
1.329195558156703004e-02
1.088731083181821203e-14
4.305776703303791647e-12
2.220446049250313081e-16
8.674357770428393216e-14
8.326444855366762793e-14
2.220446049250313081e-16
4.738762807234877365e-12
2.220446049250313081e-16
2.220446049250313081e-16
2.385222940036735739e-10
4.575812962498485954e-12
2.220446049250313081e-16
2.220446049250313081e-16
7.314686109246414381e-01
4.506463479778168976e-12
4.543754953238233506e-12
8.643481980781401500e-14
1.265258742476753293e-08
3.429186355724391474e-11
2.220446049250313081e-16
1.776269700907879749e-09
1.784636004145387018e-09
2.220446049250313081e-16
2.220446049250313081e-16
9.481292136672235337e-08
1.643379528666026525e-15
2.220446049250313081e-16
2.220446049250313081e-16
7.035708904503583661e-01
2.220446049250313081e-16
9.007151853284084497e-08
2.220446049250313081e-16
1.192586077846238382e-14
2.220446049250313081e-16
2.220446049250313081e-16
1.634433124747566330e-15
5.947928523688064324e-13
2.425460486548814594e-05
1.148034219679241770e-14
4.889378430278381654e-06
1.579161336024433470e-15
4.495507467441509777e-12
1.300339919497305524e-08
2.220446049250313081e-16
9.958521491847205022e-09
8.600433759143163385e-14
1.830311823766147357e-03
2.220446049250313081e-16
3.516098451142019212e-11
6.984461880104287754e-07
5.059848969375414281e-13
8.768562147542338487e-14
1.161208443004169518e-14
5.423944950699904233e+00
9.576313998239428804e-02
2.220446049250313081e-16
7.561335959155749084e-14
1.525368137787034844e-15
5.496063483259097104e+00
3.675296812711004435e+01
6.294554316985388021e-13
2.981157417359005121e-11
6.455769618491986139e-13
6.558489531999212030e-01
6.399466849701272883e-13
8.636598008597355143e-14
7.421717570570482980e-01
5.568704883856258725e+00
8.694448845591541347e-14
3.490310016517049767e-05
8.523828660445335084e-14
1.523392924192239127e-15
8.463205805775419508e-14
1.205456544358571340e-14
8.292893766742831675e-14
3.148082273513162996e-06
4.248718126468341438e+01
4.872984941784435605e-06
1.612695460506937188e-15
6.102088302348183734e-13
1.370102371106475883e-02
7.279641002299618302e-01
2.220446049250313081e-16
3.908886103046757654e+01
6.156609295036002464e-13
3.808069581764228673e+01
1.886161747599586535e-03
5.857047572856742905e-13
2.220446049250313081e-16
1.661795067470308961e-09
1.620160638088115296e-15
1.773423333189984613e-09
2.220446049250313081e-16
1.532850543267336984e-15
6.889757602056502117e-01
6.846460672228830147e-01
4.545484458362783753e-12
3.289646222342399458e-11
4.753484416119666807e-06
2.220446049250313081e-16
1.413674388653118376e-02
3.643014666253260003e+01
1.081394668402642449e-14
3.666120468667016041e+01
7.319342827525331195e-08
3.291432424370859944e-11
8.020092653718109275e-14
2.220446049250313081e-16
1.646235760583980197e-15
2.436717699114602067e-04
6.785248070426962151e-07
1.621360014316451019e-15
3.662690032676312768e+01
2.220446049250313081e-16
5.234075955275517496e-06
3.650286979918480768e+01
3.429161142848589495e-11
5.032736980607378285e+00
1.893286657113363173e-03
1.833824668947805743e-03
3.436166321845731585e-11
4.018108698933124856e+01
9.657389245864334004e-02
7.045968492629341995e-01
5.696220889810345181e-13
1.135455988390437687e-09
5.407102574208315637e+00
1.437655464968824390e-02
7.086975615084328828e-01
5.052383537222094581e-07
4.628016021222010508e-12
5.943147433355856747e-13
5.554156345180445875e+00
1.003996328290937684e-01
8.741657790580109437e-08
2.759026666695782817e-04
3.368566170103143792e-11
3.632373853352953574e+01
1.501436204312720211e-15
4.067274836119593573e+01
4.064266451676369485e+01
4.345271893124608043e-12
3.506791291947064337e+01
7.831645126476456778e-14
3.568517326387744929e-05
1.029468704144805496e-14
5.606929208130746467e+00
5.435819058456837105e+00
2.542196694927385258e-10
4.355484555939742587e-12
7.510708816470962757e-14
4.538949109013094499e-12
3.291898294103152406e-11
5.038860342614916777e-06
3.880869613016326980e+01
3.879907346725679316e-12
1.605562978181375413e-09
5.189766276559726776e+00
6.343749653669077197e-07
3.396861819999819687e+01
6.182460906084135556e-13
1.450921660439542661e-15
6.575588765247499801e-01
9.675518144897579664e-02
5.065688258353427287e+00
2.220446049250313081e-16
1.125900176841664948e-14
5.320418279744243185e-13
2.220446049250313081e-16
3.973188018422502665e+01
2.220446049250313081e-16
3.769693422275059902e+01
9.816818017291639720e-02
4.435161371953901580e-12
4.183645141783333088e+01
3.619222101133013325e+01
4.620816981201426507e-06
5.631256346420194348e+00
3.880349624605722880e+01
1.161057415331059963e-14
2.220446049250313081e-16
5.211096475354380253e+00
3.693423905750592353e-05
3.192697263812571440e-11
3.979374626484073474e+01
3.604603735899436145e+01
1.020712493313952335e-01
1.148385361452750226e-14
1.818002019489700939e-09
3.948367367998814270e+00
1.343716777636245509e-02
3.668404861669129247e+01
4.177542051609110274e+01
4.060606341786640172e+01
3.947961813900570149e+01
3.829348454732605944e+01
3.846496756341293377e+01
9.455471340739998731e-02
3.837575833082291155e+01
3.878368574263873114e+01
9.579269534801563099e-08
5.222015081437815454e+00
3.848574987310954754e+01
2.220446049250313081e-16
3.847144829133369370e+01
1.112664537360528870e-14
8.135428170662914290e-14
1.052729983899276106e-01
3.440728523764571725e-11
3.989280814811128550e+01
5.880760917768617453e-13
1.039615171668905186e-01
1.073244641841270156e-14
5.109662446753459426e-06
2.220446049250313081e-16
8.193842613767775603e-14
4.853962780510806321e-13
2.220446049250313081e-16
3.272989490277021908e-05
1.864618670987702861e-03
1.138896180211315489e-14
3.944781236743074970e+01
3.636259926377267249e+01
1.717930127208152594e-04
3.987114781573455247e+01
1.354596267335576518e-02
3.876203513332896478e+01
3.706510341325579105e+01
4.016298515543530812e+01
5.323240829117822538e-13
2.508436154720764585e-04
3.949928090183761498e+01
7.269217358074186314e-03
3.558051107789309242e+01
3.924620579628360417e+01
9.951111501167560514e-09
9.054086208362660537e-02
2.011873015307059399e-03
7.189490870275148374e-14
5.295744357246479302e-13
1.554106161638364334e-15
6.231021378267865840e-01
1.257587743613185321e-08
7.245710696048758281e-01
2.666846184542526998e+01
3.777796888547340615e+01
7.549316011696856066e-01
2.220446049250313081e-16
1.354401110321370813e-08
3.675379342179244446e+01
3.933799420430405291e+01
2.401992877303290497e-10
3.813788777404670327e+01
3.827464223534069276e+01
2.440119269609526632e-04
3.906203397903751551e+01
3.975320444765515937e+00
3.676490599766160017e+01
2.186691891925043407e+01
3.617589389144566070e+01
3.820449013753189149e+01
3.667491866669210765e+01
2.220446049250313081e-16
3.836844742030556432e+01
1.250883293524766848e-02
8.691982840818133607e-14
4.031245225149963574e+01
3.904869042533917423e+01
3.662210283474867545e+00
4.106658850907874836e+01
4.199894696932074822e+01
3.736714812461226387e+01
4.604291090193725289e+00
4.994467398572720374e-06
3.759110027814142541e+01
3.547869451313070499e+01
1.749024876539968896e-09
5.028104643173079147e+00
9.236970514734174284e-03
5.314246777177721242e-13
1.274679512427377877e-02
1.207699172139212919e-14
5.385737367768429706e+00
1.604078802281507166e-10
3.495051844351931436e+01
1.031322105657857278e-14
3.709291717226801666e+01
2.281524852639344163e-04
3.789521772448157577e+01
6.276491044631419955e-13
3.955370288210722407e+01
4.653434417890257894e-06
4.608608417208075344e-12
3.695127099205243582e+01
1.815334125148546302e-03
3.902208229378976512e+01
1.884166490766407600e-03
3.687788705607096773e+01
3.781519749909538319e+01
4.075867840205377490e+01
3.920918261910219371e+01
4.001846044034240180e+01
6.824606091369241900e-01
3.869505851110267258e+01
3.577093286111213644e+01
8.133379713491093153e-08
1.670503795331035671e-03
4.118116300969744259e+01
8.183559828818158441e-14
6.394998223330682492e-07
3.893270985535293249e+01
3.993145153231668587e+01
3.375860993272919466e-11
3.397307926121576571e+01
4.015035496795996295e+01
3.897012159374254026e+01
4.007597526667449728e+01
1.459017465890348111e-15
3.771461050702282591e+01
3.597034902878429641e+00
3.945588352431630597e+01
2.220446049250313081e-16
3.897070374420197680e+01
3.918679028589683819e-12
3.852958876986284764e+01
3.990089087234557752e+01
7.623091390318478267e-01
3.849848289171418969e+01
3.833280475349097571e+01
3.627747506854854009e+01
3.741472540491086818e+01
8.136813636917209185e-08
3.866347378533695434e+01
3.800334891239848645e+01
3.790701570204216608e+01
7.118664779223329298e-01
3.981788197736807433e+01
3.650953678100356115e+01
3.955595697082053874e+01
1.146729940795172746e-08
2.650502503720780992e-11
6.316976734626391863e-13
3.645398222539298416e+01
4.036924610141952741e+01
3.882651675748399356e+01
3.565480386159008219e+01
3.887712245199428907e+01
5.107764343009526913e-03
2.461533827863149781e+01
3.720285127097488242e+01
3.815052726758075607e+01
4.393337617092566713e-12
5.183697084274220934e+00
3.953280707996523091e+01
3.691979408648872862e+01
3.806450764951610211e+01
3.864869669168911770e+01
3.276506158082216395e-06
3.737060912230162974e-12
3.336020274028307853e+01
2.220446049250313081e-16
3.965311778732882431e+01
3.960686055237048464e+01
3.218396085973746068e+01
2.645941973156199278e+00
3.794759747932840810e+01
3.826583059848690738e+01
3.901580478295974785e+01
3.488103971439129225e+01
3.890766389434525507e+01
3.891826141620763480e+01
3.902805237506574088e+01
3.665935708662759396e+01
3.759632664622004938e+01
3.888281020750972061e+01
3.660213975478713166e+01
3.954236874351310860e+01
3.872270604706444885e+01
3.864407412537373432e+01
7.776079965252026011e-14
3.867944689392530933e+01
6.919369696590432407e-14
3.944525308344852732e+01
4.863146460692405887e-02
2.997526467575561426e+01
8.613512544625791877e-08
3.879601665200915761e+01
3.498404436363491499e+01
3.804564285451154859e+01
3.866188625231247755e+01
3.782932156135623103e+01
3.785162921172748440e+01
3.805023719540427862e+01
3.897220885915523780e+01
3.859015050712430650e+01
5.794275260786762693e+00
3.582367591879633295e+01
4.931915048384710509e+00
4.020605962465624827e+01
3.781507123873675624e+01
4.011247228843722468e+01
3.667102782142475803e+01
3.779396433109947395e+01
3.294946536591483266e+01
3.036384489558526312e+01
3.242100837567630833e+01
3.748261448087364300e+01
3.868563000272233410e+01
3.706968145014462124e+01
6.917833747102651865e-01
4.210570554443180669e+01
3.895258431384210240e+01
3.944292014691146875e+01
3.630043660406107620e+01
1.071127012358414473e-09
3.755674286605071188e+01
3.764994908709189758e+01
3.873608767561107413e+01
6.374963441862696589e-01
3.735493929899539722e+01
3.958539542911665876e+01
3.743352475745211905e+01
3.802909159148628504e+01
4.061896068536866977e+01
3.958738905147531995e+01
4.075866799371175375e+01
1.519814174646498783e-15
5.492338538029827077e+00
3.724896697578859062e+01
5.376987337808694534e+00
3.976753902984876987e+01
3.913087311561493209e+01
3.876213862020908607e+01
3.884775183640820018e+01
3.224007992947743872e+01
3.666870930999545664e+01
3.348400092146549412e+01
5.631044109487494969e-07
3.645119112822381879e+01
3.084486121007782700e+01
3.735366623661567331e+01
1.552202025928749810e-09
3.826283536221664150e+01
3.722800699601934582e+01
4.105729144516985230e+01
3.979829343816631138e+01
4.078037160554406171e+01
4.162066526688156086e-06
3.568605557030080178e+01
3.942564956227653283e+01
4.069565919426329259e+01
3.966481792794341743e+01
1.622402810971169397e-09
2.489765335210993769e+01
3.778409755296967631e+01
3.829598036257665683e+01
4.231539037544305870e+01
3.764551288373247928e+01
3.826203629232801973e+01
3.920187096382651504e+01
4.052444631217111493e+01
3.930464800000628145e+01
2.407013737234555251e+01
3.631651850186261754e+01
7.098529153902933819e-01
4.027820641878724928e+01
3.774718889577842873e+01
3.782950690077002065e+01
3.807255077513178776e+01
3.660236696375200438e+01
2.118214219171294133e+01
3.588605855490150986e+01
3.915932115792655566e+01
4.055457915002243396e+01
3.884049109049978199e+01
3.523124684123256145e+01
3.770485277956341719e+01
3.791003626786638137e+01
3.941580854135482070e+01
2.768063978719191454e+01
9.002834030711706679e-08
3.856237230983125386e+01
3.875741397325948157e+01
3.842188837910641297e+01
3.826676722911730621e+01
3.718072253023134977e+01
3.737735448626653323e+01
3.858503357610538842e+01
3.833349075316806420e+01
3.776506648689937862e+01
1.588200392999098470e-15
3.326996909106186706e+01
3.833657740497190503e+01
3.848577321884663149e+01
3.899066372019192528e+01
3.646681063404851386e+01
3.882221240293264941e+01
3.774978324164621313e+01
4.085369561444387188e+01
3.924382081368752750e+01
3.794468543363509383e+01
8.400350405256301611e-03
2.611026157969526196e+01
3.293885783776160281e+01
3.874434012960841045e+01
3.940769363113511758e+01
3.874214218798353215e+01
3.968591591178899591e+01
3.795634148449253331e+01
3.758620098923347541e+01
3.774142907955246784e+01
3.970662545070884164e+01
3.656517182908910257e+01
2.933709459466604486e+01
3.506443771047167246e+01
3.487728208769649996e+01
3.618161695645381570e+01
3.547473100393310119e+01
3.989534644240266914e+01
4.074870612298397532e+01
4.007451911297823699e+01
3.992184192527670916e+01
3.793918435543765355e+01
3.408171408059044374e-11
3.503506732107421584e+01
3.563510866596495674e+01
2.765364183314959234e+01
3.525535785043860670e+01
1.317547666405735285e+01
3.535238395941954792e+01
4.065698974676356414e+01
3.887405235148758909e+00
3.896395899559849596e+01
4.064449217833810479e+01
3.087990705590753393e+01
3.464196018321762693e+01
4.055414833235052186e+01
3.661919969830379529e+01
3.256416208026607251e+01
3.681227988493746750e+01
3.880540846572009173e+01
3.759223929671240683e+01
3.103527818387492232e+01
3.871384187166805191e+01
3.749063755233145656e+01
3.695383762819306384e+01
3.550565532137846247e+01
3.405904310395310830e+01
3.241216736435871582e+01
3.769194972633588492e+01
3.491851323498335802e+01
3.766927732176152688e+01
3.992047329928306709e+01
3.884202704639933046e+01
3.901632714420216530e+01
4.232452509089463746e-06
3.738997212763084832e+01
3.550018612997276080e+01
3.798935068152392347e+01
3.766311358765430128e+01
3.832589933665509818e+01
4.103402921465880837e+01
3.482119824392005114e+01
3.881690180286944525e+01
3.904390347254901172e+01
3.923408981969461706e+01
4.017664053843515148e+01
3.687367675534802913e+01
4.743543884778180342e+00
3.900387398682839546e+01
4.048459115856844193e+01
4.185867117131981274e+01
3.711913899417736928e+01
3.726476984416441240e+01
3.318031596045668152e+01
4.013464902327964978e+01
