2.220446049250313081e-16
2.220446049250313081e-16
2.220446049250313081e-16
2.220446049250313081e-16
2.220446049250313081e-16
2.220446049250313081e-16
2.220446049250313081e-16
2.220446049250313081e-16
2.220446049250313081e-16
2.220446049250313081e-16
2.220446049250313081e-16
2.220446049250313081e-16
2.220446049250313081e-16
2.220446049250313081e-16
2.220446049250313081e-16
2.220446049250313081e-16
1.502088301832487427e-15
2.220446049250313081e-16
2.220446049250313081e-16
2.220446049250313081e-16
2.220446049250313081e-16
2.220446049250313081e-16
2.220446049250313081e-16
2.220446049250313081e-16
2.220446049250313081e-16
2.220446049250313081e-16
2.220446049250313081e-16
2.220446049250313081e-16
2.220446049250313081e-16
2.220446049250313081e-16
1.606898052111451388e-15
2.220446049250313081e-16
1.519842075627017297e-15
2.220446049250313081e-16
2.220446049250313081e-16
2.220446049250313081e-16
2.220446049250313081e-16
2.220446049250313081e-16
2.220446049250313081e-16
2.220446049250313081e-16
2.220446049250313081e-16
2.220446049250313081e-16
2.220446049250313081e-16
2.220446049250313081e-16
2.220446049250313081e-16
2.220446049250313081e-16
2.220446049250313081e-16
2.220446049250313081e-16
2.220446049250313081e-16
2.220446049250313081e-16
2.220446049250313081e-16
2.220446049250313081e-16
2.220446049250313081e-16
1.566770224727165529e-15
2.220446049250313081e-16
2.220446049250313081e-16
2.220446049250313081e-16
2.220446049250313081e-16
2.220446049250313081e-16
2.220446049250313081e-16
2.220446049250313081e-16
2.220446049250313081e-16
2.220446049250313081e-16
1.603221679369618234e-15
2.220446049250313081e-16
2.220446049250313081e-16
2.220446049250313081e-16
2.220446049250313081e-16
2.220446049250313081e-16
2.220446049250313081e-16
2.220446049250313081e-16
2.220446049250313081e-16
2.220446049250313081e-16
2.220446049250313081e-16
1.573754331938296515e-15
2.220446049250313081e-16
2.220446049250313081e-16
2.220446049250313081e-16
2.220446049250313081e-16
2.220446049250313081e-16
2.220446049250313081e-16
2.220446049250313081e-16
1.186626055455834002e-14
2.220446049250313081e-16
2.220446049250313081e-16
2.220446049250313081e-16
2.220446049250313081e-16
2.220446049250313081e-16
1.553061486422822430e-15
2.220446049250313081e-16
2.220446049250313081e-16
2.220446049250313081e-16
1.622858590412790169e-15
2.220446049250313081e-16
2.220446049250313081e-16
2.220446049250313081e-16
2.220446049250313081e-16
2.220446049250313081e-16
2.220446049250313081e-16
2.220446049250313081e-16
2.220446049250313081e-16
2.220446049250313081e-16
2.220446049250313081e-16
2.220446049250313081e-16
2.220446049250313081e-16
2.220446049250313081e-16
2.220446049250313081e-16
2.220446049250313081e-16
2.220446049250313081e-16
2.220446049250313081e-16
1.200292181696945226e-14
2.220446049250313081e-16
2.220446049250313081e-16
2.220446049250313081e-16
2.220446049250313081e-16
2.220446049250313081e-16
2.220446049250313081e-16
2.220446049250313081e-16
2.220446049250313081e-16
2.220446049250313081e-16
2.220446049250313081e-16
2.220446049250313081e-16
8.449901361131160329e-14
1.583758401703320511e-15
1.558769855152862618e-15
2.220446049250313081e-16
2.220446049250313081e-16
2.220446049250313081e-16
2.220446049250313081e-16
2.220446049250313081e-16
2.220446049250313081e-16
2.220446049250313081e-16
2.220446049250313081e-16
2.220446049250313081e-16
2.220446049250313081e-16
2.220446049250313081e-16
2.220446049250313081e-16
2.220446049250313081e-16
1.184357679043329097e-14
2.220446049250313081e-16
2.220446049250313081e-16
2.220446049250313081e-16
2.220446049250313081e-16
2.220446049250313081e-16
2.220446049250313081e-16
2.220446049250313081e-16
1.485998249371692017e-15
2.220446049250313081e-16
2.220446049250313081e-16
2.220446049250313081e-16
2.220446049250313081e-16
2.220446049250313081e-16
2.220446049250313081e-16
2.220446049250313081e-16
2.220446049250313081e-16
2.220446049250313081e-16
2.220446049250313081e-16
2.220446049250313081e-16
2.220446049250313081e-16
2.220446049250313081e-16
2.220446049250313081e-16
2.220446049250313081e-16
2.220446049250313081e-16
2.220446049250313081e-16
2.220446049250313081e-16
2.220446049250313081e-16
2.220446049250313081e-16
8.526995058340925979e-14
2.220446049250313081e-16
2.220446049250313081e-16
1.186899485371941480e-14
2.220446049250313081e-16
2.220446049250313081e-16
2.220446049250313081e-16
2.220446049250313081e-16
2.220446049250313081e-16
2.220446049250313081e-16
2.220446049250313081e-16
2.220446049250313081e-16
2.220446049250313081e-16
2.220446049250313081e-16
2.220446049250313081e-16
2.220446049250313081e-16
2.220446049250313081e-16
1.628989174402773150e-15
2.220446049250313081e-16
2.220446049250313081e-16
2.220446049250313081e-16
2.220446049250313081e-16
2.220446049250313081e-16
1.598027091996176615e-15
2.220446049250313081e-16
2.220446049250313081e-16
2.220446049250313081e-16
2.220446049250313081e-16
2.220446049250313081e-16
2.220446049250313081e-16
1.184474150995841735e-14
1.622858590326038741e-15
2.220446049250313081e-16
2.220446049250313081e-16
2.220446049250313081e-16
1.197852378351224595e-14
2.220446049250313081e-16
2.220446049250313081e-16
1.057479098269845002e-14
1.562969005712230972e-15
2.220446049250313081e-16
2.220446049250313081e-16
2.220446049250313081e-16
2.220446049250313081e-16
2.220446049250313081e-16
1.557134482910656240e-15
2.220446049250313081e-16
2.220446049250313081e-16
2.220446049250313081e-16
1.620297352979857782e-15
1.596656894542799650e-15
1.121000272132993570e-14
2.220446049250313081e-16
1.598024902835440407e-15
2.220446049250313081e-16
2.220446049250313081e-16
2.220446049250313081e-16
2.220446049250313081e-16
2.220446049250313081e-16
2.220446049250313081e-16
2.220446049250313081e-16
2.220446049250313081e-16
3.324887631679069598e-11
2.220446049250313081e-16
2.220446049250313081e-16
2.220446049250313081e-16
2.220446049250313081e-16
2.220446049250313081e-16
2.220446049250313081e-16
1.638284669801599132e-15
2.220446049250313081e-16
6.209190549558500865e-13
2.220446049250313081e-16
2.220446049250313081e-16
2.220446049250313081e-16
1.045700263136683763e-14
2.220446049250313081e-16
2.220446049250313081e-16
2.220446049250313081e-16
1.621834092825967404e-15
2.220446049250313081e-16
2.220446049250313081e-16
1.592834894128350506e-15
2.220446049250313081e-16
1.197015162509825141e-14
2.220446049250313081e-16
2.220446049250313081e-16
1.572190820013856602e-15
2.220446049250313081e-16
4.527665369559866552e-12
2.220446049250313081e-16
1.502088245094838080e-15
2.220446049250313081e-16
2.220446049250313081e-16
2.220446049250313081e-16
2.220446049250313081e-16
8.614506653161294368e-14
2.220446049250313081e-16
2.220446049250313081e-16
1.625874629262296414e-15
2.220446049250313081e-16
8.525993253186718219e-14
2.220446049250313081e-16
2.220446049250313081e-16
2.450045876561537044e-10
2.220446049250313081e-16
1.528202525010054231e-15
2.220446049250313081e-16
1.638786821721298570e-15
1.621549873636597413e-15
1.606896997116466367e-15
2.220446049250313081e-16
2.418444787628345190e-10
2.220446049250313081e-16
8.574292199662440757e-14
1.623678450779695792e-15
2.220446049250313081e-16
2.220446049250313081e-16
2.220446049250313081e-16
2.220446049250313081e-16
2.220446049250313081e-16
8.290656580887346411e-14
1.646318119286254470e-15
2.220446049250313081e-16
2.220446049250313081e-16
2.220446049250313081e-16
2.220446049250313081e-16
1.560502287142297923e-15
1.065340752654754329e-14
2.220446049250313081e-16
1.609518940918522190e-15
2.220446049250313081e-16
1.593223712353514056e-15
2.220446049250313081e-16
1.192242502543040651e-14
2.220446049250313081e-16
2.220446049250313081e-16
2.220446049250313081e-16
1.173137510146236296e-14
2.220446049250313081e-16
2.220446049250313081e-16
1.206023800370075090e-14
2.220446049250313081e-16
1.150420439596467380e-14
2.220446049250313081e-16
2.220446049250313081e-16
2.220446049250313081e-16
2.220446049250313081e-16
3.312592621335417205e-11
1.180819556137871003e-14
1.046424337198834442e-14
2.220446049250313081e-16
1.638692130398236135e-15
1.605243187482212613e-15
2.220446049250313081e-16
2.220446049250313081e-16
2.220446049250313081e-16
2.220446049250313081e-16
8.093180632917157952e-14
2.220446049250313081e-16
1.190866248701014703e-14
1.393698173551803312e-15
2.220446049250313081e-16
2.220446049250313081e-16
2.220446049250313081e-16
1.250665363855235008e-08
1.737731626658596035e-09
7.232793586349764082e-14
2.220446049250313081e-16
2.220446049250313081e-16
1.198908806074916038e-14
8.524939832745093391e-14
2.220446049250313081e-16
1.630670409654555300e-15
2.220446049250313081e-16
5.936427550665410842e-13
2.220446049250313081e-16
6.154539914362468332e-13
2.220446049250313081e-16
2.461542314418021710e-10
6.271444289937540347e-13
4.526447756543530857e-12
2.220446049250313081e-16
1.629547006965772912e-15
2.220446049250313081e-16
1.285163979116986436e-08
1.804195266565672093e-09
4.478443002460719105e-12
1.619805211370111824e-15
3.853783785966223299e-12
1.612573906339655401e-15
2.220446049250313081e-16
2.398025158168695730e-10
2.220446049250313081e-16
2.220446049250313081e-16
1.582230607441239885e-15
2.220446049250313081e-16
9.026091365892193020e-08
6.334041102108169925e-13
1.537653897447790362e-15
2.220446049250313081e-16
1.569907106423828885e-15
1.569232014216586863e-15
1.620199393382294468e-15
2.220446049250313081e-16
1.643266774446105423e-15
4.494916415022539325e-12
1.129247222099676506e-14
1.090255315003317067e-14
2.220446049250313081e-16
1.594156647302599062e-15
1.199609529399510745e-14
3.263150400663105818e-11
2.220446049250313081e-16
1.626126082017247669e-15
6.350530733633350713e-13
1.613392726070810911e-15
1.034076481824486135e-14
2.588378210871546906e-04
1.154127448405152637e-14
2.220446049250313081e-16
2.220446049250313081e-16
5.227894922121716276e-13
1.483027639471839669e-15
2.220446049250313081e-16
2.220446049250313081e-16
5.997800107936834133e-13
1.615335426425354283e-15
6.238869509689335773e-13
2.220446049250313081e-16
2.220446049250313081e-16
3.112774702557710147e-11
1.517388114566668188e-15
6.231713778414833878e-13
1.216979214856578615e-08
6.027438218057089819e-13
8.388450465693700907e-14
2.477320452353298259e-10
4.544177360018676491e-12
2.220446049250313081e-16
2.220446049250313081e-16
1.185425713904676256e-14
2.220446049250313081e-16
2.344082601582208573e-10
1.143956044649597765e-14
2.344507993933645040e-10
3.205974511482587011e-11
1.467989869957404509e-15
1.217689779820368633e-14
2.220446049250313081e-16
2.220446049250313081e-16
1.596734883723807769e-15
6.111663133512656864e-13
1.548485082614410806e-15
6.425529876088803052e-13
1.204465492025819860e-14
1.121808410291760472e-14
1.803845371600058334e-03
1.434554642522293741e-02
1.739589357229704537e-09
2.220446049250313081e-16
1.034855472459985705e-14
5.730340612555117721e-13
9.377172961288149907e-08
3.353915042726720307e-11
2.220446049250313081e-16
2.220446049250313081e-16
6.199124532574116368e-13
1.570900454248838820e-15
1.603007844294413602e-15
1.427466525393502640e-02
5.259344017808473362e-13
2.220446049250313081e-16
2.220446049250313081e-16
1.636316306268895001e-15
4.512989916870954924e-12
3.310362909102973543e-11
1.129333372399633085e-14
1.598006283947788517e-15
1.116201402712781126e-14
2.220446049250313081e-16
1.549876752142857666e-15
2.259723191975769655e-11
1.800643718870828903e-09
1.624124371479268078e-15
3.682607604306412135e-05
1.894362243243602690e-03
1.216462672963856094e-02
8.568614939337176775e-14
1.468070674485323960e-15
1.606702775414899963e-15
1.534543159355639979e-15
1.774497636802187639e-09
6.547094338523107312e-13
2.042278973387982603e-10
6.814825454193850231e-07
8.420981777955380834e-09
1.136123883850034801e-14
1.138191643323361502e-14
6.378661024604100161e-13
1.486185880959092897e-15
7.937810039898117009e-14
1.149818490380924061e-14
1.178194717662653514e-14
6.206154361540797622e-07
6.338026283609817322e-13
8.563592261336426034e-14
6.124430816782753118e-13
6.172854701608674019e-13
5.434448366564829769e+00
2.220446049250313081e-16
1.844344590943574062e-09
1.634785949625604075e-15
2.699156511467046640e-04
4.296404906858951499e-12
2.220446049250313081e-16
2.220446049250313081e-16
6.095079652799112882e-07
1.140982251722721153e-14
1.627937200992506102e-09
7.758858148984275616e-01
4.414861196290260467e-12
2.220446049250313081e-16
4.045202488306473754e+01
3.914390406656124100e+01
1.865113189734453033e-03
7.248177773009184532e-01
1.643614801159594787e-15
1.652583987509229603e-09
1.407778133737611764e-02
3.796508553272416719e+01
5.844741881883171892e-13
2.220446049250313081e-16
1.301126938430949460e-02
1.425360860045046460e-02
2.220446049250313081e-16
2.395882466673787068e-10
1.550430132796532230e-15
1.048513435579705327e-14
1.502007557956306307e-15
6.366856672141493715e-13
1.708738889824456406e-09
9.618048061848729742e-08
1.868364671176164522e-03
4.979926392127642210e+00
5.298388600965870054e+00
3.830765253812950988e+01
3.169764266446347812e-11
3.787207770213033400e-12
8.469024763091105031e-14
2.220446049250313081e-16
1.483877793603297872e-15
1.049759512574373194e-01
2.220446049250313081e-16
2.220446049250313081e-16
5.530578099225434308e+00
3.621689127479923817e-12
1.538392258766913892e-15
1.617870551198932989e-15
1.638190639481817767e-15
1.549876688186812534e-15
3.964553167039088496e-12
2.220446049250313081e-16
1.130469067195098651e-14
1.153007421021163565e-14
2.220446049250313081e-16
2.220446049250313081e-16
8.574001021181576121e-14
2.385638143788178396e-04
2.226747645432860763e-10
5.239375191693279810e+00
8.439672987578599111e-08
3.698792515683331317e+01
3.715483836118156802e+01
2.220446049250313081e-16
1.430434568084096997e-02
3.496795490603140305e-05
2.220446049250313081e-16
3.799057424799122629e+01
4.340431086697637553e-01
9.290936215552891841e-02
3.888925752067206787e+01
2.444469641288943393e-04
1.442972069128638062e-02
4.399792605723410952e-12
3.878871001774503213e+01
8.533635774782549556e-14
1.067080013912463793e-01
1.232707309743933861e-08
3.803556190902430245e+01
3.794626410180939757e+01
3.542267320000930199e-05
3.589231767671208308e-12
3.851619403825166188e+01
2.220446049250313081e-16
8.149241142864034275e-09
3.681302074119504491e-05
6.636610945270746155e-07
2.622766377784760080e-04
2.329192625989671256e-10
6.383564206166831747e-07
3.934583876385729440e+01
1.682994023469760366e-09
3.287820210362649531e-11
8.917641839015913644e-08
9.438757555791568575e-08
1.645791639758852880e-15
3.965797937430473752e+01
2.220446049250313081e-16
9.579662708647497527e-02
2.398914982241606285e-04
4.310996865624915400e-12
1.018018565429389538e-01
1.139913040508274227e-14
3.619287414755910959e+01
3.606118812950764152e+01
2.220446049250313081e-16
6.395707119382410718e-07
3.813790694830154848e+01
1.526335987148545389e-03
6.168518224176928672e-13
1.103649891353404355e-08
3.754860484272452226e+01
1.552009212434599381e-15
2.660909066356073371e-05
4.112864448565996156e+01
6.739772289435791430e-01
7.441932718646542266e-01
2.937026606816532492e+01
4.913849869888777086e-06
1.707508089460904122e-03
5.286605212628311401e-01
1.762707451408504970e-09
3.910718881160847360e+01
2.220446049250313081e-16
5.426040064227400705e+00
4.725552863102763901e+00
9.402661805261529337e-02
1.331378153913026670e-02
6.377118830008422805e-08
3.709643383674999484e+01
2.220446049250313081e-16
3.872634809609024842e+01
2.220446049250313081e-16
2.770811351915037690e+01
9.676919336848645015e-09
8.527322961985995655e-14
4.190544532854934090e+01
5.723435877515536951e+00
3.929509632849632794e+01
4.043510597602404744e+01
3.737957334096853401e+01
3.783088242974508120e+01
5.498500765342900110e+00
3.721473815468213303e-12
3.617459154075880434e+01
1.031658369658528807e-01
4.856145815837699109e-01
5.323912339369648805e+00
6.290183071096523415e-01
3.665076173369610046e+01
6.087250534759348525e-13
6.366215673924400688e-13
3.611170666849766064e+01
4.711486166764258049e-06
1.967144654731193130e-10
3.543024580502338949e+01
3.894331556720622700e+01
5.141176013811999290e+00
7.278016635721658023e-01
3.867582157839584056e+01
5.063242678956604514e+00
1.125278106073770526e-14
8.119882886061081662e-01
3.584851648214197439e+01
3.881630130060892014e+01
5.364970085924296583e+00
1.495388839367911271e-06
3.988125464904918260e+01
5.200413285826249954e+00
1.836351162038846923e-03
5.222471196187743914e+00
3.929389967658811145e+01
3.568017498011221278e+01
4.967809943670370109e-06
3.272799739951307174e+01
3.957447524997426314e+01
3.433528339265615159e+01
3.901109943427805149e+01
3.378882258510677392e-11
3.110685464506499898e+01
4.674013137973150124e-13
2.220446049250313081e-16
3.695812528967113764e+01
3.869026139662246777e+01
5.864123654696419274e-01
3.884318291924058997e+01
4.075174133304820856e+01
7.646604260600738473e-14
4.012677939426898632e+01
2.607101270317886232e+01
2.505754700399019175e-04
3.709000328365785748e+01
3.646866411851701173e+01
4.217409889489128005e+01
6.939988059253772157e-01
3.798617756428562586e+01
3.407430679325423739e+01
8.760816589165946277e-08
2.186561280210149484e-10
3.691776814455412392e+01
3.670136390434598184e+01
3.162699528516608183e+01
3.796175076753086586e+01
3.767828138957549555e+01
2.255579787201592645e-10
6.410879541385865760e-07
1.094177768792482142e-14
9.957442491237855631e-02
3.668056748759008201e+01
6.513425087385360801e-13
1.355755125369045681e-02
3.700524139732944207e+01
3.768450178959118801e+01
3.240787303675070063e+01
5.981892900279907897e-07
7.817011141354246231e-09
3.643611976313075473e+01
2.595208558143757216e+01
3.885576450352369449e+01
2.931747350467457736e+01
3.440587290812004984e+00
3.392182855004045905e+01
3.754850078882356712e+01
7.489802455250349489e-01
3.857137274523770998e+01
3.843952621274366521e+01
3.790921834981938332e+01
3.625652764284966878e+01
3.692990243297321484e+01
1.029079955442555039e-01
2.220446049250313081e-16
4.273745053304954507e-12
3.726247036712779703e+01
3.687797590221428123e+01
4.505898710055705870e-07
7.204163603201859667e-01
3.727210094490475001e+01
2.986537515520116592e+00
1.412193732286711987e-09
4.137762399990336348e+01
4.103067074010184712e+01
3.750318276728578581e+01
3.713054564597302232e+01
3.635878011696348722e+01
3.479575786628942780e+01
1.264801739611678523e-09
2.562882827104391754e-04
2.663470563020184432e-04
4.017785595967193046e+01
3.956613952687286684e+01
3.657174174875706996e+01
3.832537728844484093e+01
3.764378751632249731e+01
2.801969588595052851e+00
4.012553652240551116e+01
2.717533494556872498e+01
3.824920274106803220e+01
4.075439323541957748e+01
3.641204516476738462e+01
3.917597712782620079e+01
4.019942082301709974e+01
9.586428687261122628e-02
3.893489207124641638e+01
3.938425200653382063e+01
3.816574990748461715e+01
4.003357772868310605e+01
3.146557420103922676e-06
3.884014612226908270e+01
3.710624845737910249e+01
3.617729104999685319e+01
5.425421228714913724e+00
3.878273038122608796e+01
3.817640123110583517e+01
3.949803883366274704e+01
7.274528573812983900e-01
3.905728149389082660e+01
2.523216576568178510e-04
2.220446049250313081e-16
2.995915974566416651e+01
5.314769487400852199e+00
2.538688805759823452e+01
3.978480855947285022e+01
2.452214012180944991e+01
3.964420272899170072e+01
3.717193960249883133e+01
3.934973929205795429e+01
1.622882819073878422e-15
3.635384819244791998e+01
3.626838536114394884e+01
1.234046031990230251e-09
4.723076589772113643e+00
7.663699812921406560e-14
3.145929844100001915e+01
3.786812674241418364e+01
3.889417429265314752e+01
3.826918665478461890e+01
4.027178718337073349e+01
7.083751407922251886e-01
1.935571866803946506e+01
3.744649496929667265e+01
1.759466590475226511e+01
1.106024587219403730e-14
2.657720392151424971e+00
3.950118474979803551e+01
2.736822278350918936e+01
1.526095126380881077e-09
4.870179022510586542e+00
4.162136713576963132e+01
3.692644573408559694e+01
3.805681539192450913e+01
4.083232497854967136e+01
3.965105709300544760e-12
3.637169307018523767e+01
3.952884029241293717e+01
3.910893358562146460e+01
3.897849364237809766e+01
1.367991242229504509e-02
4.014623528074441339e+01
3.309754137094208204e+01
5.211427743254029465e+00
4.065388875812712399e+01
3.690368783734822955e+01
2.787558471259194803e+01
3.757950391181601191e+01
5.220367538202198787e+00
3.794048060651313392e+01
2.972122261294303058e+01
4.333132711653885916e-01
2.220446049250313081e-16
4.020796148689203164e+01
4.121223317018864662e+01
4.633584856828527928e-12
4.153364070975491984e+01
4.018588184747632397e+01
3.831671919158513617e+01
3.938465721838043976e+01
3.823641227140722521e+00
4.006523287700375136e+01
3.753119140916273722e+01
7.581095765465845071e-01
3.824449951332683639e+01
3.859354323954386246e+01
2.184258458515063239e+01
3.880346478340916150e+01
3.639467687786410011e+01
2.883128927991410251e+01
3.549440689061284360e+01
3.743600339972110191e+01
3.624801662409144853e+01
2.541138736609920201e+01
3.811901474177714277e+01
3.838054516677087946e+01
3.792210324920537090e+01
6.944476892004349498e-03
3.820769450295573222e+01
3.273343286086978310e+01
3.803811981306043322e+01
3.555522880148298537e-02
5.217080915525924567e-01
3.853570659988405112e+01
3.886738817651007594e+01
3.608936809598701956e+01
3.739016283152726317e+01
2.676247446194783919e+01
7.258023896810608146e-03
3.788514093659067328e+01
3.973123919850026908e+01
3.065806951426830906e+00
4.035701273761922891e+01
4.039179689474357104e+01
4.104203388432646449e+01
3.723623626061556990e+01
3.616252354386401180e+01
3.943809401029349715e+01
3.795211368454594236e+01
3.773975450502940276e+01
9.999595623176199858e-09
3.977001575241186515e+01
3.841076381693425645e+01
3.855028383058611752e+01
3.689520789364565445e+01
3.986845133377060080e+01
3.528836725006550523e+01
4.227770979307332766e+01
3.857736730420145221e+01
1.689047322117684402e+01
3.756743605196275837e+01
4.622772315831696344e-01
3.898058013061002214e+01
4.022031203421454393e+01
4.014794052590942641e+01
4.024820587602503252e+01
4.196145897628180421e+01
3.681207589240967337e+01
3.836515984306497273e+01
3.607299647045082480e+01
3.716834338262808757e+01
5.761914607261558096e-14
3.718587604302334881e+01
1.843067765043332074e+01
3.721437866455524812e+01
2.099931057665609623e-04
2.220446049250313081e-16
3.800681294934212673e+01
3.495563665377867579e+01
3.791024245957139982e+01
3.701545617411113653e+01
4.123842592214484881e+01
3.783150741589594190e+01
3.864590275411888598e+01
3.810791997197568293e+01
3.548147716443094346e+00
4.234585915353122942e+01
3.901271193564056716e+01
3.821680105420769991e+01
4.077174839402098883e+01
1.088055859267796239e-14
4.032465662629468994e+01
4.022066836182461458e+01
1.677918925484551650e-09
1.831015720863193508e+01
2.647970484214892650e+01
3.549278416669447722e+01
3.874867339058422289e+01
3.303797362070819332e+01
3.776446723563786634e+01
3.828102314434192266e+01
2.113542877255205354e+01
3.894018443260257811e+01
3.944230534136040234e+01
3.634021790332055701e+01
3.973894320984316408e+01
2.108695490835047082e+01
3.910487112496119266e+01
3.917607671097495370e+01
3.702918425640096700e+01
3.906757201230533383e+01
3.829249227876258033e+01
3.879195092885102980e+01
3.790709577063056201e+01
4.140697387602570956e+01
1.502697522152550569e+01
3.840304058401407872e+01
4.717006026303447008e+00
3.625606780363150250e+01
3.975373415682457789e+01
3.910032603045453925e+01
3.958043371554012424e+01
2.807512615006952927e+01
3.559593187585717544e+01
3.393476872325743413e-07
3.624187421409714460e+01
8.576715979654789962e-03
3.519194631727542344e+01
4.140256294659736369e+01
2.328363986438818856e+01
3.822139824946379605e+01
3.811732377297107632e+01
3.951204803904570895e+01
3.673211267779420552e+01
3.979527167351366757e+01
3.439689371380730876e+01
4.078459038732217579e+01
2.254525514732947755e+01
3.962542576111611226e+01
3.897335473254649685e+01
3.913962402066242419e+01
3.928369771395313848e+01
3.841033879066888090e+01
3.678204440987244794e+01
2.217188711240665810e+01
3.578192742759291889e+01
3.810682212467727936e+01
3.580018156857735079e+01
3.833835051674680727e+01
3.898228197367591008e+01
3.695920781979408076e+01
3.931000760342541156e+01
3.635366408587252351e+01
3.977951846597130192e+00
4.147159171721684601e+01
3.438530216515485449e+01
3.813173620682202625e+01
3.807626098357591360e+01
3.540047542610378173e+01
3.544214773188399903e+01
3.279628850903092285e+01
3.829778649350507180e+01
3.280589299576925555e+01
3.995467937164210070e+01
3.903654355197134862e+01
3.973656876801239690e+01
3.729895762623064570e+01
3.971224684078102740e+01
3.992934510272262116e+01
5.430046561330277299e+00
3.824454323882233808e+01
3.469701445438803944e+01
3.832951878504407262e+01
3.989953525916090626e+01
3.995233594343540773e+01
3.912389166009688068e+01
3.804188429038732266e+01
3.840793428493791595e+01
1.531677966871469003e-15
4.102008829595624917e+01
3.701925606607351682e+01
3.865810352540844974e+01
3.844742055546627313e+01
4.062212655664751537e+01
3.960919074264157302e+01
4.007433255893747059e+01
3.815752072557683761e+01
3.730136927472164388e+01
1.923351871902413279e+01
3.796756535744027872e+01
3.864459707249363873e+01
3.539393985505803641e+01
4.040781648426975181e+01
4.036744934838848309e+01
3.808100815663268435e+01
3.907818384496135877e+01
4.000647356821453116e+01
