2.220446049250313081e-16
2.220446049250313081e-16
2.220446049250313081e-16
2.220446049250313081e-16
2.220446049250313081e-16
2.220446049250313081e-16
2.220446049250313081e-16
2.220446049250313081e-16
2.220446049250313081e-16
2.220446049250313081e-16
2.220446049250313081e-16
2.220446049250313081e-16
2.220446049250313081e-16
2.220446049250313081e-16
2.220446049250313081e-16
2.220446049250313081e-16
2.220446049250313081e-16
2.220446049250313081e-16
2.220446049250313081e-16
2.220446049250313081e-16
2.220446049250313081e-16
2.220446049250313081e-16
2.220446049250313081e-16
2.220446049250313081e-16
2.220446049250313081e-16
2.220446049250313081e-16
2.220446049250313081e-16
2.220446049250313081e-16
2.220446049250313081e-16
2.220446049250313081e-16
2.220446049250313081e-16
2.220446049250313081e-16
2.220446049250313081e-16
2.220446049250313081e-16
2.220446049250313081e-16
2.220446049250313081e-16
2.220446049250313081e-16
2.220446049250313081e-16
2.220446049250313081e-16
2.220446049250313081e-16
2.220446049250313081e-16
2.220446049250313081e-16
2.220446049250313081e-16
2.220446049250313081e-16
2.220446049250313081e-16
2.220446049250313081e-16
2.220446049250313081e-16
2.220446049250313081e-16
2.220446049250313081e-16
2.220446049250313081e-16
2.220446049250313081e-16
2.220446049250313081e-16
2.220446049250313081e-16
2.220446049250313081e-16
2.220446049250313081e-16
2.220446049250313081e-16
2.220446049250313081e-16
2.220446049250313081e-16
2.220446049250313081e-16
2.220446049250313081e-16
2.220446049250313081e-16
2.220446049250313081e-16
2.220446049250313081e-16
2.220446049250313081e-16
2.220446049250313081e-16
2.220446049250313081e-16
2.220446049250313081e-16
2.220446049250313081e-16
2.220446049250313081e-16
2.220446049250313081e-16
1.544553513998311503e-15
2.220446049250313081e-16
2.220446049250313081e-16
2.220446049250313081e-16
2.220446049250313081e-16
2.220446049250313081e-16
2.220446049250313081e-16
1.581746344629728198e-15
2.220446049250313081e-16
2.220446049250313081e-16
2.220446049250313081e-16
2.220446049250313081e-16
2.220446049250313081e-16
2.220446049250313081e-16
2.220446049250313081e-16
2.220446049250313081e-16
2.220446049250313081e-16
2.220446049250313081e-16
2.220446049250313081e-16
2.220446049250313081e-16
2.220446049250313081e-16
2.220446049250313081e-16
2.220446049250313081e-16
2.220446049250313081e-16
1.606079500089461116e-15
2.220446049250313081e-16
1.597689989404963142e-15
2.220446049250313081e-16
2.220446049250313081e-16
2.220446049250313081e-16
2.220446049250313081e-16
2.220446049250313081e-16
1.607034204851962398e-15
2.220446049250313081e-16
2.220446049250313081e-16
2.220446049250313081e-16
2.220446049250313081e-16
2.220446049250313081e-16
2.220446049250313081e-16
2.220446049250313081e-16
2.220446049250313081e-16
2.220446049250313081e-16
2.220446049250313081e-16
2.220446049250313081e-16
2.220446049250313081e-16
2.220446049250313081e-16
2.220446049250313081e-16
2.220446049250313081e-16
2.220446049250313081e-16
2.220446049250313081e-16
2.220446049250313081e-16
2.220446049250313081e-16
2.220446049250313081e-16
2.220446049250313081e-16
2.220446049250313081e-16
2.220446049250313081e-16
2.220446049250313081e-16
2.220446049250313081e-16
2.220446049250313081e-16
2.220446049250313081e-16
2.220446049250313081e-16
2.220446049250313081e-16
2.220446049250313081e-16
2.220446049250313081e-16
2.220446049250313081e-16
2.220446049250313081e-16
2.220446049250313081e-16
1.554692574543587519e-15
2.220446049250313081e-16
1.564532944679722932e-15
2.220446049250313081e-16
2.220446049250313081e-16
2.220446049250313081e-16
2.220446049250313081e-16
2.220446049250313081e-16
2.220446049250313081e-16
2.220446049250313081e-16
2.220446049250313081e-16
2.220446049250313081e-16
2.220446049250313081e-16
1.641122942299932839e-15
2.220446049250313081e-16
2.220446049250313081e-16
2.220446049250313081e-16
2.220446049250313081e-16
1.620397904973221569e-15
2.220446049250313081e-16
2.220446049250313081e-16
2.220446049250313081e-16
2.220446049250313081e-16
2.220446049250313081e-16
2.220446049250313081e-16
2.220446049250313081e-16
2.220446049250313081e-16
2.220446049250313081e-16
2.220446049250313081e-16
2.220446049250313081e-16
2.220446049250313081e-16
2.220446049250313081e-16
2.220446049250313081e-16
2.220446049250313081e-16
1.191059894361854531e-14
2.220446049250313081e-16
2.220446049250313081e-16
2.220446049250313081e-16
2.220446049250313081e-16
8.274900245189959181e-14
2.220446049250313081e-16
2.220446049250313081e-16
1.174868016167538891e-14
2.220446049250313081e-16
2.220446049250313081e-16
2.220446049250313081e-16
1.183626608672786971e-14
1.617565728393182981e-15
2.220446049250313081e-16
2.220446049250313081e-16
2.220446049250313081e-16
2.220446049250313081e-16
2.220446049250313081e-16
2.220446049250313081e-16
1.599411378156157776e-15
2.220446049250313081e-16
2.220446049250313081e-16
2.220446049250313081e-16
8.679459916992162397e-14
2.220446049250313081e-16
2.220446049250313081e-16
2.220446049250313081e-16
2.220446049250313081e-16
1.181769689362965166e-14
2.220446049250313081e-16
1.187068785798734290e-14
2.220446049250313081e-16
2.220446049250313081e-16
2.220446049250313081e-16
2.220446049250313081e-16
2.220446049250313081e-16
2.220446049250313081e-16
2.220446049250313081e-16
1.568863140765412649e-15
2.220446049250313081e-16
2.220446049250313081e-16
2.220446049250313081e-16
1.186737842304207273e-14
1.186942559829548308e-14
1.194502013693518956e-14
2.220446049250313081e-16
1.610645751511524378e-15
2.220446049250313081e-16
2.220446049250313081e-16
2.220446049250313081e-16
2.220446049250313081e-16
2.220446049250313081e-16
2.220446049250313081e-16
1.201056224320444180e-14
2.220446049250313081e-16
2.220446049250313081e-16
2.220446049250313081e-16
2.220446049250313081e-16
2.220446049250313081e-16
1.601869920038236630e-15
2.220446049250313081e-16
2.220446049250313081e-16
2.220446049250313081e-16
2.220446049250313081e-16
1.167692025613653753e-14
1.626861688810043620e-15
2.220446049250313081e-16
2.220446049250313081e-16
2.220446049250313081e-16
2.220446049250313081e-16
1.615333083141524563e-15
1.610149072993285682e-15
1.442849602322104213e-15
2.220446049250313081e-16
2.220446049250313081e-16
1.622858590317363440e-15
2.220446049250313081e-16
2.220446049250313081e-16
2.220446049250313081e-16
2.220446049250313081e-16
2.220446049250313081e-16
2.220446049250313081e-16
2.220446049250313081e-16
2.220446049250313081e-16
2.220446049250313081e-16
2.220446049250313081e-16
1.624303566962536774e-15
1.586805374124784747e-15
1.503585846983606920e-15
2.220446049250313081e-16
2.220446049250313081e-16
1.619407285116550960e-15
2.220446049250313081e-16
2.220446049250313081e-16
2.220446049250313081e-16
1.602323062947614482e-15
2.220446049250313081e-16
1.150671569996472779e-14
2.220446049250313081e-16
1.149686648983016696e-14
2.220446049250313081e-16
2.220446049250313081e-16
1.169009825141617877e-14
1.645089690699695101e-15
1.613277934546727263e-15
1.529288045067026557e-15
2.220446049250313081e-16
2.220446049250313081e-16
2.220446049250313081e-16
6.309167273459424079e-13
2.220446049250313081e-16
1.627047844626415350e-09
1.607962860578459750e-15
2.220446049250313081e-16
8.154510784708257058e-14
1.627221791816722719e-15
2.220446049250313081e-16
2.220446049250313081e-16
1.179062569459433424e-14
1.638102800887123217e-15
2.220446049250313081e-16
1.499993752595193678e-15
2.220446049250313081e-16
2.220446049250313081e-16
2.220446049250313081e-16
2.220446049250313081e-16
8.530338717166882026e-14
2.220446049250313081e-16
1.616615855990283112e-15
2.220446049250313081e-16
2.220446049250313081e-16
1.100142854208663535e-14
2.220446049250313081e-16
2.220446049250313081e-16
1.180592841494828309e-14
1.618701591442338255e-15
2.220446049250313081e-16
1.612458453331353349e-15
7.650234689626066611e-14
1.175333576125993646e-14
2.220446049250313081e-16
6.249411761057202871e-13
2.220446049250313081e-16
2.220446049250313081e-16
2.220446049250313081e-16
1.152378140241414651e-14
1.573792784644544967e-15
7.495641529478494957e-14
1.184276628105725390e-14
2.220446049250313081e-16
1.167638054194905178e-14
2.220446049250313081e-16
1.159556586956873522e-14
2.220446049250313081e-16
2.220446049250313081e-16
2.220446049250313081e-16
1.020934692192775427e-14
2.220446049250313081e-16
1.582242749373831349e-15
2.220446049250313081e-16
2.220446049250313081e-16
4.536801289263337577e-12
4.638359284063245936e-12
2.220446049250313081e-16
1.632793877666547415e-15
2.220446049250313081e-16
1.142160404538192475e-14
2.220446049250313081e-16
3.342017427557419643e-11
1.582745698134703992e-15
1.114748986384243344e-14
2.220446049250313081e-16
1.610769184106435648e-15
2.220446049250313081e-16
1.550674641495831702e-15
2.220446049250313081e-16
2.541122132940955040e-10
8.669292907691442159e-14
1.192101746593359662e-14
1.166230868713381137e-14
2.220446049250313081e-16
2.220446049250313081e-16
2.220446049250313081e-16
1.628396354851569569e-15
4.503065159864145913e-12
2.220446049250313081e-16
6.160472414348769754e-13
4.467469258295710068e-12
1.191683574667664237e-14
2.220446049250313081e-16
2.220446049250313081e-16
2.220446049250313081e-16
1.622872689156619724e-15
2.220446049250313081e-16
1.173149860780284811e-14
3.318923830694962929e-11
2.220446049250313081e-16
1.626668581756083382e-15
2.220446049250313081e-16
7.327901296935776367e-14
1.112510235787983420e-14
2.220446049250313081e-16
2.220446049250313081e-16
2.220446049250313081e-16
9.548922574102751295e-08
3.236532834129977252e-11
4.595312543409662221e-12
1.587692408323729868e-15
1.077857370012440066e-14
8.326621006500759966e-14
2.220446049250313081e-16
1.592075447047971912e-15
1.503921598065783958e-15
2.220446049250313081e-16
2.220446049250313081e-16
1.151921669039481232e-14
1.045235607731853644e-01
1.280029478008236284e-08
1.280828100003979882e-08
2.843511449281651937e-11
1.526385732312418657e-15
8.742241684792995335e-14
1.167852573303726994e-14
1.551979399205649152e-15
4.594590013095689717e-12
6.144136416241584347e-13
2.220446049250313081e-16
2.220446049250313081e-16
4.425812318626225049e-12
8.584872517249261968e-14
2.220446049250313081e-16
1.757277546446371673e-03
2.220446049250313081e-16
1.613642433973332717e-15
2.220446049250313081e-16
1.172102628479590763e-14
3.553110904354527330e-05
8.514839431128310666e-14
2.220446049250313081e-16
1.182809151125038536e-14
3.331769007474537016e-11
5.858517883516598824e-13
1.418062798486807900e-15
2.220446049250313081e-16
3.111186173450049655e-11
4.589931178328608999e-12
8.395312782681623145e-14
2.565577557007486993e-04
2.220446049250313081e-16
1.188418198046284225e-14
1.637441797297183773e-15
2.220446049250313081e-16
2.767742386529921267e-05
1.590491847529369487e-15
2.220446049250313081e-16
6.604452782424738599e-07
1.393701161191326631e-15
2.220446049250313081e-16
1.609008440885388266e-15
1.727769154592685699e-09
3.738757533719713413e-05
1.161070507013879355e-14
2.220446049250313081e-16
2.220446049250313081e-16
1.556930933001497088e-15
7.325968782540587254e-01
1.429201765546062341e-09
1.087664466424460170e-14
9.343195490171566488e-08
1.633175223519251595e-15
4.506435852450221216e-12
1.326340268676519163e-08
5.739012093706007558e-13
2.376145836037420006e-10
1.621796669444969747e-15
7.635206640129162845e-14
2.220446049250313081e-16
9.919473976930605341e-02
3.625557445144994768e-05
4.782533973647630069e-12
1.318964705153773221e-08
5.850887106129566126e-13
2.220446049250313081e-16
1.388228652366539292e-02
1.633444677721055115e-15
2.220446049250313081e-16
2.220446049250313081e-16
3.167224577057932108e-11
2.220446049250313081e-16
2.220446049250313081e-16
7.483563861825635044e-01
1.266592699876780259e-08
8.595265791198858449e-14
1.208412828385050947e-14
1.575825993343670509e-15
3.278050613211850574e-11
3.480083627352698282e-11
5.470054949206786254e+00
8.312659940374481262e-14
1.877741135526221584e-03
2.220446049250313081e-16
1.619805182720536189e-15
8.689097377873018090e-14
3.129109202310025256e-11
2.220446049250313081e-16
1.625625386282306411e-15
4.677041152742606874e-12
7.584361139133436450e-14
7.795876440222678225e-14
8.797430095598871010e-14
1.013268246228449243e-01
1.457550174842661255e-15
2.568864340821604142e-04
1.748055424769760325e-09
4.396661566040032181e-12
3.254040037822818945e-11
6.822135614430182087e-07
2.568419890924536139e-04
8.568497649414352590e-14
8.432507294401258759e-14
2.220446049250313081e-16
6.412324209806193297e-07
1.266001544681665299e-08
1.302547197989641655e-08
3.836062957708409016e+01
2.220446049250313081e-16
1.326127973825158915e-02
3.346491248974496581e-11
2.059705392816754923e-10
1.634555965303316048e-15
1.097918655403326975e-14
2.220446049250313081e-16
6.038504558893591056e-13
1.283176291372027308e-02
1.217904411327464764e-08
2.220446049250313081e-16
9.471030574853895063e-08
1.848764415844691717e-03
6.179981082480939571e-13
4.525081910630193197e-12
6.695404235814785870e-07
5.870722816387459545e-13
1.688332566982405806e-09
2.190362358709036269e-10
5.920723343453220216e-07
6.716005565133970029e-07
4.992677577486780460e-06
2.220446049250313081e-16
4.545803190959825992e-12
8.445250713848150811e-14
1.322048958170089624e-08
2.220446049250313081e-16
2.220446049250313081e-16
1.661736577641070481e-09
4.285981874949946032e-12
5.718449083975489041e-13
1.158248627725504969e-14
5.981800074779794929e-13
4.043141557572440092e+01
6.832579882858049560e-07
4.059996795833422567e+01
4.015989108049623724e+01
8.747993260176621803e-14
2.220446049250313081e-16
1.033370811709968251e-01
1.531031971449497393e-15
1.834836359340303886e-03
6.150831005880718110e-13
2.220446049250313081e-16
1.587096102607470668e-15
1.535050182172256489e-03
7.566220548846986915e-01
9.213604615108790723e-08
9.353996027276971857e-08
2.399583410405303602e-10
9.573964186579875414e-08
5.363583620142514255e-13
3.287175438179543138e-06
1.631095996098885755e-15
9.916792225721503262e-02
6.618556072949335614e-07
3.766699905832705042e+01
3.713816904220749393e+01
3.676666662929619633e+01
4.939718903264019291e-06
5.459485790546994011e+00
2.030871568335856333e-10
3.344275973224330297e-11
7.435278130963500291e-14
1.386672078114240675e-02
2.220446049250313081e-16
1.330504584920917666e-02
5.633362630792636772e+00
3.633764128010882324e-05
2.220446049250313081e-16
4.071269114165959024e+01
4.483828758684007406e-12
8.679257993560947901e-14
2.220446049250313081e-16
7.109433159960139923e-08
3.939860340317389616e-12
3.947322740735216939e+01
1.177793213715108792e-08
4.619069336297373596e+00
2.220446049250313081e-16
1.864446100130184381e-03
2.263708964538582239e-11
4.372820290953430023e-06
9.341633880551050706e-02
3.354216814342016030e-11
1.449549185985561311e-09
3.170653754178665403e-05
4.327393961143039757e-12
3.780489668015181337e+01
2.220446049250313081e-16
2.220446049250313081e-16
1.218744707785252576e-08
2.220446049250313081e-16
1.196684028278599892e-14
7.210459066366521341e-01
1.367067134018117155e-03
5.855086772088354133e-13
1.628766864070301007e-15
5.318748761308539130e+00
1.382248119137788854e-02
3.307713846131271623e-05
5.114313704373940533e-06
2.220446049250313081e-16
4.383090122368294317e+01
2.113773007576929078e-10
4.662131601563422323e-01
3.935725766527281166e+01
3.868026531522254174e+01
6.681083127140201583e-01
2.220446049250313081e-16
1.053261766105211411e-01
1.556651515908051167e-15
3.854106880814033786e+01
5.585693931214390062e+00
7.043909839080408908e-01
3.388992385251196392e-06
3.929675664851871630e+01
1.205286681619807810e-14
2.220446049250313081e-16
4.081927200520951478e-12
3.748249509056002182e+01
1.019840446438735442e-02
2.757241437543184048e+01
3.709328441679706145e+01
3.521615568166445343e+01
4.484509117948263208e-12
7.855006663165331352e-08
2.715923946751485447e-04
6.442630370618029966e-07
4.053896178931354655e+01
3.615488208123540659e+01
2.220446049250313081e-16
4.002989266157175052e+01
6.185775731663685551e-07
1.030550969911793020e-14
3.882943460044342743e+01
3.612483948254073396e-06
4.751226676779538107e-06
1.609028665153934924e-09
2.389809962002796496e-04
3.756482894227927043e-12
5.408325370332817350e+00
7.621139697953304148e-01
5.275920896307861874e+00
1.086217954058418247e-14
3.764741972588054608e+01
4.254451924014897166e-07
3.810913507015935409e+01
3.739828485652090251e+01
3.663900656801866518e+01
5.814978554527499011e-01
4.098297542816169425e+01
4.437132100254056688e+00
2.216633263227582389e-04
1.296192822236043839e-02
3.605907846926636040e+01
3.453788257155426377e-11
2.220446049250313081e-16
1.727463254901817458e-09
5.312312264957268937e+00
1.754597334801660238e-04
4.108316232123539180e+01
1.777365307897154040e-10
3.865374969444940234e+01
8.999425725833329194e-14
2.341501989902202233e-10
6.799763191620080578e-14
4.656595182903850343e-06
3.642441888034162645e+01
5.343034811113621885e+00
1.050148504138916698e-14
1.299437065144524485e-02
8.949947423331185148e-02
1.858924343252365847e-03
3.774393268161978199e+01
3.785977362996697337e+01
6.643164794014967400e-01
1.628606981341156627e-15
3.860184789610641332e+01
3.579453045458241627e-05
3.806098744944309686e+01
3.886584787387673146e+01
8.350043730858787716e-08
9.884051518859529595e-02
1.150408258633793895e-14
3.954234549353033401e+01
3.925459880314795669e+01
5.017801901765580830e+00
2.921417863237104839e+00
1.622145720751587045e-09
3.863259194655572060e+01
9.822813081707219840e-02
5.025194741072450176e-06
7.460884224459690683e-01
8.746815255948509060e-02
3.677010966786624380e+01
3.606610975335990332e+01
3.735628727176923292e+01
3.862804811253167259e+01
3.555940267769051997e-07
9.761918907053152017e-02
3.645546537320171154e+01
4.121024429829680713e+01
4.706159529885213786e-06
3.789330827330793028e+01
3.841676633044878031e+01
4.002563483372331632e+01
4.125538069727156198e+01
3.828387765019100897e+01
3.535975420924950896e+01
2.435673682654422914e-04
3.297116692593044025e-11
3.648835665713147591e+01
3.802349481456894154e+01
5.091831874500746480e+00
7.760672710917937097e-14
3.310431514758459315e+01
3.931482269615289482e+01
7.010970870391919599e-14
4.100902864867092035e+01
3.927079776495764918e+01
3.586933151781160324e-12
3.946306960574514022e+01
3.089497936233362552e+01
3.725100396480454634e+01
3.498268170416814980e-05
3.634644563592764399e+01
3.789962476328665275e+01
3.926361498313667653e+01
3.864452925937801808e+01
3.892340066684858613e+01
1.107133446812752975e-03
3.840822503978497338e+01
3.712499466398448789e+01
3.918458199293372957e+01
7.324844479741361714e-02
1.162994569819227668e-14
5.369717102731209196e-02
6.088676888409737603e-13
3.720849181177692344e+01
3.883564063828681867e+01
3.984420594483617606e+01
3.953144773671668588e+01
3.645762706592149272e+01
2.220446049250313081e-16
3.644168735012712546e+01
8.773743984302317944e-02
1.880881865328769189e-03
3.650795200285864439e+01
3.580330262466525681e+01
2.465500007966529481e-04
3.569341973046219607e+01
3.813208215243204791e+01
3.587375398790667447e+01
3.855126176377233804e+01
5.442011123289251275e-03
1.268231432279460409e-09
3.077896239163840164e+01
4.103687781793431810e+01
3.926024227258074006e+01
3.851004719550161326e+01
3.702608659670328706e+01
3.726085854879316628e+01
2.220446049250313081e-16
4.286760871790587402e+00
3.283611864230543631e+01
3.917508980782201178e+01
3.971671503723032259e+01
4.031477612934316568e+01
3.720593637400607179e+01
7.496348016631556588e-01
3.728603993936129513e+01
3.843254952337500896e+01
3.795334630338368953e+01
2.267412861458063529e-05
4.129655081820159523e+01
2.294881895236639295e-04
3.565459680457264824e+01
2.101219687407703418e+01
2.220446049250313081e-16
3.888958014864455492e+01
5.395354956731656770e+00
4.154331356083309146e+01
1.888115132756225734e+01
3.989016962422376622e+01
3.722080412421368578e+01
5.115076792010906814e+00
3.577784476613025788e+01
3.727282526976340193e+01
4.035638176304204450e+01
8.508789180269739350e-02
3.895067755581944624e+01
3.989307047396981432e+01
3.183306309585485394e+01
3.661208070676700999e+01
3.661790167728093337e+01
3.556248259332086548e+01
3.711101325210307778e+01
3.919845614298777292e+01
1.026407877197176213e-14
2.220446049250313081e-16
1.510490005412336231e-15
2.431911651800368777e-10
3.684686625907396262e+01
3.506360404371910988e+01
3.515772990363230122e+01
6.610148677867390649e-07
3.661932707144045196e+01
1.815572019760729461e+01
3.486282071025219409e+01
2.816824049961615728e+01
3.832022534594755570e+01
5.099711090696851024e+00
3.867766527907902230e+01
3.740296044655569574e+01
3.672553250228693145e+01
4.008049996662208514e+01
2.263784222977906018e-04
3.977926279041201951e+01
3.836037744919742210e+01
3.757491137305985518e+01
3.705406623789896514e+01
3.625935850982340725e+01
3.293646152000310678e+01
3.735543820235858448e+01
3.820935573923287620e+01
3.460864845300228865e+01
3.631927447076580506e+01
3.977929176070193762e+01
3.909452639468342028e+01
4.061191191010782120e+01
3.717457295303784548e+01
3.513021836780089302e+01
6.611571826882685402e-13
3.850047029314016811e+01
3.823964817587187071e+01
3.826745979436649492e+01
4.165788459244760134e+01
3.636223959453024435e+01
2.479786879496344199e+01
3.565408742703925216e-02
3.809109748454757494e+01
1.329376599297819699e-02
3.366315207355796701e+01
3.785791218496103738e+01
3.680981459600055672e+01
3.976803214287598820e+01
3.666645671267186657e+01
3.978832146303052042e+01
2.220446049250313081e-16
3.894552403543080743e+01
3.897117077915991956e+01
4.412618865586871623e-12
3.732559761793355335e+01
3.848478375867103551e+01
3.909840811643613989e+01
2.220446049250313081e-16
8.283968619903118807e-08
4.056062758529628809e+01
3.847551134503510895e+01
1.671586330448062085e+01
3.618926850111809301e+01
6.845785194458049450e-01
3.755829423923869115e+01
3.708085619524843679e+01
3.983625205211338738e+01
4.052488664158277487e+01
3.836384036556424348e+01
4.191640403905344670e+01
3.754067029370681752e+01
1.516157888221357441e-15
3.769616576722334145e+01
1.703707527372350583e+01
4.063016070027545368e+01
3.995839996518894566e+01
4.342704229364522384e+00
2.845352985829229908e+01
3.951690097239224997e+01
3.879178774539164465e+01
3.822147538339807227e+01
3.998293040747287819e+01
3.720100557847561618e+01
3.868793645161224504e+01
3.890801654698778833e+01
3.491426610713753576e+01
3.696571739710810078e+01
1.698625147737607222e+01
3.777094829827094458e+01
3.922976142171116010e+01
4.010481053895042436e+01
3.848932604667813706e+01
3.818858245684874930e+01
3.992968894792983292e+01
2.259152322663182133e+01
4.083983967930935677e+01
3.418371354680226659e+01
2.576641690958993891e+01
3.746714290595114960e+01
1.052004954104091884e-14
3.689494075736136125e+01
3.440683082818002703e+01
4.016013786581285672e+01
3.817559234315921657e+01
3.647276435093278479e+01
4.012869095102659855e+01
3.731587708590534902e+01
4.689266693613773073e-08
3.602549589066757108e+01
4.002176390767549918e+01
3.963798999146261792e+01
4.016814862791567009e+01
3.957888367758476278e+01
3.274932247178680546e-12
3.383704745624433485e+01
3.772247680035272310e+01
3.821332153936857878e+01
3.854853232696308396e+01
3.837626209322716164e+01
3.895677744535920084e+01
3.624930833015087472e+01
3.735884124207723289e+01
3.662046450027791167e+01
3.816001108193336933e+01
3.817237963775264831e+01
4.005020494981969392e+01
3.515144160232402015e+01
3.574224538566660669e+01
3.761622814663595449e+01
3.778343941815408868e+01
3.709329839447110544e+01
3.824878449035420402e+01
3.987094791697004581e+01
3.999225719549816915e+01
4.021898730951162548e+01
4.784701143316128835e+00
3.875384293530539992e+01
9.940922055183333550e-02
3.977235943848233291e+01
3.976671590024825775e+01
3.873748309850581251e+01
3.967874585292690881e+01
3.650134470293613731e+01
3.314864299312073825e+01
1.606154921288539583e+01
2.582207807207557160e+00
3.910065166210746668e+01
3.787459226454176786e+01
4.065722662314408353e+01
3.799007680707262580e+01
3.538651114088433758e+01
3.919166363500169581e+01
3.625151877506170450e+01
3.975458352286933206e+01
3.887855263500187419e+01
4.142357287626800399e+01
3.909627525769699474e+01
4.049034200544746653e+01
3.794421749983025194e+01
3.802207464028040818e+01
4.048410448439081222e+01
4.024298855540307329e+01
3.981054747641585578e+01
3.946876654162778664e+01
2.579760047428022318e+01
4.378322716404181847e+01
3.899200050688301644e+01
3.657462601561570636e+01
3.683585101253692073e+01
3.594147016721397137e+01
3.749671329780714046e+01
3.941200443863215952e+01
3.944021652240944320e+01
3.563963728000319264e+01
3.788116793123749204e+01
3.654602018862044588e+01
3.883810288176685077e+01
3.913123283493462878e+01
4.127607106218208344e+01
4.030230163081838413e+01
3.778461933689368379e+01
4.013791542824500169e+01
7.968239583922360980e-09
3.720711730413768947e+01
3.622815856737933160e+01
3.338084676026342379e+01
4.058318123097902230e+01
3.352575011027395391e+01
4.060876434429506077e+01
3.492958645848936783e+01
5.164633304276755155e+00
3.665677445328789474e+01
2.430013821904877602e+01
4.049612403837164010e+01
4.134989685534448967e+01
3.691161202173406508e+01
4.123346946347321307e+01
4.026626546588325084e+01
3.813933978733098229e+01
3.493956948863904444e+01
3.724717181267995869e+01
3.884278793179336731e+01
3.791934296923442105e+01
3.994136552129409523e+01
4.019198669586808137e+01
