2.220446049250313081e-16
2.220446049250313081e-16
2.220446049250313081e-16
2.220446049250313081e-16
2.220446049250313081e-16
2.220446049250313081e-16
2.220446049250313081e-16
2.220446049250313081e-16
2.220446049250313081e-16
2.220446049250313081e-16
2.220446049250313081e-16
2.220446049250313081e-16
2.220446049250313081e-16
2.220446049250313081e-16
2.220446049250313081e-16
2.220446049250313081e-16
2.220446049250313081e-16
2.220446049250313081e-16
2.220446049250313081e-16
2.220446049250313081e-16
2.220446049250313081e-16
2.220446049250313081e-16
2.220446049250313081e-16
1.491323960189042450e-15
2.220446049250313081e-16
2.220446049250313081e-16
2.220446049250313081e-16
2.220446049250313081e-16
2.220446049250313081e-16
2.220446049250313081e-16
2.220446049250313081e-16
2.220446049250313081e-16
1.599348276273772678e-15
2.220446049250313081e-16
2.220446049250313081e-16
2.220446049250313081e-16
2.220446049250313081e-16
2.220446049250313081e-16
2.220446049250313081e-16
2.220446049250313081e-16
2.220446049250313081e-16
2.220446049250313081e-16
2.220446049250313081e-16
2.220446049250313081e-16
2.220446049250313081e-16
2.220446049250313081e-16
2.220446049250313081e-16
2.220446049250313081e-16
2.220446049250313081e-16
2.220446049250313081e-16
2.220446049250313081e-16
2.220446049250313081e-16
2.220446049250313081e-16
2.220446049250313081e-16
2.220446049250313081e-16
2.220446049250313081e-16
2.220446049250313081e-16
1.602926198621724798e-15
2.220446049250313081e-16
2.220446049250313081e-16
2.220446049250313081e-16
2.220446049250313081e-16
2.220446049250313081e-16
2.220446049250313081e-16
2.220446049250313081e-16
2.220446049250313081e-16
2.220446049250313081e-16
2.220446049250313081e-16
2.220446049250313081e-16
2.220446049250313081e-16
2.220446049250313081e-16
2.220446049250313081e-16
2.220446049250313081e-16
1.432510273765434290e-15
1.542607422143247028e-15
2.220446049250313081e-16
2.220446049250313081e-16
1.578352177377003077e-15
2.220446049250313081e-16
2.220446049250313081e-16
1.516104592627209230e-15
2.220446049250313081e-16
2.220446049250313081e-16
2.220446049250313081e-16
1.596313127497364345e-15
2.220446049250313081e-16
2.220446049250313081e-16
2.220446049250313081e-16
1.612340217280348826e-15
2.220446049250313081e-16
2.220446049250313081e-16
2.220446049250313081e-16
2.220446049250313081e-16
2.220446049250313081e-16
2.220446049250313081e-16
2.220446049250313081e-16
2.220446049250313081e-16
2.220446049250313081e-16
2.220446049250313081e-16
2.220446049250313081e-16
2.220446049250313081e-16
2.220446049250313081e-16
2.220446049250313081e-16
2.220446049250313081e-16
2.220446049250313081e-16
2.220446049250313081e-16
2.220446049250313081e-16
2.220446049250313081e-16
2.220446049250313081e-16
2.220446049250313081e-16
2.220446049250313081e-16
2.220446049250313081e-16
2.220446049250313081e-16
2.220446049250313081e-16
2.220446049250313081e-16
2.220446049250313081e-16
2.220446049250313081e-16
2.220446049250313081e-16
2.220446049250313081e-16
2.220446049250313081e-16
1.597007612858262488e-15
2.220446049250313081e-16
2.220446049250313081e-16
2.220446049250313081e-16
2.220446049250313081e-16
1.605408131086802557e-15
2.220446049250313081e-16
2.220446049250313081e-16
2.220446049250313081e-16
1.643884220397550231e-15
2.220446049250313081e-16
2.220446049250313081e-16
2.220446049250313081e-16
2.220446049250313081e-16
2.220446049250313081e-16
1.621645241443613782e-15
2.220446049250313081e-16
2.220446049250313081e-16
1.472383312649388039e-15
1.015323027592896839e-14
2.220446049250313081e-16
1.194000639859587451e-14
2.220446049250313081e-16
2.220446049250313081e-16
2.220446049250313081e-16
2.220446049250313081e-16
2.220446049250313081e-16
1.636666024614675718e-15
2.220446049250313081e-16
2.220446049250313081e-16
2.220446049250313081e-16
2.220446049250313081e-16
2.220446049250313081e-16
2.220446049250313081e-16
1.197273473911436788e-14
2.220446049250313081e-16
2.220446049250313081e-16
2.220446049250313081e-16
2.220446049250313081e-16
2.220446049250313081e-16
2.220446049250313081e-16
2.220446049250313081e-16
2.220446049250313081e-16
2.220446049250313081e-16
2.220446049250313081e-16
2.220446049250313081e-16
1.173201489762160272e-14
2.220446049250313081e-16
2.220446049250313081e-16
2.220446049250313081e-16
1.638547701063600837e-15
2.220446049250313081e-16
2.220446049250313081e-16
1.519842075628111053e-15
2.220446049250313081e-16
2.220446049250313081e-16
2.220446049250313081e-16
2.220446049250313081e-16
2.220446049250313081e-16
2.220446049250313081e-16
2.220446049250313081e-16
2.220446049250313081e-16
1.636407962126226927e-15
1.159197968731287739e-14
1.182327030997067023e-14
2.220446049250313081e-16
2.220446049250313081e-16
2.220446049250313081e-16
2.220446049250313081e-16
2.220446049250313081e-16
2.220446049250313081e-16
1.184224071509921779e-14
2.220446049250313081e-16
2.220446049250313081e-16
2.220446049250313081e-16
2.220446049250313081e-16
2.220446049250313081e-16
2.220446049250313081e-16
2.220446049250313081e-16
1.623406954332213705e-15
2.220446049250313081e-16
2.220446049250313081e-16
1.142752377697158278e-14
2.220446049250313081e-16
2.220446049250313081e-16
2.220446049250313081e-16
8.368964178727974029e-14
2.220446049250313081e-16
2.220446049250313081e-16
2.220446049250313081e-16
2.220446049250313081e-16
2.220446049250313081e-16
2.220446049250313081e-16
2.220446049250313081e-16
1.528342093153259383e-15
1.611622694990481065e-15
2.220446049250313081e-16
1.612714006220251264e-15
2.220446049250313081e-16
2.220446049250313081e-16
2.220446049250313081e-16
2.220446049250313081e-16
1.604789221522365008e-15
2.220446049250313081e-16
2.220446049250313081e-16
2.220446049250313081e-16
2.220446049250313081e-16
2.220446049250313081e-16
1.476283323872828988e-15
1.122074969324964230e-14
2.220446049250313081e-16
8.403699408841547910e-14
2.220446049250313081e-16
2.220446049250313081e-16
2.220446049250313081e-16
2.220446049250313081e-16
1.561341525297318881e-15
1.603517555178828573e-15
2.220446049250313081e-16
2.220446049250313081e-16
9.005620342516017473e-14
2.220446049250313081e-16
2.220446049250313081e-16
1.625960113908644343e-15
2.220446049250313081e-16
2.220446049250313081e-16
2.220446049250313081e-16
1.549876755635707943e-15
2.220446049250313081e-16
2.220446049250313081e-16
1.105514379973746326e-14
1.585037339012205829e-15
2.220446049250313081e-16
1.601698930631016908e-15
2.220446049250313081e-16
2.220446049250313081e-16
2.220446049250313081e-16
6.902700437173246958e-14
2.220446049250313081e-16
1.172216352320281916e-14
1.577248757444423337e-15
2.220446049250313081e-16
2.220446049250313081e-16
2.220446049250313081e-16
2.220446049250313081e-16
2.220446049250313081e-16
2.220446049250313081e-16
2.220446049250313081e-16
2.220446049250313081e-16
2.220446049250313081e-16
2.220446049250313081e-16
2.220446049250313081e-16
2.220446049250313081e-16
1.185455593080670793e-14
2.220446049250313081e-16
4.592995759057210369e-12
2.220446049250313081e-16
8.399169588053798540e-14
1.169626146267532019e-14
1.527036981803906584e-15
2.220446049250313081e-16
1.643096907050160727e-15
2.220446049250313081e-16
2.220446049250313081e-16
2.220446049250313081e-16
2.220446049250313081e-16
2.220446049250313081e-16
8.732182685412815149e-14
2.220446049250313081e-16
2.220446049250313081e-16
2.220446049250313081e-16
2.220446049250313081e-16
2.220446049250313081e-16
2.220446049250313081e-16
2.220446049250313081e-16
1.620002702201916879e-15
1.743809110207785459e-09
2.220446049250313081e-16
2.220446049250313081e-16
2.220446049250313081e-16
2.220446049250313081e-16
2.220446049250313081e-16
2.220446049250313081e-16
2.220446049250313081e-16
1.520681123600338971e-15
1.161471508096885887e-14
2.220446049250313081e-16
2.220446049250313081e-16
2.220446049250313081e-16
2.220446049250313081e-16
1.612974952107591352e-15
1.622395575024011450e-15
1.172874774678199255e-14
1.609897041459764553e-15
2.220446049250313081e-16
1.633871545002969450e-15
1.512301044915346695e-15
2.220446049250313081e-16
2.220446049250313081e-16
8.555771404703085072e-14
2.220446049250313081e-16
1.616534595870959653e-15
2.220446049250313081e-16
6.061590862689073492e-13
8.364426000925736524e-14
2.220446049250313081e-16
2.220446049250313081e-16
2.220446049250313081e-16
2.220446049250313081e-16
1.174121359070392729e-14
8.993564253109938936e-08
1.578622084029640562e-15
1.557499758807116497e-15
2.220446049250313081e-16
2.220446049250313081e-16
2.220446049250313081e-16
2.220446049250313081e-16
1.190345234802138554e-14
1.142760299167319529e-14
1.555882139296902436e-15
4.614023941547586199e-12
1.600466311360570517e-15
2.220446049250313081e-16
2.220446049250313081e-16
2.220446049250313081e-16
4.459303691539158373e-12
2.220446049250313081e-16
2.220446049250313081e-16
8.207609037590412511e-08
6.124181351872681002e-13
2.220446049250313081e-16
2.220446049250313081e-16
2.220446049250313081e-16
1.080857556610648176e-14
2.220446049250313081e-16
8.106777447311121089e-14
1.170171939016729498e-14
2.220446049250313081e-16
4.491386313549054648e-12
8.452507329339621905e-14
2.220446049250313081e-16
2.220446049250313081e-16
2.220446049250313081e-16
3.064593381738225447e-11
1.108442742486821508e-14
2.220446049250313081e-16
4.559731411591746405e-12
1.193448125012567855e-14
2.220446049250313081e-16
1.525368441880781915e-15
2.220446049250313081e-16
1.625617118497963578e-15
1.513863007174599572e-15
1.633899470951252933e-15
1.189235906744077588e-14
6.213695358033833382e-13
7.774061383116407174e-14
2.220446049250313081e-16
1.174914641727782667e-14
2.220446049250313081e-16
8.373964445740855648e-14
2.220446049250313081e-16
2.238779265105339466e-10
2.220446049250313081e-16
1.197694072999424288e-14
2.220446049250313081e-16
1.190734125860276217e-14
1.623203273788668809e-15
8.568785675161434526e-14
2.220446049250313081e-16
2.220446049250313081e-16
8.579176060743864108e-14
1.635033584045353675e-15
2.220446049250313081e-16
1.588434607691908772e-15
1.160348546086756040e-14
1.558406208943123313e-15
1.621928249310662210e-15
2.220446049250313081e-16
1.622388336849481459e-15
2.220446049250313081e-16
1.173847901316588969e-14
2.220446049250313081e-16
2.348701838202310495e-10
1.557418025370224584e-15
2.220446049250313081e-16
5.988675767927699536e-13
2.220446049250313081e-16
2.220446049250313081e-16
2.220446049250313081e-16
2.220446049250313081e-16
2.220446049250313081e-16
6.878572091313373358e-07
3.498302278267593487e-11
6.094650150822457011e-13
5.620689973111521559e-13
9.958022287886070920e-15
2.220446049250313081e-16
2.220446049250313081e-16
4.904364001455563296e-06
1.824091124478614413e-09
1.641652876460397129e-15
1.066404227287853610e-14
6.437604694350933020e-13
8.422203422699542566e-14
3.055211682147808817e-11
6.370670941186114205e-13
9.898570420819795268e-02
3.684507120505575793e-05
6.497389990617444847e-13
2.220446049250313081e-16
9.506059295920416619e-08
3.946482616548465217e+01
8.279499568843191624e-14
3.377721847319153567e-05
1.541939923069681799e-15
1.723446670097954038e-09
8.128883014948885990e-14
7.269185524183050234e-14
1.051439519619924440e-14
2.403170675465017359e-10
2.220446049250313081e-16
8.634611830451161629e-14
1.229938642282890210e-09
1.391569404134177478e-02
2.220446049250313081e-16
3.447433967077711685e-05
2.220446049250313081e-16
2.220446049250313081e-16
4.401667532859179870e-12
8.095244414870352455e-14
1.208135015993408174e-14
1.642410708870798339e-15
8.964538179850469220e-14
1.274202411385670160e-08
8.260998661395179097e-14
1.949154451908364930e-03
1.205617882427137637e-08
1.483027473066115401e-15
4.495847804235386491e-12
7.573996435921315958e-14
1.052205212312803097e-14
2.192754706488877253e-10
2.220446049250313081e-16
6.538529037016146922e-07
3.248327124480510572e-11
1.261464893396234822e-08
4.438889279231634544e-12
4.444986213600920305e-12
1.760793439214049976e-03
1.532431802978349208e-09
1.598527603291198104e-15
2.518904106838543166e-10
3.119745714831624822e-11
1.899595584985105078e-03
2.275417750247362875e-10
8.228017322720894646e-14
1.796741074453835671e-09
7.693935165497374218e-01
1.640038131982345197e-15
2.220446049250313081e-16
7.486996312197492363e-14
2.220446049250313081e-16
1.216659272139244033e-14
5.726162183393008635e-13
1.547189166432513180e-15
5.914679375184527555e-13
3.621008557276895063e-05
8.536513633314622028e-14
1.048098298752110836e-14
1.712230325378907131e-09
2.220446049250313081e-16
1.362555307819343468e-02
3.549580237868654205e-05
4.455532879012440442e-12
1.162119273392590840e-14
1.472384807823737469e-15
2.220446049250313081e-16
2.220446049250313081e-16
2.732890581888030955e-11
1.168535764818422349e-14
1.700578904147691209e-09
1.190702917688980533e-14
1.007990212503983851e-01
1.639239734893621552e-15
1.534512194042537589e-15
1.014353536568359372e-14
2.220446049250313081e-16
3.228889704384401261e-11
6.280597080927372548e-13
2.675584412865833267e-04
2.220446049250313081e-16
1.159386639737080771e-14
6.260163723258343163e-07
3.905215296569463135e+01
3.294135871148399135e-11
6.231485272521676246e-13
1.174822326177919060e-14
3.289220441841928473e-11
2.220446049250313081e-16
8.454820512948437822e-14
6.855343177534289389e-07
1.627214162631959379e-15
1.024472804910236123e-01
1.056410035810549508e-14
4.577796148401325514e-06
3.248145817535039477e-11
2.078284909843000951e-10
1.334689241903492718e-08
5.994879862471265692e-13
1.861926943347565070e-03
1.424134569818042611e-09
1.125175720521411830e-14
2.220446049250313081e-16
5.506131087051298501e+00
6.237892348117686027e-13
3.789660300305879304e+01
1.536117972104760148e-15
3.871143669962349065e+01
1.888027704173028936e-03
5.065029703122858950e-13
5.767827358050313528e-13
6.109415032922119347e-13
6.650121973906195926e-07
8.682558506262145296e-08
2.442976327128093111e-11
4.936098740505087790e+00
1.589217712734586167e-03
3.021469592908425654e-11
6.627015259974656261e-07
8.633147169966561755e-14
9.186694539901418978e-08
1.293848879148627507e-08
1.428114275791838271e-02
6.123742415346525686e-13
2.220446049250313081e-16
6.757785493378128968e-07
1.160397077699174733e-14
2.314906305402757138e-10
3.952055640150307170e+01
7.973786429709329917e-14
6.598622663363701721e-07
4.567792160002421747e-12
6.303301713411320582e-13
1.607382489210032565e-15
4.979123906021164281e+00
1.333076215306875680e-02
1.644104179290044384e-15
9.428123230068448393e-08
5.550896830113887681e+00
9.331539388949135205e-02
5.849901759850621632e-13
1.567131269886429919e-15
1.523251442407905408e-15
5.758010577423681831e+00
9.941755947716614250e-02
7.885630421511390038e-14
1.373556027575681404e-02
4.008628854432210020e-12
1.352791558436891063e-02
9.145304633757104463e-08
2.560481736514830979e-04
3.154603110259314284e-05
6.539391079977832644e-02
4.165509451292766344e-12
5.950201885166497349e-13
2.220446049250313081e-16
1.620884122784520898e-15
1.171350029343914706e-14
3.762267815410267198e-12
1.087956931776721788e-14
6.270027230659139805e-01
7.021989465883946568e-01
1.174149797463775030e-14
1.247206416191928605e-08
1.167489112004381695e-14
2.220446049250313081e-16
4.632774529063409061e-06
4.141593397740454918e+01
5.347806358357898304e+00
1.576116612579492148e-09
6.133807394735123486e-01
4.352218238323493439e-12
8.623596820416266800e-14
2.220446049250313081e-16
1.219044366913582616e-08
4.010861879038338884e+01
7.658976050217406462e-01
4.809749114075072995e+00
2.411493869888833397e-04
1.032083780924177852e-01
1.560502658004708010e-15
8.568651718229528031e-14
6.655445666388841719e-01
3.814370689068449849e+01
2.965468553285969426e-11
3.737161560263090365e+01
1.205830291171317537e-08
3.714586282401636907e+01
1.171224738589746638e-14
1.141206371529140284e+00
6.976831468000446179e-01
3.609055045299439257e+01
1.804829974638186112e-03
1.235297125860669824e-08
3.386384307955401564e-05
1.145627244788115573e-14
3.994273366916305434e+01
1.130303016923269623e-08
3.779316225531241002e+01
4.322109950291473749e-12
6.401152364595959210e-02
4.062397510456339234e+01
3.778253503781066769e+01
3.491100017162805358e+01
3.944115760844464802e+01
1.567122762965923938e-15
7.757494979209073591e-09
5.520150534283320809e+00
3.248797385086538014e+01
4.043117238734926389e+01
1.124347188380681170e-14
4.440782956000991046e-12
4.010357338734891641e+01
3.734133127772324912e+01
1.596077487138863862e-09
7.123667771258394010e-01
4.992749890659806354e-13
2.220446049250313081e-16
3.462350999312739706e-05
5.430400931937216846e+00
1.717500808765554804e-04
4.021085603264511832e+01
4.387728820369991567e+00
3.683265743502819589e+01
1.051361152938283944e-01
3.822375619705515959e+01
3.218389023996859395e-11
4.269818883905427113e-12
2.390116746476681267e-04
4.468923118637423353e-12
7.006136879480055270e-07
3.762923985780046365e+01
6.684211258039417380e-07
7.034389632728981352e-07
3.778819856966668311e+01
4.032469767815293693e+01
3.691340597155578251e+01
3.316948005590636257e-12
3.646054043127084299e+01
3.509005855810014651e+01
6.267588948470398230e-08
3.871209752229624002e+01
3.717501218599861090e+01
4.055802647355212542e+01
6.834512192760346938e-01
8.488334287719274496e-14
1.094339085722462361e-14
4.025818584570853886e+01
3.798647139637463255e+01
3.759042894224223375e+01
4.029140064973954338e+01
7.453737880782258518e-01
4.123187614523516942e+01
3.545055310653431491e+01
2.220446049250313081e-16
2.220446049250313081e-16
3.638209720732398011e+01
3.809788499698913711e+01
5.566175610188841105e+00
3.774397005123485371e+01
5.402968498607494396e+00
3.909088076814856549e+01
3.971505509745322371e+01
5.237017386664829521e-01
7.149053562127141159e-01
4.066655577841177660e+01
3.678699718201601598e+01
3.628709642300202631e+01
5.623380936636816152e+00
1.637332131251577979e-09
1.717179004911142679e-09
3.819064703066418076e+01
4.103978114045281700e+01
3.383561359313236494e+01
1.067256145105966399e-14
2.358951644718798897e-16
2.205329997784180239e-10
2.813961275774354576e+01
3.839071174894989014e+01
2.952963102365734302e-05
2.266905218656802131e-04
2.855282679067583729e+01
2.220446049250313081e-16
4.821860632403232927e+00
3.775754085604335586e+01
5.548334372742925957e+00
3.856380119352158431e+01
6.780882878278990724e-14
3.613874576269632399e+01
1.660524433776681865e-04
4.237503351429091936e+01
3.787597012351528747e+01
3.798115621378702400e+01
4.174116843827344780e+01
2.220446049250313081e-16
7.250230140668988410e-01
3.724566849108862954e+01
3.864788577318802254e+01
4.026102989267033649e+01
5.953984120640281169e-13
5.351286907742703214e+00
4.885704657127251381e-06
4.036671678936371421e+01
3.926932117981949233e+01
3.541167781033793460e+01
1.036658257564331158e-08
4.015519131343926773e+01
3.448135437728235786e+01
7.059992203873682870e-01
3.933224719034198102e+01
4.425155886057158483e+00
2.179993725469546751e-05
2.220446049250313081e-16
3.712265817633464593e+01
3.455589212985889702e+01
3.787381405582155480e+01
1.818193313563501402e-03
4.028408647751197691e+01
3.870874833047117392e+01
1.483000482810868340e-15
2.220446049250313081e-16
5.722059163581709740e+00
3.832326307300629509e+01
3.932086930013560533e+01
3.870978621505874173e+01
2.220446049250313081e-16
2.264054675577032797e-05
3.978525856566548669e+01
3.077744145742071336e+00
3.750356327686988323e+01
3.673313127813079859e+01
3.557718536311819690e+01
3.802907793434690120e+01
4.664182118589052620e-13
3.935711675174219693e+01
1.353442691076658932e-02
5.255835281546388238e+00
3.678673563111150457e+01
3.718866212411428052e+01
4.070047564028954667e+01
9.105515190972314831e-08
3.937966611391435379e+01
1.084764668776140173e-09
3.405721756860724980e+01
1.279510598089857412e-09
3.838712074268430996e+01
3.916502663638063808e+01
3.132481790114765730e+01
3.961666420831812729e+01
3.767479097231004914e+01
2.524153312455091885e-10
3.949157585052221719e+01
3.716664630046339113e+01
1.185160457385630445e-03
3.753825701767101464e+01
5.034413182257804209e+00
9.749861382889518646e-02
3.913213319582074234e+01
3.935075568294876547e+01
3.939064889460765784e+01
3.425326233841106216e+01
2.220446049250313081e-16
3.768903228241941861e+01
3.731408091807644212e+01
3.855543468655684336e+01
4.039500546232546228e-06
3.840391300408485620e+01
3.302805165093773354e+01
3.587227535009778023e+01
9.966299621938642939e-02
3.854220643234815924e+01
3.540827530375165111e+01
3.718233653751756407e+01
3.883643199594218487e+01
2.128805329983430639e+01
3.740241213364419082e+01
3.949827250422504221e+01
3.829622109734849289e+01
2.759920723134262843e+01
3.810378502764008601e+01
3.904238847850333372e+01
1.935506560880223320e-04
3.585273290252589362e+01
3.860091036476966764e+01
5.165186600283534268e+00
4.140869484466087158e+01
3.894750616204149807e-02
4.016046669542748759e+01
1.070319529820161833e-03
3.840711652344877081e+01
3.947709997616435373e+01
3.974589955204454128e+01
2.220446049250313081e-16
4.053711606641335408e+01
3.927254811122066513e+01
4.173160954732110639e+01
3.925438373501999223e+01
4.066807123933060097e+01
3.701637064393584353e+01
4.137365702239372212e+01
3.919775648951669922e+01
4.017401151510541979e+01
1.505649974951764435e-15
3.671465577533354008e+01
7.244343443235923274e-01
3.620941946252890631e+01
4.124633928572648500e+01
2.381154750677921811e-11
3.665734290863748868e+01
3.720762486375592459e+01
5.125378044396604327e-02
3.638231977861708799e+01
3.344826863890081370e+01
2.273126649301316249e+01
3.774592257139565987e+01
3.793469102638879065e+01
3.793910213833661516e+01
3.494283936226752019e+01
3.613996355877985422e+01
3.955738160520692759e+01
4.058015450428379012e+01
3.947256673575070351e+01
3.877977657066398365e+01
4.054186233172121945e+01
4.119334005737682958e+01
3.756271763498692451e+01
2.969457826052330063e+01
3.944748539083102656e+01
3.814154372803351833e+01
4.037022599423125513e+01
3.958764405499090344e+01
3.927359865074159018e+01
3.457010032943256306e+01
3.886743998241666276e+01
3.833109800419602209e+01
3.688231201384204638e+01
3.820587102957519221e+01
4.049717510150835409e+01
1.342411171354116438e-02
6.904625072419867671e-02
3.762571067915040857e+01
2.553217341753506991e-04
3.885954520671997159e+01
3.968281939289435911e+01
2.154986301488098169e-04
2.742830669078160000e+01
3.619111237673443071e+01
3.760590760979243186e+01
3.780677149136580084e+01
3.550232171015675675e+01
3.534601715684318179e+01
3.858787033253851462e+01
3.555340167230928472e+01
4.008633352486416612e+01
3.881709380941383358e+01
3.716145089997745288e+01
4.044484095768087428e+01
3.980432689504254995e+01
3.960862330824303967e+01
3.781915196779332433e+01
4.135718233070395655e+01
3.741369416430133299e+01
3.978726219631493422e+01
3.902989684733765330e+01
3.717569315280360343e+01
3.942303270784270808e+01
2.480896145928009844e+01
4.028190075340292253e+01
4.128157430576793985e+01
3.657971498600764448e+01
1.213011849002728205e-09
3.561001352912371942e+01
3.324283056310244433e+01
3.854981370579597666e+01
4.013081867066186703e+01
3.592574210599166662e+01
3.765658573895890981e+01
3.847070876019460428e+01
3.912075897278786840e+01
3.710429523708902622e+01
3.872566440756396844e+01
3.935765738436755612e+01
3.730690795929758963e+01
3.982706089284631190e+01
3.512874775969193308e+01
4.030942720646030608e+01
4.011620026397589811e+01
5.763249319781587471e-02
3.716209619579628765e+01
4.051204689207943233e+01
3.786849699415537884e+01
3.804803348995100976e+01
3.841496302790562112e+01
3.967442753166309899e+01
4.017876899596461016e+01
1.173116830717879639e-04
2.292705543014736227e-10
3.810119343109752776e+01
3.671204402103877129e+01
3.861657301177932311e+01
3.543490213873995742e+01
3.724153353215803719e+01
3.567489153924711331e+01
3.918665692799977762e+01
3.977531141101309942e+01
3.980722505512423481e+01
3.531393463357909468e+01
2.880442362813709067e+01
4.020839682690185768e+00
3.902795294332808140e+01
3.707811719452590893e+01
3.886015719721353889e+01
3.773734717817492168e+01
1.502087866005806636e-15
3.454337416710252029e+01
2.989233110400117965e-01
3.867342692082334565e+01
3.854599321396950273e+01
3.617496026537329357e+01
3.490531637623079320e+01
2.065247395946175857e+01
4.090184442121164210e+01
3.905632960317261393e+01
3.811449391864017144e+01
3.827260528002726403e+01
3.796153430749787816e+01
2.995673759470344777e+01
1.717594294663806664e+01
3.636094841523910759e+01
5.430190968079174674e+00
3.895169390133823129e+01
3.818485648393229326e+01
3.799623244692233470e+01
2.477287955394207586e+01
3.696072948931490032e+01
3.779505205778977484e+01
3.927873217556394536e+01
4.027824563591272522e+01
3.941025256756517336e+01
3.884284545697544644e+01
3.792436372980012038e+01
3.806874092377123020e+01
3.984296368173824021e+01
2.456058518410991454e+01
1.553969193316319952e+01
3.707401048550964617e+01
3.997060847546195106e+01
3.976508377769793867e+01
3.837916308819393407e+01
3.886374840306839928e+01
3.684083961200453672e+01
3.784816538222138860e+01
4.230664040712196083e+01
3.661562052011257862e+01
4.896477695393323337e+00
3.882224291390384963e+01
4.154118650084731001e+01
3.710773520018379656e+01
4.035710344363131696e+01
3.845002722586670529e+01
4.015251091138893003e+01
3.664529405738274193e+01
3.430467686235945024e+01
6.415735216622585856e-03
2.685780646027739849e+01
3.919592569062115217e+01
3.876114411872082144e+01
4.073686111544011368e+01
4.201642679840214356e+01
3.630585057614739242e+01
