2.220446049250313081e-16
2.220446049250313081e-16
2.220446049250313081e-16
2.220446049250313081e-16
2.220446049250313081e-16
2.220446049250313081e-16
2.220446049250313081e-16
2.220446049250313081e-16
1.622820462709596522e-15
2.220446049250313081e-16
2.220446049250313081e-16
2.220446049250313081e-16
2.220446049250313081e-16
2.220446049250313081e-16
2.220446049250313081e-16
2.220446049250313081e-16
2.220446049250313081e-16
2.220446049250313081e-16
2.220446049250313081e-16
2.220446049250313081e-16
2.220446049250313081e-16
2.220446049250313081e-16
2.220446049250313081e-16
2.220446049250313081e-16
2.220446049250313081e-16
2.220446049250313081e-16
2.220446049250313081e-16
2.220446049250313081e-16
2.220446049250313081e-16
2.220446049250313081e-16
2.220446049250313081e-16
2.220446049250313081e-16
2.220446049250313081e-16
2.220446049250313081e-16
2.220446049250313081e-16
2.220446049250313081e-16
2.220446049250313081e-16
2.220446049250313081e-16
2.220446049250313081e-16
2.220446049250313081e-16
2.220446049250313081e-16
2.220446049250313081e-16
2.220446049250313081e-16
2.220446049250313081e-16
2.220446049250313081e-16
2.220446049250313081e-16
2.220446049250313081e-16
2.220446049250313081e-16
1.593599585256982263e-15
2.220446049250313081e-16
2.220446049250313081e-16
2.220446049250313081e-16
2.220446049250313081e-16
2.220446049250313081e-16
2.220446049250313081e-16
2.220446049250313081e-16
2.220446049250313081e-16
2.220446049250313081e-16
2.220446049250313081e-16
2.220446049250313081e-16
2.220446049250313081e-16
2.220446049250313081e-16
2.220446049250313081e-16
2.220446049250313081e-16
2.220446049250313081e-16
2.220446049250313081e-16
2.220446049250313081e-16
2.220446049250313081e-16
2.220446049250313081e-16
2.220446049250313081e-16
2.220446049250313081e-16
2.220446049250313081e-16
2.220446049250313081e-16
2.220446049250313081e-16
2.220446049250313081e-16
2.220446049250313081e-16
2.220446049250313081e-16
2.220446049250313081e-16
2.220446049250313081e-16
2.220446049250313081e-16
2.220446049250313081e-16
2.220446049250313081e-16
2.220446049250313081e-16
2.220446049250313081e-16
2.220446049250313081e-16
2.220446049250313081e-16
2.220446049250313081e-16
2.220446049250313081e-16
2.220446049250313081e-16
1.602323902174126352e-15
2.220446049250313081e-16
2.220446049250313081e-16
2.220446049250313081e-16
2.220446049250313081e-16
2.220446049250313081e-16
2.220446049250313081e-16
2.220446049250313081e-16
2.220446049250313081e-16
2.220446049250313081e-16
2.220446049250313081e-16
2.220446049250313081e-16
2.220446049250313081e-16
2.220446049250313081e-16
2.220446049250313081e-16
2.220446049250313081e-16
2.220446049250313081e-16
2.220446049250313081e-16
2.220446049250313081e-16
2.220446049250313081e-16
2.220446049250313081e-16
2.220446049250313081e-16
2.220446049250313081e-16
2.220446049250313081e-16
2.220446049250313081e-16
2.220446049250313081e-16
2.220446049250313081e-16
2.220446049250313081e-16
2.220446049250313081e-16
2.220446049250313081e-16
2.220446049250313081e-16
2.220446049250313081e-16
1.545799761222878801e-15
2.220446049250313081e-16
2.220446049250313081e-16
2.220446049250313081e-16
2.220446049250313081e-16
1.463178033916721219e-15
2.220446049250313081e-16
2.220446049250313081e-16
1.638925292575257970e-15
2.220446049250313081e-16
2.220446049250313081e-16
2.220446049250313081e-16
2.220446049250313081e-16
2.220446049250313081e-16
2.220446049250313081e-16
2.220446049250313081e-16
2.220446049250313081e-16
2.220446049250313081e-16
2.220446049250313081e-16
2.220446049250313081e-16
1.623225431549969078e-15
2.220446049250313081e-16
2.220446049250313081e-16
2.220446049250313081e-16
2.220446049250313081e-16
2.220446049250313081e-16
2.220446049250313081e-16
2.220446049250313081e-16
2.220446049250313081e-16
2.220446049250313081e-16
2.220446049250313081e-16
2.220446049250313081e-16
2.220446049250313081e-16
2.220446049250313081e-16
2.220446049250313081e-16
2.220446049250313081e-16
2.220446049250313081e-16
2.220446049250313081e-16
2.220446049250313081e-16
1.614465029452110355e-15
2.220446049250313081e-16
2.220446049250313081e-16
2.220446049250313081e-16
1.180311129710721785e-14
2.220446049250313081e-16
2.220446049250313081e-16
2.220446049250313081e-16
2.220446049250313081e-16
1.643266775702911321e-15
2.220446049250313081e-16
1.178202651945164948e-14
2.220446049250313081e-16
2.220446049250313081e-16
2.220446049250313081e-16
2.220446049250313081e-16
2.220446049250313081e-16
2.220446049250313081e-16
2.220446049250313081e-16
2.220446049250313081e-16
2.220446049250313081e-16
2.220446049250313081e-16
2.220446049250313081e-16
2.220446049250313081e-16
2.220446049250313081e-16
2.220446049250313081e-16
2.220446049250313081e-16
2.220446049250313081e-16
2.220446049250313081e-16
2.220446049250313081e-16
2.220446049250313081e-16
1.485999593000873586e-15
2.220446049250313081e-16
2.220446049250313081e-16
2.220446049250313081e-16
2.220446049250313081e-16
2.220446049250313081e-16
2.220446049250313081e-16
2.220446049250313081e-16
1.180474203168288706e-14
2.220446049250313081e-16
2.220446049250313081e-16
2.220446049250313081e-16
2.220446049250313081e-16
2.220446049250313081e-16
1.568511329536418275e-15
2.220446049250313081e-16
2.220446049250313081e-16
2.220446049250313081e-16
2.220446049250313081e-16
2.220446049250313081e-16
2.220446049250313081e-16
2.220446049250313081e-16
2.220446049250313081e-16
2.220446049250313081e-16
2.417904888214397950e-10
2.220446049250313081e-16
1.624731423669476052e-15
1.220167973852386291e-14
2.220446049250313081e-16
2.220446049250313081e-16
2.220446049250313081e-16
2.220446049250313081e-16
1.646107336027897717e-15
1.098460944023075220e-14
1.593786186071340662e-15
2.220446049250313081e-16
1.617673386313408341e-15
2.220446049250313081e-16
1.623635682055841018e-15
2.220446049250313081e-16
2.220446049250313081e-16
1.573192167671626388e-15
1.634897133521962523e-15
1.616294500621157221e-15
2.220446049250313081e-16
1.172042189492384189e-14
2.220446049250313081e-16
1.628446392670165702e-15
1.579426319095565826e-15
2.220446049250313081e-16
2.220446049250313081e-16
8.558161311193614996e-14
2.220446049250313081e-16
2.220446049250313081e-16
2.220446049250313081e-16
2.220446049250313081e-16
2.220446049250313081e-16
2.220446049250313081e-16
1.523250807047792097e-15
2.220446049250313081e-16
1.188356207686281041e-14
2.220446049250313081e-16
1.613281235422348665e-15
1.611256108156119464e-15
2.220446049250313081e-16
1.623669165529604694e-15
2.220446049250313081e-16
1.569232014569528557e-15
1.595777498591563130e-15
1.161310474291568675e-14
1.163398415076774054e-14
2.220446049250313081e-16
1.597687224645525195e-15
2.220446049250313081e-16
2.220446049250313081e-16
3.383415211743835387e-11
8.237146353420951339e-14
2.220446049250313081e-16
2.220446049250313081e-16
2.220446049250313081e-16
1.190088814658413085e-14
1.171023195928719220e-14
2.220446049250313081e-16
2.220446049250313081e-16
1.491291751435207285e-15
1.533683161943732295e-15
2.220446049250313081e-16
2.220446049250313081e-16
2.220446049250313081e-16
4.523613333388072912e-12
1.602173603302550504e-15
2.220446049250313081e-16
2.220446049250313081e-16
2.220446049250313081e-16
1.613623884248204779e-15
2.220446049250313081e-16
1.585563181861729773e-15
1.641241033104592694e-15
2.220446049250313081e-16
2.220446049250313081e-16
2.220446049250313081e-16
1.645575751958675940e-15
2.220446049250313081e-16
6.277385481272394451e-13
2.220446049250313081e-16
2.220446049250313081e-16
2.220446049250313081e-16
2.220446049250313081e-16
2.220446049250313081e-16
1.575825814782234921e-15
2.220446049250313081e-16
2.220446049250313081e-16
1.638090243538719695e-15
2.220446049250313081e-16
2.220446049250313081e-16
9.534192024203256614e-08
2.220446049250313081e-16
2.220446049250313081e-16
8.330854016217851649e-14
2.220446049250313081e-16
1.641942920353335217e-15
2.220446049250313081e-16
1.617879722416056940e-15
1.546408447119232915e-15
2.220446049250313081e-16
2.220446049250313081e-16
1.599993467561016773e-15
2.220446049250313081e-16
2.220446049250313081e-16
1.537655062696418402e-15
2.220446049250313081e-16
1.147391518224684247e-14
2.220446049250313081e-16
2.220446049250313081e-16
5.834576667420139003e-13
2.220446049250313081e-16
2.220446049250313081e-16
6.439303401716123890e-13
2.220446049250313081e-16
6.254388217810047722e-13
4.525561605455839033e-12
1.493612633930106949e-15
1.606932136970353534e-15
1.616191076952558874e-15
3.216720715735626157e-11
2.220446049250313081e-16
4.681287608898964496e-12
1.178257524680875306e-14
2.220446049250313081e-16
6.086593577520671824e-13
8.375937315910596847e-14
2.220446049250313081e-16
2.220446049250313081e-16
1.191837331156762817e-14
2.220446049250313081e-16
2.220446049250313081e-16
1.624007561031044143e-15
2.220446049250313081e-16
2.220446049250313081e-16
2.220446049250313081e-16
1.535326123857811993e-15
2.220446049250313081e-16
2.220446049250313081e-16
2.220446049250313081e-16
2.220446049250313081e-16
1.518790258067162125e-15
8.328936453003459958e-14
1.578609685019233104e-15
6.759781121826507084e-14
1.110791652443057642e-14
4.536264209864459092e-12
1.079180723950516041e-14
6.266906224281237041e-13
2.220446049250313081e-16
1.153006775157956107e-14
5.584413444234536190e-13
2.220446049250313081e-16
2.220446049250313081e-16
8.527671165717924098e-14
1.583701816805008756e-15
5.934172538685497844e-13
4.429874901639582628e-12
6.233197656373322609e-13
2.220446049250313081e-16
6.201601910837380543e-13
4.782797568532452367e-06
2.220446049250313081e-16
2.220446049250313081e-16
2.220446049250313081e-16
1.187904488528011796e-14
6.407302076884436606e-07
2.220446049250313081e-16
1.514528748962610447e-15
1.127593261252813405e-14
5.534328390547912953e-13
2.220446049250313081e-16
2.435864012176437488e-10
2.832706526464466211e-11
2.220446049250313081e-16
1.159343312533308444e-14
8.621421499005561731e-14
2.220446049250313081e-16
2.220446049250313081e-16
1.493723768283656647e-15
2.220446049250313081e-16
1.195934932424068340e-14
2.220446049250313081e-16
6.366286362516159353e-13
2.220446049250313081e-16
6.417850296548710400e-13
2.379891768969024382e-10
6.562362162439985774e-07
2.220446049250313081e-16
2.220446049250313081e-16
1.419603665705742146e-15
1.565997233335216848e-15
1.583698568428102683e-15
1.280457738819306428e-08
2.220446049250313081e-16
8.799293757160348169e-14
8.607918900940131469e-14
1.174725108469400158e-14
4.572582593074982627e-12
6.288192803603737434e-13
7.761249496179361941e-14
2.220446049250313081e-16
2.220446049250313081e-16
4.620594629532556410e-12
2.220446049250313081e-16
2.286028567927726764e-10
1.586877741505989381e-15
2.220446049250313081e-16
3.943791719819091040e-12
2.220446049250313081e-16
1.573996308183981860e-15
5.247645997302414857e-13
1.188275120858558723e-14
1.508906980707699395e-15
1.198414882848594575e-08
1.243005219422439954e-08
2.220446049250313081e-16
1.214933057108834371e-14
1.621723754407653624e-09
7.567505866070024552e-14
3.278947733157213598e-11
8.872235043026666738e-14
2.488007345887004998e-04
1.133149463581383684e-14
2.220446049250313081e-16
1.593096415410918481e-15
1.534553346019431189e-15
1.294330138703596449e-08
9.136563547496975319e-08
4.376444312230970760e-12
1.543796245658943842e-15
7.084874121054823955e-14
2.220446049250313081e-16
2.220446049250313081e-16
3.575883591029332134e-05
1.435419080440063222e-02
2.220446049250313081e-16
2.416262874411734765e-10
1.192919556519602993e-08
1.161980792658765032e-08
1.097944333253760320e-14
2.449118843491099355e-10
4.674835585711386897e-06
7.242408432545064208e-07
2.220446049250313081e-16
1.591684816488813619e-15
6.804489380349655671e-07
1.163699571119980599e-08
2.518857683702189476e+01
2.349551667530042737e-10
2.220446049250313081e-16
1.296986714931383499e-08
2.220446049250313081e-16
1.538858677634371376e-15
6.825224118738223433e-01
1.195022333485434368e-14
6.685463670229770303e-07
1.642179099915916457e-15
8.288981890186897418e-14
2.220446049250313081e-16
7.551674607897388306e-14
1.151124313017395950e-14
3.320880641125907528e-11
8.449483643257658700e-14
1.079723820994238775e-01
1.905476824480341553e-03
5.956721373244480274e-13
7.192324602431676706e-01
4.469283163302821925e-12
3.264153835620799790e-11
2.220446049250313081e-16
2.220446049250313081e-16
1.189588266863448005e-14
5.934190252606259635e-13
2.220446049250313081e-16
1.681906525041081061e-09
1.162500594819062118e-14
8.305270808065934323e-08
9.709474950027309481e-02
9.699179470175908757e-02
1.230052554559305358e-08
2.380572619035384226e-10
3.990048412445162285e+01
4.153470812164762374e-13
9.214599250035974840e-15
2.220446049250313081e-16
2.220446049250313081e-16
1.687338578140382973e-09
4.651226313475404533e-06
4.829600090306811854e-06
3.851233746443145378e+01
1.637002138704814300e-09
2.220446049250313081e-16
1.447032409272784072e-02
6.335072607016397680e-07
6.655015737319203346e-07
1.191016568949511799e-14
3.877305690179205389e-12
6.935774513817609677e-01
1.891036909390359910e-03
2.220446049250313081e-16
1.567413651695154304e-15
1.170168945951244800e-14
3.327586038871749088e-11
3.802538906971575727e+01
1.299328161144835264e-02
2.220446049250313081e-16
1.031570688070527194e-14
1.626129159962284317e-09
2.220446049250313081e-16
1.605001875841477638e-15
2.220446049250313081e-16
3.425251121392053217e-11
1.881863137336868552e-03
1.288640461358468494e-08
2.220446049250313081e-16
4.524653513108936722e-12
8.176148980110253734e-14
4.077380116673730726e+01
2.597347127156565292e-04
1.544132988546094012e-15
8.743894784825346810e-08
5.004557751429921805e-06
3.684917235230516309e-05
1.862470891150591911e-10
8.326012426140658607e-14
1.590064844789395005e-15
4.815773255471599766e-06
3.278156764258897656e-05
1.642269044109643792e-15
3.764238990456125578e+01
2.220446049250313081e-16
3.767875267052955479e+01
2.533588863552360291e-04
9.058665851279782853e-08
1.703694057465078986e-09
6.584987019128583921e-07
3.718576297330713487e+01
8.836317854142082104e-14
7.277226397743779378e-14
2.220446049250313081e-16
3.982103566899530733e+01
9.288019134848447822e-02
4.785913143437958516e-06
5.619114334426880797e-13
1.705410288533101949e-09
1.839759074021111546e-09
3.498514892019018288e-05
4.611797133952483030e+00
2.220446049250313081e-16
7.331958762053688572e-01
2.220446049250313081e-16
5.419754775980635486e+00
9.877159250514012945e-02
3.879927124103371483e+01
1.318004439192941597e-08
1.264073962193172469e-08
1.062846539943194892e-14
6.640514921422866479e-01
2.013411974623452363e-03
4.840769377197386980e+00
2.536258243552634117e-04
6.950793648162151284e-01
2.281354111513948033e-10
2.351551703194419878e-10
9.718502294463403357e-02
5.260886966017993771e+00
1.589308239993180204e-15
4.164303177036923387e+01
2.372815856660554040e-10
4.909985230604893753e-06
3.902017857064051043e+01
1.660952206403651810e-03
5.043897107220437667e-06
3.792671436899615145e+01
7.531866858141935683e-01
3.955746276814664952e+01
3.834465760810380175e+01
3.858063826209210134e+01
1.349766476930357346e-02
1.749065298855811093e-09
7.350127433525339607e-08
3.913149213007216787e+01
5.108240358789804425e+00
1.261083060717478282e-08
6.509783580842550514e-08
4.059497401748690493e+01
8.206557012450793092e-08
4.014471714346449005e+01
3.742485955507657280e+01
1.560284343169239409e-15
6.908086069816292641e-08
3.821431146129414458e+01
1.020879385687489525e-14
2.220446049250313081e-16
2.971053953856354594e-11
2.220446049250313081e-16
1.763455713341520416e-10
5.360169018284426379e+00
1.883182903678522809e-03
1.644875218540540559e-15
2.220446049250313081e-16
6.980666013016996711e-08
3.986193009131183373e+01
3.916358575950721388e+01
8.076108712897592244e-08
3.292583813729085651e-12
2.220446049250313081e-16
3.879049988694269047e+01
9.679865302473748823e-02
6.242563412020417967e-13
2.220446049250313081e-16
1.416598853574810421e-09
3.838122801204180945e+01
3.946478658642735127e+01
7.268814283869811099e-01
5.055514066164464275e-06
3.742220374878576905e+01
4.426070750040921580e-12
3.861789489935038944e+01
1.320057750685149520e-08
5.234766800518031058e-07
4.149944045087080724e+01
3.992210288942167296e+01
4.709980145578114730e+00
3.888046890408823941e+01
3.996252355759443731e+01
3.966619610074051394e+01
3.655269942683533912e+01
7.248179514177854288e-08
3.773311767968974095e+01
1.272916772011403914e-02
1.089479559437270437e-14
3.722535708764031170e+01
3.935594846289439598e-12
1.935460382846775941e-03
1.742144142213847352e-09
3.440687382531493812e-05
1.293292223215891229e-09
3.415877206789127740e+01
7.668864621462990749e-01
3.686219830524265717e+01
1.576003481799444515e-15
9.304839668257391949e-02
3.665164331968659184e+01
6.255212962913426783e-13
3.859201274899741918e+01
7.381825006039625822e-14
3.713466588244905608e+01
3.577701610687705625e+01
1.277461750670761363e-02
3.687430599150890487e+01
4.043503421636421535e+01
3.868762879911500363e+01
5.222999621093407541e+00
3.562916509960189160e+01
5.374791008522342040e+00
3.819519167023373996e+01
3.124457637502557213e-06
4.046388892188730324e+01
3.807018854354076609e+01
1.533245097507704136e-09
8.707927897639761161e-02
9.403977953215668373e-02
3.143112902738321335e+00
4.028081610040545968e+01
3.896174473148883094e-06
3.772880930948727496e+01
3.799337686676183523e+01
6.274463574482644519e-13
1.707567996545249212e-03
4.007808547671082522e+01
2.220446049250313081e-16
1.154083170722038788e-09
1.261727306040054710e-08
3.691571802862461738e+01
4.768866307721501663e+00
3.744135133747244026e+01
3.892640722261638331e+01
3.619504515948018764e+01
2.220446049250313081e-16
5.425086125185967667e+00
3.784342185733422070e+01
3.545394989239518679e+01
4.140459523658621066e+01
4.870551441738467879e+00
5.144895529231054532e+00
3.908707555476064499e+01
5.121269399446043202e+00
1.961198083860163268e-04
3.825309461518324383e+01
4.088143003522004193e+01
1.574944866571875583e-15
1.049886537451301949e-01
1.152040442018089891e-08
3.824058251754407678e+01
7.430705362106919676e-01
6.178036000551885071e-07
5.529689911644720013e+00
3.803622122627200497e+01
4.713535390577646034e+00
2.310080561407536229e-10
3.525128013052183054e-12
3.834679417567382842e+01
3.899104036623212721e+01
3.603587438328277729e-12
1.123474233321296695e-14
5.149514664307773948e-13
3.850447056494419229e+01
3.833748425027619788e+01
3.892846707215937396e+00
3.901423453458460244e+01
3.754511386660124828e+01
3.873636505186973977e+01
3.292567016466896843e-11
1.612461148090387755e-03
3.898293661767198870e+01
3.777446192466357644e+01
5.939591740858042312e-01
2.220446049250313081e-16
4.044552991102785455e+01
3.835380486056647698e+01
4.075272783720325975e+01
5.578892691815585003e+00
3.790726912436829821e+01
4.409322999589796233e+00
5.267379265469459781e+00
3.831257135480377940e+01
3.477661393912240040e-05
5.048333475316212571e+00
3.198659920504076126e+01
2.410779530983368701e+01
1.521803269827597720e-09
3.728669309198549797e+01
3.889048396070341340e+01
4.027473259395266325e+01
3.861643103676712485e+01
4.037796276274486473e+01
4.115398193327008869e+01
3.580816337495205914e+01
1.945137510895489320e-03
1.182249161962290280e-09
3.831565185640624804e+01
3.877631969834119019e+01
5.370223913516439573e+00
4.101584677405939772e+01
3.409484315169139990e+01
4.086574194321307196e+00
3.726521229802428792e+01
3.777760579099399507e+01
4.072955818316788879e+01
5.456772163704222578e+00
3.865639840283748896e+01
2.796042510006416038e+01
5.266211190731468150e+00
3.619723486546823210e+01
3.701889525093159961e+01
3.865879613530107406e+01
3.560398572641271642e+01
3.850893382527034703e+01
5.115736391629122970e+00
3.827743752761793417e+01
3.815909161409110339e+01
1.770366466347520416e-10
3.798299528675268988e+01
4.058871274850945809e+01
3.572051685649478969e+01
3.570434351554754215e+01
3.962579681032949708e+01
3.811312144709751948e+01
3.758295148463122359e+01
3.411422370097918044e+00
3.500236882618372647e+01
3.787708171073140306e+01
3.841558227548016902e+01
5.517815328514917184e+00
4.504451042031828445e-01
2.399753321249603388e+01
3.598426906355479105e+01
6.700931505640132790e-02
3.640212721737292156e+01
2.220446049250313081e-16
3.957754989835520831e+01
3.450831656658142066e+01
9.862111485834804125e-02
3.707172573508323410e+01
3.911504728823398125e+01
1.420880134712716042e-02
3.930638825944902948e+01
2.805972833832513658e+01
1.172671068708415476e-02
3.981086337228311578e+01
3.978283133211933631e+01
2.220446049250313081e-16
3.494567289210959160e+01
7.275355470105077105e-01
3.593270514415608119e+01
9.552788732023913265e-02
3.655455104428862967e+01
3.921025613109957675e+01
3.927700151702715914e+01
4.123308035334711974e+01
3.332930797710442050e+01
5.136869821704235228e+00
3.757274435589809514e+01
3.303351675653458130e+01
3.876477388384680012e+01
4.025656049282758886e+01
3.942729254963601448e+01
3.782451016532039745e+01
3.830129786848569040e+01
3.621493663686857190e+01
3.751604641975089294e+01
3.798966102210217599e+01
7.249687459305380610e-01
3.921441899650497476e+01
3.878017364896371788e+01
5.596473008357822001e-13
4.680386590352999754e+00
3.837951364326622183e+01
4.065526893041164413e+01
3.979485239634948357e+01
3.796871788358296840e+01
3.729876041503142403e+01
3.988859535332739625e+01
3.661245131226765182e+01
3.880590852601929441e+01
4.009754691883426148e+01
3.662857855890483449e+01
4.112822181701115909e+01
3.543535027930600023e+01
3.902694140643607312e+01
4.016277827690655045e+01
3.869857751400406443e+01
4.007701258932717536e+01
3.907296483285394118e+01
3.924091428686809024e+01
4.166721803996939144e+00
3.603718142115582879e+01
1.001867074762553875e-14
3.699389352746675996e+01
3.926386349518763552e+01
3.628971346113618068e+01
3.442867309593132319e+01
3.767415288042054300e+01
4.024669345593250824e+01
1.981080157009820297e+01
3.763774648911717691e+01
3.589056504900450415e-05
3.982966965976869034e+01
4.017937574722114391e+01
4.066926786591793075e+01
3.682810330673076749e+01
3.966254360031573611e+01
3.861128348511134334e+01
3.809429628363665898e+01
4.008341028832518305e+01
3.956957714302534157e+01
3.751636566723124133e+01
3.847026350375936232e+01
4.020670328656338910e+01
3.706769394409371898e+01
4.012514979971508922e+01
4.142951853042195154e+01
3.740946753143007498e-05
3.627186910111002049e+01
3.822558840604855845e+01
3.827337532579618085e+01
3.676289903537756487e+01
3.734208860226773652e+01
3.675425028514406733e+01
3.746905866082671821e+01
4.054489213066682396e+01
3.860085068464722013e+01
4.072414209771149984e+01
4.003714785865327030e+01
3.487682352279135500e+01
1.573608873914351233e-15
4.097508422879477763e+01
3.701353821277777456e+01
3.798685135831948401e+01
3.943610038652263938e+01
3.408478109553497859e+01
3.747813593020742218e+01
3.745097975677328606e+01
3.833500877932458195e+01
3.585216064043229522e+01
3.328985962838024903e+01
3.692207021260707478e+01
3.866998372475555357e+01
3.883117456278060331e+01
3.780135576018786026e+01
3.505188524806289507e+01
3.727981726710324040e+01
3.415930771745069450e+01
4.001551750004506403e+01
3.824448374713607990e+01
3.891170346736015517e+01
3.850430021073019304e+01
3.810949098044500261e+01
2.595190931669825929e+01
3.825357604779151899e+01
3.689383981305049787e+01
3.482912287553135400e+01
4.003012446466885166e+01
3.151711761822620161e+01
3.696657512836108594e+01
3.724777632410928163e+01
3.861796037229764522e+01
3.803252459770717309e+01
2.413275027273905238e+01
3.835943852875915638e+01
4.061811704959311697e+01
1.555182832388652549e-09
3.710852850122877555e+01
3.917137458022583729e+01
3.057563711663725314e+01
3.362344586432571703e+01
3.717568868623017408e+01
3.710176054461550166e+01
4.043868871679031685e+01
3.787252665327495293e+01
3.736237842560576183e+01
3.679255536794146764e+01
3.787859685246618113e+01
3.726286476566595240e+01
4.013528089174618430e+01
2.465403245886482964e+01
3.642644501648142352e+01
3.842551077349529010e+01
3.649839804161411649e+01
3.686706142917886098e+01
4.176993509883948974e+01
7.864046966825820851e-09
3.674022612456371206e+01
4.080694601394578314e+01
4.052625038784804445e+01
9.209458378161571035e-02
3.811531386468674043e+01
3.932805966007084919e+01
4.071569615683213783e+01
3.743883673160596004e+01
5.539915345784936385e+00
3.907309800012808410e+01
3.511193611607026099e+01
4.100325083865730136e+01
3.708319976570503940e+01
4.236766833580872138e+00
3.478320445826352625e+01
3.922886439525642288e+01
3.763425547739678478e+01
3.412926302585015037e+01
4.040211752136372780e+01
3.936099456744655356e+01
3.848685964754222510e+01
3.480847945651106556e+01
3.847670417201977955e+01
3.813955274211592439e+01
3.962144582057717201e+01
3.526847328918536562e+01
3.878862070283143737e+01
3.493952626819928042e+01
3.857999421862230349e+01
7.454795381800524527e-03
4.036645589413627278e+01
3.894285179347190251e+01
3.811683677182934105e+01
3.986500691077529268e+01
3.768825049132630056e+01
3.736951798661991120e+01
3.550947809804078048e+01
1.644112356551641696e+01
5.068234304853507233e+00
3.996478728187691587e+01
3.937044000772934282e+01
2.670288316020538844e+01
3.790324356788848803e+01
3.660117357236084956e+01
3.466490490630255294e+01
3.878119130044533591e+01
3.625793166605708251e+01
3.840078722493158381e+01
3.886653733632540053e+01
4.041029609615942064e+01
1.517030051349090058e+01
3.900101890426667950e+01
