2.220446049250313081e-16
2.220446049250313081e-16
2.220446049250313081e-16
2.220446049250313081e-16
2.220446049250313081e-16
2.220446049250313081e-16
1.616829795454128806e-15
2.220446049250313081e-16
2.220446049250313081e-16
2.220446049250313081e-16
2.220446049250313081e-16
2.220446049250313081e-16
2.220446049250313081e-16
2.220446049250313081e-16
2.220446049250313081e-16
2.220446049250313081e-16
2.220446049250313081e-16
2.220446049250313081e-16
2.220446049250313081e-16
2.220446049250313081e-16
2.220446049250313081e-16
2.220446049250313081e-16
2.220446049250313081e-16
2.220446049250313081e-16
2.220446049250313081e-16
2.220446049250313081e-16
2.220446049250313081e-16
2.220446049250313081e-16
2.220446049250313081e-16
2.220446049250313081e-16
2.220446049250313081e-16
2.220446049250313081e-16
2.220446049250313081e-16
2.220446049250313081e-16
2.220446049250313081e-16
2.220446049250313081e-16
2.220446049250313081e-16
2.220446049250313081e-16
2.220446049250313081e-16
2.220446049250313081e-16
2.220446049250313081e-16
2.220446049250313081e-16
2.220446049250313081e-16
2.220446049250313081e-16
2.220446049250313081e-16
2.220446049250313081e-16
2.220446049250313081e-16
2.220446049250313081e-16
2.220446049250313081e-16
2.220446049250313081e-16
2.220446049250313081e-16
2.220446049250313081e-16
2.220446049250313081e-16
2.220446049250313081e-16
2.220446049250313081e-16
2.220446049250313081e-16
2.220446049250313081e-16
2.220446049250313081e-16
2.220446049250313081e-16
2.220446049250313081e-16
2.220446049250313081e-16
2.220446049250313081e-16
2.220446049250313081e-16
2.220446049250313081e-16
2.220446049250313081e-16
2.220446049250313081e-16
2.220446049250313081e-16
2.220446049250313081e-16
2.220446049250313081e-16
2.220446049250313081e-16
2.220446049250313081e-16
1.120014973323627704e-14
2.220446049250313081e-16
2.220446049250313081e-16
2.220446049250313081e-16
2.220446049250313081e-16
2.220446049250313081e-16
2.220446049250313081e-16
2.220446049250313081e-16
2.220446049250313081e-16
2.220446049250313081e-16
2.220446049250313081e-16
2.220446049250313081e-16
2.220446049250313081e-16
2.220446049250313081e-16
2.220446049250313081e-16
2.220446049250313081e-16
2.220446049250313081e-16
2.220446049250313081e-16
2.220446049250313081e-16
2.220446049250313081e-16
2.220446049250313081e-16
2.220446049250313081e-16
2.220446049250313081e-16
2.220446049250313081e-16
2.220446049250313081e-16
2.220446049250313081e-16
2.220446049250313081e-16
2.220446049250313081e-16
2.220446049250313081e-16
2.220446049250313081e-16
2.220446049250313081e-16
2.220446049250313081e-16
2.220446049250313081e-16
1.633516645775571339e-15
2.220446049250313081e-16
2.220446049250313081e-16
2.220446049250313081e-16
2.220446049250313081e-16
2.220446049250313081e-16
2.220446049250313081e-16
1.609696764470887223e-15
1.498136988071588766e-15
2.220446049250313081e-16
2.220446049250313081e-16
2.220446049250313081e-16
1.579426319094419019e-15
2.220446049250313081e-16
2.220446049250313081e-16
2.220446049250313081e-16
2.220446049250313081e-16
2.220446049250313081e-16
1.644710967237097391e-15
2.220446049250313081e-16
2.220446049250313081e-16
2.220446049250313081e-16
2.220446049250313081e-16
1.602120992655500368e-15
2.220446049250313081e-16
2.220446049250313081e-16
2.220446049250313081e-16
2.220446049250313081e-16
2.220446049250313081e-16
2.220446049250313081e-16
2.220446049250313081e-16
2.220446049250313081e-16
2.220446049250313081e-16
2.220446049250313081e-16
2.220446049250313081e-16
2.220446049250313081e-16
2.220446049250313081e-16
2.220446049250313081e-16
2.220446049250313081e-16
1.601408815084148128e-15
2.220446049250313081e-16
2.220446049250313081e-16
2.220446049250313081e-16
2.220446049250313081e-16
2.220446049250313081e-16
2.220446049250313081e-16
1.642179193969129132e-15
2.220446049250313081e-16
2.220446049250313081e-16
2.220446049250313081e-16
1.581492539147716180e-15
2.220446049250313081e-16
1.636741466849691646e-15
2.220446049250313081e-16
2.220446049250313081e-16
1.610149412741922588e-15
2.220446049250313081e-16
2.220446049250313081e-16
2.220446049250313081e-16
2.220446049250313081e-16
2.220446049250313081e-16
2.220446049250313081e-16
1.645842366777065882e-15
2.220446049250313081e-16
2.220446049250313081e-16
2.220446049250313081e-16
1.547007874475235778e-15
2.220446049250313081e-16
2.220446049250313081e-16
2.220446049250313081e-16
2.220446049250313081e-16
2.220446049250313081e-16
2.220446049250313081e-16
2.220446049250313081e-16
2.220446049250313081e-16
2.220446049250313081e-16
2.220446049250313081e-16
2.220446049250313081e-16
2.220446049250313081e-16
2.220446049250313081e-16
2.220446049250313081e-16
2.220446049250313081e-16
2.220446049250313081e-16
1.450921659993028653e-15
2.220446049250313081e-16
2.220446049250313081e-16
2.220446049250313081e-16
2.220446049250313081e-16
2.220446049250313081e-16
2.220446049250313081e-16
1.038824806385194813e-14
2.220446049250313081e-16
2.220446049250313081e-16
2.220446049250313081e-16
2.220446049250313081e-16
2.220446049250313081e-16
2.220446049250313081e-16
2.220446049250313081e-16
2.220446049250313081e-16
1.604960593564365097e-15
1.579952890093364289e-15
2.220446049250313081e-16
2.220446049250313081e-16
2.220446049250313081e-16
2.220446049250313081e-16
2.220446049250313081e-16
1.630265216216917773e-15
2.220446049250313081e-16
1.553308672935277111e-15
2.220446049250313081e-16
1.636673234197431885e-15
2.220446049250313081e-16
1.185845102132387964e-14
1.608610851975417128e-15
2.220446049250313081e-16
2.220446049250313081e-16
2.220446049250313081e-16
1.160904681784797183e-14
2.220446049250313081e-16
2.220446049250313081e-16
1.592310956217161553e-15
2.220446049250313081e-16
2.220446049250313081e-16
2.220446049250313081e-16
2.220446049250313081e-16
2.220446049250313081e-16
2.220446049250313081e-16
2.220446049250313081e-16
2.220446049250313081e-16
7.111301384687248001e-14
2.220446049250313081e-16
2.220446049250313081e-16
2.220446049250313081e-16
2.220446049250313081e-16
2.220446049250313081e-16
2.220446049250313081e-16
2.220446049250313081e-16
2.220446049250313081e-16
1.168024029637545058e-14
1.541254702436705636e-15
2.220446049250313081e-16
1.571549644525039798e-15
2.220446049250313081e-16
2.220446049250313081e-16
2.220446049250313081e-16
2.220446049250313081e-16
2.220446049250313081e-16
2.220446049250313081e-16
2.220446049250313081e-16
2.220446049250313081e-16
1.143479625713211298e-14
2.220446049250313081e-16
1.101977494307574923e-14
2.220446049250313081e-16
2.220446049250313081e-16
1.536779462448979824e-15
2.220446049250313081e-16
2.220446049250313081e-16
1.619800700577878365e-15
1.017373506275672850e-14
2.220446049250313081e-16
1.173337074331548600e-14
2.220446049250313081e-16
6.366473169111148797e-13
1.632502239748557285e-15
1.617140718416640943e-15
1.636214395612462746e-15
2.220446049250313081e-16
2.220446049250313081e-16
2.220446049250313081e-16
4.533298502795258589e-12
2.220446049250313081e-16
2.220446049250313081e-16
2.220446049250313081e-16
1.191435619167612086e-14
1.631633863560589314e-15
2.220446049250313081e-16
8.509854566981774462e-14
2.220446049250313081e-16
1.627551890801964126e-15
2.220446049250313081e-16
2.220446049250313081e-16
2.220446049250313081e-16
1.609008486900395271e-15
2.220446049250313081e-16
2.220446049250313081e-16
1.600312238416454381e-15
2.220446049250313081e-16
2.220446049250313081e-16
2.220446049250313081e-16
2.220446049250313081e-16
2.220446049250313081e-16
2.220446049250313081e-16
1.463530568731981466e-15
2.220446049250313081e-16
2.220446049250313081e-16
2.220446049250313081e-16
2.220446049250313081e-16
1.182242690729158065e-14
2.220446049250313081e-16
1.583203736214396427e-15
2.220446049250313081e-16
1.175750786682986543e-14
2.220446049250313081e-16
2.220446049250313081e-16
2.220446049250313081e-16
1.185983886182042597e-14
1.587346095702832429e-15
2.220446049250313081e-16
2.220446049250313081e-16
1.152438166588519523e-14
1.624568833463884392e-15
8.078443435043337722e-14
1.056857459185873027e-14
1.576400773278867020e-15
2.220446049250313081e-16
1.625203177470287240e-15
2.220446049250313081e-16
1.631844565239583440e-15
1.625946965700631031e-15
1.493843333639505263e-15
2.220446049250313081e-16
1.177716510942204631e-14
6.150558626092491737e-13
8.302211303914922363e-14
2.220446049250313081e-16
2.220446049250313081e-16
2.220446049250313081e-16
2.220446049250313081e-16
7.199348436094341623e-14
3.309304560239164988e-11
1.105795615830656751e-14
1.165878171476222646e-14
1.164591166652897932e-14
1.485984644736338912e-15
1.617431642516811055e-15
6.397993722565518008e-13
1.604389529597191756e-15
3.246480882248451448e-11
1.601098463214169982e-15
2.220446049250313081e-16
2.220446049250313081e-16
8.629037520388803611e-14
2.220446049250313081e-16
2.220446049250313081e-16
2.220446049250313081e-16
1.148535874168159227e-14
2.220446049250313081e-16
2.220446049250313081e-16
2.220446049250313081e-16
1.610275924135851345e-15
1.150364303032371573e-14
5.972431849879631575e-13
2.220446049250313081e-16
2.220446049250313081e-16
2.220446049250313081e-16
2.220446049250313081e-16
2.220446049250313081e-16
1.590152684237095896e-15
2.220446049250313081e-16
8.594727998076098235e-14
1.539850179576482009e-15
1.169145299360687139e-14
2.220446049250313081e-16
2.220446049250313081e-16
2.220446049250313081e-16
8.575948843235703851e-14
1.188848193855929771e-14
1.190444137865512190e-14
2.220446049250313081e-16
1.644885189179885284e-15
2.220446049250313081e-16
1.261466598276792388e-08
2.220446049250313081e-16
1.192724450313802252e-14
2.220446049250313081e-16
1.629141907750618283e-15
1.162839900458401665e-14
8.723177212467076405e-14
2.220446049250313081e-16
2.220446049250313081e-16
1.198889151446478112e-14
2.220446049250313081e-16
1.156193572955646479e-14
1.170297229097524479e-14
8.593778876727397747e-14
1.041875618909690692e-14
2.220446049250313081e-16
1.631471696940385577e-15
8.625072556166625135e-14
7.985442669711381353e-14
1.621642251764892321e-15
2.220446049250313081e-16
1.589469668185330436e-15
1.184086320920260273e-14
3.880021279903086211e-12
1.092177966716349976e-14
1.049262081403713407e-14
1.632285855991751691e-15
2.220446049250313081e-16
1.815177104062152919e-09
2.220446049250313081e-16
1.913077134789123663e-03
1.209267855040982524e-14
2.410575246026365267e-10
1.549319336726094537e-15
1.393056736152439162e-02
1.602761164294211890e-15
6.671903414193502894e-07
1.215194876048106474e-14
1.472389106891985272e-15
4.362343988626431424e-12
2.694474649342542902e-11
3.184159905155590796e-11
2.220446049250313081e-16
2.285817787639468483e-10
4.235833030347302063e-06
2.220446049250313081e-16
2.220446049250313081e-16
1.585334339963497112e-15
8.655458068228798366e-14
2.220446049250313081e-16
2.229073040910902441e-10
1.581738498865445075e-15
1.106721367039943061e-14
2.220446049250313081e-16
1.110559724468422623e-14
1.047176647503658422e-14
1.478401002742436815e-15
9.014234476410325143e-08
2.220446049250313081e-16
9.715337806877316629e-02
5.646955087174840465e-13
8.816341035925887277e-14
1.157738759732696672e-14
1.716563076280188208e-09
8.364801822843772792e-14
2.220446049250313081e-16
3.245317938808881417e-11
4.541306713843689356e-12
2.220446049250313081e-16
1.591685044768133605e-15
2.410070880615983849e-10
2.220446049250313081e-16
3.250060498533325847e-11
3.343038916036438042e-11
4.512441826919199526e-12
1.931042559315296770e-03
1.078402504818482350e-14
5.488781321790692225e+00
7.396288575433937936e-14
2.220446049250313081e-16
1.758612293006766843e-09
1.618783418975348001e-15
6.899241491378484137e-14
1.279658466532544105e-08
2.220446049250313081e-16
6.193561889223872664e-13
8.636550398360685564e-14
4.576996692361624492e-12
7.425605573209338450e-01
1.091995604073551258e-14
3.994632260776725730e+01
3.429324163575753724e-03
3.237332419279257502e-11
3.334704540678368269e-11
1.165674873075113696e-14
2.220446049250313081e-16
2.220446049250313081e-16
8.450276389959339330e-14
1.563758610327864838e-15
2.220446049250313081e-16
2.220446049250313081e-16
1.552802716088918954e-15
6.306880323820732936e-13
8.938253175040469217e-14
3.166548319125565637e-11
2.220446049250313081e-16
2.220446049250313081e-16
6.582647328367962158e-07
2.220446049250313081e-16
2.220446049250313081e-16
2.220446049250313081e-16
1.889105451815227456e-03
3.945443346313060573e+01
2.220446049250313081e-16
1.500104110598489352e-15
2.504084881480343424e-04
2.220446049250313081e-16
2.220446049250313081e-16
1.502060980485853138e-15
2.220446049250313081e-16
2.284702090246088284e-10
1.094356166274517558e-14
9.268672887879262700e-08
4.723507246473622699e-06
3.517003557512799128e-05
4.238791089268726394e-12
6.669220442857457661e-07
8.702187947124808494e-08
1.416454527681951236e-02
1.708301323490567015e-09
2.230317888063094523e-10
2.382722195487268188e-10
4.528205083107654933e-12
2.220446049250313081e-16
2.220446049250313081e-16
6.722863098058545445e-07
2.220446049250313081e-16
6.823084778394001848e-01
5.412024190364415510e+00
2.245774938572198399e-10
1.337995251779701532e-08
7.490143095486403213e-14
5.906680934551568189e-13
4.022734712059348539e+01
2.220446049250313081e-16
1.181635208357060931e-14
1.594503053940948138e-15
1.760603786465980050e-09
2.220446049250313081e-16
2.220446049250313081e-16
7.613779842471814707e-08
1.158032639376917822e-14
2.220446049250313081e-16
1.535115116968854900e-15
2.220446049250313081e-16
8.462940580968636733e-14
1.034478077335151819e-01
1.548870264373389849e-15
1.745248687154974841e-09
2.239466470032842212e-05
6.936617793926887362e-08
1.790885672953407932e-03
6.898671217187416628e-07
1.824433012749115870e-03
1.880958128218376954e-03
3.550234617892841180e-05
1.180404693080167591e-08
1.200174789184783430e-14
3.041846456180727686e-11
4.593639834741567642e-12
3.463847985186670542e+01
4.138578917306990235e+01
9.350352099612111363e-15
1.630938331005941362e-15
6.691667158027377276e-07
6.816382044079927463e-07
3.724260317370404039e+01
8.412854149750557553e-14
1.528345555484133687e-15
9.039822054326929410e-09
1.508499691101201718e-15
1.082443826458494078e-14
2.474915830791098083e-04
7.250522524696542126e-01
5.293424355193424580e-01
5.075749339043288622e+00
4.378167383026157031e-06
3.849576182671873426e+01
2.568782013055855799e-04
1.283311450801224671e-08
1.475932827341140756e-15
2.743734683580167141e-04
2.422066806799722219e-10
2.220446049250313081e-16
7.338893276198513727e-01
3.963719816329226120e+01
5.128706720252409923e+00
1.365077676985084962e-02
3.299078813652763322e-05
3.603806439042161256e-12
6.784288286666580267e-07
3.515809395160459803e-05
2.220446049250313081e-16
6.316215919286231128e-13
1.249085605651940291e-08
1.565667636057808329e-15
1.645199116097657107e-15
1.464805393117140503e-02
8.149624849454663295e-14
6.491804082826331277e-07
1.621637048914765628e-15
3.338291581800797567e-11
2.220446049250313081e-16
6.075967393500275990e-13
7.526649026277243415e-01
1.208154654639279982e-08
5.233741073807505134e-13
2.220446049250313081e-16
4.048447162363528662e+01
1.075353423477619095e-14
8.947234559145367250e-02
3.824348484229076917e+01
2.212024587099659724e-10
1.160682359109871041e-08
3.843864604083456094e+00
9.949285917198945339e-02
2.787236039716466601e-11
8.347242866328916100e-02
4.088187888298676853e+01
5.084226683530586932e+00
1.298509006924336746e-02
1.616829790240961038e-15
3.870599742017372336e+01
2.220446049250313081e-16
5.257783825678418843e+00
1.940535116858305110e-03
2.548989623089942475e-04
3.507751858699188096e-05
2.196992241305589236e-11
3.723709957874318377e+01
5.269503478630573916e-06
4.978676707372266503e-06
1.553758887453285068e-15
3.898043401806850738e+01
1.417973993867291306e-15
5.043147065403224438e+00
2.579750348970128412e-10
4.139327287458467453e+01
1.000095476958526991e-01
1.061734460178476608e-14
3.978327407918804681e+01
8.526930192269738543e-14
7.206082425998652230e-01
5.135494052057623549e+00
1.408441683469103742e-02
4.282025992547202649e-07
3.864296540154459336e+01
3.843598102888135060e+01
3.761083256264780061e+01
6.790614340774558347e-14
7.241496332455819029e-01
1.813951198623039301e-03
2.614975130630104458e-04
1.054972265344480270e-01
3.803779314132727052e+01
3.536655826204000167e-12
8.572169281817740294e-02
3.213074113581440461e+00
3.876913142095152409e+01
3.939491933124710954e+01
7.356804215341247177e-01
1.769486779909001982e-03
3.807186135097825286e+01
5.830989440386212139e-13
2.880223247891594770e-11
3.896466995706065006e+01
2.526602646900051401e-04
6.587457486692410713e-01
2.532940100540305295e+01
5.081082382486314941e+00
2.220446049250313081e-16
3.218018813638180769e-06
5.263451984794343730e+00
6.987275100080593271e-01
9.765656903706804171e-02
5.422779616997245533e+00
5.116270339873522333e-07
1.086260209692268897e-14
3.359090776716920577e-11
5.126115030163138324e-13
2.699072881485090036e+01
4.899603301306450243e-06
3.839158482330003608e+01
3.418289639317088557e+01
1.603367874204254358e-15
7.077388834846939369e-01
7.124381859428357082e-08
3.881860511668813984e+01
3.738999513088800342e+01
5.493189878673273796e+00
3.665458121784594425e+01
1.449273588715513893e-02
8.505668258308990525e-14
9.885537770531414858e-02
2.220446049250313081e-16
3.221311410598058700e+01
3.952364363704815275e+01
3.766594012596525687e+01
5.527323618188372478e+00
3.911425506459973889e+01
4.670051445221523718e-12
7.273158821400672602e-01
3.782843553242693702e+01
5.532183816072457072e-02
2.220446049250313081e-16
1.360225374472848019e-02
5.564630744677666385e+00
8.423013341128611864e-14
3.507790582540343394e+01
2.353905223485868656e-10
3.670009239518759614e+01
1.398827962494494578e-02
1.832802503518110907e-09
7.361846378383855860e-02
4.887728261962186413e-13
4.050815593765727840e+01
1.421065571079937464e-03
5.304547064491239361e+00
4.055555116310856789e+01
3.774433990024888175e+01
3.810620127832601156e+01
3.439845846199635560e+01
3.541222383383018268e+01
9.900262109359280155e-15
3.726840739016085990e+01
3.661183032257774528e+01
3.894761659576640511e+01
3.918429823210106377e+01
7.030958893344542473e-07
4.032332361726946601e+01
3.757616736206250607e+01
2.220446049250313081e-16
3.874743686238959128e+01
2.563473421960293561e-04
3.770621216851412072e+01
1.727621148882124370e-09
4.536289558219150095e-12
5.167610432970051626e+00
2.220446049250313081e-16
2.554356188646518433e+01
1.479839674018486109e-15
1.918560467513892090e-10
9.085131889030187424e-02
3.891880324414250225e+01
8.028052294226032444e-08
6.048380603472771622e-01
3.991130181453016945e+01
1.551524770380900447e-15
2.514042884337578830e-04
3.905305448991473583e+01
7.059970513244117049e-08
3.943186649790965959e+01
3.799441532850418213e+01
7.174834380407265556e-08
3.900821964349243132e+01
5.590361896920305718e+00
3.792264505480243741e+01
3.724224829085689237e+01
3.763704761830407364e+01
3.816207398125131078e+01
3.817258261784714080e+01
6.038608446872762991e-01
3.937501817216832478e+01
9.524472010752049069e-15
4.048451186300916760e+01
2.385976092569846042e-04
1.000642133893479141e-03
6.717004115683734566e-01
3.649192735945064214e+01
3.832591860770417469e+01
3.020542612553174473e-06
2.220446049250313081e-16
4.063835410783426028e+01
2.220446049250313081e-16
1.479540484673707267e-02
3.619492728308740226e+01
5.086867721309121571e+00
3.802612669279614721e+01
3.872830206627957494e+01
3.900279534047211882e+01
3.549686115891643440e-12
3.999740550936287775e+01
3.970517328284400094e+01
2.090415398451427009e+01
3.070484056218935832e-11
4.025993770025501561e+01
3.834060910975706093e+01
5.069424245979996968e+00
4.151652126226442618e+01
3.929693394227061276e+01
3.799924795901232244e+01
4.000610195370447286e+01
2.848189811047684241e-06
7.297842531785305731e-01
3.759318399049718096e+01
3.606301097217088625e+01
3.727824465134884235e+01
4.146398398978261923e+01
3.695200606181654024e+01
3.976499764100078949e+01
3.897717667026333288e+01
8.104769787924870697e-03
3.844611562634456448e+01
3.867542731417110957e+01
3.345032582292611067e+01
3.614917589635401640e+01
2.220446049250313081e-16
3.880593547569061741e+01
3.831115497615777343e+01
4.897869820273615282e+00
4.031134677460985216e+01
4.910626880597034677e-13
4.120861338789449491e+01
3.693643581871042869e+01
3.725281148631999173e+01
3.975642601314268632e+01
3.832002492095725188e+01
3.822090217885020280e+01
3.822896431374800130e+01
3.801300407250636226e+01
3.775392979543025263e+01
3.986247596119638814e+01
3.854311049294908287e+01
3.756855132970495248e+01
3.654894363846399585e+01
3.004219122860172675e+01
3.884664402139804196e+01
4.125374808408047755e+01
3.822511495278410365e+01
3.608679494589168257e+01
3.739545853851477375e+01
3.846708708596775494e+01
5.145598155772304949e+00
3.488592734649783184e-11
7.623692958877452686e-01
3.725004130738325614e+01
2.156541974891779745e+01
2.319574078808797779e+01
4.117526312957371459e+01
3.851138060338113434e+01
4.364026533405773733e+00
3.735857211632344388e+01
5.663431743547601982e-02
3.742485574692755534e+01
3.540531374974728607e+01
4.033850283042340124e+01
4.174667980290347202e+01
3.655521019100160629e+01
2.054109949258424805e+01
3.986735298080004952e+01
3.970460040708368865e+01
3.686509802855379547e+01
3.786683385458407258e+01
3.920258103779413972e+01
3.615837322747553628e+01
3.761944658567632871e+01
4.945740066902026832e-02
2.861829965334548831e+01
4.127179313770983526e+01
3.861557640563230365e+01
3.760874243122407279e+01
4.086583513754278840e+01
3.779779496431888219e+01
3.923560342820547220e+01
3.680790917339415813e+01
4.013042116091948941e+01
3.979371979969324258e+01
3.572395509832568194e+01
3.748573455319181136e+01
3.953611647494466297e+01
3.813932254817446932e+01
3.411527994107240147e+01
3.962618394124597643e+01
3.984263868972694667e+01
6.575481527018771644e-01
3.808294646453200016e+01
3.905221920058417595e+01
3.487451663766703547e+01
3.223353806452794146e+01
3.951269279565826764e+01
3.846324021642029578e+01
3.942862602982880560e+01
3.075382620988088433e+01
3.447730218383517098e+01
2.506074543322831261e+01
3.814440551658672973e+01
3.708289358190170049e+01
3.616155421636129574e+01
3.937772372606152516e+01
3.844834095830532306e+01
3.573667396573554811e+01
3.764771930930965027e+01
3.750696319806002066e+01
4.071840988765389824e+01
2.600344597273168340e-05
4.376313531903740994e+01
3.727549545278343857e+01
5.855024366456164866e-06
3.845500181507641457e+01
4.022792743522703773e+01
3.331918913120458825e+01
3.978780410255673972e-01
3.681259794823373710e+01
3.685266360683681341e+01
3.803375136886012342e+01
1.944705563799081105e+01
3.783934218754460233e+01
3.402008807238070887e+01
3.998134382583513258e+01
3.850517881084665817e+01
3.794560725070502372e+01
3.703819485066894401e+01
6.086142062934148920e-08
3.779411909209960641e+01
3.878612848002243396e+01
3.723624802523900712e+01
3.802751723451819288e+01
3.833562373631926334e+01
3.867766827860165790e+01
1.716922558071041003e-09
2.310665418916754987e+01
2.769363609180122054e+01
3.804352784834865986e+01
3.785060202990932510e+01
6.858137345557599088e-14
1.799146172019774458e-05
3.734105338235517024e+01
3.738082808708109894e+01
3.832610365173242428e+01
3.995856007848873048e+01
3.973963855187273708e+01
2.937667241141513585e+01
3.998863664246547245e+01
3.638479934453097542e+01
1.482579825878307827e-15
3.824729066133587452e+01
3.701490276173320382e+01
3.781946517949066333e+01
3.922144464357327109e+01
4.048593868419351338e+01
3.541460988158333123e+01
2.220446049250313081e-16
3.941442583774311004e+01
4.168526265011201559e+01
3.970852040442807152e+01
3.705482449600710737e+01
3.787546890006616707e+01
3.771854996299816776e+01
3.664207315579146496e+01
3.783457352199936707e+01
3.800366031250816690e+01
3.663310750860086529e+01
3.931256465325522953e+01
4.059532017514485602e+01
3.729814484874810177e+01
3.697940386329190687e+01
1.835402305839446531e-05
3.764419968272139272e+01
4.125646622981908251e+01
3.523864419593045483e+01
5.124087327673124831e-02
3.862863991318562995e+01
3.880592498437324167e+01
3.672881320011138229e+01
3.904814647578565001e+01
3.791129419036661830e+01
3.981142693796849130e+01
3.018280569086174481e+01
3.965295364040397885e+01
3.944195499822314588e+01
3.831783750897035645e+01
3.872740228292909848e+01
3.552784257048808314e+01
4.082508656351176057e+01
3.676103364750370872e+01
3.839782953026802659e+01
3.637819724454195836e+01
3.853688824965754378e+01
3.813510154067144242e+01
3.745363669066179568e+01
3.974500053504252151e+01
4.206958519354687098e+01
4.736945762067613030e-07
3.911984513156624388e+01
2.220446049250313081e-16
3.901109496263413234e+01
4.014635485749770538e+01
3.947092254106104292e+01
3.896093367957890052e+01
3.419345662966488675e+01
4.055799444243022123e+01
3.695439601302965826e+01
3.699330388252283086e+01
3.789155330050409987e+01
3.884406243289453187e+01
4.074673846110730580e+01
4.047631912283048194e+01
3.921255489740184430e+01
4.003022404077897534e+01
3.596251344175954046e+01
4.103925115891525621e+01
4.050117271848721856e+01
4.165006880781658083e+01
3.756261966254272977e+01
4.998462940260858800e-02
3.742165565477809963e+01
4.155661932351903687e+01
7.501375209374308017e-01
3.997506210764446877e+01
3.827166881556464517e+01
3.920413844354191468e+01
4.007731411931909804e+01
2.977117713313406150e-12
3.844424758011805210e+01
3.704306141087410253e+01
