2.220446049250313081e-16
2.220446049250313081e-16
2.220446049250313081e-16
2.220446049250313081e-16
2.220446049250313081e-16
2.220446049250313081e-16
2.220446049250313081e-16
2.220446049250313081e-16
2.220446049250313081e-16
2.220446049250313081e-16
2.220446049250313081e-16
1.450921659993028653e-15
2.220446049250313081e-16
2.220446049250313081e-16
2.220446049250313081e-16
2.220446049250313081e-16
2.220446049250313081e-16
2.220446049250313081e-16
2.220446049250313081e-16
2.220446049250313081e-16
2.220446049250313081e-16
2.220446049250313081e-16
2.220446049250313081e-16
2.220446049250313081e-16
2.220446049250313081e-16
2.220446049250313081e-16
2.220446049250313081e-16
2.220446049250313081e-16
2.220446049250313081e-16
2.220446049250313081e-16
2.220446049250313081e-16
2.220446049250313081e-16
2.220446049250313081e-16
2.220446049250313081e-16
2.220446049250313081e-16
2.220446049250313081e-16
2.220446049250313081e-16
2.220446049250313081e-16
2.220446049250313081e-16
2.220446049250313081e-16
2.220446049250313081e-16
2.220446049250313081e-16
2.220446049250313081e-16
2.220446049250313081e-16
2.220446049250313081e-16
2.220446049250313081e-16
2.220446049250313081e-16
2.220446049250313081e-16
2.220446049250313081e-16
2.220446049250313081e-16
2.220446049250313081e-16
2.220446049250313081e-16
2.220446049250313081e-16
2.220446049250313081e-16
2.220446049250313081e-16
2.220446049250313081e-16
2.220446049250313081e-16
2.220446049250313081e-16
2.220446049250313081e-16
2.220446049250313081e-16
2.220446049250313081e-16
2.220446049250313081e-16
2.220446049250313081e-16
2.220446049250313081e-16
2.220446049250313081e-16
2.220446049250313081e-16
2.220446049250313081e-16
2.220446049250313081e-16
2.220446049250313081e-16
2.220446049250313081e-16
2.220446049250313081e-16
1.619904100885436812e-15
2.220446049250313081e-16
2.220446049250313081e-16
2.220446049250313081e-16
1.618086988665099023e-15
2.220446049250313081e-16
2.220446049250313081e-16
2.220446049250313081e-16
2.220446049250313081e-16
1.572506554272843811e-15
2.220446049250313081e-16
2.220446049250313081e-16
1.613967538626214435e-15
2.220446049250313081e-16
2.220446049250313081e-16
2.220446049250313081e-16
2.220446049250313081e-16
2.220446049250313081e-16
2.220446049250313081e-16
2.220446049250313081e-16
2.220446049250313081e-16
1.621928278102944557e-15
2.220446049250313081e-16
2.220446049250313081e-16
2.220446049250313081e-16
2.220446049250313081e-16
2.220446049250313081e-16
2.220446049250313081e-16
2.220446049250313081e-16
2.220446049250313081e-16
2.220446049250313081e-16
2.220446049250313081e-16
2.220446049250313081e-16
2.220446049250313081e-16
2.220446049250313081e-16
2.220446049250313081e-16
2.220446049250313081e-16
2.220446049250313081e-16
2.220446049250313081e-16
2.220446049250313081e-16
2.220446049250313081e-16
2.220446049250313081e-16
2.220446049250313081e-16
2.220446049250313081e-16
2.220446049250313081e-16
2.220446049250313081e-16
2.220446049250313081e-16
2.220446049250313081e-16
2.220446049250313081e-16
1.463178008523806370e-15
2.220446049250313081e-16
1.535326452849752812e-15
2.220446049250313081e-16
2.220446049250313081e-16
1.117344544138419154e-14
2.220446049250313081e-16
2.220446049250313081e-16
2.220446049250313081e-16
2.220446049250313081e-16
1.457550570511124363e-15
2.220446049250313081e-16
2.220446049250313081e-16
2.220446049250313081e-16
2.220446049250313081e-16
2.220446049250313081e-16
2.220446049250313081e-16
2.220446049250313081e-16
2.220446049250313081e-16
2.220446049250313081e-16
2.220446049250313081e-16
2.220446049250313081e-16
2.220446049250313081e-16
2.220446049250313081e-16
1.615536613555019455e-15
2.220446049250313081e-16
2.220446049250313081e-16
2.220446049250313081e-16
2.220446049250313081e-16
2.220446049250313081e-16
2.220446049250313081e-16
2.220446049250313081e-16
2.220446049250313081e-16
1.617767527553095573e-15
2.220446049250313081e-16
2.220446049250313081e-16
2.220446049250313081e-16
2.220446049250313081e-16
2.220446049250313081e-16
2.220446049250313081e-16
2.220446049250313081e-16
2.220446049250313081e-16
2.220446049250313081e-16
2.220446049250313081e-16
2.220446049250313081e-16
2.220446049250313081e-16
2.220446049250313081e-16
1.620393698717433665e-15
2.220446049250313081e-16
2.220446049250313081e-16
2.220446049250313081e-16
1.590310595326476093e-15
2.220446049250313081e-16
2.220446049250313081e-16
2.220446049250313081e-16
2.220446049250313081e-16
1.442850099414529670e-15
2.220446049250313081e-16
2.220446049250313081e-16
2.220446049250313081e-16
2.220446049250313081e-16
1.633086882997123425e-15
2.220446049250313081e-16
1.597858887589183977e-15
1.618772310649894233e-15
2.220446049250313081e-16
2.220446049250313081e-16
1.626721479139925331e-15
1.610210666825626938e-15
2.220446049250313081e-16
1.583459298492393552e-15
2.220446049250313081e-16
2.220446049250313081e-16
2.220446049250313081e-16
2.220446049250313081e-16
2.220446049250313081e-16
2.220446049250313081e-16
2.220446049250313081e-16
2.220446049250313081e-16
2.220446049250313081e-16
2.220446049250313081e-16
9.896784701780374459e-15
2.220446049250313081e-16
2.220446049250313081e-16
2.220446049250313081e-16
2.220446049250313081e-16
2.220446049250313081e-16
2.220446049250313081e-16
1.112315611063760372e-14
2.220446049250313081e-16
2.220446049250313081e-16
2.220446049250313081e-16
2.220446049250313081e-16
2.220446049250313081e-16
2.220446049250313081e-16
1.597570113076785140e-15
2.220446049250313081e-16
2.220446049250313081e-16
2.220446049250313081e-16
1.613499436350718005e-15
2.220446049250313081e-16
2.220446049250313081e-16
1.620589848333467242e-15
2.220446049250313081e-16
2.220446049250313081e-16
1.144082622481278601e-14
2.220446049250313081e-16
2.220446049250313081e-16
2.220446049250313081e-16
8.540210723466608873e-14
1.629164338266893336e-15
2.220446049250313081e-16
2.220446049250313081e-16
1.638357367842259080e-15
1.536118428980826113e-15
1.646370649126109207e-15
2.220446049250313081e-16
2.220446049250313081e-16
1.552043051791594540e-15
2.220446049250313081e-16
2.220446049250313081e-16
1.176475349501576487e-14
2.220446049250313081e-16
6.131774853984127342e-13
2.220446049250313081e-16
2.220446049250313081e-16
2.220446049250313081e-16
1.578832073725078977e-15
2.220446049250313081e-16
1.541171193752351532e-15
1.606577614010932115e-15
2.220446049250313081e-16
1.605815959509430347e-15
1.490782714834222895e-15
1.189281039265810390e-14
2.220446049250313081e-16
1.156443022381348852e-14
2.220446049250313081e-16
1.144509788674607511e-14
2.220446049250313081e-16
1.636420486713617878e-15
2.220446049250313081e-16
1.619154066392802904e-15
1.164985212417499682e-14
6.343743438513200681e-13
2.220446049250313081e-16
1.630945347037681022e-15
1.621550190204914367e-15
2.220446049250313081e-16
2.220446049250313081e-16
1.188855411657257008e-14
1.176513454614718944e-14
2.220446049250313081e-16
2.220446049250313081e-16
2.220446049250313081e-16
1.142682244126916136e-14
2.220446049250313081e-16
1.603223032883871839e-15
8.016451537321150531e-14
1.451034003905204737e-15
1.525424440828759157e-15
2.220446049250313081e-16
2.220446049250313081e-16
1.072832419094560835e-14
8.633670372496617111e-14
2.220446049250313081e-16
2.220446049250313081e-16
1.442849777518719085e-15
2.220446049250313081e-16
2.220446049250313081e-16
2.220446049250313081e-16
1.582793098802465228e-15
2.220446049250313081e-16
2.220446049250313081e-16
2.220446049250313081e-16
2.220446049250313081e-16
6.189066428854126045e-13
1.476283323877498650e-15
1.194069210112444627e-14
2.220446049250313081e-16
2.220446049250313081e-16
2.220446049250313081e-16
1.746169839487239103e-09
2.220446049250313081e-16
2.220446049250313081e-16
2.220446049250313081e-16
4.471514261531601557e-12
2.220446049250313081e-16
2.220446049250313081e-16
1.477090072320622786e-15
1.586195487596548334e-15
1.609519165715599909e-15
1.149843222682662691e-14
2.220446049250313081e-16
1.570242713425673798e-15
1.190691672226445483e-14
1.168364367927481831e-14
2.220446049250313081e-16
1.532852545822432444e-15
2.220446049250313081e-16
2.220446049250313081e-16
2.220446049250313081e-16
1.613276536211239802e-15
2.220446049250313081e-16
2.220446049250313081e-16
2.220446049250313081e-16
8.689060184797973980e-14
8.620396105741443388e-14
2.220446049250313081e-16
1.618292839751279251e-15
1.605610581243369197e-15
8.240030471684973428e-14
1.518636229053555698e-15
1.138185194210646746e-14
2.220446049250313081e-16
2.220446049250313081e-16
2.220446049250313081e-16
2.220446049250313081e-16
2.220446049250313081e-16
2.220446049250313081e-16
2.220446049250313081e-16
1.432421149331726643e-15
1.393702550908183691e-15
2.419036491199122820e-10
1.297658203846986751e-08
2.220446049250313081e-16
1.171902293331765899e-14
3.044937840361298147e-11
2.220446049250313081e-16
1.117436905021033117e-14
2.220446049250313081e-16
2.220446049250313081e-16
2.220446049250313081e-16
1.174347673917418201e-14
2.220446049250313081e-16
1.507370024808769539e-15
2.220446049250313081e-16
1.472400001517404937e-15
1.583395133735666339e-15
2.220446049250313081e-16
8.310662077114981816e-14
1.622500168119146362e-15
1.609237231995312628e-15
8.484144392192196811e-14
2.220446049250313081e-16
1.593786059759685091e-15
6.399370073439006046e-13
2.220446049250313081e-16
1.618293336434191236e-15
6.248433543372145157e-13
2.220446049250313081e-16
1.610645253072804050e-15
1.619482064723619093e-15
3.358918850049134904e-11
1.188294377724908650e-14
2.220446049250313081e-16
2.220446049250313081e-16
1.610398074383500320e-15
1.629203926285772880e-15
8.506089734045909047e-14
2.220446049250313081e-16
3.441732114018381098e-11
1.140383452068609731e-14
1.270971912706050645e-08
9.189051734606319229e-08
1.607527476360988758e-15
7.296918592409521653e-08
2.220446049250313081e-16
2.220446049250313081e-16
8.533637824453414645e-14
2.220446049250313081e-16
8.445663109046740926e-14
2.220446049250313081e-16
4.528735246484258266e-12
1.095948019519797048e-14
1.149894874940792345e-14
2.220446049250313081e-16
1.633942157062551865e-15
2.220446049250313081e-16
2.220446049250313081e-16
4.513218914967470686e-12
3.394728776033430621e-11
1.746958605963951849e-09
2.134922773724109744e-10
4.380046703414871993e-12
1.698971598160110508e-09
1.091711071681798940e-14
3.763547820968593527e-12
1.062292959010413054e-14
6.487416012265400819e-07
1.099536537954061816e-14
2.220446049250313081e-16
6.299580343354595650e-13
4.924777634236942033e-06
1.564247857026586938e-15
2.220446049250313081e-16
1.318339029833217724e-08
1.121754172705346818e-14
1.592461560211424545e-15
1.468070254156917493e-15
1.067783341998371355e-14
1.181984471268212386e-14
2.220446049250313081e-16
2.220446049250313081e-16
8.394118579382959422e-14
1.719975811860996151e-09
2.391848758572695122e-10
2.220446049250313081e-16
2.220446049250313081e-16
2.220446049250313081e-16
7.923206680150984255e-14
6.212955437454124803e-13
7.989014454674329987e-14
1.025094057715371237e-01
1.274247406943986501e-08
4.257363298953488725e-12
6.156824027017014607e-13
2.220446049250313081e-16
5.285243829753593303e+00
1.553540544718270059e-15
8.649192499352426585e-14
1.068611040394003633e-14
1.181466793148136830e-14
1.632869474287218361e-15
2.220446049250313081e-16
1.208856788142653400e-08
8.777516515429638308e-14
2.220446049250313081e-16
2.390278492012120392e-10
1.096932597169207769e-14
4.275287740779845000e-12
2.220446049250313081e-16
2.220446049250313081e-16
2.220446049250313081e-16
5.975562091055039741e-13
2.220446049250313081e-16
4.456287824499530834e-12
4.604940494622688923e-12
2.220446049250313081e-16
1.567554187891253746e-15
6.728833481431916935e-14
2.220446049250313081e-16
1.499042923763326685e-15
1.260470806763684372e-08
6.330653984661339260e-13
1.592269027642034321e-15
3.221559289008537290e-11
4.504107907509418311e-13
4.871343719502216992e-06
6.323524055674585639e-13
1.204864974712397397e-14
1.277764429289658759e-08
3.632457256749763985e+01
2.235219602858839220e-10
4.778396029616373065e-12
2.220446049250313081e-16
2.426399524742980477e-10
3.297486590532476646e-11
2.388549561005576802e-04
6.549564168707597749e-07
6.666071971913415215e-07
9.357111873045932566e-08
2.220446049250313081e-16
5.307487658805402297e+00
1.228439039874186959e-08
5.502608463686967433e+00
6.215758485394100647e-13
1.161784449881220764e-14
5.119038651908525139e+00
8.783573671802257687e-14
2.220446049250313081e-16
2.220446049250313081e-16
8.287014651269519539e-14
8.737167267336542060e-14
4.870055215965393219e-12
4.385632537783298066e-12
1.594156858055996885e-15
1.491511539492121460e-15
1.127287968427938851e-14
5.842879090920071258e-13
3.905157609253842906e-12
2.488203517626156919e-04
5.989428166556154254e-13
2.220446049250313081e-16
1.258373557093969697e-02
2.320899039066318780e-10
1.629341203467445748e-15
4.375419214466132686e-12
2.220446049250313081e-16
8.736964615617961444e-14
1.181749645986261345e-14
3.187299225291777214e-11
2.220446049250313081e-16
3.346263959171521612e-11
1.192043289000353310e-14
8.631216861674964491e-14
1.164471822021062186e-14
4.568472657007612965e-12
1.096492652401658961e-09
5.552100904053886232e+00
2.220446049250313081e-16
4.408421953941178997e-12
2.424164779428266435e-10
2.220446049250313081e-16
5.181779399606570635e+00
4.411767543515272443e-12
3.770517737146418824e+01
2.220446049250313081e-16
4.529086185046851158e-12
5.962477003667797737e-13
3.422620633156529156e-05
3.532312558030926091e-05
5.458265024662222409e+00
2.599755474105159680e-04
5.531835412184227252e+00
8.209679534733674526e-14
2.220446049250313081e-16
1.264823350887323276e-08
6.008094469408524680e-13
7.768567106492207694e-14
3.053174400198863469e-11
3.881244119204472298e+01
1.583458962023228529e-15
3.325627237044829972e-05
1.692021670662086997e-03
8.523402723939168804e-14
1.864247187878502769e-03
3.673002998156508456e-05
3.005514521485698420e-11
4.330976806233849141e-12
1.748664152753032263e-03
1.706938103324890642e-09
4.144396679211432126e-06
9.642239770894252799e-08
5.878842380715238822e-13
3.898508751973578020e-12
7.005041649973436924e-01
5.867124634533944587e-13
4.147394420807350945e-12
3.586231500903360114e+01
1.098049803886776491e-14
7.408341723921685329e-01
5.470358861690252539e+00
3.287164136226312103e-05
7.241892146982292777e-01
1.217112848117062746e-02
1.579145800524766642e-15
3.759103019340921747e+01
3.808235630114162973e+01
2.499797304841591640e-04
1.029466410685377503e-01
2.452879014807133605e-10
9.711440481553407344e-15
2.220446049250313081e-16
6.189111579180891681e-13
2.516349441902015929e-04
1.321828236915755829e-02
2.220446049250313081e-16
3.787714498019759623e-05
9.269025990177793535e-08
1.799651939428504590e-03
8.221623985315744006e-14
1.487691462869990093e-02
6.092354378185284815e-13
1.349612571533315469e-09
4.315431352328561379e-12
5.539121250677614405e+00
2.220446049250313081e-16
4.314764012917351721e+01
1.951849848696737529e-03
3.998199392933468488e+01
7.236957670091449524e-01
6.214060191720612321e-13
3.836819869757504620e+01
2.378343168150308440e+00
1.201072813294325479e-14
1.247775198109590511e-08
3.892042354140374272e+01
3.130430110147232579e-11
6.968679762698553093e-07
1.081993965326119578e-02
1.181310904601090805e-14
3.804899159781183471e+01
5.379315945878732741e+00
6.445264678965710869e-01
9.734944470204788536e-02
3.882308721965682707e+01
2.805377729590734859e+01
4.058931169136608474e+01
2.384030351590449627e-10
5.184109642176218280e+00
1.719763259918949441e-10
9.962434660089614091e-02
4.124287444378835513e-13
5.162277908983390340e+00
4.698310437429245923e+00
5.407313652160840256e+00
3.816988328727310176e+01
3.662664383579509320e+01
3.894690855900020665e+01
1.485949099894760020e-15
5.570892598757463260e-02
1.774732259239555606e-03
4.065604084438679422e+01
3.850118653994896789e+01
1.340561468919541531e-03
3.777983937405864623e+01
6.969226074271572365e-07
2.903478474732841338e-06
3.840560570827745579e+01
3.626063328010135223e+01
4.321532880931454912e-06
4.196083303396737563e+01
3.905285540588894122e+01
4.438520286721584718e+00
3.639708357732987121e-12
3.809346452679947248e+01
9.242236116651125766e-02
3.777479418565240366e+01
4.755796037723325931e+00
4.043089972068723625e+01
7.054167502499787412e-01
5.083987604275719682e-06
7.157170968938074695e-01
3.919497192982739620e+01
3.892248549063624097e+01
3.755171704628525475e+01
3.514348803722246117e+00
5.121498671053191565e+00
1.069568826720048399e-08
3.339930039027679953e+01
3.720582541213308048e+01
2.220446049250313081e-16
3.222849662720306825e-11
2.758727751349762035e-11
2.952316758885107362e+00
3.773163017187859936e+01
3.807087559235357332e+01
4.562932496718251407e+00
5.033633325534355052e+00
4.666064552085123829e+00
3.867227520433942090e+01
4.743322973318092336e-12
1.699515788027020179e-09
3.877981194803648179e+01
3.792297679212231287e+01
3.936491902811349775e+01
3.817862803854759335e+01
5.046324838352856528e-07
3.836033849423157704e+01
3.953618211450151421e+01
1.912969793675729779e-03
3.884706867509292039e+01
1.428536288043258558e-02
2.953127978264183703e-11
3.858136131609687425e+01
3.812682491490495096e+01
3.866286465427516106e+01
3.732909981688348466e+01
3.884936732942965421e+01
2.427534589276033694e-04
3.421158434492758005e+01
4.021904201532916545e+01
5.547555778179621200e+00
4.047349171844566484e+01
1.792344583543375152e-09
3.419775518472710729e+01
2.463091099048884116e-10
5.312572339441143043e+00
3.713163834667108044e-12
4.877847927094529742e-06
3.858906463935491615e+01
3.687980835242057509e+01
3.886965272663769611e+01
6.304862613681635246e-08
1.350875790373587924e-02
5.501270778772816783e+00
4.560992168168531184e-06
2.220446049250313081e-16
3.736975368980988321e+01
3.071042365832727287e-11
4.019950052064906743e+01
7.493962011761116093e-01
2.220446049250313081e-16
2.096053077579210822e+01
7.347724140007091398e-01
3.806093632405831073e+01
7.844928914026783051e-01
3.954549730353022596e+01
4.106422691615423304e+01
2.519031025794083909e-04
3.958595833920585250e+01
7.587827382670461196e-01
6.986014621165939076e-01
1.397115029438791454e-03
3.767737124550390604e+01
3.213893037758668925e+01
3.734414149925606097e+01
3.933706304378630847e+01
4.958211894639838916e-06
6.301257142279923264e-13
1.609382561023502013e-10
3.930778286596673610e+01
5.613502340157581649e+00
3.483918451093514790e+01
3.688375580508256490e+01
3.784347504740761536e+01
3.635506478680063935e+01
3.984210018214636762e+01
3.953073866593287278e+01
5.463154548192950877e+00
6.177568917715994631e-13
3.865011213737576412e+01
3.715644868008693180e+01
6.395838013376620812e-13
3.784503351698118223e+01
3.645192242097117941e+01
4.037413580911523781e+01
3.855158358569234878e+01
3.372626442494191707e-11
1.207574930860405933e-08
3.685948491089200019e+01
3.449942198415148908e+01
1.360939114531561955e+01
4.077994693526029835e+01
3.641187227888167399e+01
3.310288349958307208e+01
3.845110236464282139e+01
3.815070007660406048e+01
3.927731680961634453e+01
4.125420269822696895e+01
9.278558774691009203e-02
3.824040287056350351e+00
2.220446049250313081e-16
3.642524995668012622e+01
4.007463866300287236e+01
3.820211429124046276e+01
2.813233507033955405e+01
4.120458538520638569e+01
3.816820242974159783e+01
2.757560056476225796e+01
3.801599483103354515e+01
1.245785849694566391e-02
3.799042758847360091e+01
1.004854895524912861e-01
3.886498052335672782e+01
2.220446049250313081e-16
7.658088802003423790e-02
1.794984711882248365e-03
3.794441364613334855e+01
3.896353525854188149e+01
1.199363422924957874e-14
3.774255373000863756e+01
2.060477651103370178e+01
3.760028453972562090e+01
4.084503335323684814e-01
4.194968340956004482e+01
3.800349281785364752e+01
3.544693065366834617e+01
1.544908177612637923e-15
3.909882304498708550e+01
3.704917300274957626e+01
3.699564102451554248e+01
3.905232785555394059e+01
3.670303884277446826e+01
3.929961322458440520e+01
3.629580531170176982e+01
3.630847665559727488e+01
3.995926416864886921e+00
1.026142046235476389e-09
3.007601712160401064e+01
3.057393400901416314e+01
1.107794730356337310e-03
3.879289787242267096e+01
3.476325926787772147e+01
3.567026234504619708e+01
2.408484721430090499e-11
3.523247372062094485e+01
4.139077995175092894e+01
3.892984795934929565e+01
3.892350727316414094e+01
3.807094029044213812e+01
3.825023397308728335e+01
8.989058312851501857e-08
4.997051514987603180e-13
3.646077586509127855e+01
3.528581036611059574e+01
3.786678420670887135e+01
1.189750456004589029e-08
3.670162298524546429e+01
3.872678745264447997e+01
3.699161149476093789e-12
3.926052668432840420e+01
3.852230049750033203e+01
3.767792012556415671e+01
4.079969952027779811e+01
3.563286376373550723e+01
3.897122251925685532e+01
3.829986857692287572e+01
3.991811014107461375e+01
3.735776633872939101e+01
2.220446049250313081e-16
3.675943154079729425e+01
3.589986992387112252e+01
3.728030952251291552e+01
3.800703226189772010e+01
4.012807755122772591e+01
3.804356862555527385e+01
5.260095311997617706e+00
2.568777094891311208e+01
4.078150536143349569e+01
3.482106784049271653e+01
3.951746064864349250e+01
1.051480307879505030e-14
3.332279886864767349e+01
3.812538860574119326e+01
4.016486997632043909e+01
3.872774662389176825e+01
3.765267539736530722e+01
4.153031021686616953e+01
3.416675023880162598e+01
3.747583524182993386e+01
3.803211978551249928e+01
3.822776907630549914e+01
3.881026584494593834e+01
3.438789221164734045e+01
4.493618963385525689e+00
3.922142208232919103e+01
3.950854260654195826e+01
3.935285478577930651e-01
5.761913496072690070e-13
3.698122805029776572e+01
3.908556013209482671e+01
3.648106322335510043e+01
3.773983663480624529e+01
3.721378332916232523e+01
3.583641576677051432e+01
1.771564901294123097e-03
3.658200335661720715e+01
3.708128600704399958e+01
4.186114281259312264e+01
4.148907306940500206e+01
3.911023094475346085e+01
4.116495874526034271e+01
3.905251823966050750e+01
3.351259650932981771e+01
3.945003033040486429e+01
3.964116369358773539e+01
3.891978707721382591e+01
2.436058469240646513e-10
3.927742274260186406e+01
3.887494367357709280e+01
3.777152015877145175e+01
3.717778407767367810e+01
4.024952634812299834e+01
3.953896115405851930e+01
3.733750188036007245e+01
4.103320984602704158e+01
5.588305458657549796e-01
3.458222275895008124e+01
4.043117361977391511e+01
3.753783493708031926e+01
3.865927889864816791e+01
3.948523034767905671e+01
3.537885795802642974e+01
1.324346854589032729e-02
3.078463628701414191e-12
3.836289633060411575e+01
3.710817629414164287e+01
3.814833339950218516e+01
5.216449737000269371e-01
3.978204084420174524e+01
3.873760884941733451e+01
3.278954103727348013e+01
3.663300337167024878e+01
4.055407022136168393e+01
5.212785068273913858e+00
3.199296304227739896e+01
3.713755174312915130e+01
4.601490858843264142e+00
3.913273696182521633e+01
3.990418653862307252e+01
4.019581448064150209e+01
3.669529880632026675e+01
4.017206559031657065e+01
3.710375818267613823e+01
3.772773315133058247e+01
2.990557247442832534e+01
3.832019764878312174e+01
3.077875837543557935e+01
3.915983503911927954e+01
3.396190570788138530e+01
3.317509857957115571e+01
2.189486360755624972e+01
3.856393821834008406e+01
3.810710658883275670e+01
2.033340107123156315e+01
4.149886129791647704e+01
2.294163555370723273e+01
1.507244287712132254e-04
9.271115090633500616e-03
3.999275036401630246e+01
3.999607802595243555e+01
3.668082007466993133e+01
3.993452833067174623e+01
3.779493231542925002e+01
3.761352190793731864e+01
3.806174434388432815e+01
3.833863048834364662e+01
3.619930541651943656e+01
3.370460726768700965e+01
4.050293603477368265e+01
3.911685411883419050e+01
4.211539068628532334e+01
2.718933872852677425e+01
3.688028695690562131e+01
3.863384676981254273e+01
4.000163119349292629e+01
3.925223392814216083e+01
3.664518983151190668e+01
3.926691814320076901e+01
3.597074262224660510e-12
3.916098526226012666e+01
4.034084514711148728e+01
3.573868636693546819e+01
2.374933358376891125e-06
3.817123421269847228e+01
3.978393042638714405e+01
3.856168381160041037e+01
3.900718882805836074e+01
3.943715037878889973e+01
4.041312186794880290e+01
3.970227829863953417e+01
3.834100931223440512e+01
4.109057314865161459e+01
3.888925091218626306e+01
3.931095303829940235e+01
2.651654983803377164e+01
3.997312009128797428e+01
3.562526728404330356e+01
2.910320309914919079e+01
4.133737412283407053e+01
3.534279605144735115e+01
3.988104297835791101e+01
3.903572135679549149e+01
3.832284538188367407e+01
3.751523080084291450e+01
3.622527643963868371e+01
3.763332349119201581e+01
3.754926082749501148e+01
3.895871369456718014e+01
3.828972493823549428e+01
3.905222399867032834e+01
3.996276420525699535e+01
3.816066083584162527e+01
4.177141756489410085e+01
3.728069132577738287e+01
3.964889772653399547e+01
3.547920555025412170e+01
3.770432695209512985e+01
3.916540803121036873e+01
3.893051329335487054e+01
3.572461842745762084e+01
3.740623094676639226e+01
3.955836941900082593e+01
3.502021094194098794e+01
3.534035753730573504e+01
3.273069534800825409e+01
3.956512700102958036e+01
3.683618423039346368e+01
3.696328684651842877e+01
3.840488250136719017e+01
3.929758033617441271e+01
3.966640956309515076e+01
3.757790074368460154e+01
4.054365242281049575e+01
3.768125796473747613e+01
3.815685907667329246e+01
3.595559291113584521e+01
3.705610879384153122e+01
3.628141489494213801e+01
