2.220446049250313081e-16
2.220446049250313081e-16
2.220446049250313081e-16
2.220446049250313081e-16
2.220446049250313081e-16
2.220446049250313081e-16
2.220446049250313081e-16
2.220446049250313081e-16
2.220446049250313081e-16
2.220446049250313081e-16
2.220446049250313081e-16
2.220446049250313081e-16
2.220446049250313081e-16
2.220446049250313081e-16
2.220446049250313081e-16
2.220446049250313081e-16
2.220446049250313081e-16
2.220446049250313081e-16
2.220446049250313081e-16
2.220446049250313081e-16
2.220446049250313081e-16
1.620198707961377740e-15
2.220446049250313081e-16
2.220446049250313081e-16
2.220446049250313081e-16
2.220446049250313081e-16
2.220446049250313081e-16
2.220446049250313081e-16
2.220446049250313081e-16
2.220446049250313081e-16
2.220446049250313081e-16
2.220446049250313081e-16
1.623498029029907584e-15
2.220446049250313081e-16
2.220446049250313081e-16
2.220446049250313081e-16
2.220446049250313081e-16
2.220446049250313081e-16
2.220446049250313081e-16
2.220446049250313081e-16
2.220446049250313081e-16
2.220446049250313081e-16
2.220446049250313081e-16
2.220446049250313081e-16
2.220446049250313081e-16
2.220446049250313081e-16
2.220446049250313081e-16
2.220446049250313081e-16
2.220446049250313081e-16
2.220446049250313081e-16
2.220446049250313081e-16
2.220446049250313081e-16
2.220446049250313081e-16
2.220446049250313081e-16
2.220446049250313081e-16
2.220446049250313081e-16
2.220446049250313081e-16
2.220446049250313081e-16
2.220446049250313081e-16
2.220446049250313081e-16
2.220446049250313081e-16
2.220446049250313081e-16
2.220446049250313081e-16
2.220446049250313081e-16
2.220446049250313081e-16
2.220446049250313081e-16
2.220446049250313081e-16
2.220446049250313081e-16
2.220446049250313081e-16
2.220446049250313081e-16
2.220446049250313081e-16
2.220446049250313081e-16
2.220446049250313081e-16
2.220446049250313081e-16
2.220446049250313081e-16
1.178914098699987158e-14
2.220446049250313081e-16
2.220446049250313081e-16
1.067353683612124909e-14
2.220446049250313081e-16
2.220446049250313081e-16
2.220446049250313081e-16
2.220446049250313081e-16
2.220446049250313081e-16
2.220446049250313081e-16
2.220446049250313081e-16
2.220446049250313081e-16
2.220446049250313081e-16
2.220446049250313081e-16
2.220446049250313081e-16
2.220446049250313081e-16
2.220446049250313081e-16
2.220446049250313081e-16
2.220446049250313081e-16
2.220446049250313081e-16
2.220446049250313081e-16
2.220446049250313081e-16
2.220446049250313081e-16
2.220446049250313081e-16
2.220446049250313081e-16
2.220446049250313081e-16
2.220446049250313081e-16
2.220446049250313081e-16
2.220446049250313081e-16
2.220446049250313081e-16
2.220446049250313081e-16
2.220446049250313081e-16
2.220446049250313081e-16
2.220446049250313081e-16
2.220446049250313081e-16
2.220446049250313081e-16
2.220446049250313081e-16
1.190779222093282306e-14
1.618395191491339675e-15
2.220446049250313081e-16
2.220446049250313081e-16
2.220446049250313081e-16
2.220446049250313081e-16
2.220446049250313081e-16
2.220446049250313081e-16
2.220446049250313081e-16
2.220446049250313081e-16
2.220446049250313081e-16
2.220446049250313081e-16
2.220446049250313081e-16
2.220446049250313081e-16
2.220446049250313081e-16
2.220446049250313081e-16
2.220446049250313081e-16
2.220446049250313081e-16
2.220446049250313081e-16
2.220446049250313081e-16
2.220446049250313081e-16
2.220446049250313081e-16
2.220446049250313081e-16
2.220446049250313081e-16
2.220446049250313081e-16
2.220446049250313081e-16
2.220446049250313081e-16
2.220446049250313081e-16
2.220446049250313081e-16
2.220446049250313081e-16
2.220446049250313081e-16
2.220446049250313081e-16
2.220446049250313081e-16
2.220446049250313081e-16
2.220446049250313081e-16
2.220446049250313081e-16
9.996808985644481428e-15
2.220446049250313081e-16
2.220446049250313081e-16
2.220446049250313081e-16
2.220446049250313081e-16
2.220446049250313081e-16
2.220446049250313081e-16
2.220446049250313081e-16
2.220446049250313081e-16
2.220446049250313081e-16
1.619805970467926574e-15
1.618696816147637838e-15
2.220446049250313081e-16
2.220446049250313081e-16
2.220446049250313081e-16
2.220446049250313081e-16
2.220446049250313081e-16
2.220446049250313081e-16
2.220446049250313081e-16
2.220446049250313081e-16
2.220446049250313081e-16
2.220446049250313081e-16
2.220446049250313081e-16
2.220446049250313081e-16
2.220446049250313081e-16
1.627879376970516216e-15
1.501469480326492583e-15
2.220446049250313081e-16
1.640762735128844615e-15
1.167452340768190266e-14
2.220446049250313081e-16
2.220446049250313081e-16
2.220446049250313081e-16
1.628766947236905615e-15
2.220446049250313081e-16
2.220446049250313081e-16
2.220446049250313081e-16
1.638736952389346517e-15
2.220446049250313081e-16
2.220446049250313081e-16
2.220446049250313081e-16
2.220446049250313081e-16
2.220446049250313081e-16
1.544553513934372157e-15
2.220446049250313081e-16
2.220446049250313081e-16
2.220446049250313081e-16
2.220446049250313081e-16
2.220446049250313081e-16
1.185078755435144657e-14
1.606899204279958812e-15
2.220446049250313081e-16
1.581361980016697978e-15
2.220446049250313081e-16
2.220446049250313081e-16
2.220446049250313081e-16
2.220446049250313081e-16
2.220446049250313081e-16
2.220446049250313081e-16
2.220446049250313081e-16
2.220446049250313081e-16
1.574049181608027241e-15
1.491137151196690090e-15
1.442850100545783030e-15
2.220446049250313081e-16
2.220446049250313081e-16
2.220446049250313081e-16
2.220446049250313081e-16
2.220446049250313081e-16
1.632506838467314212e-15
1.631977371242269779e-15
2.220446049250313081e-16
2.220446049250313081e-16
2.220446049250313081e-16
2.220446049250313081e-16
2.220446049250313081e-16
1.539141222416508910e-15
2.220446049250313081e-16
8.092017932302091752e-14
1.609646070586912861e-15
2.220446049250313081e-16
6.123866951775235913e-13
2.220446049250313081e-16
2.220446049250313081e-16
1.595960625394510018e-15
2.220446049250313081e-16
2.220446049250313081e-16
2.220446049250313081e-16
2.220446049250313081e-16
2.220446049250313081e-16
2.220446049250313081e-16
1.169284229887546111e-14
1.172275401489124911e-14
1.580727686885559172e-15
1.622115950109036510e-15
2.220446049250313081e-16
2.220446049250313081e-16
2.220446049250313081e-16
2.220446049250313081e-16
2.220446049250313081e-16
2.220446049250313081e-16
8.399424074525512054e-14
2.220446049250313081e-16
2.220446049250313081e-16
1.630179988811086625e-15
2.220446049250313081e-16
1.168420339224248800e-14
8.798261948073555553e-14
2.220446049250313081e-16
2.220446049250313081e-16
4.414819787866736505e-12
2.220446049250313081e-16
2.220446049250313081e-16
2.220446049250313081e-16
1.602022486527771230e-15
2.220446049250313081e-16
2.220446049250313081e-16
2.220446049250313081e-16
1.114505463776295838e-14
2.220446049250313081e-16
2.220446049250313081e-16
2.220446049250313081e-16
1.602476815493366765e-15
2.220446049250313081e-16
2.220446049250313081e-16
2.220446049250313081e-16
2.220446049250313081e-16
1.126050946249935011e-14
1.524323896119964342e-15
2.220446049250313081e-16
8.238330967279455281e-14
1.194013038771378106e-14
2.220446049250313081e-16
8.060194356424409901e-14
2.220446049250313081e-16
1.615336081540687010e-15
2.220446049250313081e-16
2.220446049250313081e-16
1.539853541488077155e-15
8.687196420583870003e-14
2.220446049250313081e-16
1.149186509280730866e-14
1.201557536930693712e-14
2.220446049250313081e-16
2.220446049250313081e-16
1.533693868434466261e-15
2.220446049250313081e-16
1.096235128315136294e-14
1.570539978059051604e-15
1.166189638397692737e-14
1.620411268251956419e-15
2.220446049250313081e-16
2.220446049250313081e-16
1.093609432414798189e-14
2.220446049250313081e-16
1.613966304090496574e-15
2.220446049250313081e-16
8.730190412862529996e-14
2.220446049250313081e-16
1.609646278998398015e-15
2.220446049250313081e-16
2.220446049250313081e-16
1.636216204779473228e-15
1.556957344353974634e-15
2.220446049250313081e-16
1.623631906737848711e-15
1.196486007497450098e-14
2.220446049250313081e-16
2.220446049250313081e-16
2.220446049250313081e-16
1.442850099586633482e-15
7.941939749492891373e-14
1.182268196070794300e-14
1.629685960180032060e-15
1.157801012587645024e-14
1.136476877111740698e-14
2.220446049250313081e-16
2.220446049250313081e-16
1.158582423096436847e-14
8.712336280943668157e-14
2.220446049250313081e-16
1.639972295411155570e-15
1.626889043445055236e-15
1.616581520020621469e-15
2.220446049250313081e-16
8.576512949789194264e-14
1.192935199857969470e-14
8.300485972282095598e-14
1.557380132270194811e-15
7.880812963175794004e-14
8.277636530748087185e-14
2.220446049250313081e-16
2.220446049250313081e-16
2.220446049250313081e-16
1.568195628336048514e-15
8.416232134572319831e-14
1.531994804569488621e-15
2.220446049250313081e-16
2.220446049250313081e-16
6.227436782239413156e-13
2.220446049250313081e-16
8.261354781912342678e-14
1.626553648852369402e-15
1.094207319992550564e-14
2.220446049250313081e-16
2.220446049250313081e-16
1.119359220527410562e-14
2.220446049250313081e-16
1.606554640660428233e-15
2.220446049250313081e-16
8.732001934970457967e-14
6.405852966803898181e-13
1.291271161916909040e-08
2.220446049250313081e-16
1.627431475564120183e-15
2.220446049250313081e-16
3.295484945491347825e-11
4.620125210636894504e-12
2.220446049250313081e-16
2.220446049250313081e-16
1.560181032225740134e-15
1.636408051973278023e-15
1.149538881432692281e-14
1.606763682122640329e-15
3.284681154817416475e-11
1.210765215002493100e-14
2.220446049250313081e-16
1.518636229053540512e-15
1.138024540273194948e-14
8.465634680452354666e-14
8.513357671244452907e-14
2.220446049250313081e-16
2.220446049250313081e-16
2.220446049250313081e-16
2.367634525945511815e-10
2.220446049250313081e-16
2.220446049250313081e-16
1.768377071684320905e-09
2.220446049250313081e-16
1.269439766943804749e-08
3.345744965269081811e-11
1.248505938426894021e-08
8.399765441712338211e-14
1.097569473667739814e-14
2.220446049250313081e-16
1.806728399159820587e-09
1.717028003927746368e-09
2.220446049250313081e-16
2.220446049250313081e-16
1.168785226155143261e-14
8.556422628478574131e-14
2.220446049250313081e-16
2.220446049250313081e-16
5.648013541306255943e-13
8.518378008460443347e-14
8.087119969673212989e-14
8.294295413442465867e-14
4.679277563543308645e-12
1.181824480652878566e-14
1.634502854863854552e-15
2.220446049250313081e-16
1.098750492888433952e-14
2.220446049250313081e-16
1.512912989420159249e-15
1.638987896703030412e-15
2.220446049250313081e-16
8.583459607145506302e-14
3.521377043650677705e-05
1.622075195899150562e-15
1.615302017079631081e-15
6.237407239854863445e-13
1.168125613041089075e-14
1.636270309919684696e-15
1.561747473059849503e-15
2.220446049250313081e-16
6.217197811963365319e-13
1.162104647344970887e-14
1.610702188293393032e-15
1.819157059706291192e-03
8.353016144170016032e-14
2.220446049250313081e-16
2.220446049250313081e-16
2.320973995548279413e-10
2.220446049250313081e-16
2.220446049250313081e-16
5.999366563241846862e-13
5.048145170108107826e-06
2.220446049250313081e-16
1.726975208334328041e-09
8.748345003303881413e-14
1.865078619970660144e-03
1.087112195590074453e-14
1.664650639361685600e-09
1.508887102753542453e-09
6.930424300317909905e-07
1.696713921075173201e-09
6.094404583839400233e-13
2.220446049250313081e-16
5.303108510145208393e-06
1.176992763853964528e-14
2.220446049250313081e-16
1.611131505652011028e-15
6.260997900137530165e-13
4.406664420656762436e-12
8.568135258718348114e-14
5.670346825066225897e-13
3.131249620369817542e-11
7.901942114107059217e-14
2.936313212478493983e-11
1.628846131633069019e-15
1.239742867797640993e-08
4.446939792626633106e-12
4.377233977066676623e-12
2.520730800115164311e-10
1.534582324819127758e-15
2.691998625352451813e-04
3.578764789417945629e-05
1.182040277517936926e-14
1.091573363315697925e-14
2.220446049250313081e-16
1.055195310727475699e-14
4.556117035838184137e-12
2.220446049250313081e-16
1.190820717419281070e-14
5.697961801346670753e-13
1.057267432687026831e-01
4.860795005644324935e-06
4.661134872906237786e-12
1.717978501602521438e-09
2.424258728378310889e-04
1.612171952725286416e-15
3.087780581849447337e-11
8.262422702675048323e-14
5.380316290609760791e-13
7.681932853252493599e-14
1.259579753172084850e-02
3.785831244507514825e-12
6.353334597924281917e-13
2.220446049250313081e-16
6.358770753561836895e-13
2.837865128037371501e-11
4.668755723042966264e-06
2.220446049250313081e-16
1.817003557360914777e-03
1.205105526492514331e-14
2.618994592994956880e-04
2.220446049250313081e-16
7.157876853205581424e-01
6.806084162544250094e-07
4.349351062598050436e-12
1.378983919290745382e-02
2.220446049250313081e-16
2.220446049250313081e-16
1.516640886395551707e-15
1.222378474428901189e-08
1.048708905772456484e-01
6.154221683060588264e-13
1.623497624764595709e-15
1.573984907487136334e-15
1.892487499785842501e-10
5.912735851272091028e-13
2.220446049250313081e-16
9.590029522912942028e-02
1.513930751556290030e-15
1.636498696290641035e-15
1.040052617407435782e-14
4.540239225063378277e-12
4.296135391557973204e-06
2.220446049250313081e-16
2.220446049250313081e-16
1.419070749524821082e-02
8.585695050502205542e-14
8.545604812499885873e-08
1.121782535613733345e-14
2.220446049250313081e-16
7.439591501331761503e-01
4.389836697804749812e-12
2.146439519470413882e-04
7.216097165494945731e-01
8.187737819292856169e-14
9.738901928923376916e-02
2.220446049250313081e-16
2.220446049250313081e-16
2.220446049250313081e-16
2.574045946488278227e-04
1.005805851119022334e-14
7.379849727687366467e-01
2.547561933100419901e-04
5.649955783083478218e-13
2.542532760030481914e-10
4.574126000461268435e-12
4.450983302660993195e-06
1.578139341456188087e-15
3.800991779574784601e+01
8.951142092397509233e-08
5.785406222319591629e-13
1.251647819120059950e-08
5.539525707368613716e+00
1.036361290008737804e-14
2.477771137665123207e-10
6.186916371910901458e-14
8.431512106739724841e-14
3.538251252452052142e+01
3.654090018965569442e+01
5.698148024818128210e-02
2.220446049250313081e-16
3.980860795629613591e+01
2.285239112978537205e-10
8.476089722489360961e-14
4.816807338242309368e-06
7.039921649688998202e-07
1.303545629815719756e-08
2.406297591461779072e-10
9.429516286122988484e-08
5.481797119331010215e+00
2.220446049250313081e-16
1.064831045871835885e-01
2.987388667995418961e-11
2.220446049250313081e-16
1.545069728227260659e-15
6.191789841747491990e-13
1.802490377607226862e-03
4.710093915648816900e-12
2.777909699215111150e-11
3.585773993305122787e+01
2.364411544016791579e-11
3.342750522271602960e-11
3.918940922998926624e+01
6.856862792859921285e-01
5.769448091426658820e+00
2.220446049250313081e-16
1.762764055338447969e-09
6.536093628125370567e-07
1.339464034865252805e-02
2.220446049250313081e-16
3.706827275299313129e+01
1.875582430235077803e-03
7.308799232640936783e-01
5.353355867726747874e+00
3.926233069569716605e+01
3.775276238164151721e+01
1.673316654577522730e-09
6.834823578880456774e-01
4.456198254902126901e-12
1.468070674568681905e-15
3.906276654450921831e-12
2.220446049250313081e-16
9.399785763932433834e-08
5.493910288172141776e+00
1.543266803790448757e-15
1.525261413090755056e-15
7.685535790453873473e-01
3.067862565387441265e+01
1.256590788432869824e-02
1.270868064538151294e-08
1.377476889971316829e-02
3.760678580063872545e+01
4.097631489897224100e+01
3.946893805476246087e+01
4.088995492863003989e+01
1.307347383605188436e-02
1.472591397756464358e-03
2.132809791351791221e-04
4.210147162306356705e+01
1.874123276636713862e-03
3.826347566369073405e+01
3.771287593781418224e+01
7.380102551153272517e-01
1.313271334519938022e-02
1.477228406338065218e-04
3.919805522085128757e+01
4.216100874965773926e+01
4.049753360032821803e+01
9.626863528605264205e-04
3.776543636538722382e+01
4.888228142668313403e+00
2.527268631717040815e-04
3.778204181670012218e+01
3.754218142738361053e+01
3.429634199830393845e-12
1.554030715180230657e-15
3.897808102608636460e+01
4.145360970553425517e+01
3.847133887280134701e+01
7.183974584388104212e-01
3.714437375269528019e+01
3.906511450131962704e+01
6.389048893315728309e-07
7.332406838804368387e-01
4.807502389463983228e+00
3.864449910078036510e+01
2.623025525867449429e-11
3.546761231569666961e+01
1.287880131218388262e-08
3.337370076579428586e-11
3.910464001792918509e+01
7.126599379123960132e-01
2.462738967598208386e-04
3.954751844614970935e+01
2.220446049250313081e-16
4.098020361767003550e+01
1.141775768570248931e-03
6.362756441372792171e-01
3.883780004272625774e+01
2.220446049250313081e-16
1.805446394748884019e-03
7.498351098403303050e-01
3.940109020441042276e+01
1.716882446243561504e-03
2.616303935175040962e+01
3.391542704037555467e+01
5.876711747956659515e+00
3.369649195727644737e-05
3.527417459751686835e+01
4.474308474384010026e+00
1.122997527051728250e-14
3.960893643686605259e+01
3.598156123379739156e-05
2.834730698228259271e+01
3.682629773985339483e+01
3.816341472036661742e+01
3.763612814149371388e+01
1.941338023646459274e-03
2.772071851410847673e-11
5.900186552845670482e-07
5.361555560037794876e+00
1.832946418079288830e-09
3.674723486467820521e+01
3.855774759255597672e+01
2.008269188825087103e-03
8.440543893986320045e-02
2.220446049250313081e-16
5.252708586646652300e+00
7.350949647734638021e-07
7.288292899701779293e-01
3.880426997873245654e+01
3.459913859965860894e+01
2.220446049250313081e-16
3.883968336330587334e+01
9.985956282388692975e-09
3.916240665959274025e+01
3.268616322060811541e+01
3.988242172443872846e+01
1.408629647805098237e-02
4.078742941155130808e+01
9.445645037726474458e-02
6.970950190075871911e-01
2.220446049250313081e-16
3.702468506937809423e+01
3.982559044420521133e+01
4.450813543859679505e-02
3.711517353105113415e+01
3.223617512357186143e+01
5.170927387560778854e+00
1.334095976742179355e-10
3.973764615699662528e+01
3.628353766069020736e+01
4.684439975545131187e-06
3.774954014501062716e+01
4.696098951711929814e+00
3.668775974313071941e+01
4.631536794241103161e-07
5.088514115358357515e+00
8.553443723382295925e-14
3.934848874636523419e+01
3.790933356032653734e+01
3.304393343779569617e-12
4.640310195739821289e-12
3.605625903602274462e+01
3.862945174460082143e+01
9.743548667809180708e-09
5.851390899181937444e-01
3.049094209448434967e+01
3.678837612266767110e+01
3.744629544484190831e+01
3.881145288441757657e+01
3.676861153637162971e+01
3.834588149870032936e+01
3.760926613733914081e+01
4.008479625427857940e+01
2.220446049250313081e-16
3.785658966962616745e+01
1.060402573011167645e-09
4.122631864782680822e+01
3.785388180097128696e+01
3.805319762825862284e+01
3.657143410291777741e+01
3.822090886592152970e+01
4.138911029565808519e+01
3.788747306898748235e+01
3.895214342873186553e+01
2.539131751421646395e-04
2.627906293172328844e+01
3.890653748808190215e+01
3.590011521450901455e+01
5.236502688845745546e+00
4.014703943635190342e+01
3.926062077926339811e+01
3.461510866941982290e+00
3.925694914829793447e+01
3.927555660248088287e+01
3.851642524887977004e+01
6.215614894494198694e-07
3.685204936302081791e+01
3.908623019033009172e+01
5.145565830905294291e+00
3.730207938086766717e+01
4.106381384041377913e+01
4.120389470146068334e+01
1.207038255076283199e-09
3.965886069602867536e+01
7.223362278103253018e-14
1.005665772215078857e-01
3.793631796351905194e+01
9.918100109451728069e-04
9.597466385543494682e-02
4.191530841684416941e+01
3.640189337717883689e+01
3.992361867851268897e+01
3.815544365956784389e+01
3.472111056404067142e+01
6.336395812408736612e-08
4.945150175771136790e-13
3.748230151709964275e+01
5.126252035379748939e+00
3.982336409566431001e+01
4.046781703243159711e+01
1.072744616065216818e-14
3.878011071101447271e+01
3.736659057892534719e+01
5.147935562086314754e+00
3.705982574483753211e+01
4.025846297459376188e+01
5.340334061615545025e+00
2.779616764173671228e+01
4.023963166574419859e+01
1.494371715226371279e-15
3.845999030287190834e+01
1.503945943350464882e-15
5.122269723324561319e+00
3.869014296268188957e+01
3.544088332859200108e+01
4.202452042360945228e+01
3.921668019626062573e+01
3.868362342429778522e+01
7.052360261536542040e-14
3.973335342307279916e+01
3.991680520020974399e+01
3.640151183234908672e+01
3.793324504987859314e+01
7.723710286744054354e-01
3.034603568852363509e+01
3.733713273041264813e+01
3.997298928942523588e+01
3.789515168327345407e+01
4.169411256898755624e+01
3.913697159021451455e+01
3.692238366074274580e+01
4.012205881758175963e+01
3.848098239946133958e+01
3.787074450530229797e+01
3.641553385178132629e+01
3.917265238854658094e+01
2.220446049250313081e-16
3.732753304379564696e+01
3.668526548196449966e+01
2.554174945069933754e-04
3.719202422958738197e+01
3.895559535746859581e+01
3.478086546646066779e+01
3.836726667534973245e+01
2.220446049250313081e-16
3.482835824302585337e+01
3.870975686328732479e+01
1.927885902154531693e-03
3.766237396507666801e+01
3.802641702891379794e+01
3.557721710504985424e+01
3.451005953497649159e+01
3.910948772449347643e+01
3.199822226517430224e+01
3.722902615468935750e+01
3.601145412014300717e+01
2.417111723034131643e+01
3.448143083014326038e+01
4.129543205328832300e+01
2.341535094900135653e-10
3.418296724246895479e+01
1.695411143249604371e-10
4.096599602195051659e+01
5.625941205353398589e-01
4.049606811319053890e+01
3.988313189560492589e+01
4.112293449422983116e+01
4.005806735398790863e+01
2.446422744836839058e+01
3.701223985702654318e+01
3.957921796907518086e+01
4.024439863893432801e+01
3.036349980238790280e+01
4.051766428033419487e+01
3.842512362442665363e+01
3.943777831771264886e+01
4.060320706879356578e+01
3.920880279019429793e+01
3.783955841278428522e+01
3.773820488246683880e+01
3.738272719407456179e+01
4.053419748940014244e+01
2.220446049250313081e-16
4.373683750464202546e+01
1.224325645170868532e-02
3.739523312011361611e+01
3.641476456835228248e+01
3.967759602457626045e+01
2.220446049250313081e-16
3.700556558140190333e+01
3.978537898330110067e+00
3.271216397433505563e+01
3.292439905779658359e-11
3.946644224604223439e+01
1.869418192179743435e-10
1.642202293394609214e+01
3.771846939147241784e+01
3.480763816323540993e+01
3.829853018435461109e+01
3.649564906610942217e+01
2.220446049250313081e-16
4.654787117989142686e+00
1.730680963410446320e-03
4.021575062714718030e+01
3.575567537614110591e+01
3.985614867774395265e+01
3.847649037626883484e+01
3.878761620986156089e+01
3.950160125814279866e+01
3.782995913067647820e+01
3.870732480952972310e+01
3.964994915977754886e+01
3.950930174587777799e+01
3.727071476520318072e+01
3.809698146412694797e+01
3.891771191331560686e+01
3.820392747164579816e+01
3.964911457648559434e+01
3.569199400071934036e+01
2.220446049250313081e-16
4.106386207642567854e+01
2.435905715950142181e+01
3.892558007804916542e+01
3.788656272056736185e+01
1.885202582673356418e-10
2.943759843608637539e+01
3.919377535137481061e+01
3.934259535498913607e+01
3.672132519700511466e+01
3.837915579302516988e+01
3.921518139640911471e+01
4.126760829839013667e+01
3.767373864931939664e+01
3.688861892705511281e+01
3.587226538792913999e+01
4.042957941074789119e+01
3.745602538395806391e+01
3.780707478377583897e+01
3.976825101849714628e+01
4.042008859671577170e+01
3.712393593225991140e+01
3.604492075005632756e+01
4.001749488329846827e+01
3.819949006121324686e+01
3.680784288738684040e+01
4.047977456268970542e+01
3.995214628603913809e+01
3.841156128164881522e+01
3.836639195184990569e+01
3.739223658887971879e+01
3.964304181310235009e+01
3.644038611424701202e+01
3.867596201088345964e+01
3.081359574042589244e+01
2.779906935326072670e+01
3.903515289910417607e+01
3.733101205642820020e+01
4.031357824330751782e+01
3.786550966532588802e+01
3.857089256997089421e+01
3.503308827352056909e+01
4.001368615134044404e+01
3.657923863421658695e+01
3.813967306140597202e+01
1.302602357055247274e-03
3.425819878345136971e+01
2.084501640398790201e+01
3.730048574667790007e+01
3.613457250182064939e+01
3.938268352692585950e+01
3.926902877536917913e+01
3.887666690979904160e+01
2.451132623565675864e-11
3.955054670860199195e+01
3.625336231427861122e+01
3.367446849599970449e+01
4.234232124773247818e+01
6.312866620692498820e-01
3.810815441913014467e+01
3.815317436139605434e+01
3.983415552264871451e+01
4.146847888950599526e+01
3.882705533495885675e+01
2.220446049250313081e-16
3.901368428124922616e+01
6.724288127751865810e-14
3.743203806587249005e+01
3.640175648445688239e+01
3.874251074267368011e+01
3.888592244752094729e+01
3.764057777148623529e+01
3.903988561700755611e+01
3.748032760046759648e+01
3.846380950443201385e+01
4.069123224673758443e+01
4.033954325616700487e+01
2.199471149985773977e+01
3.745231013684425392e+01
3.563149225007359178e+01
3.440695508869476527e+01
3.880481946506301938e+01
3.873126371370454990e+01
3.633933212821147407e+01
3.697907207709579325e+01
3.856521864724837201e+01
3.578904722255818882e+01
3.418292581592939428e+01
3.946958956008987177e-07
3.552381683501116072e+01
4.058126922216968069e+01
3.935635541986082586e+01
3.639731954817076343e+01
3.638633924647617590e+01
3.945907507859600827e+01
4.064123137719460033e+01
5.696911960042634993e-07
3.891993339144633524e+01
3.970899861203147907e+01
3.628565740025753188e-07
3.922221934089086659e+01
3.250193160495589950e+01
3.815055568712385536e+01
3.712578168006708523e+01
3.454249549210609160e+01
3.154397469075188454e+01
3.270307157945068610e+01
