2.220446049250313081e-16
2.220446049250313081e-16
2.220446049250313081e-16
2.220446049250313081e-16
2.220446049250313081e-16
2.220446049250313081e-16
2.220446049250313081e-16
2.220446049250313081e-16
2.220446049250313081e-16
2.220446049250313081e-16
2.220446049250313081e-16
2.220446049250313081e-16
2.220446049250313081e-16
2.220446049250313081e-16
2.220446049250313081e-16
2.220446049250313081e-16
1.524323961350726063e-15
2.220446049250313081e-16
2.220446049250313081e-16
2.220446049250313081e-16
2.220446049250313081e-16
2.220446049250313081e-16
2.220446049250313081e-16
2.220446049250313081e-16
2.220446049250313081e-16
2.220446049250313081e-16
2.220446049250313081e-16
2.220446049250313081e-16
2.220446049250313081e-16
2.220446049250313081e-16
2.220446049250313081e-16
2.220446049250313081e-16
2.220446049250313081e-16
2.220446049250313081e-16
2.220446049250313081e-16
2.220446049250313081e-16
2.220446049250313081e-16
2.220446049250313081e-16
2.220446049250313081e-16
2.220446049250313081e-16
1.531990141528140567e-15
1.609898380328038622e-15
2.220446049250313081e-16
2.220446049250313081e-16
2.220446049250313081e-16
1.518636294895730572e-15
2.220446049250313081e-16
2.220446049250313081e-16
1.442850097991219296e-15
2.220446049250313081e-16
2.220446049250313081e-16
2.220446049250313081e-16
2.220446049250313081e-16
2.220446049250313081e-16
2.220446049250313081e-16
2.220446049250313081e-16
2.220446049250313081e-16
2.220446049250313081e-16
2.220446049250313081e-16
2.220446049250313081e-16
2.220446049250313081e-16
2.220446049250313081e-16
2.220446049250313081e-16
2.220446049250313081e-16
2.220446049250313081e-16
1.619706088574797897e-15
2.220446049250313081e-16
2.220446049250313081e-16
2.220446049250313081e-16
2.220446049250313081e-16
2.220446049250313081e-16
2.220446049250313081e-16
2.220446049250313081e-16
1.626809340790784959e-15
2.220446049250313081e-16
2.220446049250313081e-16
2.220446049250313081e-16
2.220446049250313081e-16
2.220446049250313081e-16
2.220446049250313081e-16
2.220446049250313081e-16
2.220446049250313081e-16
2.220446049250313081e-16
2.220446049250313081e-16
2.220446049250313081e-16
2.220446049250313081e-16
2.220446049250313081e-16
1.582976413229298153e-15
2.220446049250313081e-16
2.220446049250313081e-16
2.220446049250313081e-16
1.542607412362301871e-15
2.220446049250313081e-16
2.220446049250313081e-16
2.220446049250313081e-16
2.220446049250313081e-16
2.220446049250313081e-16
2.220446049250313081e-16
2.220446049250313081e-16
2.220446049250313081e-16
2.220446049250313081e-16
2.220446049250313081e-16
2.220446049250313081e-16
2.220446049250313081e-16
1.612458571860532425e-15
2.220446049250313081e-16
2.220446049250313081e-16
2.220446049250313081e-16
2.220446049250313081e-16
1.629558068002550101e-15
2.220446049250313081e-16
2.220446049250313081e-16
2.220446049250313081e-16
2.220446049250313081e-16
2.220446049250313081e-16
2.220446049250313081e-16
2.220446049250313081e-16
1.606764472552355993e-15
2.220446049250313081e-16
2.220446049250313081e-16
2.220446049250313081e-16
2.220446049250313081e-16
2.220446049250313081e-16
2.220446049250313081e-16
2.220446049250313081e-16
2.220446049250313081e-16
2.220446049250313081e-16
2.220446049250313081e-16
2.220446049250313081e-16
2.220446049250313081e-16
2.220446049250313081e-16
2.220446049250313081e-16
2.220446049250313081e-16
1.195036590198847312e-14
2.220446049250313081e-16
2.220446049250313081e-16
2.220446049250313081e-16
1.536118133698338428e-15
2.220446049250313081e-16
2.220446049250313081e-16
2.220446049250313081e-16
2.220446049250313081e-16
2.220446049250313081e-16
2.220446049250313081e-16
2.220446049250313081e-16
1.630944831766619633e-15
8.483046698174717331e-14
2.220446049250313081e-16
2.220446049250313081e-16
2.220446049250313081e-16
2.220446049250313081e-16
2.220446049250313081e-16
1.595069169150660141e-15
2.220446049250313081e-16
2.220446049250313081e-16
2.220446049250313081e-16
2.220446049250313081e-16
2.220446049250313081e-16
2.220446049250313081e-16
1.589287785630610122e-15
1.463178008136475862e-15
1.566392126457589152e-15
2.220446049250313081e-16
2.220446049250313081e-16
2.220446049250313081e-16
2.220446049250313081e-16
2.220446049250313081e-16
2.220446049250313081e-16
2.220446049250313081e-16
2.220446049250313081e-16
2.220446049250313081e-16
2.220446049250313081e-16
2.220446049250313081e-16
2.220446049250313081e-16
2.220446049250313081e-16
2.220446049250313081e-16
2.220446049250313081e-16
2.220446049250313081e-16
1.587108887278366049e-15
2.220446049250313081e-16
2.220446049250313081e-16
2.220446049250313081e-16
2.220446049250313081e-16
2.220446049250313081e-16
2.220446049250313081e-16
2.220446049250313081e-16
2.220446049250313081e-16
2.220446049250313081e-16
2.220446049250313081e-16
2.220446049250313081e-16
2.220446049250313081e-16
1.622342070315154144e-15
2.220446049250313081e-16
1.646315505085774738e-15
2.220446049250313081e-16
2.220446049250313081e-16
8.674213511340167584e-14
1.594236526271684683e-15
2.220446049250313081e-16
2.220446049250313081e-16
2.220446049250313081e-16
2.220446049250313081e-16
2.220446049250313081e-16
2.220446049250313081e-16
2.220446049250313081e-16
2.220446049250313081e-16
1.597185466317250051e-15
2.220446049250313081e-16
2.220446049250313081e-16
1.623948188831824619e-15
2.220446049250313081e-16
2.220446049250313081e-16
2.220446049250313081e-16
2.220446049250313081e-16
2.220446049250313081e-16
2.220446049250313081e-16
2.220446049250313081e-16
2.220446049250313081e-16
2.220446049250313081e-16
2.220446049250313081e-16
2.220446049250313081e-16
2.220446049250313081e-16
2.220446049250313081e-16
2.220446049250313081e-16
2.220446049250313081e-16
1.543261272730115383e-15
2.220446049250313081e-16
2.220446049250313081e-16
1.564261467637289440e-15
2.220446049250313081e-16
2.220446049250313081e-16
2.220446049250313081e-16
1.610250481571119042e-15
2.220446049250313081e-16
2.220446049250313081e-16
2.220446049250313081e-16
2.220446049250313081e-16
2.220446049250313081e-16
2.220446049250313081e-16
2.220446049250313081e-16
1.600941110333764618e-15
1.607436685763108689e-15
2.220446049250313081e-16
2.220446049250313081e-16
8.542908203366690138e-14
2.220446049250313081e-16
2.220446049250313081e-16
1.188274198508027441e-14
2.220446049250313081e-16
1.157320097319103803e-14
2.220446049250313081e-16
2.441367255523726397e-10
1.575267177667285421e-15
2.220446049250313081e-16
2.220446049250313081e-16
2.220446049250313081e-16
6.259920219903765466e-13
2.220446049250313081e-16
2.220446049250313081e-16
1.192792982756580537e-14
2.220446049250313081e-16
1.606491150223599852e-15
1.157551007127257800e-14
1.641506979634245307e-15
8.509875335752716281e-14
1.575825729057112809e-15
6.159623759171788027e-13
2.220446049250313081e-16
1.176580571887548919e-14
2.220446049250313081e-16
2.220446049250313081e-16
8.443156278679510818e-14
1.166859262359222020e-14
2.220446049250313081e-16
1.159084353242650358e-14
2.220446049250313081e-16
2.220446049250313081e-16
1.617411595879418879e-15
1.640220773796590042e-15
1.177168479464577339e-14
2.220446049250313081e-16
1.084522351113215040e-14
2.220446049250313081e-16
2.220446049250313081e-16
2.220446049250313081e-16
8.663515435575421695e-14
1.567489103638298992e-15
1.194018227696130885e-14
2.220446049250313081e-16
2.220446049250313081e-16
6.195966706648735406e-13
1.479805138744682651e-15
2.220446049250313081e-16
2.220446049250313081e-16
8.630704466863167725e-14
2.220446049250313081e-16
2.220446049250313081e-16
1.625901814377799294e-15
2.531520192622386480e-10
2.220446049250313081e-16
2.220446049250313081e-16
1.085172721959941706e-14
2.220446049250313081e-16
1.619895140365335134e-15
4.326811612588323684e-12
2.220446049250313081e-16
6.275299682848149442e-13
8.570924952509581842e-14
8.839341568530679325e-14
6.202862698104003516e-13
2.220446049250313081e-16
1.603664333743045717e-15
1.576325525014918085e-15
1.625417694679572307e-15
2.220446049250313081e-16
8.688620216251915321e-14
2.220446049250313081e-16
2.220446049250313081e-16
1.136554589192607668e-14
2.220446049250313081e-16
2.220446049250313081e-16
2.220446049250313081e-16
1.505671654970742892e-15
2.220446049250313081e-16
1.573439550705186100e-15
6.247128758957618970e-13
2.220446049250313081e-16
1.148613170206035089e-14
2.220446049250313081e-16
8.713793827279556094e-14
7.896800306073224588e-14
1.012232480504009848e-14
2.220446049250313081e-16
8.791008914687868484e-14
2.220446049250313081e-16
6.186317437578111188e-13
1.485135332251241156e-15
2.220446049250313081e-16
1.126143318208536157e-14
1.579429011055077292e-15
1.577078350165953341e-15
2.220446049250313081e-16
2.220446049250313081e-16
2.220446049250313081e-16
2.220446049250313081e-16
6.208078084521150398e-13
1.108316873676009701e-14
2.220446049250313081e-16
8.599300044772943978e-14
6.303859330089017051e-13
2.220446049250313081e-16
2.220446049250313081e-16
1.132390016557091445e-14
2.220446049250313081e-16
1.642869942521399253e-15
8.506435974998822237e-14
2.220446049250313081e-16
1.611689338282948280e-15
2.870216046871982428e-11
8.597270650743768405e-14
2.220446049250313081e-16
2.220446049250313081e-16
2.220446049250313081e-16
2.220446049250313081e-16
1.100737499972526293e-14
2.220446049250313081e-16
1.644199294967846131e-15
1.503936481940924989e-15
1.161688894128418855e-14
2.220446049250313081e-16
4.211820095574741018e-12
2.220446049250313081e-16
4.532870154486062527e-12
4.397030256892107273e-12
1.178596667793627982e-14
8.537609038118257033e-14
2.796637372195505875e-11
8.733911271214757014e-14
1.479468016932618617e-15
1.153431686261067503e-14
2.220446049250313081e-16
1.554808841519185301e-15
1.617357687786885182e-15
1.599032258913556365e-15
2.220446049250313081e-16
2.220446049250313081e-16
1.164333746441639996e-14
4.433778638807814692e-12
2.220446049250313081e-16
6.441972309441690917e-13
2.220446049250313081e-16
1.018990872307192347e-01
7.121725383629279612e-14
2.220446049250313081e-16
1.596039505833931179e-15
1.634710842140576964e-15
2.220446049250313081e-16
1.545176789937409193e-15
1.216201141127489557e-08
2.220446049250313081e-16
1.528945917813305447e-15
1.877743218805757877e-03
2.220446049250313081e-16
4.583452052789888956e-12
6.215995989498290519e-13
2.220446049250313081e-16
3.296221427789102331e-11
4.471882013247849302e-12
4.533509370023462703e-12
1.318012081107864504e-08
6.666413277594351179e-07
4.176312193617144875e-12
4.558005386626183895e-12
2.220446049250313081e-16
1.208491774981766147e-14
1.593786186115089113e-15
2.567965301479414961e-04
2.220446049250313081e-16
8.743369840708527361e-14
2.220446049250313081e-16
1.167021243304837974e-14
2.220446049250313081e-16
1.537523798598873076e-15
1.596454532137243407e-15
2.220446049250313081e-16
8.512539532678381407e-14
4.643426532483545966e-12
2.220446049250313081e-16
2.220446049250313081e-16
6.225515970872758516e-13
1.525368441852851112e-15
2.012082769151310911e-10
1.566402898462519604e-15
2.585575958760578854e-04
1.550039126220819442e-15
1.000353733346148605e-01
2.220446049250313081e-16
2.220446049250313081e-16
2.220446049250313081e-16
1.275742122876685680e-08
8.090437597972196023e-08
2.665647161094267572e-11
1.849812108536231809e-03
1.516106359153664427e-15
1.600152740122772275e-15
2.220446049250313081e-16
3.164241016296578827e-11
1.085721064944900694e-14
2.220446049250313081e-16
5.039817718054521513e-06
3.390953044636167300e-11
7.646581730155245227e-01
7.162899329492216083e-01
1.205569680810469346e-14
1.163524736089407165e-14
1.606079441560658316e-15
1.223871678481360948e-08
9.792224876981181492e-02
1.184391834299941924e-14
6.417452214327585032e-13
2.220446049250313081e-16
6.654866922237431473e-07
4.592467656131431837e-12
1.887419821458831555e-09
2.220446049250313081e-16
3.458391571590921669e-11
1.183713532898645864e-14
1.180391306572805786e-14
2.220446049250313081e-16
2.484471423718046142e-04
8.179178406240952994e-14
2.371990399300984115e-10
1.116385623268010149e-08
2.220446049250313081e-16
1.575825412378983262e-15
1.539789653299744605e-15
3.284909188311904429e-11
3.802339486383202663e-06
1.776675977896866193e-09
2.220446049250313081e-16
2.220446049250313081e-16
3.550510655366187609e-05
1.606724062087610008e-15
9.749124958082272021e-08
3.385894907521917207e-11
3.024395838501213454e-11
6.287944147407885699e-13
2.407182969630447911e-10
2.220446049250313081e-16
1.752395824234676946e-03
2.427111284057365383e-04
3.608080347846243541e+01
2.220446049250313081e-16
3.235208233268239058e-05
1.644105988354336498e-15
3.348124702109139272e-11
2.693887210659954494e-04
2.220446049250313081e-16
6.278520467266568557e-13
1.065364928635192379e-14
1.927204992776347095e-03
1.588843975841171329e-15
5.955009339301922999e+00
2.609012274423353796e-04
6.556663896727482134e-13
1.949282015982876145e-03
4.695046256734067399e-12
6.034543614045528731e-13
2.636306674433583895e-04
9.880324508177098914e-08
2.885275661654072761e-11
1.431842832287739432e-02
8.413968362163875942e-14
8.139140305280564281e-14
8.447752370359255881e-14
3.880329608083069104e+01
7.487668977585265365e-14
3.446041430451352624e-05
2.220446049250313081e-16
1.887245104725065927e-03
1.302356501725948634e-02
2.304395722717231117e-10
5.185430821040763583e+00
2.220446049250313081e-16
9.843476174684760716e-02
1.099569421811722354e-14
1.495806400236463818e-15
9.350736343941361251e-08
1.042945167423915587e-14
3.962527007235431853e+01
8.106401404644597856e-14
1.014301515361525491e-01
8.682587374386545220e-14
4.500161068413211568e-12
1.040195123799408511e-01
4.460801613837329167e-12
1.737634346402996402e-03
3.982889454653525974e+01
6.386845408447066798e-13
2.220446049250313081e-16
1.529285693103368382e-15
8.319540866889350873e-14
3.962294165259437762e+01
2.220446049250313081e-16
1.571551282153815721e-15
7.533949309423947360e-01
1.958780925380112191e-03
1.610796195302782919e-15
1.239627811592410685e-08
1.634293370347828457e-15
5.609927711818531115e+00
3.930862824690937884e+01
8.932824794533868831e-14
7.213425482847474202e-01
2.220446049250313081e-16
7.446166428620213384e-01
4.784047244617127439e-12
1.601384538927294883e-15
7.172826963343059692e-01
3.924285899266732258e+01
5.149305034559144012e+00
4.052132714484709908e+01
4.030539177642589976e+01
7.896043764253710492e-14
8.038295278949029177e-01
1.037934788378182677e-01
5.299607367597154450e+00
5.334336097479746464e+00
5.109603703882597653e-13
9.665457359848288205e-15
1.175103374104557092e-14
1.141029668156686931e-14
5.281679477863129080e+00
5.195660483624469528e+00
2.355399721676912802e-10
3.876888545708053613e+01
1.245510900207558690e-03
4.120364910792602586e+01
2.220446049250313081e-16
1.230937738863100378e-09
3.727964110209148174e+01
1.983079172816143345e-03
4.928579442821910739e+00
1.747216957846882360e-09
2.673876373039168520e-11
3.799384497350066425e+01
1.519844729343646031e-15
1.502086396864975823e-15
4.954786190977556135e-06
2.624869704050536782e-11
3.860315877446632982e+01
4.028492614791264259e+01
4.075766464403374556e+01
5.552768875732262188e+00
1.356286089993092789e-02
3.937686597887571338e+01
6.640907851816485994e-07
2.346603579972878265e-04
3.908837917005323703e+01
1.882669766705217769e-03
3.605459534095640449e-12
6.213376789496091382e-07
1.277466632313392289e-02
3.793566557720853893e+01
3.719520939384435110e+01
1.516390356668593697e-09
4.238474359236565192e+01
1.361581136320053065e-02
7.310932787144693856e-01
5.382304462432118797e+00
2.681709149969959522e-04
5.648132911726215788e+00
2.220446049250313081e-16
2.341688717465364532e-10
1.445248040000533633e-02
3.562131003490027581e+01
1.346339857031142451e-02
5.088053195387985284e+00
3.813708441617231541e-12
5.251145898269207635e+00
1.349313741757315497e-03
3.319080859729807149e-11
4.870031245088105365e+00
3.534118160450914673e-05
1.024042780920814688e-01
3.873986184081105222e+01
4.866653315063555141e+00
4.700027112710911226e+00
1.190655159215372504e-08
6.118101196287048802e-13
7.146019672914262816e-14
1.009593309064426292e-01
3.740839927495309070e+01
3.612468289145670042e+01
6.394489498131731287e-01
3.795438453498086062e+01
5.223787319014326691e+00
1.549524339297950269e-15
8.515570842878201583e-14
3.417392834147869252e+01
4.025719622159700606e+01
7.653706096191360223e-08
3.688457352820746138e+01
3.872174367367443892e+01
1.622348597099126246e-09
4.163595204716481391e+01
3.816553350195100336e+01
2.761151188763559716e+01
5.184296292842251574e+00
3.954778942589415891e+01
2.890840364337358892e+01
5.275324815624371055e+00
5.203172530350963498e+00
3.819930076760208948e+01
2.220446049250313081e-16
4.583590487310460482e+00
2.800883813667858036e+01
9.214671790932842110e-02
3.985376940627087095e+01
3.543464947018718902e+01
4.102276171557847562e+01
3.564804267996074572e+01
3.919008118912054073e+01
3.748199061369368223e+01
1.511995149957331896e-15
7.237388829720558551e-14
3.798660493898140089e+01
3.881126121562613918e+01
8.212121033398394582e-14
7.778961685831545877e-14
3.685725224332923489e+00
1.023310764644569798e-01
3.691179650678592925e-07
1.434562627287085633e-02
3.840612256720957873e+01
3.768189692605377417e+01
3.988339821702921739e+01
3.387464894886665716e-05
3.818784384739276305e+01
3.897263897466536520e+01
3.799347542438594871e+01
4.061472453884013589e+01
3.929889635024996153e+01
9.305910920905615674e-09
3.078786825163868999e-11
3.798120182834708203e+01
4.192376175510078795e+00
2.568194065030559869e+01
4.695932954374522511e-06
3.746538738687919395e-12
1.575449599052497745e-03
3.981850935131399893e+01
3.699984851515634923e-12
3.733407482611035277e+01
4.012651943637167307e+01
3.971177150318121818e+01
2.612785358701615848e-06
7.820544040824000120e-01
4.008466752657360388e+01
3.916374396247586986e+01
3.929352334765430044e+01
4.035122392674898606e+01
3.724417436627106071e+01
6.907981869257610094e-08
5.284349020401467811e+00
3.768285733100725565e+01
1.560924412504010297e-15
7.080890688637218044e-01
3.972130044774211655e+01
3.899388885133300420e+01
6.773142559696085363e-02
3.817946017891748056e+01
3.820949063402854762e+01
7.579154973301830328e-14
3.704468449138602892e+01
5.903860890921212023e-01
2.400768539104613365e-10
3.865869970179170423e+01
3.912431359306583545e+01
4.852412737745280839e-06
3.868494270074509700e+01
6.930443559685849353e-01
3.567450737848925968e+01
4.803286002361436603e-12
3.743101186445694850e+01
7.308665067435311524e-01
2.858409256637938003e-11
3.856770452331638952e-07
3.750181519227751892e+01
3.791214346601006469e+01
3.333872103446538143e-11
3.444076673278750178e+01
3.911631798980471331e+01
3.854897697911373911e+01
9.462945912069221921e-02
3.977799270813323318e+01
3.735925439493001932e+01
2.801522699768338853e+01
3.733937658083509348e+01
3.859641858711920293e+01
2.220446049250313081e-16
5.283293967686329751e+00
4.023398259170735969e+01
3.957500177523071727e+01
3.685848428742767879e+01
3.665545481092350144e+01
3.801302278361075793e+01
9.960421972495896625e-15
3.726009766230713893e+01
3.827746301368481596e+01
3.654109974333856314e+01
3.899832678192823465e+01
8.971056397153754403e-08
3.979802368994793937e+01
3.417314877201301471e+01
3.981808656402888857e+01
3.871675478088054945e+01
3.490457484125637677e+01
3.776880809143013096e+01
3.703671671817330946e+01
3.971703948453438215e+01
5.397887021043150213e+00
3.648690205328336589e+01
3.659201415184395501e+01
4.079463709494336143e+01
3.826077021591869709e+01
3.917562473051251715e+01
9.967131464365346083e-02
3.738924036423926367e+01
4.008590885671794979e+01
4.007834021806306168e+01
5.202850881722727472e+00
3.654562460274011215e+01
5.113737688562595807e+00
3.669652961583490480e+01
2.476808203925814370e-11
3.697564163066729037e+01
4.067221263458252878e+01
4.512272318461655707e-12
3.441732616168299330e+01
3.976541496219597605e+01
3.991715520206022205e+01
3.788078471064854114e+01
3.869244390349403773e+01
3.676196713500142010e+01
3.702730686541555372e+01
4.040203784241278129e+01
3.779267650559643243e+01
4.149092509643021032e+01
3.843817605386061587e+01
8.473256583515449691e-02
5.277815038685264248e+00
3.576380868102566524e+01
4.004210188702167272e+01
3.600053141854085226e+01
3.635138023023931623e-12
3.597245277910095496e+01
3.101568848151173441e+01
4.722591000253416382e+00
3.526671412127451788e+01
2.220446049250313081e-16
3.796157056859616574e+01
3.925348813733214115e+01
1.462533459093222094e-09
3.443044144589635163e-05
3.749698427651154020e+01
6.724806912881763354e-01
3.877354804136050603e+01
2.101091417025397945e+01
3.391436120283277775e-07
3.575253862378794878e+01
4.520853138923720651e-08
3.774253866125037860e+01
3.834080872908997861e+01
3.902347909835685869e+01
3.805159371384838352e+01
3.697586822140330298e+01
5.296845511650974281e+00
7.945300275287974205e-14
4.109411249363149316e-07
3.792788023314364665e+01
4.079613971189404253e+01
3.681287109796830492e+01
3.677798343104907985e+01
3.939565355577749983e+01
3.912758861640644881e+01
3.866627589334445503e+01
3.543369456699790021e+01
3.852157442120996222e+01
8.354205493215350356e-08
3.054121175296584667e+01
3.609601967180969950e+01
3.778471150413106727e+01
3.628693302140904109e+01
3.621528126698336081e+01
2.220446049250313081e-16
3.842291627877224869e+01
4.018278718225564461e+01
4.181270062653883457e+01
3.976252722026156761e+01
3.431871212380853109e+01
3.915281470523190421e+01
4.121519421932377014e+01
3.812201544153603017e+00
3.690184460901661367e+01
3.932401151601207090e+01
4.047177707772478072e+01
3.723247145330428509e+01
4.002108511689488779e+01
2.612748087171420597e+00
3.584086629925371170e+01
2.872414094389753639e-06
4.095816987147924237e+01
3.555016926772405839e+01
3.001159571742099885e+01
3.756266628688566556e+01
3.918144215333212088e+01
3.653214633478813766e+01
4.072072457856099703e+01
1.905943642844179209e+01
2.471080725603788864e+01
3.323782585082457786e+01
4.125199253209365935e+01
4.010807096488250778e+01
3.857302813206733560e+01
3.901548582815678401e+01
3.713169223969250510e+01
3.723379611833168923e+01
3.451641104253254611e+01
3.641322109696237419e+01
2.220446049250313081e-16
3.770175656200645165e+01
3.624915767492166196e+01
4.011482476945481324e+01
4.097496274497351720e+01
3.867866377821873414e+01
3.980603181824615433e+01
4.184892412608515855e+01
3.801637755970472909e+01
3.980373465883479156e+01
3.884665340898784791e+01
3.744845663643671685e+01
3.684115770924032773e+01
3.662777768145618751e+01
3.355160958826037643e+01
3.818471358253600556e+01
3.677216372785644438e+01
3.673824195378591639e+01
3.587064644840527450e+01
3.830098738924846202e+01
3.885220051005104125e+01
3.723417988959284486e+01
3.812537766104679093e+01
3.743281631420191502e+01
3.832187653855594789e+01
3.727870640562142768e+01
3.943203094846000312e+01
4.147661663729449799e+01
3.949882257123595508e+01
3.761425891371685992e+01
4.181209471953315671e+01
3.785441450859458712e+01
3.931014519504882543e+01
3.937137082260649379e+01
2.824677270643789129e+01
3.812653308358876814e+01
3.858325015746925857e+01
2.220446049250313081e-16
3.724925206559693436e+01
3.975645599355203785e+01
3.515745881100242798e+01
3.898899335183170223e+01
3.778338826597207145e+01
2.660060009914315060e+01
3.958313878738278646e+01
3.693270520431139659e+01
3.674696260213651300e+01
1.518955115558838163e-15
3.774686774911398857e+01
3.941923430776844839e+01
2.707238482394494494e-01
8.902972771749426140e-02
3.232679942857484434e+01
3.803137226631303491e+01
2.020660653964988508e-05
3.235937388969337292e+01
3.314839094136178943e+01
3.474394022139358640e+01
4.005843265533975028e+01
3.880721582826345184e+01
3.721310072181428552e+01
3.792719460770884865e+01
3.197887791883767150e+01
4.081489754711547846e+01
3.533649270235074624e+01
3.985755033564360872e+01
3.923336806220795125e+01
3.725901920568060888e+01
3.825611333839840711e+01
2.476722974960743429e+01
3.622350122405097039e+01
3.368149958951233458e+01
4.876572856464836292e+00
3.608975926370567322e+01
3.831144998707936367e+01
3.769838862690761516e+01
3.645046720899148340e+01
3.127356783818270713e+01
3.545974887908467110e+01
3.640520061373427296e+01
3.629918295656547400e+01
4.089748355521273027e+01
4.997426006960912659e+00
3.824210641068965799e+01
3.870422204531023880e+01
3.835549385337576922e+01
3.751987246509234808e+01
3.911973165870951874e+01
3.889919228823775654e+01
3.841548362268615335e+01
4.061029021363911085e+01
3.938227384691806776e+01
3.647354157332948432e+01
4.013067718444541754e+01
3.897488166871723081e+01
3.961636822592309670e+01
2.388928723035444790e+01
4.078850587305583986e+01
3.912348451720261266e+01
3.930975244306392824e+01
3.947244265143732633e+01
3.799776776820733915e+01
3.924392837727733507e+01
3.897108882341251501e+01
3.873955954512079103e+01
3.694076415038721706e+01
3.576322851940856395e+01
3.773432640406802108e+01
3.798639384747980330e+01
4.014595636554636116e+01
3.835091284021338254e+01
3.829492925708975548e+01
4.000455922932525255e+01
3.924894054935086984e+01
3.869920488324358132e+01
3.907384265515123190e+01
3.943785788312612794e+01
3.749937507029710559e+01
4.066959343645962832e+01
3.726457505212201937e+01
4.014284753386534277e+01
4.009836590338834839e+01
3.938746454742072700e+01
3.900355266635320106e+01
3.850863730693676956e+01
3.884088985454258847e+01
3.694610758618082968e+01
3.736839673132485018e+01
3.721097104350468499e+01
4.895892044672565113e+00
3.683394947789617646e+01
