2.220446049250313081e-16
2.220446049250313081e-16
2.220446049250313081e-16
2.220446049250313081e-16
2.220446049250313081e-16
2.220446049250313081e-16
2.220446049250313081e-16
2.220446049250313081e-16
2.220446049250313081e-16
2.220446049250313081e-16
2.220446049250313081e-16
2.220446049250313081e-16
2.220446049250313081e-16
2.220446049250313081e-16
2.220446049250313081e-16
2.220446049250313081e-16
2.220446049250313081e-16
2.220446049250313081e-16
2.220446049250313081e-16
2.220446049250313081e-16
2.220446049250313081e-16
2.220446049250313081e-16
2.220446049250313081e-16
2.220446049250313081e-16
2.220446049250313081e-16
2.220446049250313081e-16
2.220446049250313081e-16
2.220446049250313081e-16
2.220446049250313081e-16
2.220446049250313081e-16
2.220446049250313081e-16
2.220446049250313081e-16
2.220446049250313081e-16
2.220446049250313081e-16
2.220446049250313081e-16
2.220446049250313081e-16
2.220446049250313081e-16
2.220446049250313081e-16
2.220446049250313081e-16
2.220446049250313081e-16
2.220446049250313081e-16
2.220446049250313081e-16
1.628285207272918257e-15
2.220446049250313081e-16
2.220446049250313081e-16
2.220446049250313081e-16
2.220446049250313081e-16
2.220446049250313081e-16
1.570573943406991523e-15
2.220446049250313081e-16
2.220446049250313081e-16
2.220446049250313081e-16
2.220446049250313081e-16
2.220446049250313081e-16
1.598194140780669064e-15
2.220446049250313081e-16
2.220446049250313081e-16
2.220446049250313081e-16
1.611501892310683549e-15
2.220446049250313081e-16
2.220446049250313081e-16
2.220446049250313081e-16
2.220446049250313081e-16
2.220446049250313081e-16
2.220446049250313081e-16
2.220446049250313081e-16
2.220446049250313081e-16
2.220446049250313081e-16
2.220446049250313081e-16
2.220446049250313081e-16
2.220446049250313081e-16
2.220446049250313081e-16
2.220446049250313081e-16
2.220446049250313081e-16
2.220446049250313081e-16
2.220446049250313081e-16
2.220446049250313081e-16
2.220446049250313081e-16
2.220446049250313081e-16
2.220446049250313081e-16
2.220446049250313081e-16
1.620101202563558738e-15
2.220446049250313081e-16
2.220446049250313081e-16
2.220446049250313081e-16
2.220446049250313081e-16
2.220446049250313081e-16
2.220446049250313081e-16
2.220446049250313081e-16
2.220446049250313081e-16
2.220446049250313081e-16
2.220446049250313081e-16
2.220446049250313081e-16
1.617041986717657630e-15
2.220446049250313081e-16
2.220446049250313081e-16
1.550426464079501951e-15
2.220446049250313081e-16
2.220446049250313081e-16
2.220446049250313081e-16
2.220446049250313081e-16
2.220446049250313081e-16
2.220446049250313081e-16
2.220446049250313081e-16
2.220446049250313081e-16
2.220446049250313081e-16
1.611635985627220769e-15
1.618497726291654603e-15
2.220446049250313081e-16
2.220446049250313081e-16
2.220446049250313081e-16
2.220446049250313081e-16
2.220446049250313081e-16
1.614869506643543417e-15
1.626469392213743175e-15
2.220446049250313081e-16
2.220446049250313081e-16
2.220446049250313081e-16
2.220446049250313081e-16
2.220446049250313081e-16
2.220446049250313081e-16
2.220446049250313081e-16
2.220446049250313081e-16
1.123883218159433211e-14
2.220446049250313081e-16
2.220446049250313081e-16
2.220446049250313081e-16
2.220446049250313081e-16
2.220446049250313081e-16
2.220446049250313081e-16
1.038696721076820749e-14
2.220446049250313081e-16
2.220446049250313081e-16
2.220446049250313081e-16
1.531992156321595909e-15
2.220446049250313081e-16
2.220446049250313081e-16
2.220446049250313081e-16
2.220446049250313081e-16
2.220446049250313081e-16
1.562163530710587840e-15
2.220446049250313081e-16
2.220446049250313081e-16
1.624482477265853530e-15
2.220446049250313081e-16
1.623332335737560360e-15
1.609646063978878874e-15
2.220446049250313081e-16
2.220446049250313081e-16
2.220446049250313081e-16
2.220446049250313081e-16
2.220446049250313081e-16
2.220446049250313081e-16
2.220446049250313081e-16
2.220446049250313081e-16
1.531108861159362005e-15
2.220446049250313081e-16
2.220446049250313081e-16
2.220446049250313081e-16
1.393701328383562773e-15
1.573228895055100483e-15
2.220446049250313081e-16
1.539929945671246446e-15
2.220446049250313081e-16
2.220446049250313081e-16
2.220446049250313081e-16
2.220446049250313081e-16
1.170246601160351061e-14
2.220446049250313081e-16
2.220446049250313081e-16
1.591687518413320958e-15
2.220446049250313081e-16
2.220446049250313081e-16
2.220446049250313081e-16
2.220446049250313081e-16
8.347821471604484786e-14
2.220446049250313081e-16
2.220446049250313081e-16
2.220446049250313081e-16
2.220446049250313081e-16
1.577248789902050851e-15
2.220446049250313081e-16
2.220446049250313081e-16
1.627715967018166803e-15
2.220446049250313081e-16
2.220446049250313081e-16
2.220446049250313081e-16
2.220446049250313081e-16
2.220446049250313081e-16
2.220446049250313081e-16
1.127965240923841608e-14
2.220446049250313081e-16
2.220446049250313081e-16
2.220446049250313081e-16
2.220446049250313081e-16
1.151952225072392214e-14
2.220446049250313081e-16
1.627833057874467054e-15
2.220446049250313081e-16
2.220446049250313081e-16
2.220446049250313081e-16
2.220446049250313081e-16
2.220446049250313081e-16
2.220446049250313081e-16
2.220446049250313081e-16
2.220446049250313081e-16
2.220446049250313081e-16
2.220446049250313081e-16
2.220446049250313081e-16
2.220446049250313081e-16
1.620395082597246394e-15
2.220446049250313081e-16
2.220446049250313081e-16
2.220446049250313081e-16
2.220446049250313081e-16
2.220446049250313081e-16
2.220446049250313081e-16
2.220446049250313081e-16
1.184918178079742662e-14
2.220446049250313081e-16
2.220446049250313081e-16
2.220446049250313081e-16
1.626721690486299444e-15
2.220446049250313081e-16
1.619805229201047846e-15
1.080129859365460489e-14
1.173241955212337761e-14
2.220446049250313081e-16
1.562969005712212434e-15
2.220446049250313081e-16
2.220446049250313081e-16
2.220446049250313081e-16
2.220446049250313081e-16
1.578079129384804807e-15
2.220446049250313081e-16
2.220446049250313081e-16
2.220446049250313081e-16
1.631860869030194220e-15
2.220446049250313081e-16
2.220446049250313081e-16
1.540644535795014115e-15
2.220446049250313081e-16
8.312163385011747500e-14
2.220446049250313081e-16
2.220446049250313081e-16
1.153775223459481636e-14
1.508201561414004033e-15
2.220446049250313081e-16
2.220446049250313081e-16
2.220446049250313081e-16
2.220446049250313081e-16
3.352259410348901469e-11
1.638547386685401372e-15
2.220446049250313081e-16
2.220446049250313081e-16
2.220446049250313081e-16
2.220446049250313081e-16
2.220446049250313081e-16
2.220446049250313081e-16
1.055594917939275068e-14
2.220446049250313081e-16
1.502088301575897007e-15
1.569449688143040903e-15
8.244441878683286360e-14
1.513400351879991059e-15
2.220446049250313081e-16
8.721447786373451795e-14
1.643883897094292277e-15
1.176866807459974375e-14
2.220446049250313081e-16
1.577136007914991278e-15
8.461524241696061822e-14
1.619003541073240955e-15
2.220446049250313081e-16
1.610006405380570128e-15
2.220446049250313081e-16
2.220446049250313081e-16
1.613976290109410398e-15
2.220446049250313081e-16
2.220446049250313081e-16
2.220446049250313081e-16
1.198545138725039818e-14
2.220446049250313081e-16
2.220446049250313081e-16
2.220446049250313081e-16
8.002138550459299043e-14
2.220446049250313081e-16
2.220446049250313081e-16
2.220446049250313081e-16
2.220446049250313081e-16
1.626888075155422802e-15
2.220446049250313081e-16
2.220446049250313081e-16
2.220446049250313081e-16
6.139427600558348581e-13
1.620880300718417961e-15
1.588633309096425246e-15
2.220446049250313081e-16
2.220446049250313081e-16
2.220446049250313081e-16
1.186813547081547277e-14
5.917156914015131377e-13
2.220446049250313081e-16
2.220446049250313081e-16
2.220446049250313081e-16
1.144650455898910718e-14
1.143926898991681342e-14
2.220446049250313081e-16
1.582814733004956090e-15
2.220446049250313081e-16
1.639547170168106954e-15
2.220446049250313081e-16
1.548753812221662140e-15
8.537521380529082860e-14
2.220446049250313081e-16
1.458483428425869439e-15
2.220446049250313081e-16
2.417084631302028130e-10
2.220446049250313081e-16
8.561744968976617114e-14
2.220446049250313081e-16
1.145931495180482020e-14
2.220446049250313081e-16
2.220446049250313081e-16
2.220446049250313081e-16
1.432609906262798320e-15
1.179434807793441584e-14
2.220446049250313081e-16
1.636608952189994008e-15
1.576968124229299074e-15
2.220446049250313081e-16
1.174429613465283914e-14
1.465343990161965504e-15
2.220446049250313081e-16
1.194923772052849944e-14
1.601098468346971362e-15
1.631919438761343231e-15
6.726691672411391595e-07
1.514776869144887504e-15
2.220446049250313081e-16
6.274598748949559005e-13
2.220446049250313081e-16
2.220446049250313081e-16
3.178964142221851780e-11
1.479734123608855166e-15
2.220446049250313081e-16
2.220446049250313081e-16
2.220446049250313081e-16
1.708472185910038166e-09
1.498136924441497015e-15
8.627497354414484435e-14
1.749685791088072184e-09
2.220446049250313081e-16
2.220446049250313081e-16
3.335008478584869460e-11
2.220446049250313081e-16
2.220446049250313081e-16
2.220446049250313081e-16
1.604803345526651384e-15
2.371673506225057321e-10
4.951070959147161937e-06
3.174198162338222309e-11
8.666702592292572534e-08
2.220446049250313081e-16
2.220446049250313081e-16
1.107744949898186324e-14
8.057660786093980235e-14
2.220446049250313081e-16
1.502988429121251826e-15
2.220446049250313081e-16
2.220446049250313081e-16
1.601088346120040148e-15
2.220446049250313081e-16
1.153083892752006391e-14
1.089613521109319207e-14
1.683246610162002235e-09
1.152261774605857627e-14
4.550640923567127505e-12
2.220446049250313081e-16
2.220446049250313081e-16
3.617737451994226978e-05
4.375045222231811497e-12
2.220446049250313081e-16
2.220446049250313081e-16
8.465815800614730216e-14
4.512262485239851986e-12
2.220446049250313081e-16
3.261560465896667696e-11
2.328320058546478164e-10
1.619193664848702315e-15
1.524323961350496899e-15
1.156396418881208858e-14
4.443329851286915445e-12
3.272309553977396962e-11
8.049426939040926977e-14
2.220446049250313081e-16
1.185387836109158662e-14
9.336288858540337357e-08
2.220446049250313081e-16
2.220446049250313081e-16
2.220446049250313081e-16
1.622301745735740821e-15
1.136540274379568702e-14
6.054544702790238502e-07
1.193126202383615896e-14
2.220446049250313081e-16
2.220446049250313081e-16
2.220446049250313081e-16
1.537658748725073229e-15
2.220446049250313081e-16
1.637459256950242956e-15
1.176771792627760739e-14
2.220446049250313081e-16
8.624156317986279473e-14
1.586067661311798951e-15
6.416898721895309769e-13
2.220446049250313081e-16
2.220446049250313081e-16
2.487340554425754371e-10
6.131065908720609872e-13
2.220446049250313081e-16
2.220446049250313081e-16
6.670963974632312984e-07
2.220446049250313081e-16
2.220446049250313081e-16
4.486241950067775487e-12
2.269908188768919734e-10
1.573149915436417327e-15
9.408468859750550294e-08
6.568156782429075756e-07
2.220446049250313081e-16
6.309674903504788263e-07
2.220446049250313081e-16
1.650596669040962787e-09
4.642294154865082943e-12
2.220446049250313081e-16
3.373832558226214006e-11
2.220446049250313081e-16
4.403092134761904535e-12
2.220446049250313081e-16
1.637776436895132037e-15
8.169307805217812991e-14
1.019831938698139845e-01
6.047262794247748482e-13
1.823239807639294788e-03
1.644711027542449265e-15
2.220446049250313081e-16
2.220446049250313081e-16
7.344856513092949582e-14
1.296546311334154913e-08
6.847350611170969114e-07
3.187574410599721412e-11
8.132569777939666078e-14
2.220446049250313081e-16
2.220446049250313081e-16
1.796253956506930617e-10
1.699564204053767302e-09
1.531013307799456529e-15
2.220446049250313081e-16
4.636218171219887964e-12
1.570843635638184960e-15
1.127019626694926492e-14
7.241460788995532474e-14
6.239549193319804041e-07
3.281252602299763592e-11
1.513338651805527781e-15
8.007005696049850552e-14
2.220446049250313081e-16
2.220446049250313081e-16
3.119438767082298812e-11
2.220446049250313081e-16
1.000356099712599139e-14
1.055545846083548892e-14
7.124095418406888167e-07
1.564919648720419156e-15
2.220446049250313081e-16
2.220446049250313081e-16
6.298097579501395731e-13
1.187709949378408584e-14
2.220446049250313081e-16
1.534664241030882050e-15
2.220446049250313081e-16
1.195532426299031413e-14
1.326165411953369860e-08
8.451754317481363059e-14
8.503261894229175158e-14
2.220446049250313081e-16
1.529288108410200524e-15
3.282486472037628559e-11
6.879776515552985471e-07
1.175621510617524424e-14
2.220446049250313081e-16
2.220446049250313081e-16
6.743379523748826717e-07
1.135565734211232269e-14
4.426928664895082112e-12
2.220446049250313081e-16
6.282892923485421163e-13
1.500220722233892780e-15
6.988471585532577294e-07
8.739955143378779349e-14
1.092698261103685771e-14
1.321348300918354264e-02
8.945934358901071785e-08
4.064307012508841295e-06
3.737102462349115175e-12
3.551730626185462762e-05
1.576395002359621068e-15
1.578066058126126930e-15
2.028387614176441637e-05
4.822486762016261378e-06
4.571576941199186882e-12
3.544155914846938932e-05
1.531101825476252918e-15
2.220446049250313081e-16
3.885797193791697168e+01
8.645530384962958543e-14
2.552648498922830160e-04
2.220446049250313081e-16
6.206190820397493871e-13
2.220446049250313081e-16
3.823634709813492894e-12
1.127913414105009059e-14
2.220446049250313081e-16
2.401675181228868159e-10
1.643603737978116014e-15
1.068709961200195515e-14
1.070124085853280727e-08
3.357341900693363102e-11
3.870495114175598417e+01
2.299461926570182551e-10
3.876406382654975857e+01
8.472037515010222492e-14
3.363901474137675507e+01
3.582138511072662147e-05
3.500933042852471427e-05
3.914606880198744676e+01
9.560158769139180330e-09
5.255173426812958235e-13
6.311319205206800198e-13
2.986635151801961904e-11
1.758611003974939555e-10
1.573606203400976222e-15
4.851032217815239662e-06
3.838586787822253399e+01
3.908069591444011337e+01
8.392859273636187409e-14
7.378414862387920881e-01
3.117314897617939165e-11
2.220446049250313081e-16
1.202638656021516152e-09
1.482750887386552648e-02
3.930117929806875310e+01
4.688228200310724539e-12
5.225056471644800027e+00
5.621850651877582348e-13
1.150349103226324440e-14
2.291108821745741059e-11
3.261409321549788021e-02
5.455769369094157994e+00
1.827879034411251967e-09
8.917734396789563370e-08
3.597012527416473660e+01
2.735324784535513509e-04
1.628012811863666818e-15
1.841409568261320609e-03
1.835626554218887938e-03
5.959579959878573475e-13
1.541094032681450673e-10
6.745808645334470634e-07
1.132196427427058913e-14
4.131161458003439435e+01
2.220446049250313081e-16
1.059751498241748024e-01
1.250331369528924659e-02
7.407451222786998191e-01
9.385697981779160426e-08
1.341017129253437891e-02
3.752695123786723741e+01
1.526172860985886396e-15
1.190357525311532858e-14
1.862659688294928664e-03
1.537738996072518917e-15
3.891193978731737246e+01
1.406715750363570868e-09
4.026058313375968822e+01
6.179551331358535329e-07
9.672618643424643614e-02
1.584947532533495723e-15
1.041622570692737417e-08
2.354546949548725554e-11
1.024585126800520861e-14
1.266252233724441539e-02
1.734092858993500359e-09
1.208340134916688758e-14
9.426313918862034376e-08
8.506450154181640786e-08
1.820288405713146873e-03
3.331484299708034440e-05
2.220446049250313081e-16
6.472654975376126441e-01
1.562162143864105116e-15
6.794103560664865871e-02
3.560470835989224095e-05
1.589469047852877544e-15
2.220446049250313081e-16
5.426346693996656256e+00
3.867106831049199656e+01
5.066281273274771735e+00
5.310550765476439657e-13
4.443622100147671129e-12
2.022136841387403928e-10
2.220446049250313081e-16
5.355518043619772683e+00
5.038438290930754349e+00
1.536908706491959019e-15
4.202911366966582134e-12
8.449281240610016671e-14
5.420537729250927583e+00
2.416969116540219158e-10
2.220446049250313081e-16
3.829262902200841978e+01
2.187240190046076758e-10
3.855835357177584655e+01
3.804799990566029453e-12
1.198381129254866458e-03
3.633793981270906127e-05
3.165469260680846847e-11
1.069110402349476435e-01
1.220601794047348514e-08
3.736250543293333948e+01
2.220446049250313081e-16
5.232416137466971762e+00
9.653918813082981720e-02
2.824243685405440999e-11
3.330456274425896588e-05
1.899963565220025253e-03
3.791757272575433047e-05
5.125586584529444600e+00
3.924974919196089473e+01
6.780200985105546696e-01
3.886581342842933395e+01
3.579427927959071016e-06
9.545382704306187849e-02
3.044550846638603990e-11
5.175119263840634254e+00
4.029636384431281471e+01
5.390059878528846687e-13
6.387574464351641141e-13
9.996995331691070630e-02
4.728066584057945955e-07
3.918024274913008043e+01
4.652380402518972780e+00
3.470135304753688924e-05
4.964788616907078357e-07
3.560863772132646255e-12
5.285324088248901653e+00
5.496435080879058308e-13
4.458504581738792711e-12
3.478098891097304346e+01
3.219686341467137106e-12
4.076794611792409739e+01
4.013630974754249081e+01
1.432503228678824548e-15
5.319085259135068355e+00
1.053059480629957707e-14
4.063973476027992859e+01
6.686855564108167282e-01
3.846012446260700557e+01
5.278152493419889346e+00
3.832733457285399936e+01
2.570590969884459405e-04
5.409589993821149419e-13
1.910767536706891017e-04
3.391320678009052614e+01
4.064594181067229783e+01
2.220446049250313081e-16
1.372641174816839765e-09
4.781006281252713208e+00
8.971947683978604149e-08
1.539856233013102967e-15
9.497328457677677027e-02
3.250241884655907398e+01
3.774014034729418654e+01
5.506297786984272191e-01
2.512302043758292674e-04
3.711018523349490295e+01
3.761907036693039430e+01
3.862420915360966234e+01
7.204892824023475528e-01
3.722885840574284089e+01
6.862102467809512424e-07
2.425837943995380315e-04
3.644154290497464643e+01
5.312275159237763134e-13
4.050261730230104718e+01
2.220446049250313081e-16
5.447826014276852646e+00
1.110855041664224841e-14
7.271426645641182462e-01
3.770325648081774972e+01
5.181672506291027691e-07
3.797112287763359717e+01
1.269483909126868729e-08
3.222781991420285898e-11
2.414379322918285616e-04
5.256635173007444983e+00
1.034530187044957494e-14
2.220446049250313081e-16
3.527341847193679314e+01
2.639276106414240520e-11
3.658451001910352284e-05
2.518134970191499402e-04
8.195241214243079444e-14
3.500823674585819544e-05
3.622804235738530565e+01
4.024635981093926773e+01
1.641801845610686255e-15
3.651265814586979275e+01
4.039120541332847125e+01
3.958503046327208352e+01
3.756374790965866595e+01
3.753021770553135639e+01
5.372778720223897418e-07
5.397391611667406330e+00
4.403489159993176916e-01
3.171052487470749526e+01
3.743658448667148519e+01
3.873923904932692608e+01
3.770643936265356189e+01
3.815311087057355621e+01
4.462598017038841856e-12
3.761724875343512053e+01
3.928839272631633150e+01
2.389044513798532160e-10
3.767011551990579221e+01
1.090439761554369624e-14
3.534342999077726688e+01
3.245438964464365092e-11
4.054721513073604200e+01
6.667683824200014708e-01
1.733398207284298964e-09
5.662011987135015190e+00
2.455513762358489164e-11
4.001221835929731441e+01
3.938515456173968943e+01
3.736933415659436974e+01
3.719784010025747989e+01
3.743827352755929638e+01
3.243914928519932062e+01
3.231773435639206115e-11
4.854789898197570785e+00
3.901543418375148065e+01
3.211408685159005927e+01
5.138287801660177401e+00
1.113494361672103376e-14
1.186077824554897042e-14
3.802850734261723176e+01
8.102862803198995427e-14
1.133329298162779290e-08
1.914537969785455292e-03
3.856078394768095308e+01
3.287114387181871571e-11
3.969578063230360243e+01
1.153864348756649706e-02
4.045987949858587029e+01
3.767428495935506305e+01
3.469628201075106233e+01
2.478843923579969770e-04
3.884942344073682108e+01
2.220446049250313081e-16
3.944893836452744296e+01
3.955140381760200796e+01
3.935606952273788295e+01
3.982308533066260736e+01
3.955018451920884104e+01
3.812386264050667961e+01
3.899248704148450884e+01
2.220446049250313081e-16
3.982330914949843503e+01
3.974073796643362755e+01
3.840431908541854966e+01
2.129647445611534368e-05
2.974347839901133416e-06
4.093383407255596751e+01
3.897258994290690737e+01
3.781038695234749270e+01
3.155591598489647690e-11
4.051007620454758751e+01
3.496143897080971286e+00
3.547035648829250931e+01
3.706686658644665755e+01
6.698295191930624847e-07
3.834154199425336174e+01
3.956983372225476359e+01
2.220446049250313081e-16
4.010283678548243813e+01
3.804315386898609574e+01
2.244580482998695002e-05
3.763757425664802270e+01
4.078499359047371797e+01
3.626208697055102448e+01
7.631963067088367580e-01
2.220446049250313081e-16
4.034069578397907208e+01
3.779172012979331265e-12
3.927266631756432247e+01
3.851291256810700503e+01
3.784483539159644749e+01
1.652599536990601112e-04
3.602672986274446032e+01
3.962219341057494404e+01
3.845199580987922161e+01
1.885561877478514553e-03
3.947205791907674666e+01
3.652622634718010630e+01
3.954145491213033381e+01
3.772041806672334019e+01
3.831339419062459228e+01
3.660564416721900471e+01
3.973446364865129965e+01
3.500818521113591686e+01
4.117042149522396244e+01
3.920435110684939417e+01
1.845746616814063039e-03
2.055515356871578545e-11
4.034745718687329941e+01
3.785068049684669944e+01
3.814062581281596209e+01
4.067269899765668129e+01
3.919317766029581662e+01
4.119226007043661753e+01
4.258563306852307306e+01
3.911213857794948723e+01
3.922291742986737972e+01
4.274101717504024123e+01
3.611400108188338720e+01
3.906794306382333559e+01
3.640780454294228718e+01
2.465296071595027172e-11
3.616220059797674935e+01
3.815183731406664691e+01
3.814319817465937490e+01
3.794799469355703536e+01
3.968290990205524338e+01
2.580085296260956085e+01
1.539423491672703577e-04
3.116738386360033886e+01
1.840799351244153215e+01
3.951977127956088509e+01
2.796902769970682101e+01
4.899697695284644716e+00
7.770029469024730292e-08
4.019647335273486277e+01
3.983703602777039521e+01
3.379194980196125897e+01
4.023062853900227509e+01
3.659680647435476430e+01
3.878212603157142269e+01
3.896915053329951206e+01
3.762290843024299392e+01
3.838430319694011672e+01
3.850630773996752509e+01
2.407420829308824750e+01
3.818113364597800086e+01
3.681560047549275794e+01
3.609137624707985736e+01
4.004361410021041223e+01
3.807182513993099349e+01
3.873645456920701236e+01
4.031977725147579861e+01
3.965659981059270933e+01
3.567776172498626153e+01
3.918693204486249471e+01
3.980554090794037592e+01
3.300653880018740693e+01
3.928486527590598598e+01
3.694512351294613239e+01
2.702436124003051532e+01
3.927700622773046746e+01
3.741028521779848859e+01
3.535220094900090260e+01
3.740155101551385997e+01
1.405085063615049180e-02
3.126658852849801562e+01
3.884807683441821524e+01
2.284395304002522403e-10
3.687245700316065466e+01
3.035726171063399548e+01
7.176961896166349846e-14
9.590769053283613272e-04
3.158340975130614625e-01
4.157933839149531963e+01
4.111949395560305476e+01
2.955987595296380732e+01
3.895091019286913792e+01
3.847751708642024226e+01
3.916645418445114046e+01
3.881954602553211231e+01
3.622888723592173221e+01
4.097917471072541673e+01
3.849506601731030742e+01
3.584735766105815458e+01
4.021099354906293399e+01
2.175832475331953120e+01
3.646813532594428153e+01
3.941670660018625227e+01
3.878044425881254398e+01
3.796263823134039939e+01
3.942876013147361913e+00
3.636841428276240862e+01
3.674633175334933100e+01
2.220446049250313081e-16
4.027954763266363614e+01
4.512025758483565463e-01
3.815414720275335725e+01
7.702501473706745150e-02
2.220446049250313081e-16
3.775717425429762386e+01
3.873466999651514442e+01
3.834964107323052929e+01
1.442870666568154499e-15
3.848913365328047576e+01
3.720637100877382153e+01
3.777712642295069401e+01
4.065359241741485619e+01
3.772761484988612324e+01
3.816019054096488361e+01
3.821671656632921810e+01
2.212462133252562069e+01
3.939788861583071622e+01
3.923625641549466536e+01
3.747742134141356729e+01
3.768906652259131818e+01
3.664219599018026230e+01
3.793820187646641529e+01
3.844033137757389795e+01
2.570909309844721591e+01
3.875467631426904802e+01
3.775898144640710541e+01
4.074719676263224954e+01
4.002021307892052704e+01
4.096183569769889488e+01
3.175018457961001062e+01
4.160587963125384192e+01
4.023471438598738814e+01
3.157162938082845471e+01
3.899477988049461885e+01
3.803169383607909282e+01
3.648324612300771008e+01
3.800414400882706190e+01
3.871183021200132401e+01
3.672612519152377075e+01
3.696258525508955017e+01
3.745435088484549624e+01
4.162042696014457732e+01
3.703705453144276305e+01
3.767081253518924910e+01
3.745822760694224485e+01
3.908299026769954310e+01
3.851166577299660787e+01
3.866326698838847875e+01
3.990722500825505392e+01
3.765978727805515547e+01
3.767232575963090824e+01
3.457545682818505384e+01
3.917822814853178670e+01
3.788975941628275024e+01
3.633230057386296608e+01
3.825072510074430454e+01
3.932995559918107631e+01
3.728510235390412930e+01
3.328122405779186721e+01
2.737559317331946129e+00
3.844267437623364714e+01
3.647038034201108303e+01
3.721564631619890662e+01
3.785024317636537461e+01
3.791147988938811864e+01
3.837361450524746687e+01
2.741923684132827077e+01
1.980685933434841317e+01
3.875358321853055088e+01
4.055046612709287501e+01
4.124878321632521505e+01
3.264930689385425211e+01
3.721525599089950731e+01
3.566462525808697137e+01
3.867331594721898824e+01
3.941020063517820660e+01
3.754967392989822628e+01
3.890381768443224786e+01
4.045889685589691709e+01
3.633180387776292974e+01
3.777673389344553811e+01
3.955305839040850202e+01
3.715932676248937128e+01
3.922791865375336329e+01
4.151887449820607401e+01
2.220446049250313081e-16
3.753175022618273005e+01
