2.220446049250313081e-16
2.220446049250313081e-16
2.220446049250313081e-16
2.220446049250313081e-16
2.220446049250313081e-16
2.220446049250313081e-16
2.220446049250313081e-16
2.220446049250313081e-16
2.220446049250313081e-16
2.220446049250313081e-16
2.220446049250313081e-16
2.220446049250313081e-16
1.639915927966457373e-15
2.220446049250313081e-16
2.220446049250313081e-16
2.220446049250313081e-16
2.220446049250313081e-16
2.220446049250313081e-16
2.220446049250313081e-16
2.220446049250313081e-16
2.220446049250313081e-16
2.220446049250313081e-16
2.220446049250313081e-16
2.220446049250313081e-16
2.220446049250313081e-16
1.644216633489258335e-15
2.220446049250313081e-16
2.220446049250313081e-16
2.220446049250313081e-16
2.220446049250313081e-16
2.220446049250313081e-16
2.220446049250313081e-16
2.220446049250313081e-16
2.220446049250313081e-16
2.220446049250313081e-16
2.220446049250313081e-16
2.220446049250313081e-16
2.220446049250313081e-16
2.220446049250313081e-16
2.220446049250313081e-16
2.220446049250313081e-16
2.220446049250313081e-16
2.220446049250313081e-16
2.220446049250313081e-16
2.220446049250313081e-16
2.220446049250313081e-16
2.220446049250313081e-16
2.220446049250313081e-16
2.220446049250313081e-16
2.220446049250313081e-16
2.220446049250313081e-16
2.220446049250313081e-16
2.220446049250313081e-16
2.220446049250313081e-16
2.220446049250313081e-16
2.220446049250313081e-16
2.220446049250313081e-16
2.220446049250313081e-16
2.220446049250313081e-16
2.220446049250313081e-16
2.220446049250313081e-16
2.220446049250313081e-16
2.220446049250313081e-16
2.220446049250313081e-16
2.220446049250313081e-16
2.220446049250313081e-16
2.220446049250313081e-16
2.220446049250313081e-16
2.220446049250313081e-16
2.220446049250313081e-16
1.622858489325096543e-15
2.220446049250313081e-16
2.220446049250313081e-16
1.583218333034569050e-15
2.220446049250313081e-16
2.220446049250313081e-16
1.538229800586847222e-15
2.220446049250313081e-16
2.220446049250313081e-16
2.220446049250313081e-16
2.220446049250313081e-16
2.220446049250313081e-16
2.220446049250313081e-16
2.220446049250313081e-16
2.220446049250313081e-16
2.220446049250313081e-16
2.220446049250313081e-16
1.442850099586636637e-15
1.545184869134717707e-15
2.220446049250313081e-16
2.220446049250313081e-16
2.220446049250313081e-16
1.617275767676026714e-15
2.220446049250313081e-16
2.220446049250313081e-16
2.220446049250313081e-16
2.220446049250313081e-16
2.220446049250313081e-16
2.220446049250313081e-16
2.220446049250313081e-16
2.220446049250313081e-16
2.220446049250313081e-16
2.220446049250313081e-16
2.220446049250313081e-16
2.220446049250313081e-16
2.220446049250313081e-16
2.220446049250313081e-16
2.220446049250313081e-16
2.220446049250313081e-16
2.220446049250313081e-16
2.220446049250313081e-16
2.220446049250313081e-16
2.220446049250313081e-16
2.220446049250313081e-16
2.220446049250313081e-16
2.220446049250313081e-16
2.220446049250313081e-16
2.220446049250313081e-16
2.220446049250313081e-16
2.220446049250313081e-16
2.220446049250313081e-16
2.220446049250313081e-16
2.220446049250313081e-16
2.220446049250313081e-16
2.220446049250313081e-16
2.220446049250313081e-16
2.220446049250313081e-16
2.220446049250313081e-16
2.220446049250313081e-16
2.220446049250313081e-16
2.220446049250313081e-16
2.220446049250313081e-16
2.220446049250313081e-16
2.220446049250313081e-16
2.220446049250313081e-16
2.220446049250313081e-16
2.220446049250313081e-16
2.220446049250313081e-16
2.220446049250313081e-16
2.220446049250313081e-16
2.220446049250313081e-16
2.220446049250313081e-16
2.220446049250313081e-16
2.220446049250313081e-16
2.220446049250313081e-16
2.220446049250313081e-16
2.220446049250313081e-16
1.600628541650441775e-15
2.220446049250313081e-16
2.220446049250313081e-16
2.220446049250313081e-16
2.220446049250313081e-16
2.220446049250313081e-16
2.220446049250313081e-16
2.220446049250313081e-16
2.220446049250313081e-16
2.220446049250313081e-16
2.220446049250313081e-16
2.220446049250313081e-16
2.220446049250313081e-16
2.220446049250313081e-16
2.220446049250313081e-16
2.220446049250313081e-16
2.220446049250313081e-16
2.220446049250313081e-16
2.220446049250313081e-16
2.220446049250313081e-16
2.220446049250313081e-16
2.220446049250313081e-16
2.220446049250313081e-16
2.220446049250313081e-16
1.603909040259055650e-15
2.220446049250313081e-16
1.617572183470771811e-15
2.220446049250313081e-16
2.220446049250313081e-16
2.220446049250313081e-16
2.220446049250313081e-16
1.180630534145935007e-14
2.220446049250313081e-16
2.220446049250313081e-16
2.220446049250313081e-16
2.220446049250313081e-16
2.220446049250313081e-16
2.220446049250313081e-16
2.220446049250313081e-16
2.220446049250313081e-16
1.158064549509973033e-14
2.220446049250313081e-16
1.627055755441162998e-15
2.220446049250313081e-16
2.220446049250313081e-16
2.220446049250313081e-16
2.220446049250313081e-16
2.220446049250313081e-16
2.220446049250313081e-16
1.609136856780344803e-15
2.220446049250313081e-16
2.220446049250313081e-16
2.220446049250313081e-16
8.312442484884933614e-14
2.220446049250313081e-16
1.483940140874418377e-15
2.220446049250313081e-16
2.220446049250313081e-16
2.220446049250313081e-16
2.220446049250313081e-16
1.609009751280802981e-15
2.220446049250313081e-16
2.220446049250313081e-16
2.220446049250313081e-16
2.220446049250313081e-16
2.220446049250313081e-16
2.220446049250313081e-16
2.220446049250313081e-16
2.220446049250313081e-16
2.220446049250313081e-16
1.166618605846704868e-14
2.220446049250313081e-16
1.635466209979269150e-15
2.220446049250313081e-16
1.645522194825125278e-15
2.220446049250313081e-16
1.634641785435850923e-15
2.220446049250313081e-16
2.220446049250313081e-16
2.220446049250313081e-16
1.619805026202042872e-15
2.220446049250313081e-16
2.220446049250313081e-16
1.573444453047016831e-15
1.588141315140236559e-15
2.220446049250313081e-16
8.556392573552069035e-14
2.220446049250313081e-16
2.220446049250313081e-16
2.220446049250313081e-16
2.220446049250313081e-16
2.220446049250313081e-16
2.220446049250313081e-16
2.220446049250313081e-16
2.220446049250313081e-16
2.220446049250313081e-16
2.220446049250313081e-16
2.220446049250313081e-16
2.220446049250313081e-16
2.220446049250313081e-16
1.630649718198865122e-15
1.174346182645846319e-14
2.220446049250313081e-16
2.220446049250313081e-16
2.220446049250313081e-16
2.220446049250313081e-16
1.146552087062561485e-14
1.611187856479085649e-15
2.220446049250313081e-16
1.597457377781161078e-15
2.220446049250313081e-16
1.613853517400861624e-15
1.545804677299134851e-15
2.220446049250313081e-16
2.220446049250313081e-16
2.220446049250313081e-16
1.626130559161228020e-15
2.220446049250313081e-16
2.220446049250313081e-16
1.618493307875096056e-15
1.604796111723743588e-15
1.630250800863549534e-15
2.220446049250313081e-16
2.220446049250313081e-16
2.220446049250313081e-16
2.220446049250313081e-16
2.220446049250313081e-16
6.278065786580155891e-13
1.640943504455145760e-15
2.220446049250313081e-16
2.220446049250313081e-16
2.220446049250313081e-16
2.220446049250313081e-16
2.220446049250313081e-16
1.112094770513185476e-14
2.220446049250313081e-16
2.220446049250313081e-16
1.579952889292801224e-15
2.220446049250313081e-16
2.220446049250313081e-16
1.584999640686464378e-15
2.220446049250313081e-16
2.220446049250313081e-16
2.220446049250313081e-16
1.206850572464489676e-14
2.220446049250313081e-16
4.663072944714531494e-12
2.220446049250313081e-16
2.220446049250313081e-16
2.220446049250313081e-16
2.220446049250313081e-16
2.220446049250313081e-16
2.220446049250313081e-16
1.586240106342363282e-15
1.167907993287177127e-14
2.220446049250313081e-16
1.632688178050016743e-15
2.220446049250313081e-16
2.220446049250313081e-16
2.220446049250313081e-16
2.220446049250313081e-16
2.220446049250313081e-16
2.220446049250313081e-16
2.220446049250313081e-16
1.595069132615355388e-15
1.188911097031032157e-14
2.220446049250313081e-16
2.220446049250313081e-16
1.174849287581378694e-14
1.548753211556308758e-15
2.220446049250313081e-16
2.220446049250313081e-16
2.220446049250313081e-16
1.598693405882117407e-15
8.100240878978248795e-14
1.174865324890380985e-14
6.231774957170123164e-13
1.610299896280945213e-15
4.658106553472637354e-12
8.447066274738663729e-14
2.220446049250313081e-16
3.299338471435260428e-11
2.220446049250313081e-16
1.634759250381644102e-15
1.601866924809527066e-15
5.783352638072353446e-14
1.539854033453419290e-15
2.220446049250313081e-16
2.289581964567755151e-10
2.220446049250313081e-16
1.640763992122386615e-15
2.317543457570813937e-10
1.479859867810492472e-15
6.001262970899790829e-13
1.601401731081094855e-15
8.439391692294948375e-14
2.220446049250313081e-16
1.625097306098231062e-15
6.076379928024173290e-13
1.631770231889118190e-15
8.103902469142692781e-14
1.637198729061957304e-15
1.635261650569626175e-15
2.220446049250313081e-16
2.220446049250313081e-16
8.532489013551557455e-14
2.220446049250313081e-16
2.434722274041046772e-10
1.603026796374759459e-15
7.666557743933717157e-14
2.220446049250313081e-16
4.573364361148958703e-12
6.293423683466456261e-13
1.132154379079580512e-14
6.187552150008267417e-13
1.627387179577825426e-15
2.407459681854647190e-10
2.220446049250313081e-16
1.179554986564539528e-14
1.606613574809100233e-15
1.197036101594287706e-14
1.635519807498235352e-15
2.220446049250313081e-16
2.220446049250313081e-16
2.220446049250313081e-16
2.220446049250313081e-16
8.445721280724817775e-14
1.590692904098093836e-15
2.220446049250313081e-16
1.525368441852437749e-15
2.220446049250313081e-16
2.220446049250313081e-16
6.327973988558700737e-13
2.220446049250313081e-16
2.220446049250313081e-16
1.503921572636582099e-15
1.171944849658783839e-14
1.106972925469932355e-14
1.142904244797431286e-14
8.740984031456643373e-14
2.220446049250313081e-16
1.130558090840741134e-14
2.220446049250313081e-16
2.220446049250313081e-16
3.403421838078761535e-11
4.416344551636492773e-12
9.517251350710518705e-08
2.220446049250313081e-16
8.437049569268047541e-14
1.283324950049930272e-08
1.580429173577949315e-15
6.058424407553531094e-13
2.220446049250313081e-16
2.220446049250313081e-16
2.220446049250313081e-16
2.220446049250313081e-16
2.220446049250313081e-16
4.488761581470235479e-12
1.300359168441824070e-08
2.220446049250313081e-16
3.022482337704501340e-11
1.598742236595998745e-15
5.911617762644571348e-13
2.220446049250313081e-16
1.245405097657076090e-08
4.268522771456391030e-12
1.836759031586356452e-03
9.803442254325400240e-08
1.137011095701519045e-14
2.331512070483282821e-10
1.393730071813806438e-15
6.042394010099654299e-13
4.474256578723402473e-12
2.220446049250313081e-16
2.220446049250313081e-16
6.001686689076284900e-13
2.220446049250313081e-16
8.872904675342198413e-08
2.895616821960175468e-11
2.220446049250313081e-16
2.220446049250313081e-16
8.187078633759246233e-14
9.059424846125905417e-08
2.220446049250313081e-16
2.579489029170957772e-04
2.220446049250313081e-16
1.159576987760401201e-14
1.440008775027760732e-15
2.220446049250313081e-16
9.226685578822672376e-08
1.773722354679069223e-09
3.494350763640444326e-05
7.585455882217572527e-14
1.664935737134844559e-09
4.612789651187035839e-06
6.998583482309759959e-07
1.181403435339946986e-14
2.220446049250313081e-16
6.120458594404835179e-13
1.557417990607908578e-15
7.562066149817862247e-14
3.654321169444035090e-05
1.642666841823848527e-09
3.970437070522286405e+01
2.220446049250313081e-16
2.220446049250313081e-16
1.636604874473996541e-15
8.614638258011891815e-14
3.480468646954655880e-05
8.889991684663283178e-14
2.220446049250313081e-16
2.104708118584604595e-04
1.688184704762812397e-09
1.790947962222793179e-03
2.220446049250313081e-16
2.220446049250313081e-16
4.203415000876465125e-12
1.525194036180157512e-15
4.285519977394469047e-12
6.328185238491640512e-13
1.544555614513177958e-15
6.303124632655125156e-13
1.774401821934210731e-09
1.877134465548266091e-03
2.511353114325458628e-04
1.173221788129779683e-14
5.200480919940222828e-13
1.731015011365762445e-09
3.128325139649189190e-11
3.339254496956665793e-11
1.643323245242805919e-15
3.280340486094191780e-11
1.533693792217231612e-15
3.183553427837077857e-11
2.220446049250313081e-16
2.220446049250313081e-16
7.583639784908480230e-01
2.285936613894112961e-10
1.609898377905045844e-15
1.545799731912105199e-15
7.993309466021448311e-14
8.485817679141656628e-14
1.542607412208932322e-15
7.252744340472409013e-01
2.548799540024361955e-04
8.571209516375729724e-08
5.077459623752805456e-06
6.081149399430121480e-13
2.220446049250313081e-16
1.277183375820088458e-08
3.064039186263908259e-11
2.220446049250313081e-16
1.541197510724652688e-15
5.599848920159749818e-13
2.220446049250313081e-16
3.052645468296951656e-11
3.460479094461097718e-05
1.377915927281036547e-02
2.220446049250313081e-16
4.925231752252793450e-06
2.220446049250313081e-16
1.432540139828533763e-15
8.651610999144815456e-14
4.772411089574112291e-06
2.261503809782478601e-10
1.555228105231120209e-09
2.220446049250313081e-16
2.220446049250313081e-16
2.417242918129936850e-10
4.179340627084881987e+01
2.220446049250313081e-16
1.966381496356185438e-03
4.602214028953486248e-12
1.764275639591999416e-09
1.574042494376151223e-15
4.330952618763454949e-12
1.325637478411274481e-02
3.197866618180519094e+00
1.616717444885727223e-15
1.982228453018897076e-03
2.223061748961971840e-04
5.383917882541614388e-13
2.585570832022517540e-04
2.220446049250313081e-16
5.378648638584055260e-13
1.007456064121147049e-01
2.220446049250313081e-16
2.220446049250313081e-16
1.597983012342625813e-09
5.095191531729728496e+00
3.885318879561143746e+01
5.416721710507663142e-13
1.161204671715073140e-08
2.220446049250313081e-16
8.000087665378490240e-14
3.179791222422086508e-05
3.715398283746893782e+01
4.346833048299119268e-12
2.220446049250313081e-16
1.723833703544438497e-09
1.635192431026899889e-15
4.961738225418125481e+00
1.530186292264076354e-15
2.220446049250313081e-16
1.887753188908882071e-03
3.626684016805652533e+01
7.453148593122905785e-01
3.824686547440158080e+01
2.533466679113138180e-04
1.149400138010767013e-08
4.054776272081088706e+01
6.804648384682206691e-07
6.655165381221503910e-07
2.220446049250313081e-16
9.386006568565906796e-08
1.408170034898968738e-09
4.050452267601442458e+01
4.227890609532303378e-12
1.599747324805763414e-15
5.709786333472156805e+00
1.567172875978185016e-15
2.534806737634959326e-10
7.655874143646020146e-14
3.554896130444473624e-12
2.220446049250313081e-16
5.105664953981341903e+00
1.720846408387168040e-09
4.208657985325879736e+01
1.189417290216258647e-14
5.279825868480950588e-13
2.209563228308909975e-10
1.485998244048372249e-15
8.567784519618548886e-14
3.398290493829615705e-11
4.059959596893615696e+01
3.970354992213385970e+01
2.406847858922865566e-10
1.042000658049460349e-01
3.948379160547622746e+01
5.290907662462141836e+00
2.220446049250313081e-16
5.148783343481006192e+00
5.421666805551093203e-13
7.510832563995746280e-01
7.532478809294892441e-01
5.378791844166746827e+00
2.522294093657426661e-04
3.790499713727406572e+01
6.303841080703420361e-13
1.265641532658891943e-08
1.367552769850273811e-02
1.522068385275444979e-15
1.631621535645492925e-15
1.721172654310108933e-09
3.820115753572810036e+01
3.426960598121871584e-05
4.043624733540707439e+01
7.248720416191424418e-14
2.415016136611256893e-04
1.043375662268978127e-01
1.224215722471539919e-08
7.987493701978024624e-08
8.922371898549873492e-08
2.108984625521295598e-10
5.201139673688280576e-13
3.735919615845540420e+01
6.696711319223284109e-01
5.603442290963275951e+00
4.840717636061688674e-06
5.967221593851661228e-13
2.220446049250313081e-16
1.498136992825998418e-15
1.046131025186719702e-14
3.750164957287907441e+01
7.590337683860912676e-01
9.703518112104498176e-08
2.220446049250313081e-16
3.365628524829264207e-05
3.365403891205490794e+01
4.000154980303107521e+01
2.872981411013984479e-11
2.327593412871303981e-10
2.220446049250313081e-16
3.788575980241120789e+01
6.736735156061534058e-01
2.421729005402418089e+00
4.815333826683975686e-06
1.301521622667798164e-04
6.954268337884879081e-01
4.042262494222735114e+01
3.987426813661637226e+01
4.709468665237590557e+00
3.613791823770718992e+01
1.874574707935027728e-10
2.810025887682407131e+01
5.437482274662937876e+00
3.913862877504717375e+01
3.654637653643798956e+01
5.540888518268337393e+00
3.781834737783313471e+01
7.941780720882782527e-08
3.546667193601324186e+01
7.314270189718688487e-14
6.776575734815133423e-01
3.183409104297441530e-11
3.469293375354782109e-12
2.220446049250313081e-16
3.851957554879392376e+01
3.905132768961452427e+01
3.754177111589562088e+01
3.950871461752383595e+01
3.416969070907720862e+01
1.706129390327596872e-03
3.778775686245244714e+01
3.778054091979588947e+01
1.123087576429708624e-14
5.321079453036273499e+00
2.445507006435034725e-11
1.343328428201485264e-02
3.670605792556220592e+01
7.486867465244838593e-01
5.771755342006178457e-01
3.732252174685913815e+01
3.461849891013090286e+01
2.122360796386807304e-10
2.152883721864193466e-10
9.673916677828765798e-02
4.443837152918741928e+00
3.823659643528011287e+01
7.083315234035811869e-01
5.088472657072935945e+00
4.812956745697765861e-06
3.953571658079820139e+01
3.797588229634587975e+01
3.810507651318167888e+01
2.220446049250313081e-16
9.783460077375494279e-02
3.962690441234071415e+01
5.308384071529587800e+00
4.047137253848254090e+01
3.784899847669386475e+01
6.945940308256874346e-07
1.107661662840390437e-14
3.800611048757001242e+01
3.410262686405938837e+01
1.576739050132500706e-04
1.065098876064935751e-01
3.245786469036467992e+01
6.998696010470066375e-07
3.842807758218427239e+01
3.876772170269635609e+01
1.421427338674721534e-02
3.851698021220246293e+00
3.741854823252117512e+01
2.220446049250313081e-16
2.220446049250313081e-16
3.855562867995277281e-12
2.537440350382758579e-04
3.622979473954453766e+01
5.287283811046852300e+00
3.782405236719743158e+01
5.372393462904658357e+00
3.544885904768559470e+01
4.817014679369219010e+00
3.814096740274549546e+01
2.220446049250313081e-16
3.915598185992119085e+01
4.020492497048606850e+01
4.079062480317309536e+01
9.914192085326940795e-02
3.700685250641357982e+01
3.870342035826277538e+01
3.907751852655329827e+01
3.667390864868588096e+01
4.306924040019547210e-12
1.714618560379547911e-09
3.942402216582178909e+01
9.034071145511539391e-02
3.782103568905811386e+01
3.787756176281386189e+01
3.803206232927779240e+01
2.569907976009590200e+01
3.811184083315941251e+01
3.910343312277467476e+01
4.371157015187492334e+00
3.805240763736777865e+01
9.245641437352881613e-15
8.179577799654329240e-02
5.661496856358967779e-13
1.637328214366765228e-15
3.812310692382017407e+01
2.320174851517574766e+01
3.773658067180848263e+01
7.169133457933249964e-01
2.423404514292887058e+01
2.220446049250313081e-16
3.689819815625400423e+01
2.919281618726445160e+01
3.787769842958937261e+01
4.054252263587338234e+01
4.042656410969246394e+01
3.705153361704986992e+01
2.220446049250313081e-16
3.653233337978884521e+01
5.311797932965562907e+00
1.488843785796160096e-15
5.203066495731353491e+00
1.685178785693803975e-10
3.787453021431075229e+01
3.936491264828418224e+01
5.176675916234059649e+00
1.516574354149849645e-15
3.852278626923497029e+01
4.003561984426745113e+01
3.794996521016194180e+01
3.955458284354590148e+01
4.865576911892208756e+00
4.040182827983097980e+01
9.558383406952093799e-15
7.321708939552401540e-01
5.638074468546512846e-07
4.181766932844433349e+00
3.836891303706484990e+01
3.772673522432432947e+01
3.686313038227573458e+01
1.064972529900412588e-14
3.895733711549433309e+01
1.552661666933944371e-03
4.115623981283047783e+01
3.789082253533062783e+01
5.374774659025010948e+00
3.596389699233277781e+01
3.767348341031936343e+01
3.973418714940038399e+01
9.193663951143564439e-02
3.723383778970173807e+01
3.976093399033639031e+01
7.438637893946924429e-01
3.854854103767554818e+01
3.831328287794651999e+01
4.002819875201525690e+01
3.860700440499684305e+01
5.636775008518679034e-08
2.394015405605610525e+01
3.860623758417159479e+01
3.788240101084070233e+01
5.184522727690811905e+00
4.206477525780560711e+01
3.983849783814994083e+01
3.749436200695471655e+01
3.714920915092288567e+01
3.865648626356403383e+01
1.329139267381381460e-02
3.807639057539911676e+01
3.665257583913345485e+01
3.678681440251067158e+01
5.449560474703360136e+00
1.563307312435010331e-15
1.455937398379866486e-15
3.743217571201615357e+01
3.862345037343353842e-12
3.619768625638079840e+01
3.972154205419236206e+01
3.903651390190930925e+01
3.887264506177840673e+01
3.777769967462140954e+01
4.998147170375694337e+00
9.223905889656446033e-02
2.513872512824238825e+01
5.527202945537819545e+00
3.910812991901164537e+01
3.939328191465568096e+01
3.856146620312528484e+01
3.638143510215463294e+01
3.894019463899228839e+01
3.804542544866388454e+01
4.148630052153069414e+01
3.930213560034421505e+01
3.700795153083532085e+01
1.669188875985486575e+01
5.159975345063210206e-01
3.684588943047612020e+01
4.052695936344293415e+01
3.958290491759048280e+01
3.921081642925607014e+01
3.417673477358026446e+01
3.750511346789966183e+01
3.719499775215183490e+01
3.818193122990565769e+01
3.179398147678692155e+01
1.710685881578691541e-03
3.944628561094922503e+01
3.912090713127409458e+01
3.672681252109081385e+01
3.640267759593633201e+01
9.411608314011346871e-15
3.729702958087718656e+01
3.853334835293983929e+01
3.667320434731600898e+01
3.911722763937164871e+01
1.198815336104495574e-03
3.804526326796836599e+01
3.791994452742585509e+01
3.754460869651400401e+01
3.942807391889486723e+01
3.752731693672335922e+01
4.117710918945021348e+01
3.158514998168304544e+01
3.983356870744058398e+01
8.044469369485016119e-02
3.653849246939590500e+01
3.909248584154376260e+01
3.845424680178726362e+01
3.824445733439366535e+01
4.066861334016135032e+01
3.855577384904790250e+01
3.534647192150662676e+01
3.597488144764895424e+01
3.901319726787659903e+01
3.370947061604839945e+01
3.762160799828718183e+01
4.048561108597193225e+01
1.868828653487973668e+01
3.415313904963434055e+01
3.875565311040258365e+01
3.934291482184905675e+01
3.797315133515743923e+01
5.052277603375492809e+00
3.080156011496145041e+01
3.785578492969210629e+01
3.639420384078555770e+01
3.839909595216811056e+01
3.788141459913055797e+01
4.062187220487860628e+01
3.502661007526977954e+01
3.798721052083794802e+01
3.749839152216669191e+01
2.437050482313163968e+01
3.861621987542881129e+01
3.211022058189666950e+01
3.900312141444413783e+01
3.850680810809642196e+01
3.281493099441779915e+00
3.780995330459909809e+01
3.655759170118239609e+01
4.084144355119685343e+01
3.825122594513395313e+01
3.821110220788956013e+01
3.938149255601127408e+01
2.844187337820573802e+01
3.776155196289295191e+01
3.947626633227771720e+01
2.934343028563884204e+01
4.050917095046476391e+01
9.496714076017159778e-02
2.604311962526236712e+01
3.889007983610772357e+01
3.487936167776833907e-01
3.996638019498514183e+01
4.792855519322596063e-13
4.118883778236565263e+01
4.200055177107228843e+01
3.816981706577020361e+01
4.141385804319277497e+01
4.018725494886025018e+01
3.519872203866590610e+01
3.744024141916697346e+01
3.225026882052657839e+01
3.982062403203853052e+01
3.762683711562023348e+01
4.121819813225229012e+01
3.878509265653944738e+01
3.865537920476270983e+01
4.053928559080419092e+01
3.732840126950240744e+01
7.821642616378103249e-03
3.651428118161448566e+01
3.861139530321273838e+01
3.800421559088942303e+01
3.878783120914681604e+01
4.036759908085355875e+01
4.049609399972468537e+01
3.823157548443931830e+01
3.590599903120655512e+01
3.882570787669553170e+01
3.531223144716602746e+01
3.845999107576053433e+01
3.761085383722266329e+01
3.523488456022293036e+01
3.940262390879021837e+01
2.004044018715053710e+01
3.935684167146835932e+01
8.632232977256559681e-14
3.840515664002659690e+01
3.665823976136508833e+01
9.428115219812329128e-15
4.017037220505803674e+01
1.978457990193189886e+01
4.081015481716192994e+01
4.455886476054514844e+01
4.025519210709681772e+01
5.323309711462727301e-02
3.975732642842152131e+01
9.392619547818377435e-02
3.903882719193342155e+01
3.886770785156981844e+01
3.908465177374820598e+01
4.090436729335251442e+01
3.888948207244220612e+01
3.980760609467222366e+01
4.054631490713229169e+01
3.822719779310075694e+01
3.515450639423765011e+01
3.793529687948222318e+01
3.745488558662167122e+01
4.105525922332994782e+01
3.953029125849936065e+01
3.931344957169260113e+01
1.069388074311604896e-02
3.634957649963068604e+01
3.717160741199498375e+01
4.893498522693221934e-13
3.912852616690652496e+01
3.796075998710683308e+01
3.954153278627582324e+01
4.024815589345664080e+01
4.018928978803933205e+01
3.813070215043454425e+01
3.807548448487477799e+01
3.583447007845472143e+01
3.656460701960048709e+01
4.085318291409656410e+01
4.185306752601943003e+01
3.971124164294043624e+01
3.901279173023968383e+01
4.013262890840945118e+01
2.746341937980648495e+01
3.855085253397032119e+01
3.960733240271927258e+01
3.754071377206882687e+01
4.061449258795246209e+01
3.829535638831949740e+01
3.833615279952223887e+01
3.976944906266680846e+01
3.565333461740404886e+01
3.748084944165070453e+01
2.574963829492743272e+01
3.840672374374622677e+01
3.418168076364806041e+01
3.666516784562784181e+01
3.870045466111938026e+01
3.539872119654499727e+01
3.959356682953366402e+01
3.968830361195721679e+01
