2.220446049250313081e-16
2.220446049250313081e-16
2.220446049250313081e-16
2.220446049250313081e-16
2.220446049250313081e-16
2.220446049250313081e-16
2.220446049250313081e-16
2.220446049250313081e-16
2.220446049250313081e-16
2.220446049250313081e-16
2.220446049250313081e-16
2.220446049250313081e-16
2.220446049250313081e-16
2.220446049250313081e-16
2.220446049250313081e-16
1.631695921303662868e-15
2.220446049250313081e-16
2.220446049250313081e-16
2.220446049250313081e-16
1.582241289715259092e-15
2.220446049250313081e-16
2.220446049250313081e-16
2.220446049250313081e-16
2.220446049250313081e-16
2.220446049250313081e-16
2.220446049250313081e-16
2.220446049250313081e-16
2.220446049250313081e-16
2.220446049250313081e-16
1.568543888962749410e-15
1.630180344305405145e-15
2.220446049250313081e-16
2.220446049250313081e-16
2.220446049250313081e-16
2.220446049250313081e-16
2.220446049250313081e-16
2.220446049250313081e-16
2.220446049250313081e-16
2.220446049250313081e-16
2.220446049250313081e-16
2.220446049250313081e-16
2.220446049250313081e-16
2.220446049250313081e-16
2.220446049250313081e-16
1.609008440885422384e-15
2.220446049250313081e-16
2.220446049250313081e-16
2.220446049250313081e-16
2.220446049250313081e-16
2.220446049250313081e-16
2.220446049250313081e-16
2.220446049250313081e-16
2.220446049250313081e-16
2.220446049250313081e-16
2.220446049250313081e-16
1.442850099586636243e-15
2.220446049250313081e-16
2.220446049250313081e-16
2.220446049250313081e-16
2.220446049250313081e-16
1.163991345984009751e-14
2.220446049250313081e-16
2.220446049250313081e-16
2.220446049250313081e-16
2.220446049250313081e-16
2.220446049250313081e-16
2.220446049250313081e-16
2.220446049250313081e-16
1.592844466513497931e-15
2.220446049250313081e-16
2.220446049250313081e-16
1.430684327951899184e-15
2.220446049250313081e-16
2.220446049250313081e-16
2.220446049250313081e-16
2.220446049250313081e-16
1.636870711241065541e-15
2.220446049250313081e-16
2.220446049250313081e-16
2.220446049250313081e-16
2.220446049250313081e-16
1.497697213556722934e-15
2.220446049250313081e-16
2.220446049250313081e-16
2.220446049250313081e-16
2.220446049250313081e-16
2.220446049250313081e-16
2.220446049250313081e-16
2.220446049250313081e-16
2.220446049250313081e-16
2.220446049250313081e-16
2.220446049250313081e-16
2.220446049250313081e-16
2.220446049250313081e-16
2.220446049250313081e-16
2.220446049250313081e-16
2.220446049250313081e-16
2.220446049250313081e-16
2.220446049250313081e-16
2.220446049250313081e-16
1.524323961350726063e-15
2.220446049250313081e-16
2.220446049250313081e-16
2.220446049250313081e-16
1.500163359867400855e-15
1.562968998685749071e-15
2.220446049250313081e-16
2.220446049250313081e-16
2.220446049250313081e-16
2.220446049250313081e-16
2.220446049250313081e-16
2.220446049250313081e-16
2.220446049250313081e-16
2.220446049250313081e-16
2.220446049250313081e-16
2.220446049250313081e-16
1.615958773244094782e-15
2.220446049250313081e-16
2.220446049250313081e-16
2.220446049250313081e-16
2.220446049250313081e-16
2.220446049250313081e-16
2.220446049250313081e-16
1.432897849274841649e-15
2.220446049250313081e-16
2.220446049250313081e-16
2.220446049250313081e-16
2.220446049250313081e-16
2.220446049250313081e-16
2.220446049250313081e-16
1.560924106138814178e-15
2.220446049250313081e-16
2.220446049250313081e-16
2.220446049250313081e-16
1.176567686973685699e-14
2.220446049250313081e-16
2.220446049250313081e-16
2.220446049250313081e-16
2.220446049250313081e-16
2.220446049250313081e-16
2.220446049250313081e-16
1.636341418596174117e-15
2.220446049250313081e-16
2.220446049250313081e-16
2.220446049250313081e-16
2.220446049250313081e-16
2.220446049250313081e-16
2.220446049250313081e-16
2.220446049250313081e-16
2.220446049250313081e-16
2.220446049250313081e-16
2.220446049250313081e-16
2.220446049250313081e-16
2.220446049250313081e-16
8.705782313369731149e-14
8.592290116106355150e-14
2.220446049250313081e-16
2.220446049250313081e-16
2.220446049250313081e-16
2.220446049250313081e-16
2.220446049250313081e-16
1.620783728756504158e-15
2.220446049250313081e-16
1.624216100768582945e-15
2.220446049250313081e-16
2.220446049250313081e-16
2.220446049250313081e-16
2.220446049250313081e-16
2.220446049250313081e-16
2.220446049250313081e-16
2.220446049250313081e-16
2.220446049250313081e-16
2.220446049250313081e-16
1.572506529087674889e-15
1.613867819921904477e-15
2.220446049250313081e-16
2.220446049250313081e-16
2.220446049250313081e-16
2.220446049250313081e-16
2.220446049250313081e-16
1.622116012482665518e-15
1.611137343405386775e-15
2.220446049250313081e-16
2.220446049250313081e-16
2.220446049250313081e-16
2.220446049250313081e-16
2.220446049250313081e-16
2.220446049250313081e-16
1.638325561257402424e-15
2.220446049250313081e-16
1.619009419014225568e-15
1.557873447608424573e-15
2.220446049250313081e-16
2.220446049250313081e-16
2.220446049250313081e-16
6.359141962546845792e-13
2.220446049250313081e-16
1.556957278680617965e-15
2.220446049250313081e-16
1.643660454685399004e-15
2.220446049250313081e-16
2.220446049250313081e-16
2.220446049250313081e-16
2.220446049250313081e-16
1.120612860809435342e-14
2.220446049250313081e-16
2.220446049250313081e-16
1.642410605916031681e-15
2.220446049250313081e-16
2.220446049250313081e-16
2.220446049250313081e-16
2.220446049250313081e-16
2.220446049250313081e-16
1.583437698565683803e-15
2.220446049250313081e-16
2.220446049250313081e-16
2.220446049250313081e-16
2.220446049250313081e-16
2.220446049250313081e-16
1.611379336977715593e-15
2.220446049250313081e-16
2.220446049250313081e-16
1.065219972305887981e-14
1.599194281860908949e-15
2.220446049250313081e-16
1.633871547406024755e-15
2.220446049250313081e-16
2.220446049250313081e-16
2.220446049250313081e-16
2.220446049250313081e-16
2.220446049250313081e-16
1.457611421780206011e-15
1.603372231586430295e-15
1.500163353730485645e-15
2.220446049250313081e-16
2.220446049250313081e-16
1.145610848162662426e-14
2.220446049250313081e-16
8.604139969284457945e-14
2.220446049250313081e-16
1.582241258076733269e-15
1.139346295921205636e-14
2.220446049250313081e-16
1.642063857203123241e-15
2.220446049250313081e-16
2.220446049250313081e-16
2.220446049250313081e-16
1.518635785181347813e-15
1.616722885653449423e-15
1.518487767010180641e-15
2.220446049250313081e-16
2.220446049250313081e-16
2.220446049250313081e-16
1.579580277107167061e-15
2.220446049250313081e-16
2.220446049250313081e-16
1.632875676576771440e-15
2.220446049250313081e-16
2.220446049250313081e-16
2.220446049250313081e-16
2.220446049250313081e-16
1.596834052853277961e-15
1.620746174876269195e-15
2.220446049250313081e-16
2.220446049250313081e-16
2.220446049250313081e-16
2.220446049250313081e-16
2.220446049250313081e-16
1.589467128811291430e-15
1.184938057176162340e-14
2.220446049250313081e-16
2.220446049250313081e-16
2.220446049250313081e-16
3.881394588700034401e-12
2.220446049250313081e-16
2.220446049250313081e-16
1.610874974809923348e-15
1.609264672374767532e-15
4.491414793830036070e-12
1.517391843840639974e-15
2.220446049250313081e-16
1.619805229240990043e-15
8.571731244523434855e-14
1.541935188694941496e-15
1.001526680844161132e-14
1.551550489959050475e-15
2.220446049250313081e-16
2.220446049250313081e-16
2.220446049250313081e-16
2.220446049250313081e-16
2.220446049250313081e-16
1.164656592499281366e-14
1.645414928400520369e-15
2.220446049250313081e-16
1.632506838444632292e-15
6.208112140193487797e-13
1.581985211071444065e-15
2.220446049250313081e-16
2.220446049250313081e-16
2.220446049250313081e-16
2.453306875869228081e-10
2.220446049250313081e-16
1.096319724788942162e-14
1.596137832950457459e-15
1.593784149099770550e-15
2.220446049250313081e-16
2.220446049250313081e-16
2.220446049250313081e-16
2.220446049250313081e-16
1.619106310054752339e-15
6.177985196157241858e-13
1.631918645602276908e-15
1.182594957193106571e-14
1.117389737206349769e-14
2.220446049250313081e-16
8.580924091347256752e-14
1.116343056280370232e-14
1.639302635209441932e-15
2.220446049250313081e-16
1.175505553871040862e-14
4.496812120356774017e-12
1.108114237105958811e-14
5.899847014695153007e-13
2.220446049250313081e-16
2.220446049250313081e-16
2.220446049250313081e-16
2.220446049250313081e-16
2.220446049250313081e-16
1.804348071776008437e-09
1.610145042252993893e-15
2.220446049250313081e-16
2.220446049250313081e-16
2.220446049250313081e-16
1.637459050428744088e-15
8.317705158431220030e-14
1.350484203244244237e-02
6.208858433201852779e-13
2.220446049250313081e-16
1.595606931631120661e-15
8.382413845905375113e-14
2.220446049250313081e-16
1.635405376648107065e-15
1.615717942729564567e-15
2.220446049250313081e-16
1.185903288217891588e-14
1.242583060212064177e-08
2.220446049250313081e-16
1.168675609117579612e-14
4.445083484531695362e-12
2.220446049250313081e-16
1.500165208199985029e-15
4.414128647540567797e-12
2.220446049250313081e-16
1.571223004693393601e-15
2.220446049250313081e-16
1.573109023022158092e-15
2.220446049250313081e-16
2.220446049250313081e-16
3.255831583139554215e-11
8.571172180899385448e-14
2.220446049250313081e-16
2.220446049250313081e-16
1.460666082186625837e-15
2.220446049250313081e-16
1.619507205821977160e-15
2.220446049250313081e-16
1.529288086365623142e-15
2.220446049250313081e-16
1.172100882987085335e-14
1.793562399658140416e-09
1.170299362319993820e-08
9.166680209457311382e-08
6.303762323628350287e-13
1.136516690685208587e-14
1.588992121903620784e-15
1.628687094824085966e-15
1.054775819322825348e-14
1.543208181065882445e-15
1.629781855423152178e-15
2.220446049250313081e-16
1.663012413390317006e-09
8.478907896627735060e-14
1.112198847477263153e-14
8.865037812006996209e-08
2.220446049250313081e-16
1.642983821143663156e-15
1.630005904837712164e-15
2.220446049250313081e-16
1.526412544627913661e-15
1.563555428166146634e-15
2.220446049250313081e-16
1.432510092173345186e-15
1.187552630760555451e-14
2.220446049250313081e-16
1.129780987827744577e-09
1.485852057194219073e-15
1.612523650632820228e-15
3.439401520934007894e-11
2.220446049250313081e-16
4.568500198591247890e-12
2.220446049250313081e-16
1.612458555280820913e-15
5.629174395764353061e-13
2.446371843189226107e-10
1.800145582055028892e-09
6.335180724359298418e-13
6.365658363044966240e-13
2.220446049250313081e-16
2.220446049250313081e-16
4.218199749167813693e-06
2.220446049250313081e-16
1.581192191038590565e-15
2.357129535053124851e-10
2.220446049250313081e-16
6.705618474291712802e-14
6.486790742586868236e-13
1.175598957727366163e-14
6.725316140099080944e-07
2.220446049250313081e-16
2.220446049250313081e-16
6.133950078170281752e-13
1.604389527214911892e-15
1.760807149310308555e-09
2.220446049250313081e-16
1.574625442139570579e-15
2.721671211636960720e-04
1.798857957561135038e-09
2.220446049250313081e-16
9.358187296552189415e-08
7.997831482416325530e-14
2.220446049250313081e-16
1.207941434097201271e-14
2.220446049250313081e-16
4.392689921033631697e-12
1.203377677310571409e-14
2.305170826147692955e-10
2.220446049250313081e-16
1.586989280281156445e-15
2.220446049250313081e-16
2.220446049250313081e-16
1.620391990098336171e-15
4.847932345392552877e-06
2.220446049250313081e-16
2.220446049250313081e-16
1.627616812622816957e-15
2.458243680180854712e-04
7.243621705048703289e-14
2.220446049250313081e-16
3.245125283893792577e-11
9.124475488618081339e-08
1.483027513346277964e-15
4.305430775079762956e-12
1.489379715329789225e-15
2.220446049250313081e-16
6.813330264943097855e-07
8.246684564066889428e-08
6.778807911628306391e-07
4.696501521475197937e-06
4.842230202451195036e-06
1.493698504952656776e-15
1.132801200144062930e-14
1.168231048313687168e-14
3.321295134390345284e-11
1.450923858353095890e-15
1.625530972493510664e-15
2.220446049250313081e-16
8.629297259564642695e-14
8.849431548046929914e-14
3.529601906289664919e-05
6.287973025178854426e-13
1.922278371681946860e-03
1.629520097336233544e-15
4.465871715813090606e-12
8.079880075646450375e-14
1.286956638726513213e-08
2.395280348825525366e-10
2.220446049250313081e-16
7.374686592314403377e-01
1.120326421785468939e-14
2.220446049250313081e-16
2.220446049250313081e-16
1.761437048022261365e-09
2.576958240152327890e-04
4.676838033759452283e-12
3.759523348670127518e+01
6.950663594085672026e-01
7.033044034024114665e-14
2.549106685022576842e-04
2.220446049250313081e-16
4.364614287187534109e-12
1.571011646532405658e-15
6.687454490300748160e-07
2.222042219581000579e-10
1.610864792521590170e-15
1.735787245132295225e-09
1.706718263127417260e-09
1.484331509206992389e-02
9.159136734536404957e-08
1.155831791468216559e-14
2.220446049250313081e-16
5.530291081434486393e-13
1.619106300861071330e-15
7.163355297307980596e-01
3.836422976439089894e+01
2.220446049250313081e-16
5.170686485852699299e+00
1.985741072167671173e-10
8.463406496214985586e-08
5.126489112066495046e+00
1.870783279275523708e-03
1.908841085081157494e-03
2.220446049250313081e-16
6.802442792557500239e-07
5.762931216200973594e+00
2.220446049250313081e-16
8.175593512842341561e-14
4.757811463082079370e-06
3.782483441006153529e-05
9.082649099698929251e-02
1.606719932144705939e-09
8.603437196000632109e-08
7.338315451623759200e-01
5.342691306047523625e+00
1.185302060269051125e-14
2.220446049250313081e-16
5.063500947786573468e-06
8.225417523010762336e-14
9.101257890163889844e-08
1.611501892323047761e-15
4.444726833593561985e-12
8.192077664651849223e-02
1.056049251785108224e-14
7.279612370783921074e-08
2.575439121253135359e-04
6.860784341692656163e-01
4.080059475724362983e+01
1.009151701619933894e-01
2.220446049250313081e-16
1.787856311429266944e-09
2.220446049250313081e-16
3.193054663030690118e-11
2.220446049250313081e-16
3.987294658305831518e+01
5.051279170794278722e-13
9.306268735571334611e-08
7.197391577903085036e-01
1.463730487070786547e-02
7.761486608056475944e-01
2.026884222302863681e-03
4.451431799518301362e-12
8.765267252980693182e-14
5.307379494275934917e+00
4.899564687459783859e-06
3.978804187911873669e+01
6.080702498462623803e-07
1.776908414763098254e-09
3.855330247034162028e+01
2.220446049250313081e-16
9.666719539800051327e-08
5.433783706559747628e+00
2.220446049250313081e-16
1.343458990165216638e-02
5.412228403490336071e+00
2.742689612577123927e-11
1.159793852513909861e-14
5.303432913070668775e+00
3.749982902998220879e+01
1.277849777476131516e-08
7.697872590954898728e-14
2.183305317494108621e-10
3.905092886222387705e+01
3.340562773222153912e-05
8.556953272571114863e-08
1.003104516203373181e-01
2.220446049250313081e-16
2.383150266215524775e-10
1.985019301197251795e-03
5.481766980812992074e+00
4.893469393756204155e+00
3.370632459210861005e-11
3.124857140204909238e-11
2.220446049250313081e-16
2.026970908263591407e-03
2.368151884397377993e-10
2.220446049250313081e-16
1.234557802191068067e-08
5.245570537704481673e+00
1.670240838890216109e-03
3.752722136381091644e+01
5.257956855212421843e+00
4.758754304388419890e-07
7.798810771146669347e-14
1.593416314701041508e-09
2.570628674195513990e-11
7.093050078257198132e-01
6.360198277571046086e-13
6.941900668779938943e-01
3.976285988115423464e+01
5.169410366196657058e+00
1.072285141936639430e-01
5.445150060319035035e+00
1.304288428894504469e-08
5.442334193405748977e+00
1.496177208989377176e-15
4.611291330477798216e-12
1.502089591419989658e-15
4.559565719751392115e-06
1.601533586850636601e-09
2.220446049250313081e-16
2.426855962575057157e-04
1.374625360367660388e-03
2.220446049250313081e-16
7.215027239547364690e-01
1.788798482968536066e-09
1.552031414436721009e-15
3.479162084981486913e+01
3.635297253722114874e+01
2.732048205619550635e-11
3.733007758229957318e+01
3.556005748266343858e+01
1.338228527890954894e-02
9.583466280743742349e-02
3.720805752306542047e+01
2.220446049250313081e-16
4.040236289357265775e+01
3.907335311274847811e+01
9.990121995584511181e-09
1.332830719428364750e-02
3.873182051195787068e+01
1.299095637613993487e-05
3.523509588860549968e+01
6.308806563023534853e-07
3.993332571307662704e+01
4.072023816367855176e+01
3.772211103330118220e+01
3.944206361847001574e+01
3.867526452099235001e+01
2.388160354375471381e-10
1.429090656179717381e-03
7.185492311596236581e-01
3.756554897907062696e+01
3.621459134837220262e+01
8.123677848353050290e-02
4.475597471563012240e-12
4.497022210040296097e-06
3.896404203449561265e+01
2.554549778264482950e-04
3.885155212706004590e+01
1.071903387034329595e-14
3.841570020340822822e+01
2.254628900573097777e-10
7.718798879311423007e-08
3.885918436918650087e+01
2.380463566468052505e+01
3.809728647999612861e+01
3.773548207564135026e+01
3.635947553216244188e+01
4.119471022786660086e+01
5.401540968310855284e+00
4.502541144194384984e-12
5.620602597046325144e+00
3.711118703918022987e+01
5.564952853853748493e+00
4.198554224031291261e-12
2.607884362272243979e-04
3.815865340280692664e+01
2.220446049250313081e-16
3.689531746604369999e+01
4.724529105451350205e-12
3.716915410542250697e+01
5.566606540980520101e+00
3.883685533033641235e+01
4.087199115078711742e+01
4.893056830064741458e-01
3.941844051048929032e+01
3.779180318882201561e+01
3.720295964004946399e+01
7.415974140787747555e-14
1.102581288685511554e-14
4.424283136342880063e+00
3.651358968933950422e+01
3.871179681342997725e+01
9.666755718091867398e-09
3.898451647506994533e+01
3.534797573878382337e+01
3.789121084573142895e+01
3.445827694078720249e+00
8.559309727793463801e-14
3.865604189392707468e+01
3.783542716271890782e+01
3.336510639141369978e-11
3.794079994777480636e+01
8.289689769027499058e-03
1.162600601127210427e-02
3.910323734010357555e+01
2.639172303502013705e-11
4.072868073076266171e+01
4.015568415862690443e+01
4.959042271712406548e-05
1.461724922344200481e-15
1.543255728659302034e-15
2.168888096548305267e-04
3.723578388941844253e+01
2.490670915220925363e-04
3.723322331134817631e+01
3.802861550735357099e+01
1.294885679050469501e-09
7.270225649432877635e-01
3.830681313896355533e+01
3.862509077339433361e+01
3.691452686040019415e+01
1.765616247012601146e-03
4.397829136859731469e-12
3.704988236890857678e+01
5.105420610646958401e+00
1.415675374520440274e-02
3.789547060418129831e+01
9.228283267626165135e-09
2.220446049250313081e-16
5.414994799809770498e+00
8.347594305490236371e-08
5.202158888369214473e+00
3.717248846389187378e+01
4.082240093949728532e+01
3.609236077696100864e+01
3.704177995362472586e+01
3.683818787231949443e+01
1.349182234531384099e-03
3.664359499028901013e+01
5.353917219529194860e+00
5.177828255116518896e+00
3.742857311364478790e+01
3.992763081779679624e+01
3.741170051212058922e+01
4.826401093573385204e+00
2.392677021540603950e-10
3.972734232964037204e+01
3.859228696017251536e+01
3.891871251232758055e+01
3.883193639759296190e+01
7.172075892844808065e-01
6.945330087587859518e-14
3.746153057166286970e+01
3.674693530383274265e+01
8.467288482589960252e-02
8.539944106272742697e-02
3.989871879354775075e+01
3.882027951480290540e+01
3.773407598403134244e+01
6.578424162156068392e-14
3.800677133780190076e+01
9.412646924602800129e-04
1.658821245978002779e+01
3.698164572724875399e+01
3.743900402777262570e+01
4.109335886730514886e+01
1.099641652954436849e-14
3.778566023290112952e+01
3.520378505509043521e+01
6.941585912176234663e-01
3.496219416076424125e+01
3.033254507476969764e+01
3.932969869419042652e+01
1.432510273765434290e-15
1.418228582546398069e-15
3.753315479406538202e+01
3.922260660971241464e+01
3.528850734458411154e+01
3.617302573064791460e+01
3.575650520810550859e+01
3.722106991500320222e-12
3.749717212375136910e+01
3.684937092766154620e+01
4.182325902364937775e+01
1.294549977837555592e-03
3.767818323760567267e+01
4.095737423356953144e+01
3.486389598411749802e+01
2.060852148832490727e+01
3.903647659337671172e+01
3.788424630373017976e+01
3.755101925333388380e+01
3.969889250438779271e+01
6.515382000896445813e-01
3.679080655760407126e+01
3.767426145845417551e+01
3.686336331526210586e+01
1.151888910931743215e-09
3.665344612544128466e+01
4.132322898525521282e+01
3.860457771756779266e+01
4.049459378620014149e+01
3.381575602939690128e+01
3.843029898919139242e+01
2.654866441435421365e+01
6.314854759621424396e-01
3.890650614879950098e+01
4.000481691993329036e+01
3.703028564376360521e+01
3.605698786613522344e+01
4.909250868769322373e+00
4.137387185878277762e+01
3.648797007515724999e+01
3.899357570947235985e+01
3.919401217986702335e+01
3.861948932084480646e+01
3.932209813432456258e+01
2.220446049250313081e-16
3.745607616038798682e+01
3.592284517672858613e+01
3.764308758222372830e+01
3.765489992853409973e+01
7.320903034295992509e-14
3.834881238493331779e+01
3.718817309737941912e+01
1.149625393678850690e-14
3.900542972837445177e+01
3.664587340397900306e+01
3.720512581633607141e+01
5.959826847932097603e-13
2.587169937721811919e-06
4.105485132520191627e+01
3.967846655051874905e+01
3.677763820670944739e+01
2.318155036691090366e-10
4.303249098793427174e-13
3.833968265169763612e+01
3.907171075111030945e+01
3.187792220747642702e+01
3.290806401221961863e+01
3.501644080675079351e+01
6.592957837334208780e-07
3.632018112533752685e+01
3.784498442273890362e+01
3.884043424761558327e+01
3.868931702612134416e+01
3.619309759397053483e+01
3.706867509311435782e+01
3.562012783253402871e-05
3.777192397171918969e+01
3.952250187770771817e+01
3.827962825028387783e+01
3.706911315309462651e+01
5.011927562322879837e+00
1.151062783809183449e-02
3.910984396711450017e+01
5.158852871467876966e+00
9.552135745246989956e-09
3.852122981631741538e+01
3.568411071953001112e+01
4.085087852548360843e+01
1.863450121919342463e-03
3.123051823174140296e+01
1.101535967052501459e-02
3.378912708055149494e+01
3.608178774622003004e+01
3.740702091753998815e+01
3.688053698107441392e+01
3.916800173671003904e+01
4.053549371883785568e+01
3.396013191102831286e+01
3.770269189929621945e+01
3.111091588314060630e+01
5.256553953709912186e+00
3.725270679273502594e+01
3.966552996086600302e+01
3.924180238730621539e+01
3.309909043254477723e+01
3.984705630211367833e+01
3.973868644473040490e+01
3.800490944292590711e+01
2.868908713054931425e+01
2.774940416881020866e+01
3.920708673915626008e+01
3.745840967330361337e+01
3.656558373108452997e+01
3.901804436961858613e+01
3.817788826974129535e+01
3.828705809344982214e+01
4.059408115002072748e+01
8.321069319685546473e-02
3.822106886695218719e+01
7.108253483028815767e-01
3.971051187745617028e+01
1.017984668450855855e-03
2.741420588868648878e+01
3.854189315362607715e+01
3.825428586170436773e+01
3.718790692032507650e+01
3.834046557076928252e+01
3.398124134170500810e+01
3.720985831449802816e+01
3.923503711434854324e+01
3.097712491790434441e+01
5.518405668156323607e+00
2.510730151111317099e+01
3.632967819282424671e+01
3.985898077126769579e+01
4.020519192751780224e+01
3.974169196828255224e+01
3.814256181404074653e+01
3.669008384086750851e+01
4.028631261856090617e+01
3.919218981050801176e+01
3.798061309980509037e+01
3.979299988854047143e+01
3.368802777190732911e+01
3.721900402172273203e+01
3.902539777402055421e+01
4.041630673353004255e+01
4.018756951421791968e+01
3.629535082498063048e+01
4.164141715463718363e+00
3.966287889866975291e+01
3.987164596430722696e+01
3.996703471534834051e+01
3.717718053576010817e+01
4.005345483796080686e+01
3.704009403922854204e+01
3.866414063590234917e+01
3.240189663921774210e-01
3.954892217159605394e+01
1.894629404006631646e+01
3.788247826952392217e+01
5.211129375424320642e+00
4.056949914022544590e+01
3.719859454303910695e+01
4.098760060445410147e+01
3.037345787579513566e-06
3.896722733023688079e+01
3.986285250656808188e+01
3.894832000430739782e+01
2.248273385382137945e+01
4.242299406373157211e+01
2.473957609676634917e+01
3.936450456561122024e+01
3.593493561530614500e+01
3.987879911534915323e+01
3.837230000083260961e+01
4.050467961992847421e+01
3.958324113914399334e+01
1.946501273358429529e+01
3.709587252598017670e+01
3.812465240027474778e+01
3.626939484217468390e+01
3.398100601972851820e+01
3.705575382421494623e+01
2.250016273377995901e+01
3.426769384105990923e+01
3.933408741017523624e+01
4.049456502864563845e+01
3.939094779049422357e+01
4.048699515451571074e+01
2.220446049250313081e-16
3.860731585101292040e+01
3.914364050984360688e+01
3.837094071565288544e+01
2.082775240728346233e+01
3.745252788777629149e+01
4.016554719127995554e+01
3.555909391422940757e+01
3.758551990689979050e+01
3.923228572623663979e+01
3.785238123024151946e+01
3.966860793760390180e+01
3.893531617293928093e+01
2.161921821420074963e+01
3.915570489084771566e+01
3.919297740444837075e+01
3.606679294075676978e+01
4.147075981237102127e+01
4.098748591235714400e+01
3.230300843122424936e+01
4.100339760929884392e+01
3.975125614493957471e+01
3.835069372232420903e+01
2.060519351036362856e+00
3.681259846164313387e+01
4.076176299233660671e+01
3.647213046141013137e+01
2.706037834188385105e+01
3.725646533602055399e+01
3.719898810060630723e+01
3.695531652678493373e+01
3.530270218851023145e+01
3.866618685989077875e+01
3.813178022516840571e+01
3.678122151640123860e+01
3.784655888967687787e+01
3.797565373121280885e+01
3.820014503191124078e+01
3.701215492175147677e-07
3.561186331572133668e+01
3.937531306484317639e+01
3.929804247296592479e+01
3.941206304029223162e+01
3.748193878630424791e+01
3.965835905725085553e+01
2.423739977298228965e+01
2.483766865487589826e+01
3.181926688118589297e+01
