3.294923178344171447e+03
3.123643211104033526e+03
3.430809559226760939e+03
3.717162910968536835e+03
2.937186105673916245e+03
3.111661896970766520e+03
2.944236259252737909e+03
2.997137133757939864e+03
3.081894444788093551e+03
3.087894319499111134e+03
3.040776896195319750e+03
3.281012442036855646e+03
3.130834571725290971e+03
3.251461494310209673e+03
2.816376082405266970e+03
3.504304925624326643e+03
3.143127383157323948e+03
2.909935258514040015e+03
3.121357431396265838e+03
3.467277831013155264e+03
2.800227895413834631e+03
3.242118422385337908e+03
3.379534929596449274e+03
3.456878578083656066e+03
2.677880055143496975e+03
3.039267001223911848e+03
2.736615583473474999e+03
3.069269159198623129e+03
2.904430554918934831e+03
2.963728789326664355e+03
2.909632611870539222e+03
3.113775061994403131e+03
3.380626706899773126e+03
3.076503528084086611e+03
2.728290799079095905e+03
3.416074028022408129e+03
3.064776172035374202e+03
2.964095725871216473e+03
3.204414919775107137e+03
3.043491347512449920e+03
2.483448019061721425e+03
2.766520673909235484e+03
3.043282703452664919e+03
3.379170381275988802e+03
2.841569099224062484e+03
2.878953077282697905e+03
2.826528620037669498e+03
3.112354789841969705e+03
3.188078593762099899e+03
2.818360439419776867e+03
2.674158545985174442e+03
2.932701531144575711e+03
3.547887652172218623e+03
3.066327856649830210e+03
2.860542025389219361e+03
3.369113443047928286e+03
2.419586367832727319e+03
2.587028734279533637e+03
3.124733835170238763e+03
2.582387775639411757e+03
3.006379580632408761e+03
2.822307857913761836e+03
2.885385265833836456e+03
2.597496610016046361e+03
2.836867919638005333e+03
3.253639630310150096e+03
2.834198330429059297e+03
2.579309348971876261e+03
2.811790073904498968e+03
3.129282898342464705e+03
2.495361912890011354e+03
2.943083650862712148e+03
2.455125758533715270e+03
3.260328964366434320e+03
2.663136152276189478e+03
2.568784692164797889e+03
2.767434704807302751e+03
2.810235332672305049e+03
2.719369725513588946e+03
2.627890354031831066e+03
2.847817750665956737e+03
3.158547111401521306e+03
3.078538174569959210e+03
2.654182156746767760e+03
2.719489339573954567e+03
2.927915519186014990e+03
2.808152805280555640e+03
2.512900880445916755e+03
2.850572532805344963e+03
2.886228901591180147e+03
2.746784593081128151e+03
2.673493976622738955e+03
2.797613374997037226e+03
3.345196603913684157e+03
3.187564771278117405e+03
2.505581343049891530e+03
2.914593920813140812e+03
2.763135357951263813e+03
3.018313985268883698e+03
3.111566968874357826e+03
2.867647507633579153e+03
2.865803600343248036e+03
2.996849677891544616e+03
2.520174135069912609e+03
2.695306353690029482e+03
2.760512936266864472e+03
3.036972304114869985e+03
2.614802411523828596e+03
3.151320761221987141e+03
2.493571750288810108e+03
2.623575837581990072e+03
2.651350890333807456e+03
2.463646009168141518e+03
2.281335501202353043e+03
2.803496116201429686e+03
2.960647945254157094e+03
3.010612764803721348e+03
2.570713193740779388e+03
2.384002959040405131e+03
2.782141561928441661e+03
2.698960028964020694e+03
2.715131241543352644e+03
2.560423017462947882e+03
2.658380901311722027e+03
2.878117037185287700e+03
2.726305539514989505e+03
2.996569792413581126e+03
2.696018631459687640e+03
2.441189472614376882e+03
2.731066829346378654e+03
2.549517145517309928e+03
2.873207292484924892e+03
2.399590844111769002e+03
2.531459262139876955e+03
2.849811105632840736e+03
2.679430888824922931e+03
2.731682845771616940e+03
2.555633372625978154e+03
2.556538329710156631e+03
2.519325488178940759e+03
2.711921961379382083e+03
2.374906127441308854e+03
2.390324635907018092e+03
2.746961180419561060e+03
2.460321740364056495e+03
2.522421856049884809e+03
2.283725447954966967e+03
2.494233366184013903e+03
2.410925979256808205e+03
2.419156429829470653e+03
2.605136669091018121e+03
2.264181367413720636e+03
2.443480658168468835e+03
2.651772405102949051e+03
2.406601515977328290e+03
2.767916182749440395e+03
2.700036458750857037e+03
2.438274098780957047e+03
2.417550121607294386e+03
2.546943089018314822e+03
2.229273741530134430e+03
2.025814833965954904e+03
2.707341527345730810e+03
2.425629287109836696e+03
2.563818301352878279e+03
2.441641135601502356e+03
2.844596360209562590e+03
2.601719370472460014e+03
2.601993612900606422e+03
2.329298965577789659e+03
2.434916914888357041e+03
2.463485940285620018e+03
2.508100748637149081e+03
2.595203502603995730e+03
2.430261497742212669e+03
2.269380458630212615e+03
2.588821133260164061e+03
2.245599055460396812e+03
2.686398976800417131e+03
2.498580408404806349e+03
2.280766921593615280e+03
2.481334416502092154e+03
2.689224404525591126e+03
2.531125076314244779e+03
2.503927432123936342e+03
2.375705447398728211e+03
2.573265773399002683e+03
2.117608790021494769e+03
2.122218347389471091e+03
2.359465651649173651e+03
2.043153447186746007e+03
2.536820280130481933e+03
2.622716269171132353e+03
2.490145969324167254e+03
2.380581101750615744e+03
2.450537783377589676e+03
2.085017150298599063e+03
2.275700667552211598e+03
2.525527284218203931e+03
2.691265584014937303e+03
2.413102157151401116e+03
2.170591580641974815e+03
2.244686265528274362e+03
2.851732875582543784e+03
2.081034411965315485e+03
2.416004015098345462e+03
2.289073810260534628e+03
2.451890548742853298e+03
2.139012133672335494e+03
2.381812219542764069e+03
2.457061244025287124e+03
2.267797690461710317e+03
2.433911588132944416e+03
2.156276854638708755e+03
2.256248611106981571e+03
2.255475313071197888e+03
2.381194489002072714e+03
2.605120960952870064e+03
2.011713347362054947e+03
2.393655053307717480e+03
2.399418885136899462e+03
2.177980428372390179e+03
1.888866822437459177e+03
2.262235836257707888e+03
2.010984954922499355e+03
2.141139930278040993e+03
2.149974872267314367e+03
2.080993057882085850e+03
2.190669818165690231e+03
2.596743349160842172e+03
2.488506879447339543e+03
2.476634553739113016e+03
2.499490262928832635e+03
2.234250737943335480e+03
1.951306114599271723e+03
2.392446244342590944e+03
2.120395941571664935e+03
2.381078954110002996e+03
1.970866743095921265e+03
1.812715675700935208e+03
2.388088008624383292e+03
1.999920860220398936e+03
2.319770833973246681e+03
2.142721020237711400e+03
2.339420155878769492e+03
2.108232198432447603e+03
2.435157319227971129e+03
2.425154512360544686e+03
2.135515743886309338e+03
2.241343795852408675e+03
2.103187934462916473e+03
2.456416923434950149e+03
2.147137439088191513e+03
2.217686662444702961e+03
2.328338314944651302e+03
2.271584578505312038e+03
1.793093046602473578e+03
2.123714635318800447e+03
2.371703057626964437e+03
1.892833591211066278e+03
2.217384203338534917e+03
2.243858666217762220e+03
2.160299752984090446e+03
1.875998752096193357e+03
2.023613643372343404e+03
2.269950623537472893e+03
1.874266879097656783e+03
1.964323025948874829e+03
1.765565704150418469e+03
2.189596065707572507e+03
2.267515287057063688e+03
1.771914050470468510e+03
2.300609629780323303e+03
2.105612700956103254e+03
1.985009569458428814e+03
2.197846804138642256e+03
1.851587294808415891e+03
2.045798729655168017e+03
1.939204219647508580e+03
1.874663049809779295e+03
2.161867146796356792e+03
2.046276474069911956e+03
2.075945227232185061e+03
2.215263972029986235e+03
2.192091288406519197e+03
1.859756697915437144e+03
1.982535190349453615e+03
1.896262786066956551e+03
2.394488726898568075e+03
2.134585439425780805e+03
1.950052279764970308e+03
1.981834255385217602e+03
2.308375910088072487e+03
1.919000809200018239e+03
1.886139467769202838e+03
1.870748906701466240e+03
1.899345200347391483e+03
2.203738230542732254e+03
2.102155975142883108e+03
1.939191140734793407e+03
2.007816738545632688e+03
1.870220486625761168e+03
2.236100023564838921e+03
1.761175278599296007e+03
1.665642210368379438e+03
1.821608256428455888e+03
1.724270075899991753e+03
2.046994160799341444e+03
1.609182253386553157e+03
2.064893481249759589e+03
1.834533875680575193e+03
1.958210505795632344e+03
1.710940173569716535e+03
2.076371945452316140e+03
2.383033771074047309e+03
2.056268629754977155e+03
1.839992905729563063e+03
1.959700346962835511e+03
1.882644488869369070e+03
1.815202949045353762e+03
1.723075195912939762e+03
1.827035832832447340e+03
2.121369060496322163e+03
1.745528907658942444e+03
2.078124795276229179e+03
1.784171126993505823e+03
2.130480625614350629e+03
1.898368609453089675e+03
1.727285855681238218e+03
1.798475364168549959e+03
2.002085552106955447e+03
1.610238128534921998e+03
2.097419193061849910e+03
1.828222029071382394e+03
1.931425885527238052e+03
1.655055805546583997e+03
2.054719295313768725e+03
1.870472325894733103e+03
1.663061847765570974e+03
2.038630892433384815e+03
1.853671579137442677e+03
1.856499292714766852e+03
1.849610775591429046e+03
1.811436211183225851e+03
1.905000271501819043e+03
1.864674137637523017e+03
1.934858271439907185e+03
1.848004914259053066e+03
1.559580079385830913e+03
2.061680207670672644e+03
1.703385172262040214e+03
1.735685911629651400e+03
1.606542288578026273e+03
1.733827505652722266e+03
1.877440959775221927e+03
1.781698615917600819e+03
1.937519713035952009e+03
1.970156077233773203e+03
1.654257527036619649e+03
1.520043059942584932e+03
1.744162047195262858e+03
1.766612045706189519e+03
1.799257273365029505e+03
1.898808770373019343e+03
1.907805542034935115e+03
1.889623725343143406e+03
1.465044082613175306e+03
1.625125786435309237e+03
1.862732483289711126e+03
1.571386449137728732e+03
1.716463715193725648e+03
1.631038345068147692e+03
1.916415200817212053e+03
1.528628420186918220e+03
1.740258420823342476e+03
1.745587169912283343e+03
1.616001878976434455e+03
1.662531402138705062e+03
1.713443056916006526e+03
1.516727537768777438e+03
1.396844903569684448e+03
1.782154494028498902e+03
1.870911610359383076e+03
1.848076593070059744e+03
1.885132749694568474e+03
1.516877339998719890e+03
1.479722825320463016e+03
1.659092178133357947e+03
1.677541147491580659e+03
1.602954055287930260e+03
1.646712129689627773e+03
1.639506120359869783e+03
1.503652322963125926e+03
1.446911960431149737e+03
1.581328397318744237e+03
1.730368431155080089e+03
1.550846249658085299e+03
1.801858987860460957e+03
1.979211453980590477e+03
1.878813792566260190e+03
1.696239346160358764e+03
1.823458347247851407e+03
1.603615944446159574e+03
1.628067155554897909e+03
1.520399769228254172e+03
1.420101283820388517e+03
1.494938865868286257e+03
1.892050037753718016e+03
1.604327237855454769e+03
1.681329625659862131e+03
1.625219336148755929e+03
1.469542347649541853e+03
1.475356057596143955e+03
2.187236923624801420e+03
1.459800676642361623e+03
1.452570429379758707e+03
1.358640440874797605e+03
1.508328292471710938e+03
1.473105047532547587e+03
1.703426206003820198e+03
1.643143615301351019e+03
1.466364174106210385e+03
1.522194450485523703e+03
1.808657980036141907e+03
1.751507202758148196e+03
1.447559116094571891e+03
1.368558733711228342e+03
1.461214248852060564e+03
1.517751138788799835e+03
1.371361157415207117e+03
1.671598956713484540e+03
1.498002307932132226e+03
1.722515476459542015e+03
1.626743176921160511e+03
1.292909346775658832e+03
1.467343633841237533e+03
1.463875635851802372e+03
1.463232133087152533e+03
1.245279907234816392e+03
1.449410467940257149e+03
1.329038535518211575e+03
1.239871778996462126e+03
1.333582909085325582e+03
1.515430320027774769e+03
1.424710782807629357e+03
1.451847342125072828e+03
1.425882583584961594e+03
1.418724998390844576e+03
1.563693781237358053e+03
1.252479239841819890e+03
1.392119496782491069e+03
1.555820930839986886e+03
1.398369683106565390e+03
1.256060849520709780e+03
1.320125529748907184e+03
1.398526107430287993e+03
1.371285381246952056e+03
1.425360092515343695e+03
1.522363250060620885e+03
1.280455123190912445e+03
1.458728974256954643e+03
1.307169926799901077e+03
1.259415967668158373e+03
1.588461694820616913e+03
1.393736494198883520e+03
1.290544744760447884e+03
1.361441972588781482e+03
1.588642990139346921e+03
1.335434133609582659e+03
1.315400609836221975e+03
1.568288513201120395e+03
1.230236581282179031e+03
1.465697742658778452e+03
1.116327674390225184e+03
1.498404180055033294e+03
1.385539558602403531e+03
1.397134058998860155e+03
1.448176859823649011e+03
1.247791861446922894e+03
1.617614077215429461e+03
1.659309762833760260e+03
1.298630300366044821e+03
1.701943097165066547e+03
1.161940268330488607e+03
1.302076467227217790e+03
1.354716189766204025e+03
1.591411384645471344e+03
1.423431371322918494e+03
1.355721324594580665e+03
1.559334293699898353e+03
1.230925111669742137e+03
1.419038912020259204e+03
1.301093175696796834e+03
1.210154637430106050e+03
1.303062143383720240e+03
1.228041432972926714e+03
1.285974367905080953e+03
1.187665299874199718e+03
1.461406802515966774e+03
1.448968835625858674e+03
1.469415667673491726e+03
1.227820608810174463e+03
1.342108353704291858e+03
1.148943048916320322e+03
1.358859332201819598e+03
1.142500852619369653e+03
1.416551272835789632e+03
1.331832529955836208e+03
1.184831302930936317e+03
1.305302763979617339e+03
1.035736836647816745e+03
1.183164521577803271e+03
1.255015685596114281e+03
1.068820238024995206e+03
1.254117060400011496e+03
1.376362265392581094e+03
1.157849906781536674e+03
1.193119649476180484e+03
1.119266521178996527e+03
1.239367116724296693e+03
1.202923005885273824e+03
1.486507670136360503e+03
1.124975369915123110e+03
1.141382142051027131e+03
1.320399775311081839e+03
1.207702754855733474e+03
1.329940231175031613e+03
1.312935605905838202e+03
1.495265743748047953e+03
1.542006741378903371e+03
1.421241700177990651e+03
1.261309799163873777e+03
1.526321025684764891e+03
1.442483342832040989e+03
1.137442756047201556e+03
1.071260281353585015e+03
9.976810163996394749e+02
1.275837896330245258e+03
1.151334777826800519e+03
1.227633159175424680e+03
1.120287897900271446e+03
1.262665740356804690e+03
1.108116989115206025e+03
1.131037198747425691e+03
9.906063588769319495e+02
8.677377693654228779e+02
1.117464186249805607e+03
1.246620931869977312e+03
1.044020660588872943e+03
1.336026204208015542e+03
1.235489932566655852e+03
1.028403580072216528e+03
9.691514078647664974e+02
1.146181145867243686e+03
1.345730337227578730e+03
1.226398097847563577e+03
9.310731051531856792e+02
1.096888250100357482e+03
8.229227526338503367e+02
8.899129910369163099e+02
1.296099651638109890e+03
1.017740740412124410e+03
1.093179604096609637e+03
1.111866238457655527e+03
8.892574796523612122e+02
1.123230186955827321e+03
1.109211011622732258e+03
1.063232038935091850e+03
1.205005399697586654e+03
1.145968581956881508e+03
1.032526152456428918e+03
1.003642010728053265e+03
1.084554668592320695e+03
1.197362639895937264e+03
1.211620717955179316e+03
9.770779213303667348e+02
1.139641463836765070e+03
1.298344602745779412e+03
9.628617673947499043e+02
1.175531016637748735e+03
1.306715086372741325e+03
1.102227066858762100e+03
1.211204757525591958e+03
1.143726284823313563e+03
1.196374204438097649e+03
1.216534491493757969e+03
9.960607582960949458e+02
1.104457593723410127e+03
1.136375890251983719e+03
9.147662454513325656e+02
9.288700188299267211e+02
1.045046419204664062e+03
9.751007178421921253e+02
9.528152098756818305e+02
1.085318491348724365e+03
1.060989211621178356e+03
9.783573226598463179e+02
9.330431502171288685e+02
1.050123246303494852e+03
1.103221285139368320e+03
9.401521740908947322e+02
1.118927816797249989e+03
9.357033830272199566e+02
9.447733021486619691e+02
1.077876101526448110e+03
1.232399384817214695e+03
9.050745323930265158e+02
1.132115746121467510e+03
1.115128381246830259e+03
1.077304427197999530e+03
1.025907932889978838e+03
1.148440400528321334e+03
9.455896508982099249e+02
1.101970251339310607e+03
9.871360502797734853e+02
9.934667529708621032e+02
9.898953708926261470e+02
9.275887801893544520e+02
9.914219866176948699e+02
9.373646871039311463e+02
1.199047376518981537e+03
7.384111727146507747e+02
8.801412272133833312e+02
1.139288024080632567e+03
1.084702818551976861e+03
8.364489406532126168e+02
8.881685765104115262e+02
1.005362640722545507e+03
1.003391422268922156e+03
8.312945657653402804e+02
1.012267345281722328e+03
9.253113782485929733e+02
9.622717195515031108e+02
1.005965831527851265e+03
7.573821683332131443e+02
1.056518633394152630e+03
8.991264552590893118e+02
9.010594500936889517e+02
1.002641188574804460e+03
9.883447816191885522e+02
8.507548861141270891e+02
1.008355569937240830e+03
6.803483865791697554e+02
9.742767068696027764e+02
8.558117191925483667e+02
8.379440754030375729e+02
8.069116471767530356e+02
8.261226720103210255e+02
1.164539618178228466e+03
1.041480905780222201e+03
9.487211940676705808e+02
9.538773601844080758e+02
9.804289250008325780e+02
8.137224418990161894e+02
8.264638844416103893e+02
8.641097526380817726e+02
9.169293949327922064e+02
9.236301395203576021e+02
7.986308025592549029e+02
8.044135325476800062e+02
9.054004352894768317e+02
8.357555873343644635e+02
1.012139907413995843e+03
8.465763363346391088e+02
9.836014316701273401e+02
9.377148701411786078e+02
8.568447382548113183e+02
1.009276191180445835e+03
9.272851042419267742e+02
8.470636124434302019e+02
8.499223674614055426e+02
7.937744842771417098e+02
7.494591275379511899e+02
7.971902572678358183e+02
8.601136010264762035e+02
7.407742013138553148e+02
1.187951621235936727e+03
9.646544148553130071e+02
8.588521852775605794e+02
8.842721761961078073e+02
7.031232381173372232e+02
7.391337676531267107e+02
8.249340041954027356e+02
6.940070357183847136e+02
8.340811273197673472e+02
9.846330151672635793e+02
8.482267159791173299e+02
6.559340929373365725e+02
7.354183034496138589e+02
7.532525491834644527e+02
8.753423494314374693e+02
8.367820035381472508e+02
7.647945029630051295e+02
7.218225746426321621e+02
7.823722230200160084e+02
8.749761958277192662e+02
7.110513414057884347e+02
7.413287669560551194e+02
8.258515143503356057e+02
8.385069946158612311e+02
8.510857851592688803e+02
7.543269855207637420e+02
7.679390063535763602e+02
7.848189360112278337e+02
8.233910553766760358e+02
7.856345152146617465e+02
6.980241178726794260e+02
7.828504888158405493e+02
7.593887720896124165e+02
5.272831460155498462e+02
7.260046335758294163e+02
7.451070504698543573e+02
9.033972456836534093e+02
7.763131076251264631e+02
6.779763148365268535e+02
6.485584870734744527e+02
8.672295923697653279e+02
7.799004792926704113e+02
7.937081208418754841e+02
7.034296618034942412e+02
7.903818404095895858e+02
8.500602050275762167e+02
7.538214017178859194e+02
7.940616831318812956e+02
7.660263474356340794e+02
6.408125860375685079e+02
7.228905955857724166e+02
5.790858090386115009e+02
6.446790554516933298e+02
7.792984089901406151e+02
7.546454268209712382e+02
6.958162330304929810e+02
6.317213312548857402e+02
8.865662469575631803e+02
7.194785989050694752e+02
6.835675382564983238e+02
5.645066995162272860e+02
6.765951469518898875e+02
7.393260106240306868e+02
6.720602554382122662e+02
7.410901516094558019e+02
8.663277959824115442e+02
7.304356902553055306e+02
7.821561159678683453e+02
5.793153395127305885e+02
6.167954370406828275e+02
6.555356920287911180e+02
6.943210676373038268e+02
6.766594900580182639e+02
6.381799777585031279e+02
7.877668657903650455e+02
7.422853510926394165e+02
6.132582088710811377e+02
6.126303697303779927e+02
5.553671428188263235e+02
7.139767890631248974e+02
8.910097633234161094e+02
5.789030365882584874e+02
7.721451401271641544e+02
7.789429564808615396e+02
8.280656869216675204e+02
6.408950009338658447e+02
6.850416422293269534e+02
6.072171808395686412e+02
7.712153688029339946e+02
7.313199792749833250e+02
6.081641291937694405e+02
7.234717179870621067e+02
5.935073887641148076e+02
6.748407912289098931e+02
6.721774822562024383e+02
5.810545737162909745e+02
7.674191578019435838e+02
8.246177219166581835e+02
7.011522012701399262e+02
7.555342062350015340e+02
6.517453352420806141e+02
7.950763218787382129e+02
9.558055789250100815e+02
6.140422582321124310e+02
7.208444141825347060e+02
5.483809352668291694e+02
5.595152905898827385e+02
6.789303708663064754e+02
6.350248428493090387e+02
6.592353279990202282e+02
5.489467170496037625e+02
6.136061521054064087e+02
5.877622831996939112e+02
6.767608015558340639e+02
6.037731418578756575e+02
5.924546665100405107e+02
5.448500186896659443e+02
6.814152082356825986e+02
6.965753213829892729e+02
6.131138553593453935e+02
6.056699015220667661e+02
6.556574080665751580e+02
6.613118250588291858e+02
7.353872794375317881e+02
7.226619851828521632e+02
6.070160490376683811e+02
5.904714073937185503e+02
5.242942935449651713e+02
6.593711557846867208e+02
7.668182015776396838e+02
4.795854666826772359e+02
6.093237607543042031e+02
5.502998584326883247e+02
6.240408627452092105e+02
5.842932766345487607e+02
5.788195317614978421e+02
6.973312053754009412e+02
5.933133842923926977e+02
5.272348022575267805e+02
5.372051061509986312e+02
5.102206656273129397e+02
6.831915684768989649e+02
5.808731434040681734e+02
7.915559179887286518e+02
5.867493124685673820e+02
6.952843853521727624e+02
6.182850634506939969e+02
5.305942146775746551e+02
6.010489834481405751e+02
4.858086374671764816e+02
5.515550046728732241e+02
5.168237425154291032e+02
7.888872566973734592e+02
5.549630400238684160e+02
5.257200192369659817e+02
5.446863892676757359e+02
6.232315584036449536e+02
4.734588009851420338e+02
5.802589444422126235e+02
5.647292308922793609e+02
5.851919689745773212e+02
5.109700552582967248e+02
4.711866166303766477e+02
5.884023310623755378e+02
5.855694440382989114e+02
5.399631953004746947e+02
4.735780134431861370e+02
4.954489405937439415e+02
6.148696920741041367e+02
5.046276639264939377e+02
6.398196529950985223e+02
5.199906526106593674e+02
5.658941542095539035e+02
4.788872637419199236e+02
5.582514515729690174e+02
6.562280012996438927e+02
5.570348634180498948e+02
5.232667588771222427e+02
5.553474958814731508e+02
5.930370780942035935e+02
4.647274981124873534e+02
5.491449101966630906e+02
4.817276524169026857e+02
4.558022772300616339e+02
5.808537044235145004e+02
5.213390157022662379e+02
5.104112062670218961e+02
5.981248707021267137e+02
4.417221739855405644e+02
4.843781443704407366e+02
5.087530757721816599e+02
4.443896564584787825e+02
4.983039734184371241e+02
5.204141552778825144e+02
5.604354113355246909e+02
5.059980053861946203e+02
3.977604819715721192e+02
4.402902707014579278e+02
4.992160499484154457e+02
5.954605783117181090e+02
5.659797502860629947e+02
5.773327126098080271e+02
6.539090132838260843e+02
5.226939843149331182e+02
5.122863869831347756e+02
4.630545308148552408e+02
4.700831516859312842e+02
6.108185974465350228e+02
4.890862416979331897e+02
5.567757669101437159e+02
5.270054996627769697e+02
5.505647163495798395e+02
5.290842346196944845e+02
5.312784968367849388e+02
4.162010821218501064e+02
5.396603514758481879e+02
4.478289730327039706e+02
4.661075015742320602e+02
5.346111531603293088e+02
5.003296905798528087e+02
4.470621579318026306e+02
5.415825040184639647e+02
5.307874270342585987e+02
4.762641776973071615e+02
4.706697879671764895e+02
5.075085599483554120e+02
4.140364177459146049e+02
4.952424716147440904e+02
5.132980089011240352e+02
5.176670952665200502e+02
4.399392930264028223e+02
4.857471327803700660e+02
4.516815820478050227e+02
4.391236916336951026e+02
4.348885016551374747e+02
4.482304599206938178e+02
4.375881666705394082e+02
4.346709309769585161e+02
4.866453644837449701e+02
3.738869506250295558e+02
4.445841041174727479e+02
5.428512288327707438e+02
4.166272151218328759e+02
4.656800784181091899e+02
4.584370053153331241e+02
4.583757224984905747e+02
4.240094684916295478e+02
3.970028729954517530e+02
4.716838568320588365e+02
4.821284762373927606e+02
3.495519589811293599e+02
4.957329373796494565e+02
5.156085447907058779e+02
3.595504422930379747e+02
4.171743542280918291e+02
4.037010465378166941e+02
5.873493526768346555e+02
3.963838719320711448e+02
3.880734919060053585e+02
4.635993337113384882e+02
3.991293589573512008e+02
4.393640681914316133e+02
3.696078353253516298e+02
3.914563481523231872e+02
3.513769778489412374e+02
4.460245402952533595e+02
4.805757711169337654e+02
4.490275942668066591e+02
2.929613970527358333e+02
4.277608231284969520e+02
3.909764706986811689e+02
3.812903360052466155e+02
3.364783592534794820e+02
3.691209149283395732e+02
4.151248989706589896e+02
3.487971260893199315e+02
3.935941168713274578e+02
4.067095579521385389e+02
4.894807942264882286e+02
3.229276127794599347e+02
3.840179973740115997e+02
3.483555278023544588e+02
3.473003394191860025e+02
4.496136265179292195e+02
4.568770988956373458e+02
3.834044382338514652e+02
4.067753409469884787e+02
3.932618794050239330e+02
3.425221181917419244e+02
3.982860180922671134e+02
4.421966647650194773e+02
3.554062601276481246e+02
4.003579163328421373e+02
4.235518105970323290e+02
4.030817032559253903e+02
3.486800207861197123e+02
3.206606810720994076e+02
4.204253318301884974e+02
4.160948614631105897e+02
3.986019384821091194e+02
5.085333237566122762e+02
3.503242395022171536e+02
3.313043478965375357e+02
4.040202419728306040e+02
3.162586302197087207e+02
3.229948507888454969e+02
3.806703601163519579e+02
4.034369393560572234e+02
3.599969778101558404e+02
3.287525052473642404e+02
4.270344350884485607e+02
3.239197416627631583e+02
3.450034368363173485e+02
3.034877487074448936e+02
3.857727918675131491e+02
3.116714485840480506e+02
3.570527578978299630e+02
4.125538982467949722e+02
3.466587360094425208e+02
4.132483086618231027e+02
3.704431051902976719e+02
2.706728937481843218e+02
4.540244194280096508e+02
3.996792504031849376e+02
3.650362956434472039e+02
