3.225816532505153646e+03
3.275339451871613619e+03
3.368929259961732441e+03
3.373653405533768364e+03
3.041636733285670289e+03
3.455296205386039219e+03
2.742277140475145643e+03
3.301641981164128083e+03
3.276113486928457860e+03
2.931615480245046911e+03
3.196394009085646303e+03
3.386383805040587959e+03
3.039380581948544204e+03
3.234854552835217419e+03
3.006020963641582512e+03
2.905674754362073600e+03
3.009054757292889008e+03
3.052227613940553510e+03
3.057939591454822221e+03
3.316237543014733092e+03
3.320777152468187978e+03
3.120321520942480220e+03
3.383552631815807672e+03
3.315032933775379206e+03
3.127828101319571033e+03
3.199905437251602507e+03
3.193875919553516269e+03
2.814705982976327050e+03
2.961889373337499819e+03
2.682388554162171204e+03
3.150438589715924081e+03
2.857472038478253580e+03
2.965901867457497701e+03
2.692193645486052446e+03
3.194078739922311343e+03
3.265068791489293289e+03
3.060268256239240145e+03
3.133853524589162589e+03
2.979351490867625671e+03
2.703976572742274584e+03
2.982727671608177843e+03
3.375300575811512772e+03
2.913269686936339440e+03
2.726308822437041727e+03
2.914395466236638185e+03
3.036220519339351540e+03
3.271226604707725983e+03
3.360186186347829789e+03
2.981838818425036607e+03
3.026248414601479908e+03
2.907208423030462654e+03
2.818516186909857879e+03
3.050071450187602295e+03
2.987204994939132575e+03
3.255144429424796726e+03
2.828098447868981566e+03
3.022897876276758325e+03
2.553281162808986210e+03
2.962943923086130781e+03
2.910354177776829147e+03
2.910342383677082580e+03
2.894945730861862558e+03
3.127363011333190116e+03
3.312585422442683466e+03
2.654943348437332588e+03
3.070467700459118532e+03
3.131262440722567590e+03
2.929770140994428402e+03
3.089712643664190637e+03
3.091696668018642413e+03
3.065793106157538659e+03
2.920248855235743122e+03
3.314953735831448284e+03
2.836172547232755278e+03
2.850307825721404242e+03
2.623109753506479592e+03
2.919818015931409718e+03
3.204036526800868160e+03
2.850727822205342363e+03
2.613055563789786447e+03
3.061410827479493946e+03
3.070584678669322784e+03
2.769791657113717065e+03
2.530652416733668815e+03
3.090909146178119045e+03
2.648965976245026468e+03
3.044468053980081550e+03
3.005653905424116601e+03
3.310649027374868183e+03
2.891336522567583870e+03
2.855004210167781821e+03
2.910424203338474854e+03
2.808487118847314832e+03
2.307311123982894514e+03
2.732809482387446678e+03
3.009699180746736147e+03
2.992688147728499189e+03
2.602228250695481620e+03
2.682153135588103396e+03
3.007706916010396526e+03
2.525398997811104891e+03
3.031650346091582378e+03
2.772082738748969859e+03
2.705772584998018829e+03
2.838212484043623135e+03
2.963491294794657279e+03
2.580372486948538153e+03
3.012318106540471945e+03
2.624754121812977701e+03
2.487608181936198434e+03
2.720432287741770324e+03
2.889527737172074012e+03
3.046376953082266027e+03
2.524029634088138664e+03
2.398365083542907087e+03
2.612483360279660246e+03
2.601795555323465123e+03
2.557344772414341605e+03
2.799462014389400792e+03
3.129695949548590306e+03
2.443324559534658420e+03
2.725776704726051776e+03
2.559778192725716053e+03
2.715915374708237778e+03
2.737001512967225153e+03
2.689161391822288351e+03
2.759414020026260005e+03
2.735626386074719903e+03
2.673170998543510905e+03
3.166832875480957227e+03
2.213331100458579385e+03
2.485238718676756434e+03
2.550078788198273742e+03
2.594366419462547583e+03
2.613488775986850669e+03
2.659998182329400606e+03
2.719568140059945563e+03
2.666907999075930547e+03
2.937970760000967402e+03
3.108417900056818326e+03
2.713701463970043278e+03
2.911809231407434709e+03
2.382260752962921742e+03
2.932118386677486342e+03
2.729603222767755142e+03
2.804208992842118732e+03
2.443472846219529401e+03
2.429460938676179921e+03
2.542344360933368534e+03
2.616757108506270470e+03
2.599889826435391569e+03
2.260551033612089668e+03
2.128739713293941804e+03
2.803167695548056145e+03
2.324808495934404618e+03
2.568728252711811365e+03
2.263198219680737566e+03
2.564493238370659128e+03
2.464170608924333465e+03
2.783784548381164768e+03
1.954567385279508699e+03
2.651915992212795118e+03
2.391801060023693935e+03
2.122033818694983438e+03
2.467981498864345212e+03
2.528837743726951430e+03
2.454188248579898755e+03
2.582314882794743880e+03
2.684240106631787512e+03
2.589892204998436682e+03
2.214038427351997598e+03
2.669098516139123603e+03
2.461008522136899046e+03
2.575630532277298698e+03
2.452487941168339148e+03
2.609247959396231636e+03
2.284802282700389696e+03
2.161165181111979564e+03
2.441535471236146350e+03
2.382947751719353164e+03
2.440781629234835691e+03
2.752450336440764204e+03
2.651296589925926128e+03
2.627351867046706502e+03
2.331131566570852556e+03
2.191286109246849719e+03
2.618779473996852175e+03
2.295146329370785679e+03
2.323141999139959353e+03
2.666313720791119977e+03
2.448579117593686078e+03
2.425837698699668636e+03
2.658231063248648752e+03
2.048121220351343709e+03
2.258146726848273829e+03
2.248607365640044463e+03
2.246433876297981442e+03
2.151276155015642871e+03
2.827186695255839368e+03
2.225162192072063590e+03
2.636879903977267077e+03
2.260541852499871766e+03
2.026181255010535097e+03
2.411834407643910254e+03
2.214126021867543841e+03
2.590139825647351245e+03
2.349393842236133878e+03
2.366752938070935670e+03
2.302288619422487045e+03
2.431355025632425622e+03
2.098505268749495826e+03
2.341743923327182529e+03
2.463553388538794934e+03
2.321968497256615592e+03
2.727088094553313567e+03
2.134600405566771315e+03
2.321139007049193879e+03
2.435222032128877345e+03
2.768828788172716941e+03
2.468240147704729225e+03
2.279420087004086326e+03
2.269278748326564255e+03
2.268674993903626273e+03
2.363666093060905041e+03
2.132609953717210828e+03
1.982617035364358571e+03
2.357617912366396467e+03
2.396649817576389523e+03
2.485659565837986975e+03
2.361085480523247043e+03
2.001894278519407180e+03
2.241080127132256621e+03
1.981346879376898187e+03
2.009660395280126295e+03
2.119220069086636158e+03
2.401352024348470422e+03
2.066550504414657098e+03
1.857083587938114078e+03
2.124571178060385137e+03
2.220518589062862247e+03
2.324193436458595897e+03
2.092659882786822891e+03
1.917634347729079764e+03
2.369965699726476032e+03
2.035356295981549010e+03
2.256883918886327137e+03
1.754690477049577794e+03
2.525562931289958669e+03
1.829977928926464756e+03
2.047364372681444365e+03
2.215848766241045269e+03
2.360545198672542938e+03
1.954943969541909837e+03
2.106358914622489010e+03
2.501543960843353034e+03
2.266914906609789796e+03
2.129103701495820587e+03
2.560839708597091885e+03
2.152016658159357121e+03
2.001711621557195940e+03
1.861815179552680320e+03
2.089931019985578132e+03
2.392893784615711866e+03
2.248808038294831931e+03
2.112556937334612940e+03
2.179624551312627318e+03
1.862385303801005193e+03
1.970290210019800043e+03
2.107252099808911225e+03
2.163487956122034120e+03
1.980132897591164692e+03
1.790905210820421644e+03
1.729516580402951377e+03
2.377570850887726465e+03
2.200561122723332119e+03
1.998602667165965386e+03
2.183960981942108447e+03
2.213043951828554782e+03
1.956890964642078643e+03
2.059661060983382413e+03
2.002848486996236034e+03
1.922495887243782818e+03
2.062154821851779616e+03
2.041646143456806385e+03
2.019546146447442652e+03
1.826984720842343222e+03
2.111208578468796077e+03
1.754171227217675323e+03
1.861442981976133524e+03
1.910157196559272279e+03
2.291274960959628061e+03
1.910524549217486083e+03
2.060371686673470322e+03
1.895537922712783711e+03
1.891587140939467645e+03
1.932772235539293206e+03
1.943125896493230130e+03
2.354485150445509589e+03
2.138085471584178777e+03
2.200264707930675740e+03
1.963370808281515110e+03
2.124822765900269133e+03
1.774610811844725959e+03
1.945434724945155494e+03
2.087278969902410608e+03
2.162388683015944935e+03
1.882539573869018113e+03
2.090638284929326801e+03
1.984634341022393983e+03
1.699950877105268319e+03
2.290273583023846186e+03
1.944567118091406883e+03
1.950501429795231616e+03
1.852490579997826444e+03
2.090225522704699870e+03
1.843337862305143744e+03
1.950444845278395178e+03
2.121726538496088779e+03
2.067657925381032328e+03
1.860427172042198208e+03
2.170842617954264824e+03
1.957766034339074849e+03
1.876316894990225592e+03
1.724877742033019558e+03
2.125245280214642207e+03
1.833143161606082913e+03
1.725780184670313247e+03
1.958131267288957133e+03
1.873850572479012044e+03
1.847419466698272117e+03
1.874346683180005357e+03
1.901071924859140381e+03
2.054288382233659377e+03
1.929773724379170289e+03
1.748906915629484274e+03
1.727842283349725903e+03
1.537625764605115364e+03
1.730528209932000209e+03
1.890853250932830633e+03
1.685674899108159252e+03
2.043845668227326541e+03
1.991024501303873649e+03
1.600803235574088831e+03
1.882266766265372098e+03
1.809858236061748585e+03
1.870715308724285933e+03
1.689232597877533863e+03
1.592547640746608522e+03
1.711002879576511759e+03
1.855901553403850812e+03
1.653699523471904968e+03
1.873649565397140350e+03
1.786364531928529686e+03
1.672714750694569148e+03
1.857600652374653009e+03
1.884252951878816475e+03
1.886257975893622188e+03
1.590641260455795191e+03
1.814793193069990139e+03
1.884325574762179485e+03
1.896019879582014937e+03
1.678869097425221298e+03
1.638870091609112706e+03
1.691690294997280944e+03
1.776212348993693467e+03
1.934101820992096236e+03
1.902311987724653818e+03
1.608081136967298562e+03
1.761366860217780186e+03
1.976463683442344291e+03
1.854673716660930950e+03
1.783975420635249293e+03
1.748440250639766646e+03
1.539588713552142963e+03
1.631449943752368426e+03
1.529327308485332424e+03
2.104541387009668142e+03
1.433358657940019611e+03
1.569779624351399207e+03
1.616078840848206482e+03
1.758986210979121552e+03
1.595246008669592584e+03
1.752993398870009059e+03
1.511204857846102868e+03
1.840470569862318825e+03
1.789386392832519277e+03
1.927712695644926498e+03
1.591460393179776247e+03
1.445337064600649683e+03
1.632519737216444355e+03
1.688486499039420778e+03
1.697111317251963328e+03
1.487136136694827883e+03
1.675522538778605622e+03
1.823145203851851875e+03
1.679115516985854811e+03
1.467121108276938912e+03
1.641936595968110169e+03
1.567916828010437484e+03
2.069836654936356808e+03
1.293642050278009265e+03
1.342545819587455753e+03
1.751150605456349922e+03
1.508352966986385127e+03
1.508448457278575916e+03
1.491849446172649323e+03
1.512216612298263726e+03
1.859854038160733580e+03
1.536760780172413433e+03
1.622206781477880440e+03
1.557683965688692524e+03
1.779003450624295283e+03
1.612094446763236192e+03
1.451863954055755585e+03
1.514945619062297737e+03
1.498289215427396584e+03
1.700243010148982648e+03
1.650411870607159244e+03
1.445947526663679582e+03
1.559682683536888135e+03
1.699365242595360996e+03
1.660168215663976298e+03
1.387918419836207249e+03
1.503417221155900734e+03
1.429418245939045164e+03
1.364127406680116337e+03
1.640360581488961316e+03
1.526206012546879947e+03
1.658964161760175102e+03
1.517416513950226545e+03
1.404989648360518004e+03
1.635801083052291006e+03
1.602565605719803216e+03
1.565630618848771974e+03
1.498755539058257227e+03
1.378265944249937547e+03
1.482408041097028445e+03
1.557578345335034328e+03
1.381014094781970698e+03
1.421223519896793277e+03
1.592387627284098244e+03
1.580414020845310233e+03
1.454520240079018322e+03
1.359979098424571930e+03
1.449007735747569996e+03
1.668520679237384911e+03
1.376296938339457711e+03
1.201628408292266840e+03
1.485495476121943057e+03
1.525999254903353176e+03
1.457565377761610307e+03
1.480435712633324783e+03
1.637817345369478744e+03
1.226249823124745262e+03
1.477706553278931551e+03
1.419668716774612676e+03
1.324250979976534154e+03
1.329378968161664488e+03
1.274636472568100544e+03
1.269801537761652980e+03
1.521155412551638392e+03
1.618229320566388651e+03
1.310375756918336037e+03
1.301045583956582050e+03
1.162959328974765640e+03
1.326162633907940290e+03
1.335950689849383480e+03
1.073447844427990958e+03
1.233429350458178078e+03
1.254892374580091428e+03
1.281398484917675887e+03
1.442966292825771234e+03
1.384968310250843615e+03
1.495373793675824345e+03
1.472326647543737408e+03
1.300243135497023331e+03
1.566575187797255921e+03
1.459977507771527144e+03
1.306207873533698830e+03
1.363011249774171347e+03
1.350356110932673573e+03
1.214809411911520556e+03
1.394831368179406354e+03
1.460606946623688373e+03
1.425925840158422488e+03
1.268105633149709320e+03
1.403198313806637771e+03
1.242400757146538808e+03
1.147008414764009103e+03
1.236796555792091567e+03
1.139405857112921012e+03
1.202552621941965526e+03
1.248877510457728931e+03
1.126605967136075378e+03
1.548768348375158894e+03
1.182375873342430850e+03
1.323547123971742167e+03
1.136534445418446467e+03
1.113036965529629697e+03
1.408911249098359349e+03
1.325095843453755379e+03
1.256258023446901007e+03
1.577830169934299420e+03
1.345984180192566782e+03
1.243383399399267546e+03
1.182360956236195989e+03
1.449732326938729557e+03
1.314635112824898442e+03
1.219936612201817297e+03
1.104889471448175982e+03
1.221748817278927163e+03
1.136730269613651899e+03
1.249468944227914335e+03
1.188773250162736076e+03
1.056148259365249260e+03
1.160778188304198238e+03
1.246522743058747437e+03
1.092036092698535413e+03
1.283438801882403368e+03
1.307023258611608298e+03
1.317850133082315097e+03
1.009634963335115003e+03
1.218214489587924845e+03
1.180541276383034756e+03
1.244833453692547437e+03
1.144733104390270455e+03
1.009891527652531067e+03
1.116481161184430448e+03
1.240989948881448754e+03
1.251733580455323590e+03
1.256198718923515116e+03
1.177810030891798306e+03
1.076000525127487435e+03
1.110639172948700434e+03
1.232759691238562027e+03
1.191306460628903551e+03
1.244714212932692362e+03
1.314882011781246547e+03
1.154917313194726376e+03
1.333296935809294609e+03
1.105930834394501971e+03
1.282866458727799682e+03
1.146808734401822903e+03
1.216978793953180457e+03
1.176760912250307229e+03
1.019335467579920646e+03
1.392134424481094356e+03
1.338352878131171337e+03
1.055893958469023801e+03
1.188975680536185337e+03
1.369558562786603943e+03
1.138443316113713990e+03
1.258095317874302737e+03
1.132449264746021527e+03
1.050899956386604572e+03
1.048649973019743811e+03
1.223570800058973873e+03
1.208417794312676051e+03
1.106231971469119571e+03
1.253656120006764240e+03
1.401972912590847272e+03
9.985540398303040774e+02
1.111271784054162254e+03
1.110583230562544941e+03
1.326064290148015516e+03
1.193180109088859126e+03
1.143102356592871729e+03
1.066774441423106282e+03
1.139237040439651992e+03
1.176237519076865510e+03
1.301828188637241510e+03
1.015994624403123794e+03
1.098085935563724206e+03
8.934578087875028132e+02
9.910235365030769117e+02
1.103621221074259665e+03
1.246968879198362856e+03
1.210548499154617730e+03
1.121419269531814734e+03
1.343868079261727871e+03
1.188297278244266181e+03
9.661755650631014305e+02
9.420481727971036889e+02
1.060298626970389023e+03
8.995533426270434347e+02
1.090591615387043021e+03
1.100814276232785687e+03
1.263263337994772428e+03
1.127557164106977098e+03
9.535261391663171935e+02
1.033567228405858486e+03
9.116793660297843189e+02
1.048866715102606577e+03
1.047870229529302605e+03
1.047144506506384687e+03
1.057508975927649544e+03
1.051854104381271327e+03
1.075283580854754973e+03
8.365331182252746203e+02
1.106372521271264532e+03
1.049956753675560776e+03
1.075008117806017253e+03
1.088970612278469616e+03
1.116304996818635800e+03
8.573356767259932667e+02
1.122869141082754822e+03
1.043847931794873830e+03
1.094945038551603830e+03
1.133234599539284545e+03
9.142177640438252411e+02
1.122048910442596480e+03
9.191440654339204457e+02
9.291817948437302448e+02
9.255839073467232083e+02
1.012264492820274540e+03
9.428019031895565831e+02
1.047643402999301316e+03
9.685462794297008031e+02
9.448332783753189688e+02
1.000674484918932762e+03
7.237132366826183443e+02
8.365503662194114440e+02
1.050473682694658692e+03
9.419751048053027489e+02
9.624343935988999874e+02
1.006285631832574722e+03
1.110457274641645881e+03
9.140172966086921633e+02
8.690955209383942019e+02
1.040555356818787459e+03
7.747182138077364471e+02
7.709671684915444985e+02
1.194508279708775490e+03
7.796166474511413753e+02
8.631028957638527572e+02
9.192839420718793235e+02
8.421044222164703115e+02
1.078750577222464699e+03
1.057312551282528148e+03
8.950910790549576177e+02
8.551005381387196849e+02
9.197593307459052312e+02
9.757139007674419418e+02
8.874662576040983595e+02
9.584514441512270650e+02
8.041680837367619006e+02
7.772342752239295578e+02
1.054289416441579306e+03
8.567090921604363984e+02
7.740842357632361654e+02
9.296142884804020241e+02
8.327056257497140450e+02
9.906948622716898853e+02
9.036060408839647380e+02
8.956816646550171299e+02
7.336722840447928320e+02
9.191671338741695081e+02
1.206320938278322728e+03
7.883665111212607144e+02
9.535485124461370106e+02
8.555551244498872165e+02
9.484171271138412749e+02
9.328961151188237864e+02
7.007915576821029617e+02
8.440011394247546832e+02
1.127073157499283298e+03
8.718317039344910881e+02
9.802854897954765647e+02
8.224529884260458630e+02
8.446438413900616524e+02
7.902271459383049432e+02
8.558290194149476520e+02
1.094961012838324223e+03
8.123026156555459920e+02
1.036613000663920275e+03
8.443013922932466357e+02
1.084446998290087095e+03
9.917782847183764261e+02
8.724439263647884673e+02
9.438703338612273228e+02
7.299446600919167167e+02
7.172418497356801481e+02
1.010416980169855151e+03
9.243021251523840647e+02
8.856997260090688542e+02
9.135872926972916730e+02
8.663589577770731012e+02
7.205141554660691554e+02
8.574377162581150742e+02
1.002691943611950592e+03
8.842710881195347383e+02
7.306666034819145352e+02
8.236142121298498751e+02
6.847779047779550865e+02
8.490434059407830318e+02
7.560052920936682312e+02
6.460661879035087622e+02
8.368514322287896903e+02
9.188645124700914266e+02
7.690693449325830215e+02
8.663550803648486180e+02
8.296706561831078943e+02
7.165121402190185336e+02
7.379488848974522170e+02
7.591483540753151829e+02
7.509048608906338131e+02
7.833992345337064762e+02
8.195574350722644112e+02
7.970336521881160934e+02
7.725485713826191159e+02
7.936382917500869780e+02
7.738237721103571403e+02
6.524297173391289562e+02
6.638614697749140987e+02
6.659019102972811197e+02
6.358831130761396935e+02
7.654169923632151722e+02
8.552048138834103383e+02
8.026778083736695635e+02
7.287498867775243525e+02
8.511688271854704908e+02
7.423430235920374116e+02
7.134459207867810164e+02
6.710615173373892048e+02
6.501232806576791745e+02
7.813435197145813618e+02
8.117054457968099541e+02
7.062032796752750983e+02
6.715668824209984678e+02
7.331024005347325101e+02
7.907128597009008217e+02
7.210392741105573577e+02
6.088678482007130697e+02
5.835367642530134162e+02
8.375101625081895236e+02
6.507085704245293982e+02
7.828308045052089028e+02
5.992733498116735973e+02
6.380819215705506622e+02
7.599344142693136064e+02
8.550785389048028264e+02
8.306996762142142643e+02
6.887602868489865386e+02
7.051950089687252330e+02
6.680572903087218037e+02
6.930615205333780295e+02
7.748501184857096860e+02
8.971803097008531722e+02
7.296877550450955141e+02
8.334205542510877649e+02
6.956686069808907860e+02
8.048585130858240291e+02
7.413330633512902068e+02
6.958493872233445927e+02
7.650979186396402838e+02
7.012862931087013294e+02
5.893213063074913407e+02
6.736010920770604571e+02
6.198920619199371913e+02
5.973149139213996932e+02
6.911554934439691351e+02
6.157696769398504557e+02
7.778101168335110742e+02
5.470285410631763625e+02
8.372469524342558316e+02
6.439859070103262866e+02
8.629200207562597598e+02
6.682802643530902742e+02
7.201226509905915236e+02
6.673150260398947466e+02
5.792940574298104366e+02
5.332051877500304045e+02
7.324582379954568978e+02
6.010806954083234359e+02
6.449394769195704384e+02
6.774890017502949604e+02
5.265898428639831081e+02
6.862039386641318970e+02
6.276741664700402907e+02
5.731769390228863585e+02
5.277848463964338634e+02
7.425490953033379355e+02
5.675408378170840251e+02
7.280446927038450440e+02
7.426437803409456819e+02
4.828999943862933719e+02
5.861312972283189993e+02
5.608223794010002621e+02
5.281196998085935093e+02
6.204196100196051020e+02
5.356875470726585036e+02
6.037814130340642578e+02
5.985237475695579406e+02
7.207644428846924711e+02
8.107610628113083067e+02
6.050954123101562345e+02
7.522892466175758273e+02
6.271658188028762879e+02
5.805299588779098485e+02
6.985702852673640564e+02
7.271764501617504948e+02
6.356694071469909204e+02
6.277923823342750893e+02
6.185946915252188774e+02
7.159538099643740452e+02
5.835786554060094886e+02
5.906777435709462907e+02
5.870032306190510099e+02
6.585021075026736526e+02
5.981531861291036876e+02
4.831536111203189989e+02
6.602471962340492837e+02
5.411707000543926824e+02
6.597853505802104337e+02
6.660019845690414968e+02
6.150533494141617439e+02
6.450947299190011108e+02
5.073293328521797321e+02
5.486052751503588070e+02
6.033787532216814498e+02
5.836964099618226101e+02
6.009453650991069935e+02
5.321812723507475766e+02
5.144342043837440315e+02
6.901178291131272999e+02
6.526146951571419095e+02
4.415890350514875990e+02
7.282626406564143053e+02
5.180682820790709684e+02
5.877446185174892435e+02
5.476260373628093703e+02
5.687388552405003566e+02
4.983343102480870357e+02
4.606157406852624376e+02
7.075161071702516438e+02
4.956689033398859010e+02
6.501041858613698423e+02
4.634022927697329806e+02
4.884154093180055725e+02
6.625907766874468052e+02
5.150113017654208534e+02
6.204617841439085169e+02
5.456693096008788189e+02
5.207696243555507181e+02
5.176000642819710720e+02
4.926344950495135890e+02
4.271130158135013062e+02
6.545555044376213800e+02
5.508815051991050495e+02
6.105155694553391186e+02
6.190340210200080264e+02
5.657629089616624469e+02
6.750889349215541415e+02
5.694110126903904074e+02
5.556237817294525030e+02
5.863235136724373433e+02
4.875861377686034075e+02
6.888602401479857917e+02
4.470957207551513761e+02
5.378888010441716006e+02
6.124522270997440501e+02
4.727439439507179486e+02
5.627729923205938576e+02
4.819217511191089329e+02
5.326452324215844101e+02
5.043903550104383839e+02
4.219947946617517687e+02
5.343689756835032085e+02
5.097409465166686005e+02
5.177976484603632343e+02
5.152466037725871502e+02
5.074981262765170413e+02
4.791785081328532669e+02
4.693381761256559344e+02
5.326561186369876850e+02
5.296611026963585118e+02
4.603257289382326576e+02
4.601506519368764430e+02
5.271902008829584929e+02
5.421710508022041495e+02
6.374547866269018641e+02
4.434720306824247018e+02
4.965699763045524264e+02
4.210467618111074444e+02
4.764711739651277753e+02
4.264330875249217456e+02
4.333589135182289169e+02
5.391101090115652141e+02
4.815965316489865131e+02
4.249208882993858651e+02
4.891624511036023364e+02
3.888410145498648944e+02
3.789221709007831009e+02
5.593105260310213680e+02
4.727159927851030830e+02
4.574173099542457521e+02
4.646099964003417995e+02
5.057588813964773067e+02
3.957924704458586689e+02
4.137894769622485569e+02
4.699743655695568805e+02
5.036805936306503781e+02
4.829361998061064014e+02
4.721859707982832788e+02
4.630403884836866837e+02
4.299342818334819185e+02
4.694705763917881995e+02
5.306194681027754996e+02
4.405535462137807485e+02
4.490302404278827453e+02
5.002238288958661769e+02
4.386159819206002908e+02
3.840073024326063660e+02
5.035705740810369093e+02
4.602295809025143285e+02
3.954539195464075192e+02
5.128348726165547760e+02
5.029964244846445354e+02
4.756176717561426699e+02
4.782722738445788195e+02
4.657747863301497091e+02
5.041060719106437205e+02
4.872281666980811110e+02
4.609501083412749836e+02
4.190357803875955938e+02
4.161296850744292328e+02
3.864434564487009993e+02
5.183456575912241533e+02
3.360491285886220680e+02
4.421318051695499207e+02
4.036264414114653505e+02
3.721744397014736023e+02
3.513617733033541413e+02
4.016353884819483255e+02
4.137696904242494611e+02
4.109359876678379919e+02
4.585632501183042677e+02
4.206095477238413309e+02
4.330795747154204491e+02
4.512895944563776993e+02
3.805944070339185146e+02
4.149181333974979111e+02
3.770450239966387471e+02
4.709068947713168996e+02
3.523728682889686183e+02
4.776281777059639353e+02
4.647672277327676511e+02
4.583698585379199812e+02
4.886025613825539153e+02
4.811000381666000294e+02
4.128512384468706955e+02
3.178162329885880695e+02
3.977894816944168497e+02
3.859896859255767367e+02
3.908366495681271999e+02
5.221404513875310158e+02
3.588760420080892004e+02
4.514182101906245634e+02
3.858277213813620961e+02
3.249888979342964603e+02
4.030001055802379710e+02
3.826862379726657650e+02
4.152997890960861582e+02
3.961532162952789236e+02
3.774016305807708136e+02
4.313528310915674524e+02
4.836180249794075507e+02
3.473809070534894659e+02
4.231955247694150444e+02
4.015984228267745380e+02
4.089499111365183808e+02
3.756198567150808572e+02
4.142523857614913823e+02
4.324429539359387604e+02
3.879361790145044324e+02
3.328541203136688864e+02
3.212831914445264374e+02
4.248810261536925168e+02
3.871025426606334463e+02
3.520286969784287407e+02
3.343556902997331122e+02
3.902997108200466982e+02
3.854671939021574190e+02
3.521952358179742077e+02
4.642017974119972905e+02
3.767099020459316989e+02
3.637764332565932364e+02
3.538815417981672340e+02
3.507449012424251009e+02
4.005039494892955076e+02
3.884657972199701703e+02
4.129169563107554950e+02
3.789852464163963077e+02
3.884172745678587262e+02
4.205151077908964226e+02
3.678558371295700908e+02
3.120871268247940407e+02
4.655775209613017864e+02
2.965848332020466955e+02
3.163736573088446562e+02
2.960769770841028503e+02
