1.939062764031789629e+04
1.574490040975278680e+04
1.860218416016330593e+04
2.530881510143913692e+04
1.257598056151207129e+04
2.258297362149413311e+04
1.205577124766709676e+04
1.793550472301204718e+04
1.614556279755451578e+04
1.572043644362200575e+04
1.573940418730370766e+04
1.724547815418384926e+04
1.279341945604447574e+04
2.215169241241770578e+04
9.445158771879670894e+03
1.700238816505652358e+04
1.208151987291848127e+04
1.383301832806400125e+04
1.628421827106652745e+04
1.321813410034250956e+04
1.387407918564087595e+04
1.542849971865146472e+04
1.731978696241609214e+04
1.330675774959050432e+04
8.592603450170541691e+03
1.227166123681194586e+04
7.666184948311704829e+03
1.217806209364620372e+04
8.396410516417810868e+03
1.220307504603999587e+04
1.068141719132803337e+04
1.090101918435822154e+04
1.495045560955698784e+04
1.068024143057263427e+04
7.704975340607898033e+03
1.583883994546904614e+04
9.599484820557661806e+03
8.574986531309808925e+03
1.183187881573355662e+04
7.885444371824105474e+03
5.052907126134266036e+03
6.870613613300246470e+03
9.672254507253890552e+03
1.196519450196205253e+04
8.015066555451528984e+03
7.776412409722049233e+03
7.893448459071273646e+03
8.937800731720373733e+03
9.264749164488026508e+03
7.712113728461806204e+03
6.619485843853791266e+03
8.253397062138155889e+03
1.348916434259795096e+04
7.355505142662812432e+03
6.491907512128349481e+03
1.013445235969826717e+04
4.533707507113298561e+03
7.111783428928164540e+03
7.505285917852077546e+03
5.574630098922569232e+03
8.960094819288400686e+03
5.014229642090434027e+03
6.603411784197469387e+03
4.209220420076349001e+03
5.674630639604683893e+03
7.768560637734421107e+03
5.850869141637526809e+03
4.701274354921773011e+03
5.561833042056196973e+03
5.640737267430137763e+03
5.737059666160435881e+03
5.228296780665005826e+03
5.044513382323815677e+03
8.811020637731471652e+03
4.528055946347521058e+03
4.814748058586440493e+03
4.733498399785822585e+03
7.577459348022109225e+03
4.314722964794655127e+03
3.378452949860340595e+03
4.931393069750392897e+03
4.864768206956745416e+03
5.354244631357533763e+03
4.318592425226933301e+03
4.256356919520407246e+03
4.903455941133045599e+03
4.703994621535135593e+03
3.051425503321268934e+03
5.014170701603175075e+03
5.060663577106465709e+03
3.718072891945920674e+03
4.865408128447237686e+03
3.976013676116686838e+03
5.664583225958990624e+03
5.996671836779731166e+03
3.070462362838518857e+03
5.533060909871599506e+03
3.985015235432080772e+03
5.214325703472229179e+03
6.140630064585081527e+03
4.362683110302744353e+03
4.476139031168899237e+03
3.806867370961401775e+03
3.344589654157840869e+03
3.738551880898206036e+03
3.623993575004035847e+03
4.809805809863777540e+03
3.401231657039770198e+03
4.957425890557855382e+03
2.981623833228996318e+03
2.965118114881552174e+03
2.876280358447892922e+03
2.486360329484667091e+03
2.509964648944152032e+03
3.415464358821308451e+03
3.685824247512652619e+03
3.251283671400005915e+03
2.813992307553594856e+03
2.983829011197210548e+03
3.005947661420262648e+03
3.650752860131868147e+03
3.234860258093530774e+03
2.840405711557301856e+03
2.827011581679604660e+03
3.336055001054278819e+03
3.827330823796751247e+03
3.761063878316873343e+03
2.777941988098241836e+03
1.960574244713421876e+03
2.368125151849276335e+03
2.734600707127848182e+03
2.803938755024379134e+03
1.911767363046491937e+03
2.268873204167250151e+03
2.381817676536101771e+03
2.656899484936020144e+03
3.081740474114382323e+03
2.156275769314482659e+03
2.274709793810322026e+03
2.507960752813118688e+03
2.722711718683968229e+03
1.978625307272291820e+03
1.915737280750265199e+03
2.334404774287785131e+03
2.469458202818170321e+03
2.126770589045594534e+03
1.658971569035336870e+03
2.057055352950475935e+03
1.643022797889857202e+03
2.217136712996291863e+03
2.047690446906762872e+03
1.682434977033383348e+03
2.137185408255086259e+03
1.996814335287107724e+03
1.900475236687509096e+03
3.014941772557941022e+03
2.281618054525126809e+03
2.113052974989024278e+03
1.714344571468754793e+03
1.917020582386223396e+03
1.307436545151847440e+03
1.128316766459757673e+03
2.097063304108323791e+03
1.735777776871722381e+03
1.574582129598635220e+03
1.828791995769162440e+03
1.745580688637340927e+03
1.528449014420695221e+03
1.817889115780855718e+03
1.308798707298631371e+03
1.355676666163199116e+03
1.679580883042930964e+03
1.631857221798110231e+03
1.450984245912705546e+03
1.285603862776529240e+03
1.164488822384946388e+03
2.112469544014863914e+03
1.186375228632895869e+03
1.646014722021043326e+03
1.803275561739092609e+03
1.393514567904715022e+03
1.288184367990948886e+03
1.758939765266625045e+03
1.232056039854887558e+03
1.399616764821991865e+03
1.394936570243902224e+03
1.704452263294103204e+03
1.245788432168316604e+03
9.248254741701940702e+02
1.008660994730218931e+03
1.007039653707144680e+03
1.383794607209423702e+03
1.366571605451127425e+03
1.167688832084583510e+03
1.059719410413853893e+03
1.354421523002739605e+03
8.409715554344751354e+02
1.152180602062824619e+03
1.260728058876246678e+03
1.364659532988464889e+03
1.130370394135374454e+03
1.042498908576082158e+03
1.054322376563971375e+03
1.321598998942241224e+03
1.035297236355866062e+03
1.333738081826850703e+03
1.089014423373005457e+03
1.110711399236027546e+03
8.181733028210246630e+02
1.048192454271560791e+03
1.146292097328150021e+03
1.044002480369169461e+03
1.135862498322009969e+03
9.594894514651761028e+02
9.707408509387070126e+02
9.472395541321579913e+02
9.406984366035807170e+02
8.647610754866529987e+02
8.414906431778179012e+02
1.145940027257708607e+03
9.621496186878621302e+02
6.727931447170891488e+02
7.416056626792749285e+02
7.917406357942941213e+02
7.081221603045606798e+02
7.002136328715632771e+02
7.227969931214418011e+02
6.908999694901373232e+02
8.081768760649127898e+02
9.652791162937027138e+02
9.210726681646077623e+02
8.102464719083251339e+02
1.016618371343125204e+03
7.209717077247439647e+02
6.210243413090599915e+02
8.969730447091935730e+02
6.798096415906700258e+02
8.312885018901181411e+02
6.542871805543086339e+02
5.091644692956436984e+02
8.460679386313862551e+02
7.011278775840079334e+02
6.466333444461321278e+02
7.861741750571630973e+02
8.060812341098276192e+02
5.731061255857654260e+02
6.848280806306796649e+02
7.199054652528241149e+02
5.632241368595512085e+02
5.818955169678995389e+02
5.418448740372331258e+02
8.380333859479691228e+02
5.997798316821688331e+02
7.583850255503335802e+02
6.380679730028576842e+02
6.868775103303706828e+02
5.156975283217471997e+02
5.757523548139886316e+02
7.073098919673348064e+02
6.307965917324085012e+02
6.922229285097548654e+02
6.401770154756741249e+02
5.659198950751763277e+02
5.082345794556573537e+02
5.800223405325325530e+02
6.206298496858194085e+02
5.407765149185606788e+02
4.466615709971919159e+02
3.987373802744634759e+02
5.620088800633751589e+02
6.121716154324236641e+02
4.076268687275488674e+02
5.570701909428141789e+02
4.923219054455778974e+02
5.704018338609286047e+02
5.237164269321186794e+02
4.420238539699935245e+02
5.333998501253018958e+02
4.656467315821190027e+02
4.169667306758643690e+02
6.742171685044913829e+02
4.983322334608436108e+02
3.753671748779644872e+02
4.500453326988140361e+02
4.772828521740606789e+02
4.041190227586619130e+02
3.969578954200434282e+02
4.104865802621807802e+02
5.377104200341653950e+02
5.130747392919018921e+02
4.404878772981227257e+02
4.227475915857129394e+02
6.582231389173078924e+02
4.473290889622600162e+02
3.472663924225084884e+02
4.280003040935964123e+02
3.770536549013686454e+02
5.497060590527046315e+02
4.795964711972249006e+02
3.516204092814155615e+02
3.663827106008409942e+02
3.760642736170356670e+02
6.337778379649500948e+02
3.171595595970156864e+02
3.739644979119498203e+02
3.552271884914758289e+02
3.341094796204541808e+02
5.748007452553184748e+02
2.948036008681765452e+02
4.353772126447170194e+02
3.296460529320156638e+02
3.438011134479934867e+02
3.026765638233324012e+02
3.845002043893329073e+02
4.879744201946060684e+02
4.241194910043305413e+02
3.503080900164911782e+02
3.743669919720961730e+02
3.494129200217180937e+02
2.808535992886962731e+02
3.287750766025066014e+02
3.124351761611097800e+02
3.564791380104761629e+02
3.284245875076466632e+02
3.598071369921420342e+02
3.423283750974274540e+02
4.086967990231999579e+02
3.150499174743368940e+02
2.943959433637958227e+02
2.890101191987113225e+02
3.581336526240385183e+02
2.495192117999310994e+02
3.644924354187387507e+02
3.171050771511684161e+02
2.933537871740253422e+02
2.776027802076738453e+02
3.491028830883261662e+02
3.062565549439151482e+02
2.858854945071042266e+02
3.638430576414058919e+02
3.076301170133526171e+02
3.018233181870918429e+02
2.711668050959406173e+02
2.769020394031643946e+02
3.068936073363140622e+02
2.542738259634391227e+02
2.923667089433774890e+02
2.991944820521673591e+02
2.291738553475053948e+02
3.207692712107114517e+02
2.285513358973232698e+02
2.608419179387560121e+02
2.480062586094448420e+02
2.290080680580751959e+02
2.636207055167458861e+02
2.590613747434935021e+02
2.407990742080462212e+02
2.862460579422289584e+02
2.430621833505299776e+02
1.842238823803543539e+02
2.710402654627011998e+02
2.355186803617197313e+02
2.650299591649335866e+02
2.812196849440115329e+02
2.353559635889262722e+02
2.472446661132823351e+02
1.706712593884404043e+02
2.542020881276260695e+02
2.342366351270718496e+02
2.148023138915131085e+02
2.468559740030767671e+02
2.053257386673978999e+02
2.387010278754553667e+02
1.866225776270074448e+02
2.107351577857177745e+02
2.178913595576059379e+02
1.913997329732069943e+02
1.991684861377148934e+02
2.254009683308493948e+02
1.665138216478503352e+02
1.683476875227708831e+02
1.878780025887989780e+02
2.252242352018132863e+02
2.312773259201455005e+02
2.290803679626658322e+02
1.596492736518240747e+02
1.883245446250367934e+02
2.025528801691249328e+02
2.002708163239542785e+02
1.938993840953716870e+02
2.004639917445430228e+02
1.953602738384143152e+02
1.742177377370518911e+02
1.550214907929516244e+02
1.721599844254455149e+02
1.889766529677425524e+02
1.679026839001314215e+02
1.896701819961774618e+02
2.515833130400208120e+02
2.164442679922672710e+02
1.793172888485893566e+02
1.753110842325052374e+02
1.703875338432792148e+02
2.006750849052336321e+02
1.645216876639111376e+02
1.331729191233186498e+02
1.369300655946397285e+02
2.071645014187801337e+02
1.541796535519181930e+02
1.749695255470731468e+02
1.711104801655089602e+02
1.514980432961053225e+02
1.415745349790098828e+02
2.068234305587805295e+02
1.310383488030659294e+02
1.509689924007910804e+02
1.264771765742473377e+02
1.596686956070566907e+02
1.477288147667906344e+02
1.478799837775054584e+02
1.555317628559899674e+02
1.406721680371964851e+02
1.280142189217517625e+02
1.913114497260525013e+02
1.818068701963810838e+02
1.348134329791234904e+02
1.296167198294845946e+02
1.303139713250582190e+02
1.352688937353936751e+02
1.158506128678023117e+02
1.382953296008544726e+02
1.556560776248065849e+02
1.562197576654663465e+02
1.617801282062667951e+02
1.199761663623804253e+02
1.470531447540679437e+02
1.473052060376199677e+02
1.377293498079605740e+02
1.239852739083790141e+02
1.309770619232691047e+02
1.167868675742254680e+02
1.139952997987465579e+02
1.478191596520219377e+02
1.275436744283395285e+02
1.166996227733688301e+02
1.466991967130869625e+02
1.168875771204976814e+02
1.179048903450424746e+02
1.216873732594674493e+02
1.067334943870563393e+02
1.176639859814035987e+02
1.416874579567682133e+02
1.220187136865304751e+02
1.119433118680418886e+02
1.146635852062647132e+02
1.213681807529070795e+02
1.085040884224245019e+02
1.296233446477274072e+02
1.339702394194088981e+02
1.088696785667942493e+02
1.273660596641688727e+02
1.063598568766950621e+02
9.432584900767201930e+01
1.402278289802220286e+02
1.031160462241261371e+02
1.069430440808155964e+02
1.043206495854587672e+02
1.283457860698985655e+02
9.266403772576028075e+01
9.979957675447170118e+01
1.158600141687431346e+02
1.003986224669235554e+02
1.108255012532249566e+02
7.832828543632305696e+01
1.078326348321064927e+02
9.466654190579865258e+01
1.032819051021738375e+02
9.652946779419040979e+01
9.861639420280668844e+01
1.181249629269019863e+02
1.016105107826609810e+02
9.330149991428683620e+01
1.333500300244362506e+02
8.174179774836369461e+01
1.019413719620357597e+02
9.675143693661398459e+01
1.054958452880725730e+02
1.131660103834537523e+02
9.819461498426205992e+01
1.159316707096730568e+02
8.936658277700965414e+01
9.714599391384328442e+01
8.861822135247928145e+01
8.647924963232294715e+01
9.280632067920879535e+01
8.642173390147509338e+01
8.719403791535691539e+01
7.853210837651816689e+01
9.482165307727665038e+01
9.949392184812583650e+01
9.342111505656369275e+01
8.403809502625696837e+01
8.264472443408661206e+01
7.609175864712327098e+01
9.017356631263290012e+01
7.700595151112482029e+01
8.742290621571616782e+01
7.978692063490403541e+01
8.542599953443460947e+01
7.908401906626859557e+01
7.231979566112207181e+01
7.617407928673819129e+01
8.170516865185268784e+01
7.337465738117275293e+01
8.619657244820409403e+01
8.097005057162377284e+01
6.778765676399557094e+01
7.051494373905688917e+01
7.456568772896825692e+01
8.725170970277606841e+01
8.234528414662686657e+01
8.725014761452210621e+01
6.807262716141863734e+01
7.138617309058724913e+01
8.175927249972214383e+01
7.435679847696641787e+01
8.923454602341149666e+01
8.221760317929516759e+01
8.008227272343224001e+01
9.654062785468570951e+01
8.142175282861543906e+01
6.747622376335853289e+01
9.943510686052653114e+01
7.776412544187515152e+01
7.009535002673993631e+01
6.578602337755894780e+01
6.786113841098138266e+01
8.171113838735858792e+01
6.625205621302801262e+01
6.285637507540198499e+01
6.931424987379664060e+01
7.364160388138637359e+01
6.451553222772980689e+01
6.183161914928834335e+01
5.640207497550318294e+01
4.949095103782154581e+01
6.011956859921183849e+01
6.360580332678632942e+01
6.693523253780378468e+01
7.770183146205094715e+01
7.223248722936915556e+01
5.720235953767713966e+01
5.004777570502843531e+01
5.983838908260999290e+01
7.549302415388291365e+01
6.506901514212356119e+01
5.374340198044217232e+01
5.763274367776156737e+01
4.864308855695516343e+01
5.212757236004308936e+01
7.409383719064494755e+01
5.295410089914721397e+01
6.585437984733303551e+01
5.943422279911958128e+01
5.557380554558546493e+01
5.458737388345015518e+01
5.826888979744553154e+01
6.378687880760747220e+01
6.370811010576658617e+01
5.854942193692841101e+01
5.999739300532701236e+01
5.664168253017739119e+01
6.144945977367873269e+01
6.121867419710210356e+01
6.698171631013462957e+01
4.956819428444296705e+01
6.066908678199666838e+01
6.289133667307380904e+01
4.842232652972092666e+01
6.427072966136955756e+01
6.110903302357384348e+01
4.933870253813513784e+01
5.583499220849433442e+01
5.673737874266314662e+01
5.872478133913418930e+01
5.954333751877344127e+01
5.324678832971481057e+01
5.358177076125499383e+01
5.472724092616383018e+01
4.489857932124064632e+01
4.575831126550657046e+01
5.630364824695357129e+01
4.586404802837235906e+01
4.523363300137776122e+01
5.433143326329787470e+01
5.168908531861669076e+01
5.199521313777736964e+01
4.649418509882092110e+01
5.506902377441954854e+01
5.589445153641273123e+01
4.493382159893680239e+01
5.352925417699756849e+01
4.278281235503998658e+01
4.699661196663972618e+01
4.808906940437140065e+01
6.067813750013773699e+01
4.395895466965951215e+01
5.077130095027715839e+01
5.418099331490807202e+01
5.275802086664483426e+01
4.892503904115199020e+01
5.302057872616098422e+01
4.519385367574838597e+01
5.154230522272179371e+01
4.406861325629962778e+01
4.979350606204745588e+01
4.143918825702885300e+01
4.009445949913647667e+01
4.309795822544449351e+01
4.515917275120249741e+01
5.233667225497089959e+01
3.500242386027300512e+01
4.524613829302856516e+01
5.590504134589522778e+01
5.470345654265089763e+01
3.888716431979801769e+01
3.847389399729831183e+01
4.093825905177749291e+01
4.398235395991131469e+01
4.022591119123141112e+01
4.726506165898760514e+01
4.455948078000145074e+01
4.195625082906214232e+01
4.323299117513313661e+01
3.560244561095986882e+01
4.529739581566160922e+01
4.085565877014502689e+01
3.880861024275203874e+01
4.863499486642340486e+01
4.474827716685919654e+01
4.482486553817798836e+01
4.161429690393541847e+01
3.469031915836413305e+01
4.726547604063463837e+01
3.734580785020081350e+01
3.824732779351418088e+01
3.566340412925372760e+01
3.359246690335072572e+01
4.489532774244942459e+01
4.338220905637658120e+01
3.826408882995633576e+01
4.083487725788002365e+01
3.916749289322493865e+01
3.564764600414228113e+01
3.617901605428420453e+01
3.596027835338514222e+01
3.675116253511216513e+01
3.813368366640880680e+01
3.419068464856130163e+01
3.499885095649687372e+01
3.684283782687073483e+01
3.629649456239128114e+01
4.027457084477696014e+01
3.623339814066206799e+01
3.684608417208134767e+01
3.486214244248588301e+01
3.573402148276057488e+01
3.715576153972597240e+01
3.334800360386832097e+01
3.791935924969098437e+01
3.296434451988757530e+01
3.104491622584990296e+01
3.117921552337074331e+01
3.324650028092410281e+01
3.636203992086160497e+01
3.101770315238734455e+01
4.489557264003273218e+01
3.566222843031945189e+01
3.623351425814280447e+01
3.481981818359073344e+01
3.265290761722304325e+01
2.954229943835322558e+01
3.458209496971900876e+01
2.867626433547615861e+01
3.273291046685321248e+01
3.506392985519267569e+01
3.545984539651030332e+01
3.104248196541879423e+01
3.030977902866068163e+01
3.095169243062659703e+01
3.575304542326130530e+01
3.151158493605954547e+01
2.838155421664333034e+01
2.810420777246957513e+01
3.040748531053343839e+01
3.318366028299164583e+01
2.811283617856645023e+01
2.706986810002825905e+01
3.248620031823018905e+01
2.923043903132353094e+01
3.095717213808849877e+01
2.873093606446567350e+01
2.911946674985304284e+01
2.906674257250535831e+01
2.994475380765726769e+01
2.828074892331721912e+01
2.996907412761875023e+01
2.890468349161101003e+01
2.923936939322606321e+01
2.263147507735299513e+01
2.819210422623530121e+01
2.988339768122047602e+01
3.111003216474115973e+01
3.049990753994046599e+01
2.543210037208179131e+01
2.444138188757805352e+01
3.384969993577118430e+01
2.774586548104710459e+01
2.850951599818253612e+01
2.627732612493174713e+01
2.646568353368506621e+01
3.237278147209335089e+01
2.610612987213458780e+01
2.868294894028207764e+01
2.528393409449382645e+01
2.582859483285955093e+01
2.776019484146202743e+01
2.323981166243325447e+01
2.577105712108697944e+01
2.724641184963634899e+01
2.770272605432569435e+01
2.510234604188502061e+01
2.432967898967227782e+01
3.004575876865110118e+01
2.832248998008292062e+01
2.504870855668286822e+01
2.135596370684504919e+01
2.384552831647429016e+01
2.668845279679169025e+01
2.325554265487940953e+01
2.478454558207731040e+01
3.204644746439740999e+01
2.817559196169081304e+01
2.719776409075089063e+01
2.247887858406236461e+01
2.100004632692066409e+01
2.275807179277627057e+01
2.401992166244660609e+01
2.424742488631915549e+01
2.379947313055122748e+01
2.634282973809517614e+01
2.904267121790976347e+01
2.224801938868002438e+01
2.432712822779399175e+01
1.960209645753085539e+01
2.602848989453188722e+01
2.712625221008632082e+01
2.286900206706586758e+01
2.259948572161868796e+01
2.624382681505061043e+01
2.515374522907491794e+01
2.191997897587609145e+01
2.471395955329248295e+01
2.267279224005811500e+01
2.443742445343067615e+01
2.458934022699703092e+01
2.296596974907680888e+01
2.343016490734187940e+01
2.147095781406333259e+01
2.301328698797216532e+01
2.500742208573885250e+01
2.005996757784936690e+01
2.407745646442699439e+01
2.737978453276175372e+01
2.505773016332098635e+01
2.276006439042528839e+01
2.275991627764777903e+01
2.422585835163989643e+01
2.899201883751297260e+01
2.176265865485755313e+01
2.389138544614345605e+01
2.006831106280637300e+01
1.953572996372475856e+01
2.190056937878101806e+01
2.215684802912730333e+01
2.461151785874863762e+01
1.949884232061415545e+01
2.065679147262024529e+01
2.062830684062571152e+01
2.134879996305097549e+01
2.081235425416739560e+01
2.024785354773185730e+01
2.145601318179900474e+01
2.449376233428806415e+01
2.148072989940538235e+01
2.124735271730925490e+01
1.967912073750176205e+01
2.318227391578430385e+01
2.220529250405096988e+01
2.440082272867607571e+01
2.414781206547193548e+01
2.079034506495737133e+01
1.945487293764191961e+01
1.850799761027686685e+01
2.335087969939576169e+01
2.200379794659045629e+01
1.793610180287667788e+01
1.917697572491479008e+01
1.871295515719845071e+01
2.005810434706631540e+01
1.933566214646269188e+01
1.949590765709311668e+01
2.117603063447592504e+01
1.934661940334839514e+01
1.871933618501383023e+01
1.962413703913473029e+01
1.826546060378194269e+01
2.093443264693798866e+01
1.971831594854377556e+01
2.291653289085965994e+01
1.830376655458341162e+01
1.986991073637105387e+01
1.783057413140327085e+01
1.962610584698703775e+01
1.888515314473699647e+01
1.787389231371623666e+01
1.724398901809291829e+01
1.804412035007428372e+01
2.338684164973077628e+01
1.719742365810378004e+01
1.696315882953735255e+01
1.833776972543786599e+01
1.816149237102059288e+01
1.845829365678009992e+01
1.750623693512357804e+01
1.827208897534773158e+01
1.939871692302467210e+01
1.777174032998423314e+01
1.672152266702519796e+01
1.716631116442529859e+01
1.790667285604399339e+01
1.636591167198688979e+01
1.657104463254382409e+01
1.747103448153159277e+01
1.917699250179573411e+01
1.647659532418626682e+01
1.911407806923427444e+01
1.656210256830685879e+01
1.778450464942421405e+01
1.544578383751238526e+01
1.805342616080030282e+01
1.931739525857360107e+01
1.740336542598270952e+01
1.665957045816132620e+01
1.851280434529488517e+01
1.841055874266890768e+01
1.478984784841964029e+01
1.635506718098003276e+01
1.577261399652256202e+01
1.483612795426893172e+01
1.663082636879686049e+01
1.641282809676662069e+01
1.672475647812010990e+01
1.904550719075524157e+01
1.471029397178335429e+01
1.514795935870549393e+01
1.573097934913170803e+01
1.579067404631181049e+01
1.467241178232447929e+01
1.593263560474843388e+01
1.708627094377359867e+01
1.653909081499832823e+01
1.382729721095102349e+01
1.425398548167781776e+01
1.692447398409078119e+01
1.721670088998904902e+01
1.672904229670086096e+01
1.701015185386027895e+01
1.809834932210258174e+01
1.643245262635277726e+01
1.528729726666235855e+01
1.429019233080195406e+01
1.470802515102329799e+01
1.652620835603248040e+01
1.495154994179741514e+01
1.683221153878789877e+01
1.613319839664440281e+01
1.607222705402275409e+01
1.531492605969424226e+01
1.815425256194743042e+01
1.411048221089764354e+01
1.484028312584340270e+01
1.565719692715671307e+01
1.452340348380583102e+01
1.594841625759631043e+01
1.546622720863696188e+01
1.531426118997094754e+01
1.579893537760762712e+01
1.476539267142510425e+01
1.446335845810258824e+01
1.525925131310822991e+01
1.609523445377069706e+01
1.332791311048427652e+01
1.397955806961396519e+01
1.453240233043348439e+01
1.434539915639541796e+01
1.413645011263807660e+01
1.453263822430683661e+01
1.354410830928696541e+01
1.384948232465154305e+01
1.317063520658034825e+01
1.353540647361814031e+01
1.396111499332082673e+01
1.317759053214086507e+01
1.433673269088241575e+01
1.345293113006380814e+01
1.402235637082059050e+01
1.744953973188865248e+01
1.313983420609531727e+01
1.308321932540639132e+01
1.415233606967652769e+01
1.354919785757253159e+01
1.392896610716685935e+01
1.284130396480774827e+01
1.399625071728442016e+01
1.379936820324372881e+01
1.238324688187683620e+01
1.465610299427909702e+01
1.418437947634922658e+01
1.212018999078214243e+01
1.271795043021685068e+01
1.299234583721286107e+01
1.476737272565879167e+01
1.267080158176847604e+01
1.235268322714662759e+01
1.334386676695798180e+01
1.308100529588014282e+01
1.366030729778004726e+01
1.254252607865232605e+01
1.289664107485812217e+01
1.191740107846174723e+01
1.278807259179262878e+01
1.391158489473625970e+01
1.277196108840134947e+01
1.092270405909288300e+01
1.250088755395692175e+01
1.275566823566257213e+01
1.237642914510830927e+01
1.156778019167292193e+01
1.155177456251100665e+01
1.231388162177916534e+01
1.129638068832123210e+01
1.146935273246865350e+01
1.220005095651467641e+01
1.358598677063803706e+01
1.086660205782328958e+01
1.164213300416854757e+01
1.170027558776573962e+01
1.160163804616226280e+01
1.253754046226812235e+01
1.227319501017784376e+01
1.227747954723026425e+01
1.243917067593899262e+01
1.183736658500221495e+01
1.186935926812508235e+01
1.270308750182900859e+01
1.253624015551742765e+01
1.157791189249785013e+01
1.264653805758707428e+01
1.285513166281076636e+01
1.141612663795156202e+01
1.212117202830275708e+01
1.090635822274948730e+01
1.201197047999105472e+01
1.241144307292320725e+01
1.164965850850952833e+01
1.292066589759441086e+01
1.089580649110049926e+01
1.115071451741489028e+01
1.161730833859936673e+01
1.093197511656024901e+01
1.031735069249993941e+01
1.227163267715797268e+01
1.178814820897105875e+01
1.119382585847259470e+01
1.084951459473020030e+01
1.193095574014527571e+01
1.091346575998184143e+01
1.132586577436506481e+01
1.056621764902344296e+01
1.128299702254576431e+01
1.073430269279877969e+01
1.128756539831597649e+01
1.199906600650200517e+01
1.162456632884564023e+01
1.101498015028567501e+01
1.162881281318825266e+01
9.954619875917883220e+00
1.172206994283703274e+01
1.146592246348826905e+01
1.065467654974166045e+01
