2.762445915055868409e-15
2.680221885767051712e-15
2.755131785556327526e-15
2.794755775070646882e-15
2.867240407773696820e-15
2.840676395756617893e-15
2.902382110689383232e-15
2.808201152558888018e-15
2.835754922574833595e-15
2.810884764694026455e-15
2.777461268111845391e-15
2.864952995299636582e-15
2.812270087079260864e-15
2.774295905987956071e-15
2.883994295953913253e-15
2.803465179592552411e-15
2.808301525963137653e-15
2.964966410546688094e-15
2.878668576298051840e-15
2.789326082120510003e-15
2.870818274942898984e-15
2.760971654211172299e-15
2.751093344222055835e-15
2.841098853439060976e-15
2.840894930257009503e-15
2.776494168244317794e-15
2.751174659384992248e-15
2.765093316532511725e-15
2.853114651070573667e-15
2.794888335726892180e-15
2.834801163476225253e-15
2.767738176910313277e-15
2.871255343943682203e-15
2.771343149133827580e-15
2.727367951369462883e-15
2.787544348315960582e-15
2.757923182634004072e-15
2.967129944452212391e-15
2.856611203076839418e-15
2.829567135136904117e-15
2.833210435601281676e-15
2.831348021908506284e-15
2.792513255342791122e-15
2.834597875568884220e-15
2.749978648863469176e-15
2.726746652702651853e-15
2.836032749381533005e-15
2.823317302535588262e-15
2.772017175601605189e-15
2.763582633271083680e-15
