5.934243276715278625e-02
4.353835433721542358e-02
3.953619301319122314e-02
6.201655417680740356e-02
5.903211236000061035e-02
5.749769881367683411e-02
6.775090098381042480e-02
4.920560494065284729e-02
6.499867141246795654e-02
1.032689958810806274e-01
9.735943377017974854e-02
1.657381504774093628e-01
9.013778716325759888e-02
4.555275291204452515e-02
4.325612634420394897e-02
7.844156026840209961e-02
1.535123288631439209e-01
8.441584557294845581e-02
8.290600776672363281e-02
7.021625339984893799e-02
5.314495414495468140e-02
3.532578796148300171e-02
1.053751856088638306e-01
4.501889646053314209e-02
1.366073787212371826e-01
8.539162576198577881e-02
8.894904702901840210e-02
5.925863981246948242e-02
8.470875769853591919e-02
7.089816778898239136e-02
8.648250252008438110e-02
1.481487303972244263e-01
1.186642497777938843e-01
8.192606270313262939e-02
8.439581096172332764e-02
6.915764510631561279e-02
1.115575060248374939e-01
1.055069416761398315e-01
7.417704164981842041e-02
7.958672940731048584e-02
9.439990669488906860e-02
8.488725125789642334e-02
9.515693038702011108e-02
9.109811484813690186e-02
7.685717940330505371e-02
9.665003418922424316e-02
7.841323316097259521e-02
7.743878662586212158e-02
6.873649358749389648e-02
1.265192776918411255e-01
