2.355342758164624684e-06
2.394641569480882026e-06
2.433872168694506399e-06
2.473511813150253147e-06
2.513850176910636947e-06
2.554847469582455233e-06
2.596511876618023962e-06
2.638934802234871313e-06
2.682152398847392760e-06
2.725429794736555777e-06
2.769724460449651815e-06
2.815991820170893334e-06
2.864487214537803084e-06
2.916035555244889110e-06
2.965870180560159497e-06
3.016371465491829440e-06
3.068169462494552135e-06
3.121548843409982510e-06
3.175447545800125226e-06
3.230459242331562564e-06
3.286260380264138803e-06
3.343162461533211172e-06
3.401264621061272919e-06
3.460756033746292815e-06
3.521210146573139355e-06
3.582715407901559956e-06
3.645362767201731913e-06
3.709222028192016296e-06
3.774316382987308316e-06
3.840749741357285529e-06
3.909343377017648891e-06
3.979560460720676929e-06
4.052332769788336009e-06
4.127962256461614743e-06
4.205171535431873053e-06
4.284022452338831499e-06
4.363538209872785956e-06
4.444470505404751748e-06
4.526933935267152265e-06
4.610873929777881131e-06
4.696612450061365962e-06
4.786640147358411923e-06
4.876218099525431171e-06
4.967403583577834070e-06
5.059487648395588621e-06
5.153941856406163424e-06
5.250303729553706944e-06
5.347946171241346747e-06
5.440681889012921602e-06
5.543367933569243178e-06
