5.364068556807106665e-07
5.211049914326884379e-07
4.989617016870001459e-07
4.697338928940746637e-07
4.485377021567403701e-07
4.308385108944703989e-07
4.149812596734077518e-07
4.022526849845152759e-07
4.034844576318420881e-07
3.990019869856001959e-07
3.939538143824680613e-07
3.920500589985079207e-07
3.856238788499493546e-07
3.739137621549325228e-07
3.524307083727048339e-07
3.276341687482659490e-07
3.089696648694218201e-07
3.054168256937566857e-07
2.992610326828391366e-07
2.903278301840418327e-07
2.809308664828860516e-07
2.744263977415863013e-07
2.591668579154890826e-07
2.382046398604566148e-07
2.215806052551602585e-07
2.068805619378358392e-07
1.941461009749979888e-07
1.840119674965935327e-07
1.738915457836006584e-07
1.655282544551570650e-07
1.579891744465928228e-07
1.515892172028976250e-07
1.443807811577046711e-07
1.379220644388514258e-07
1.320023839165025457e-07
1.270603196347856746e-07
1.216352975010581137e-07
1.166481564299683866e-07
1.125415398743029991e-07
1.090776303366980982e-07
1.059540254344019935e-07
1.033085301345061631e-07
1.010744994543501728e-07
9.906380234380133205e-08
9.717595971178439699e-08
9.534788448479768340e-08
9.362558795199465431e-08
9.202207114258990473e-08
9.053820266557831140e-08
8.922041915676361562e-08
