1.927497798560147507e-12
1.449297247989879543e-12
1.084627466529390981e-12
8.082714554509831916e-13
6.002758168447392567e-13
4.450179446570048851e-13
3.302089618084953553e-13
2.461930855240588814e-13
1.855311377616480152e-13
1.421608247413390409e-13
1.114662883598852268e-13
8.966563624027051106e-14
7.393693660724978414e-14
6.219307355380502486e-14
5.311193380756492296e-14
4.567461739771225715e-14
3.942039375570096297e-14
3.406191264828269719e-14
2.938539231800359302e-14
2.523788511093527237e-14
2.163555694764211983e-14
1.846528178872686195e-14
1.573715610559251444e-14
1.333867220183614541e-14
1.124979533857488171e-14
9.505735431827700544e-15
7.970455056677934608e-15
6.711687353439195794e-15
5.642532336035421923e-15
4.782155605167554442e-15
4.015181386010371908e-15
3.395825485546487164e-15
2.911272498798439428e-15
2.492653028476552838e-15
2.140929369158144185e-15
1.844214326441281271e-15
1.585345541865885628e-15
1.387490846797703795e-15
1.226738973171166091e-15
1.110647211011147040e-15
1.012536503750352936e-15
9.426209431776166763e-16
8.660359389759156711e-16
8.346009262337257247e-16
7.913515514660814731e-16
7.564017368800429979e-16
7.340075427248829629e-16
7.089298777349481066e-16
7.132721314275819207e-16
7.338035888725858853e-16
