7.863248718820159411e-09
7.521676614885564049e-09
7.213928565619198707e-09
6.918271289180211170e-09
6.633942284395288880e-09
6.349718084663891204e-09
6.076053438164308318e-09
5.809186021110690490e-09
5.571645811386360947e-09
5.337370989622058914e-09
5.053192086990065945e-09
4.749757920308184111e-09
4.467044067979486499e-09
4.195963132502811277e-09
3.934624182022616878e-09
3.689779815019278431e-09
3.476857912687592034e-09
3.260957726070046192e-09
3.057865516353786006e-09
2.865191861545213214e-09
2.683601563191473360e-09
2.512963170886450825e-09
2.354047623498445319e-09
2.204963100993495573e-09
2.065218662750112344e-09
1.933867732617500224e-09
1.810532723744984196e-09
1.696637830228553412e-09
1.588702724930612931e-09
1.487257206278513877e-09
1.392378878861677549e-09
1.297783658316120636e-09
1.209799149748391756e-09
1.127811843915083045e-09
1.051199349788589643e-09
9.797840316849715236e-10
9.131380096505381516e-10
8.510008808748636966e-10
7.930575085524083079e-10
7.388139544595162533e-10
6.882222569615237262e-10
6.410479924667811247e-10
5.970653971232309232e-10
5.560591431752470726e-10
5.178292239449433509e-10
4.821872900961921005e-10
4.489591753920052497e-10
4.179817048033385163e-10
3.891032496206037194e-10
3.621830613198540050e-10
