3.397412002449088388e-07
3.097093977050277363e-07
2.806643369898820154e-07
2.513486320278820464e-07
2.290719936524003692e-07
2.087645646253495591e-07
1.886849887605392710e-07
1.724617709648178405e-07
1.594796773400374747e-07
1.497731891262400149e-07
1.423886248945737083e-07
1.351552064400403670e-07
1.290277380823839182e-07
1.240244966278960727e-07
1.188402476572676232e-07
1.136417299928153932e-07
1.087836587594265596e-07
1.051898442698901551e-07
1.021891640652915913e-07
9.978536240620005573e-08
9.774246715801794293e-08
9.603638570872884593e-08
9.448219312624409059e-08
9.319991604806046459e-08
9.217510340751574954e-08
9.126385811759759778e-08
9.060157142979869051e-08
9.002440190245983005e-08
8.954145170134579733e-08
8.920047638349264242e-08
8.880363053340741816e-08
8.840085100878311037e-08
8.802367798939033450e-08
8.767267798978174217e-08
8.739995828796879039e-08
8.714195595962987993e-08
8.698799282529909617e-08
8.697723571047263190e-08
8.693904782848894121e-08
8.686145580612511602e-08
8.676350205587339213e-08
8.644128489534706877e-08
8.610655988871744343e-08
8.578302883369518621e-08
8.547771635704843007e-08
8.518372037944104182e-08
8.494562739717977943e-08
8.475333480611400175e-08
8.462963517727705770e-08
8.478681374147687936e-08
