2.566981204015677046e-15
2.375983532981068048e-15
2.415993346002861739e-15
2.458959304010572937e-15
2.441568447054021269e-15
2.543051252706322179e-15
2.419583495149799091e-15
2.529234874787183660e-15
2.572319417407510460e-15
2.539925489372716998e-15
2.480101034615803460e-15
2.536890358564468026e-15
2.565714042726584612e-15
2.468307794891181836e-15
2.599639406330013849e-15
2.587297289255571439e-15
2.503544577255197544e-15
2.595213447422373317e-15
2.556163746246292376e-15
2.544120843560467547e-15
2.662905567709858423e-15
2.554519867053908593e-15
2.469195485419904343e-15
2.645350386361539421e-15
2.515186621598734275e-15
2.471420429214104576e-15
2.486352984799487451e-15
2.508446568679194993e-15
2.491175990401153437e-15
2.399437028257592371e-15
2.424246835040907641e-15
2.491998035876463735e-15
2.572609949708418685e-15
2.582279889592510591e-15
2.586951699813091685e-15
2.525665477947454038e-15
2.466046852196723295e-15
2.426111578074287983e-15
2.612077026369259182e-15
2.491325915232817448e-15
2.580768994572845733e-15
2.612087402522863047e-15
2.650460536132324615e-15
2.478453555533393846e-15
2.464159239273767087e-15
2.381186009343103961e-15
2.449169297206207734e-15
2.556168828443975902e-15
2.480430530432285383e-15
2.516371832450179855e-15
