3.105982784946188964e-15
2.784477242013952761e-15
2.850516589263107914e-15
2.957618399729257039e-15
3.118365771360336394e-15
3.185205141228173234e-15
2.995633238402030038e-15
3.059646271083116091e-15
3.139184358896189402e-15
3.047886065643437385e-15
2.992683022646743310e-15
3.065102222054617853e-15
3.186554888229622962e-15
3.214291405603938653e-15
3.207711018394956808e-15
3.106272470214149935e-15
3.045157984278568097e-15
3.128168907175384039e-15
3.061772959055434826e-15
2.981588796861843298e-15
3.221231781815503577e-15
3.103371805886277583e-15
3.125157281531421374e-15
2.999712337317769935e-15
2.950675905935323980e-15
2.969381993300724762e-15
2.992051347826328415e-15
2.960738022073994627e-15
3.046266962164760790e-15
2.953845714982186385e-15
2.959900306489160124e-15
2.978748907147936442e-15
2.974509295488691855e-15
3.045252851968660579e-15
2.942955624137574659e-15
3.030425328468737238e-15
3.098488449187119728e-15
3.070732026538543560e-15
3.032673353910750151e-15
3.128445463432662568e-15
2.920457370267316374e-15
2.912012240024954186e-15
2.948835726857414012e-15
2.953842326850397368e-15
3.248427256894760584e-15
3.213616532103213790e-15
3.028401978515983528e-15
2.977255376303690297e-15
3.052302918946894934e-15
3.131476994350885709e-15
