2.369518234509966920e-15
2.139763886492162721e-15
1.920113788302062555e-15
1.782483800063182859e-15
1.654623494299122937e-15
1.517791987939445809e-15
1.396559289501835608e-15
1.306922432948687616e-15
1.285150161636736651e-15
1.237005662236406024e-15
1.170645931882628131e-15
1.102650887203877904e-15
1.119436465066101563e-15
1.071137422091106924e-15
1.054910297090285923e-15
1.048715759099657650e-15
1.063996971474219401e-15
1.042630456117183098e-15
1.033249612880226073e-15
1.027015664068285125e-15
1.003663688937031377e-15
9.908978491874911959e-16
9.587494832504873025e-16
9.537750733718163237e-16
9.456839820708826318e-16
9.491581805748641988e-16
9.213904403682028875e-16
9.391254815119039532e-16
9.623046822579920905e-16
9.391861554438585884e-16
9.327056966035638188e-16
9.374830489751044608e-16
9.521236330681237346e-16
9.529911379827814170e-16
9.524975307388404649e-16
9.912246370569981147e-16
9.673127005168699887e-16
9.557694532625735433e-16
9.643884866405085856e-16
9.769654960246524157e-16
9.582458782547731344e-16
9.601515763963924132e-16
9.303116455939990719e-16
9.258768020514915085e-16
9.763840020315706186e-16
9.693144350059260782e-16
9.717855544871179129e-16
9.700445531666594977e-16
9.576308413961800564e-16
9.689837408950245602e-16
