8.652585314905536507e-09
8.383134186829011014e-09
8.122376549124510348e-09
7.869948248639957455e-09
7.625542863820555795e-09
7.388876177572001325e-09
7.159682180457593859e-09
6.937704633003249910e-09
6.722700618411181495e-09
6.514440542559896130e-09
6.312698364041580135e-09
6.117262696392344878e-09
5.927928814486449483e-09
5.744499098625510669e-09
5.566784810895342162e-09
5.394601210184646334e-09
5.227774657612371811e-09
5.066135067011146020e-09
4.909517681284114587e-09
4.757765292850990591e-09
4.610724246845165908e-09
4.468246661559760469e-09
4.330189096179992703e-09
4.196413883050809090e-09
4.066786907230834913e-09
3.939970127930791932e-09
3.816762017549990560e-09
3.697230299692932931e-09
3.581356766702015193e-09
3.469076137463389387e-09
3.360300038224295349e-09
3.254931879581590692e-09
3.152868854883195127e-09
3.054011044056892388e-09
2.958258082941256362e-09
2.865513160088539735e-09
2.775682350630859219e-09
2.688673728101775851e-09
2.604398252614714693e-09
2.522769104729150058e-09
2.443703461807444910e-09
2.367121831881036087e-09
2.292943612758335803e-09
2.221094641541299097e-09
2.151500311242671160e-09
2.084091121901110455e-09
2.018797129466065599e-09
1.955551942600664006e-09
1.894291390414082343e-09
1.834952634283126827e-09
