1.381367020769630471e-08
1.299965468604113994e-08
1.224100731889166127e-08
1.153460971181630157e-08
1.087741896554916821e-08
1.026645879420584606e-08
9.698860381490703730e-09
9.171850834377437423e-09
8.682772723034304363e-09
8.229099179857257695e-09
7.808430346756267681e-09
7.418512915080555103e-09
7.057242790153850365e-09
6.722671308523331390e-09
6.414382802688578522e-09
6.131062324499225724e-09
5.870240293859296798e-09
5.630024890734830478e-09
5.408680614493732719e-09
5.204416453352678218e-09
5.015247328543637195e-09
4.839002087919652695e-09
4.673504694352459410e-09
4.516807372567654966e-09
4.367337602673160291e-09
4.223925653690230320e-09
4.085744631510124236e-09
3.952226101944233960e-09
3.822988148272088438e-09
3.697768535815271207e-09
3.576389628889842243e-09
3.458718422777451451e-09
3.344659660342585994e-09
3.234130740992213759e-09
3.127062608854203063e-09
3.023388206457866545e-09
2.923043584956985796e-09
2.825960798702453758e-09
2.721951997131100143e-09
2.622871919655267448e-09
2.527141163000123925e-09
2.434754620139756298e-09
2.345680094606450439e-09
2.259862075248975088e-09
2.177223956678631112e-09
2.097679807633312521e-09
2.021134593022111403e-09
1.947489058906626269e-09
1.876643729303850705e-09
1.808496796762426584e-09
