1.558622200635219269e-15
1.356918502445505333e-15
1.249739714728046043e-15
1.122822487303575130e-15
1.073591644115031241e-15
1.004936963279923181e-15
9.303893608686483034e-16
9.158635240250973068e-16
8.469947608149533812e-16
8.347582347708936932e-16
8.170540358585385211e-16
7.791629785799366558e-16
7.743538193089562229e-16
7.384365858587845972e-16
7.093418578230542843e-16
7.292391662828696105e-16
7.167419566065379429e-16
7.250293181993608828e-16
6.867696400854940636e-16
6.783486717661551524e-16
7.027712008545535532e-16
6.815011263473168638e-16
7.079966154669219233e-16
6.795894052779558040e-16
6.664990682765864794e-16
6.808296534467271823e-16
6.586816397326552234e-16
6.868667439276706564e-16
7.027085431168359797e-16
6.927712754585738976e-16
6.841574800302125032e-16
7.209815933398149517e-16
6.780785781438620839e-16
7.310439502389519058e-16
7.534907488170888787e-16
7.385413141210357238e-16
7.295169732536184677e-16
7.330517517053339954e-16
7.284115963312388148e-16
7.008079068245595678e-16
7.047161349945931933e-16
7.206139793969831496e-16
6.964937916406785425e-16
6.578536020141804778e-16
6.781758240498428452e-16
6.938174221369699308e-16
6.819936058088802289e-16
6.969671972165123566e-16
6.889565571142292540e-16
6.985015738739101523e-16
