6.745314529155166383e-09
6.569734090078327426e-09
6.364873517128444291e-09
6.158457299676456387e-09
5.944233549826094531e-09
5.729102525720008998e-09
5.514978695941863407e-09
5.307418948774511591e-09
5.096484123612299300e-09
4.893540239692129035e-09
4.695598132542500025e-09
4.503296402447176661e-09
4.321115021355126373e-09
4.150169541361492520e-09
3.986040830739057128e-09
3.829097483531995749e-09
3.665979075861969250e-09
3.513243029829027364e-09
3.375585366782729579e-09
3.246070523488242543e-09
3.169988049833705190e-09
3.097072154290003709e-09
3.029806405763224575e-09
2.962799117156578177e-09
2.887394545680876945e-09
2.750075500657089833e-09
2.601252102607531924e-09
2.455451619809423391e-09
2.313389924069042536e-09
2.170974067183806255e-09
2.028020640310046474e-09
1.906586666322596102e-09
1.828339479814644619e-09
1.759508094778539089e-09
1.699586804626562753e-09
1.649244851797959655e-09
1.609290700699261834e-09
1.567664775770083452e-09
1.524012693820964159e-09
1.490355616695637764e-09
1.448828945704860871e-09
1.412788996901781502e-09
1.381049608006890139e-09
1.352663536735576599e-09
1.326674436974428772e-09
1.302185137497247069e-09
1.278408490179572254e-09
1.252386860883802910e-09
1.226013734978437242e-09
1.199699339871074244e-09
