1.266689775292206832e-08
1.225691015349639201e-08
1.186021592047836748e-08
1.147637895826392196e-08
1.110498359935263579e-08
1.074562838709880452e-08
1.039792429935459950e-08
1.006149208393480876e-08
9.735968475865774963e-09
9.420999091958037752e-09
9.116242871698432282e-09
8.821366748179571005e-09
8.536053641705620976e-09
8.259990025294428051e-09
7.992878359175392688e-09
7.734426432648433547e-09
7.484351804976085987e-09
7.242386690364810420e-09
7.008264191199486959e-09
6.781728956184451818e-09
6.562536292165077612e-09
6.350447279146465007e-09
6.145229658471862422e-09
5.946661829625554674e-09
5.754527077073134933e-09
5.568617567064393370e-09
5.388727242205959556e-09
5.214664255959178263e-09
5.046237205874604115e-09
4.883264459465408436e-09
4.725568381047651201e-09
4.572975775829490885e-09
4.425323218981702666e-09
4.282448173853481421e-09
4.144196985578219028e-09
4.010420884270615716e-09
3.880971100045371713e-09
3.755710853425853202e-09
3.634502476757006662e-09
3.517215407811136174e-09
3.403719972538965521e-09
3.293894490496995786e-09
3.187623054401456102e-09
3.084785094031872177e-09
2.985272917754855371e-09
2.888975725312548093e-09
2.795793152543524229e-09
2.705621060528073940e-09
2.618364636219894237e-09
2.533926402037423031e-09
