1.571062427974672796e-10
1.404654721184974783e-10
1.257173626401577342e-10
1.123406299871499286e-10
1.002705610495851615e-10
8.955563552706602465e-11
7.985912099362405233e-11
7.114220538517026661e-11
6.354357736627711128e-11
5.661058255647465361e-11
5.046928538421614899e-11
4.516757755011333332e-11
4.042760487465110821e-11
3.631898335480880148e-11
3.236939068291283403e-11
2.877483200925764267e-11
2.570202735144535411e-11
2.308748245588602689e-11
2.072648071043840536e-11
1.849007367213836574e-11
1.648792853688334288e-11
1.478640868427370304e-11
1.323833263411713675e-11
1.189973896373713883e-11
1.056071656525755671e-11
9.470781993795337313e-12
8.496662843613432897e-12
7.581666295748442133e-12
6.797778438135903221e-12
6.110660905784504568e-12
5.498868984772900828e-12
4.923873784441688573e-12
4.374544431337428700e-12
3.924878541105160169e-12
3.526337231572486857e-12
3.221617350455402352e-12
2.872741120882928199e-12
2.587577778015265683e-12
2.334256444503740019e-12
2.090942344054312714e-12
1.872368828507472137e-12
1.673732380346772024e-12
1.502863187835423498e-12
1.343684568575455599e-12
1.196076286366381854e-12
1.078172763277697015e-12
9.703584801614477308e-13
8.734929481973417432e-13
7.723226338928560816e-13
6.866816047231974334e-13
