3.815723625250826339e-11
3.401551499460859023e-11
3.035726490498429334e-11
2.693568320768703671e-11
2.417294950866779827e-11
2.145396028849212374e-11
1.917459134687112729e-11
1.721660267513684740e-11
1.538691827414700255e-11
1.388655390056755199e-11
1.244285545149913395e-11
1.117059072742457743e-11
9.986926537873275912e-12
8.909393309766177527e-12
7.911290271233782921e-12
7.069104002101366847e-12
6.273283266626575035e-12
5.613161165795308381e-12
5.051388078152558633e-12
4.474507797462468806e-12
3.998110004511780128e-12
3.617922704061401413e-12
3.203654074543777899e-12
2.871284315687308578e-12
2.569567070012898858e-12
2.314063435631328619e-12
2.094158042386136201e-12
1.871617149076046149e-12
1.640977751182077098e-12
1.466872614626150112e-12
1.323501038757700614e-12
1.198951985676714390e-12
1.093197282832162729e-12
9.829592651329494762e-13
8.728951030143230391e-13
7.932050011938579553e-13
7.148604355182329694e-13
6.474956136279515504e-13
5.731287523628662471e-13
5.179527690367625886e-13
4.696042827119098461e-13
4.174932744081705415e-13
3.822555868995683607e-13
3.513637473866990275e-13
3.134463377555888112e-13
2.834919365928225751e-13
2.525135890492114457e-13
2.337938769314935609e-13
2.112895216424921244e-13
1.957138702360981966e-13
