2.967157828703410344e-14
2.588340330004015488e-14
2.316357441782242463e-14
2.060392666770061257e-14
1.832810584877710891e-14
1.649382406132208071e-14
1.493873467728729157e-14
1.332106843817562073e-14
1.186841615602986539e-14
1.107947696927146297e-14
9.648020283014942844e-15
8.853883938357638428e-15
8.175801351098381329e-15
7.570135790257476657e-15
6.821331598737026253e-15
6.296713172188053965e-15
5.618968260020339388e-15
5.176150005624076052e-15
4.717909095702865940e-15
4.322877082860633167e-15
3.917709670684803420e-15
3.535621646838813619e-15
3.268132643263791728e-15
3.144156347821029374e-15
2.857427478651939688e-15
2.792010956361066299e-15
2.705253337607020539e-15
2.530212810557341309e-15
2.364404441549097906e-15
2.266689132372505402e-15
2.166035242317800404e-15
2.089643244309363695e-15
2.091657005664509900e-15
2.088292544856056742e-15
1.993158770761700083e-15
2.015028356447178177e-15
1.923033874674484933e-15
1.897532301966090923e-15
1.944149026689075074e-15
1.978558626430984018e-15
1.962932229425340588e-15
1.849710390423460695e-15
1.841238341416245750e-15
1.811062015578195522e-15
1.859312921540741293e-15
1.839182336414649680e-15
1.813132831318137489e-15
1.779717696134765838e-15
1.851399577076812161e-15
1.870817948357987082e-15
