7.076737062946812225e-16
7.044241750969243356e-16
7.152111928107979064e-16
7.368480824794672153e-16
7.363297029934018590e-16
7.352629981312561529e-16
7.264760377001388898e-16
7.205894651324464309e-16
7.173008321072616424e-16
7.532029567482217221e-16
7.421040162016868406e-16
7.201515141929513156e-16
7.415448176851135440e-16
7.612605984460415979e-16
7.490457137131062535e-16
7.495435779039983437e-16
7.603217134071674446e-16
7.714298546254667106e-16
7.728701035148668480e-16
7.595715426695762550e-16
7.491099416840128986e-16
7.579924600298784693e-16
7.482182763294050353e-16
7.342062277363399087e-16
7.296017867663890751e-16
7.418836403906211150e-16
7.395902653714654349e-16
7.386002994244916113e-16
7.270558042261857202e-16
7.031037526950659167e-16
7.491364822362616355e-16
7.636983655969225306e-16
7.681616927943383347e-16
7.598264523356297970e-16
7.152983898472523711e-16
7.284125977085954945e-16
7.386065105718299097e-16
7.342600179176070090e-16
7.327139150657991971e-16
7.418043614417708512e-16
7.062887034203083262e-16
7.423974531454383594e-16
7.224708158579436582e-16
7.435408080598112969e-16
7.294891840447587609e-16
7.479419004858625221e-16
7.281230006618711996e-16
7.201175615198185327e-16
7.101759832818775815e-16
7.262093254392268503e-16
