1.909820653145712219e-11
1.747064013732667380e-11
1.597934965738524982e-11
1.461710998695153533e-11
1.337491171535085959e-11
1.223064317129082186e-11
1.118752556661904436e-11
1.023425405470493047e-11
9.358965563163963416e-12
8.558116965589987051e-12
7.825738445242673511e-12
7.156780885177798101e-12
6.548119585877577252e-12
5.989666474728081991e-12
5.478545971494578216e-12
5.010158339382148085e-12
4.584652764257265076e-12
4.195002382747349742e-12
3.836612352968753531e-12
3.507025245947851333e-12
3.204734350739081338e-12
2.931537262063399979e-12
2.682349972653927730e-12
2.450337768298822213e-12
2.241119605935478326e-12
2.048892621377149722e-12
1.875840526575029548e-12
1.717413614079238357e-12
1.568214219468868068e-12
1.432871258703166322e-12
1.313102419065145021e-12
1.200973803626591090e-12
1.096543469566270829e-12
1.000822334761489645e-12
9.126538752029465913e-13
8.345801231932926802e-13
7.638558592124112200e-13
6.977741812043402309e-13
6.406461954574834724e-13
5.858180035164299845e-13
5.385746489539025392e-13
4.935569809213942656e-13
4.512901616976826489e-13
4.138091881585837112e-13
3.749805256579077571e-13
3.415903929870352770e-13
3.151031144574348395e-13
2.903012675613769121e-13
2.634053351921947373e-13
2.438689954944996020e-13
