5.139963738691319714e-11
4.582800125071103254e-11
4.083263610937140961e-11
3.642491999116128945e-11
3.247158080208110253e-11
2.894797589825117425e-11
2.580740124747019410e-11
2.302128602349807919e-11
2.051752996658706639e-11
1.832998025411184006e-11
1.634156848386720182e-11
1.454824167287751874e-11
1.297377873123882170e-11
1.157170870246570528e-11
1.028722226433617249e-11
9.171877118470360087e-12
8.142501623093289940e-12
7.258877887240379042e-12
6.478696680446752042e-12
5.748594299754327260e-12
5.142160175723764530e-12
4.591116632759124187e-12
4.087084601847980678e-12
3.689550007952920088e-12
3.293037548803463121e-12
2.947911718450530013e-12
2.652305127770857594e-12
2.371597185776021211e-12
2.100335851707105240e-12
1.876648824408793472e-12
1.693118850188782065e-12
1.513631073607886632e-12
1.361604634077201776e-12
1.211251588662548856e-12
1.076967414191894672e-12
9.666645567402842950e-13
8.679532498271860064e-13
7.799024304195465399e-13
6.977732193571400730e-13
6.330610370267172062e-13
5.627350539609711788e-13
5.067306143608578509e-13
4.624523744918079504e-13
4.079539055051361032e-13
3.645349955579160852e-13
3.252979771078358637e-13
2.967125630559319842e-13
2.661706151916526966e-13
2.404319252550036340e-13
2.168778779614665522e-13
