1.071474490742729123e-15
1.052905680523170554e-15
1.083209996361653701e-15
1.085803278424494113e-15
1.073389635742684282e-15
1.030498759003879409e-15
1.057899057233617514e-15
1.045706998107643319e-15
1.051541502670876787e-15
1.063268822740990138e-15
1.068910115197615995e-15
1.053542609952209111e-15
1.106804461364007306e-15
1.065612814091864963e-15
1.040859384983974910e-15
1.068110804502130130e-15
1.121470427303311911e-15
1.081240379866193141e-15
1.145853733606201100e-15
1.110795517026949148e-15
1.100456416792013502e-15
1.069701715290172125e-15
1.078569111652073976e-15
1.056105367177653451e-15
1.027603247783280129e-15
1.051519144327771915e-15
1.086700800125471227e-15
1.076669661190056493e-15
1.101527520906917910e-15
1.078754957364146242e-15
1.066767444739489576e-15
1.037497593363372206e-15
1.075162130232047293e-15
1.083257135114700275e-15
1.105640130566191240e-15
1.068649716470811014e-15
1.138019286049017008e-15
1.161496154831239324e-15
1.106135366073220521e-15
1.087309903962609974e-15
1.107053691418733639e-15
1.068153427856395905e-15
1.105408327343967312e-15
1.098746619191827359e-15
1.109906843300965286e-15
1.113012632706415548e-15
1.098024843006682754e-15
1.096861437541877250e-15
1.132683848926621613e-15
1.146067308949247919e-15
