6.688639987001742456e-05
5.362329665453353400e-15
1.171458750483042780e-14
3.386085133908876244e-15
3.139512927780867917e-13
0.000000000000000000e+00
5.655830619432126211e-09
3.128995418070132060e-15
5.993463550766078199e-07
2.482367416364925626e-06
4.496180464090320648e-15
1.335973027084840776e-05
4.466669895629625872e-05
8.408814028139243391e+00
1.725833784683778852e-08
5.116176201395039591e-01
4.983565640743989178e+01
1.670633734974457663e-01
3.871290499351077417e-06
1.429240709928814468e+00
1.083666267225440114e-14
2.713429489224295416e-11
4.312556055406859676e-15
4.746284586232542555e-15
5.739139382667390182e-02
5.202728087561290251e-09
4.188413058389785400e-03
3.204903626501412429e-04
1.667266098234594818e+00
5.457013557442561558e-01
1.166013308493366596e+00
2.026960786855267751e-04
7.092254785962876689e-05
1.587666060672228063e+01
3.311895945711294717e-10
2.517929778556328048e-10
2.476112620110851736e+01
4.941443313887707346e-14
2.988950698716317470e-15
4.317213923922621069e-09
1.546362935105125938e-09
8.174323585779056176e-10
2.267514287623420444e+00
1.302924903873278638e-13
5.668893714080117803e-15
1.923150967262472172e-14
2.638136821853344537e-09
2.630549776650501896e-13
5.947107340146701663e-14
4.056179678918110826e-15
