3.796635257584582318e+33
7.266009601353883340e+01
1.704117536897798573e+03
2.898112701599312004e+03
7.012146948310913785e+01
5.190199758904908776e+03
7.026739460627118206e+03
3.407900146072680946e+05
7.251049610984601713e+03
3.372112845404258678e+03
6.705548360191530082e+05
1.873461211301717049e+04
6.718890679870115719e+02
4.134632788309620111e+01
1.066248583799888183e+04
1.040091866457200069e+02
1.422556880769836596e+02
1.096854935939203699e+02
1.230667101491889116e+04
1.368693218570363797e+03
3.325610160508875269e+05
