3.813357491838904707e+02
4.145601922186148727e+02
4.421594583449235643e+02
4.728354353447971903e+02
5.056772902739764959e+02
5.511190409397451049e+02
5.767653623360859001e+02
6.182067366743158345e+02
6.483723771766445907e+02
6.853115678255554712e+02
7.109581964666688236e+02
7.210326160036872807e+02
7.688326772779043949e+02
8.118738945607479991e+02
8.634317749623793361e+02
9.040874250775066230e+02
9.468161505378254788e+02
9.784707975532887758e+02
1.012002850281999031e+03
1.073955508706909541e+03
1.134631078628077603e+03
1.212487789120770003e+03
1.275453199231325243e+03
1.351032414588845086e+03
1.434685425700457699e+03
1.515286469529908345e+03
1.600245477553909950e+03
1.695571940399885762e+03
1.800085551744291024e+03
1.913722980071240045e+03
2.029546475281741778e+03
2.165216716693341823e+03
2.303642173727743284e+03
2.518702446525469441e+03
2.745262383916505314e+03
2.963908235397288536e+03
3.131384130141313562e+03
3.423928236679742895e+03
3.773079270432400790e+03
4.073212056075068176e+03
4.285825854330000766e+03
4.492117623124722741e+03
4.731465474789023574e+03
5.016750812916402538e+03
5.269803806221982086e+03
5.627130438335436338e+03
6.029350950857156022e+03
6.486101773241978663e+03
6.891196360748492225e+03
7.251049610984601713e+03
