1.994863680167419107e+24
3.060814895784929928e+24
4.860454566221767151e+24
7.608594172565536624e+24
1.139992538985068007e+25
1.760029563449284347e+25
2.737467037814184295e+25
4.314703089351931619e+25
6.621679672847549408e+25
1.031399055860184186e+26
1.608686103364174683e+26
2.527590995335544617e+26
3.936497056929532640e+26
6.205275233536590224e+26
9.618954669315396942e+26
1.525085161000445305e+27
2.337885372569665063e+27
3.635783617731720215e+27
5.731883822806164032e+27
9.038976944139903766e+27
1.386546852840525109e+28
2.064360541530880502e+28
3.064029094557524191e+28
4.627777648617723147e+28
7.416078702199496769e+28
1.157989549964972625e+29
1.766104486402681538e+29
2.786102963659288022e+29
4.304140654119627849e+29
6.475834173509723157e+29
9.642289756400857105e+29
1.508195060259875930e+30
2.410102915505606747e+30
3.600849762935680182e+30
5.688751264883001733e+30
8.828245013431684055e+30
1.422541099512436231e+31
2.190189061697071221e+31
3.388205305974291606e+31
5.120358685366304634e+31
7.990083166942755863e+31
1.203622413786362960e+32
1.868639702447961184e+32
2.798786629497170141e+32
4.358258471398558036e+32
6.807870384554629902e+32
1.071227213564644162e+33
1.630918595552405057e+33
2.520664900879003578e+33
3.796635257584582318e+33
