1.662268227419552602e+01
1.733611945829200707e+01
1.776712161370570442e+01
1.828107317425753919e+01
1.917041724183951246e+01
1.969509339109870538e+01
2.029193144012005590e+01
2.093084160080490008e+01
2.151720483840784581e+01
2.177750585140872275e+01
2.258417169523816881e+01
2.367680058560702250e+01
2.483924399081074696e+01
2.599836907670107422e+01
2.724852826338443990e+01
2.802679276881561421e+01
2.820362598605500537e+01
2.854160270641563457e+01
2.948050128194483221e+01
3.064824850529866396e+01
3.082502631012525285e+01
3.207572421316660893e+01
3.314591073245590280e+01
3.426184775712253838e+01
3.559268551687857496e+01
3.726411311269851012e+01
3.898547525289660598e+01
4.053499905010659177e+01
4.169263274174251421e+01
4.270674011547875182e+01
4.423430163460734832e+01
4.619083587754843023e+01
4.743106348537476435e+01
4.920818294283680672e+01
5.177055173025659940e+01
5.321314613376420510e+01
5.562894073891922631e+01
5.884982970183237683e+01
6.168246155576917999e+01
6.362880387431365392e+01
6.537620347897119188e+01
6.811751052927667160e+01
7.240809999868180569e+01
7.742989177231338260e+01
8.132102384720838018e+01
8.518642875882447640e+01
8.975719067002772533e+01
9.439521959652773830e+01
9.908667401477602255e+01
1.040091866457200069e+02
