2.867165778859248732e-15
2.899951048833704972e-15
2.708511481295748249e-15
2.716960273843660692e-15
2.847943286318750299e-15
2.640708010203066043e-15
2.748663020476471028e-15
2.821231993546438514e-15
2.795476214505923901e-15
2.797789033750813736e-15
2.810024957359249217e-15
2.968122114567204690e-15
2.895031454249681816e-15
2.854130010159438741e-15
2.909364355374122818e-15
2.789808141428010808e-15
2.852005524344360336e-15
2.820330987554625105e-15
2.813688563267007126e-15
2.829599230846664500e-15
2.858262477828062374e-15
2.856888364942526812e-15
2.771066704307964754e-15
2.783469881844400054e-15
2.873533154428522140e-15
2.861616605172094310e-15
2.874880214256503574e-15
2.734109875575746771e-15
2.788026343196525854e-15
2.822724164395567559e-15
2.771365316646105759e-15
2.930869781370265075e-15
2.932110041049809609e-15
2.923678223948293141e-15
2.888430879405351640e-15
2.793494088618440693e-15
2.755309010595768245e-15
2.862144767007641469e-15
2.838638548706751074e-15
2.864150727938189035e-15
2.815693211656949497e-15
3.064973712136732617e-15
3.033258704180639903e-15
2.950040452467053250e-15
2.856723073941271595e-15
2.773494884703267148e-15
2.812116969766427143e-15
2.831814134104340940e-15
2.765260469320874978e-15
2.823184350578875066e-15
