2.041151802604240984e-15
2.052037121460573833e-15
2.063136862509506570e-15
2.143395004597832984e-15
2.186396681636960921e-15
2.099496778653952522e-15
2.084184788110645988e-15
1.981110603063829113e-15
2.130891865508688928e-15
2.015833213965588067e-15
2.011362480713022930e-15
2.031305577622585706e-15
2.044476227258250352e-15
2.135313860199273045e-15
2.069629805494126401e-15
2.103247658004221783e-15
2.149228314418739997e-15
2.056680670731856240e-15
2.102171237399407784e-15
2.009058857784834559e-15
2.075871041335528650e-15
2.130935509504159793e-15
2.062368329288209157e-15
2.060391996371410993e-15
1.968779138047536692e-15
2.067027423026931529e-15
2.017309288889547489e-15
2.064268183361256097e-15
2.108985441454301773e-15
2.129462595889006029e-15
2.060818498565322043e-15
2.090400644306073071e-15
2.149532860819252089e-15
2.049531488053128484e-15
2.064734772250126587e-15
2.013007453336974332e-15
2.025552549528735563e-15
2.153790273787524129e-15
2.135802268047669544e-15
2.062030713229455312e-15
2.119904619948424225e-15
2.118314661650832897e-15
2.170846319660241587e-15
2.146318637632016253e-15
2.156143512947887341e-15
2.064979410576686498e-15
2.025870233701046526e-15
2.036646890696271748e-15
2.076461169081230278e-15
2.142881336266653426e-15
