7.742366542545426802e-08
7.593455941009646715e-08
7.434697668951319756e-08
7.271407333771300083e-08
7.109609838222136914e-08
6.942658830638942399e-08
6.774594827668942665e-08
6.615878908691935056e-08
6.465845638147829012e-08
6.328891223280011369e-08
6.186219377215591000e-08
6.047284953924012305e-08
5.908485905814915004e-08
5.767737298143995702e-08
5.628593789460978370e-08
5.489724399697865683e-08
5.348582111390391432e-08
5.210436825020381763e-08
5.076730307151016882e-08
4.943762748863105207e-08
4.821893743291597802e-08
4.721655762111296107e-08
4.624690096711339195e-08
4.529786788766132626e-08
4.435683634064031375e-08
4.346359338231630527e-08
4.259513241344307571e-08
4.177767865903568054e-08
4.098038591794003468e-08
4.027568676684001228e-08
3.957580850652208420e-08
3.886941452704340317e-08
3.826019427887911489e-08
3.773159110877181729e-08
3.725181913206984717e-08
3.682856850729378238e-08
3.651314044913808448e-08
3.618600373022670169e-08
3.590766182309667046e-08
3.564980935990743622e-08
3.541170992104977945e-08
3.523060903994979682e-08
3.501208169968281662e-08
3.483782629323108830e-08
3.466408159987385639e-08
3.461848900039972649e-08
3.458932773398030143e-08
3.451955172637411627e-08
3.448053247977157048e-08
3.446873417839265319e-08
