1.967921953704234314e-15
1.970399638311551598e-15
1.932345590043097777e-15
1.978000204929532394e-15
2.011515554169122003e-15
1.911472639298635400e-15
1.926553694575688919e-15
1.986584450809818194e-15
1.962903647428448088e-15
2.048670773331433832e-15
2.001587724430148837e-15
2.014731150475727393e-15
1.949768758413740697e-15
2.026769105073784291e-15
1.907360147315604028e-15
1.920354355172110260e-15
2.055453357291357816e-15
1.975769991353043337e-15
1.929661512953019947e-15
1.896124070108749791e-15
1.964716125989577108e-15
1.987029581603582981e-15
2.018645300572293179e-15
2.021700685226286299e-15
1.994769087110284605e-15
2.003697574782725068e-15
2.012225681917818236e-15
1.946589429229906143e-15
1.993490554026275729e-15
2.012587678125610731e-15
1.924709208255524645e-15
1.919204230573471639e-15
1.930052799437447278e-15
1.884484200812392073e-15
2.008063945913836011e-15
1.976525428755692447e-15
1.970531368873385383e-15
2.023171904205536358e-15
1.933958115921365790e-15
1.958339961651255277e-15
1.877905323564235123e-15
1.966344033804062001e-15
1.942096010527299155e-15
2.053041677734635653e-15
1.923016910442445656e-15
1.979622257916958346e-15
2.039816616833942945e-15
1.995120304733965248e-15
1.989498212694425036e-15
1.916825030506467374e-15
