1.007664936952220045e-09
9.417728731781731979e-10
8.801895917394523341e-10
8.226334756426992282e-10
7.688410186261604313e-10
7.185662031398771645e-10
6.715783869818844363e-10
6.276636709759927759e-10
5.866207499200926137e-10
5.482618923927242186e-10
5.124114502548246082e-10
4.789044016060046881e-10
4.475890596137940790e-10
4.183209889485487246e-10
3.909668278550559323e-10
3.654013134746438108e-10
3.415079673093339236e-10
3.191759848937547820e-10
2.983048139426230241e-10
2.787983295227724806e-10
2.605676486709878691e-10
2.435289876803041497e-10
2.276037804210723154e-10
2.127210840475731947e-10
1.988115652839766376e-10
1.858111490965325593e-10
1.736606372246072700e-10
1.623056516816275433e-10
1.516917607784624435e-10
1.417729486460513625e-10
1.325024981363287892e-10
1.238382101156612494e-10
1.157401243055180345e-10
1.081717462500518519e-10
1.010986260068336366e-10
9.448803323876712828e-11
8.830983103032476692e-11
8.253536931910500846e-11
7.713860251091342915e-11
7.209434774853764563e-11
6.738058240272199716e-11
6.297401042362218934e-11
5.885642054467804359e-11
5.500773769281819367e-11
5.141055758835191932e-11
4.804912340246232552e-11
4.490766580471697789e-11
4.197118723093855683e-11
3.922694015833858415e-11
3.666224806110189766e-11
