2.046276919934121392e-15
2.059249418307937722e-15
2.094350759049167870e-15
2.192498921337463007e-15
2.117030688534672609e-15
2.090866964512538932e-15
2.091121825907283535e-15
2.219237410660260622e-15
2.093815964024643806e-15
2.080811667130117399e-15
2.168372561537571653e-15
2.157128156887104327e-15
2.112425325012956987e-15
2.156597723261989536e-15
2.125191400780371057e-15
2.128381041414572650e-15
2.106998529200595169e-15
2.071021337781256554e-15
2.037214570182617149e-15
2.131462590905999704e-15
2.170771587650493046e-15
2.149241079522806201e-15
2.214734354716178893e-15
2.137675593596840548e-15
2.160995218851633766e-15
2.113060846805743939e-15
2.095231478758842992e-15
2.118110994385457472e-15
2.137121427201331389e-15
2.084569660274301857e-15
2.154973407510365403e-15
2.077078081033277397e-15
2.130650076884308269e-15
2.158832304047988062e-15
2.165581154101572791e-15
2.200812378132820202e-15
2.208898084198173386e-15
2.207984225902830466e-15
2.151968671158724240e-15
2.081399071512149354e-15
2.133722555089355678e-15
2.127963384458057836e-15
2.233054111227715584e-15
2.186955149658531724e-15
2.112558005647839121e-15
2.058675223904627415e-15
2.088380780784756544e-15
2.072070180072606097e-15
2.045530144597359382e-15
2.152972776866653802e-15
