2.254859987376863608e-06
2.277024859300385029e-06
2.297500085800802541e-06
2.314087353090344293e-06
2.326334652842400935e-06
2.341938326310864779e-06
2.368268589536616264e-06
2.397177934900110466e-06
2.432230791158754064e-06
2.461098662153436682e-06
2.487721090860317787e-06
2.514769299048546592e-06
2.544922133079069370e-06
2.584539841207780133e-06
2.627118077500855711e-06
2.672735903587990529e-06
2.715627621564159543e-06
2.759105294990560897e-06
2.797870191492195497e-06
2.842266225643421120e-06
2.888299875882961562e-06
2.896302028694225516e-06
2.917092671660787957e-06
2.928753390785766981e-06
2.935423428355763742e-06
2.936311673274492508e-06
2.937238967126990588e-06
2.936666533978403755e-06
2.894748802743040382e-06
2.856348808182967687e-06
2.831035375788731010e-06
2.792606245365663966e-06
2.732320759565085853e-06
2.666312745589913723e-06
2.605895755800664949e-06
2.548027112096870591e-06
2.490236704130714599e-06
2.439074996413150915e-06
2.399161065011534838e-06
2.362505068974052314e-06
2.306993402131191103e-06
2.239501831725135464e-06
2.169806582219956154e-06
2.093812879555330041e-06
2.006766245708375613e-06
1.927701110972275014e-06
1.857977646098158045e-06
1.806287974055696830e-06
1.758797755344443204e-06
1.732277546676914205e-06
