4.846090018683595741e-04
1.389119935568819558e-11
7.617374491017394594e-10
1.151706993902464271e-10
9.452426246915594295e-09
9.652665925345437143e-12
1.247690514140607113e-15
2.004305046524969272e-10
0.000000000000000000e+00
1.368057218008658992e-10
2.460749734279791735e-15
1.396759712092696810e-15
8.758141830638410651e-11
3.991235311616112426e-11
2.041692889496747096e-15
1.236594191426210770e-09
6.249909985287690796e-11
7.719184367213338669e-13
0.000000000000000000e+00
2.889221098786364840e-08
2.098815093309307683e-08
1.222145144893136086e-05
3.529869446964637187e-15
6.616367343049358999e-05
1.312196572216099244e-07
4.609088495237443611e-11
1.579067626693235177e-12
1.245146036238085373e-14
7.663447725957957469e-12
2.125174111953539446e-10
2.289591194095490092e-15
1.098494848670027201e-04
1.542867207980376465e+00
1.252798698077047382e-05
0.000000000000000000e+00
1.129847127852077273e-14
5.282651402996209791e-06
1.379438320990172227e-14
6.330654004532367314e-13
0.000000000000000000e+00
7.307544847358941720e-06
5.610231429327293529e-15
3.352754862390968903e-14
2.555576186726832722e-03
4.129498926593447569e-09
2.395013387028663914e-15
0.000000000000000000e+00
1.752282162486130871e-14
2.546971080210946782e-15
2.784965138670484574e-07
