4.944707274573733029e-16
5.008961675754970593e-16
5.062636183149177758e-16
5.088240854344011540e-16
5.195374193985482165e-16
4.988826051276277916e-16
4.985881568475416439e-16
5.047233231134116712e-16
5.111837908064917134e-16
5.097626172873449379e-16
5.193565493602446057e-16
5.274273050537698099e-16
5.076081058630531006e-16
5.013420763425434406e-16
4.987675011946476748e-16
5.327873495822982587e-16
5.048467703427832352e-16
5.028914224278332426e-16
5.098816396536693696e-16
5.115568425015392159e-16
4.985951229593213094e-16
4.911952999067061860e-16
4.968716728691242094e-16
4.790569662409724654e-16
4.885355235577228101e-16
4.901319136672563691e-16
4.905592168016428096e-16
4.817606918296822450e-16
4.924005127611774299e-16
4.776697486275647202e-16
4.874678797833228829e-16
4.743285620023913933e-16
4.953848125774733359e-16
4.996696813752743167e-16
4.943176889974778300e-16
5.014218113146004507e-16
4.946825496969868099e-16
4.984163177742261883e-16
5.268396890827697854e-16
5.122730310225000941e-16
4.773652382197407885e-16
4.951374938984714645e-16
4.830778815045050065e-16
4.795851816943461676e-16
4.878053394796211821e-16
4.970260201346727946e-16
4.827033645947333792e-16
4.683194915888253023e-16
4.845631863932411139e-16
4.858609948387570171e-16
