5.266415173579354569e-16
5.296951469067418843e-16
5.064572482233912210e-16
5.107472803154759907e-16
5.030664829330262122e-16
4.985260344095688327e-16
5.140609373744329115e-16
5.105685137963477505e-16
4.963303006560166954e-16
4.917990850260730277e-16
5.035070911705120109e-16
5.038461574052395574e-16
5.090640902737711064e-16
4.979083122378220260e-16
5.127472851977584509e-16
5.136610118236423583e-16
5.268248992564445152e-16
5.139624011769320890e-16
5.120834584402741763e-16
4.988501216651439563e-16
5.202132497339967270e-16
5.121835592742807267e-16
4.993439375111972155e-16
5.064589222596926024e-16
4.844162778116833517e-16
4.974016212378619556e-16
5.135088873465453919e-16
5.015845603550758829e-16
5.276762888656477040e-16
5.000216536258286449e-16
5.310777393347197330e-16
5.224164173776963571e-16
5.255691065553631674e-16
5.101562671554631974e-16
4.985449447438169363e-16
4.857422657301775098e-16
4.732424085601093813e-16
4.923120055378762694e-16
4.980034965785686214e-16
5.054728622666834269e-16
4.993549478692474639e-16
5.030868154893094534e-16
5.145514568615495105e-16
5.057748666746095532e-16
5.087010796679360678e-16
5.235021061568356672e-16
5.188814516997550404e-16
5.445697064142241220e-16
5.281512658759633591e-16
5.409925272579477731e-16
