5.133383492554380488e-16
5.044631341053883900e-16
5.081806494260171017e-16
5.329666141420025152e-16
5.423479302796000187e-16
5.280941043017657221e-16
5.303319824399671124e-16
5.397101660539357389e-16
5.307980764643357939e-16
5.223998990461313699e-16
5.350056077010333055e-16
5.297028685433427842e-16
5.247383260543534519e-16
5.292396749143377487e-16
5.440274382755877829e-16
5.373155498035243652e-16
5.350209100070793347e-16
5.251803836753501086e-16
5.221750073399154196e-16
5.371307193168005856e-16
5.180919333614154509e-16
5.125429859011175840e-16
4.996322668505428284e-16
5.192300319837118884e-16
5.226730466620530282e-16
5.031656919342372774e-16
5.056852023853938096e-16
5.068816686741448709e-16
5.023881290701626560e-16
5.037725170627241844e-16
5.165347346440092299e-16
5.045760839422025299e-16
5.063348268580768672e-16
4.778692828875856483e-16
4.994476392580162580e-16
5.050334205081348123e-16
5.083555330203759979e-16
5.042168934711166706e-16
4.867157939757775294e-16
4.895186020274195330e-16
4.913614945517993958e-16
5.149516307586335482e-16
5.011037914702317276e-16
4.943737908266734663e-16
4.987760315453178856e-16
4.938288362147466859e-16
5.273067697448295031e-16
5.104425531250037484e-16
5.021836456039486962e-16
4.986678982964826420e-16
