1.293282891041009739e-14
1.100552264515727138e-14
9.626827915409753150e-15
8.541093232187887896e-15
7.548234149214868070e-15
6.851083354111458115e-15
6.111271881609459323e-15
5.410335297816089396e-15
4.870637254676402452e-15
4.490684852084698799e-15
3.899469911581518847e-15
3.514792366971493597e-15
3.248029806654668567e-15
2.948504933267607796e-15
2.700762787083511439e-15
2.457045163014796075e-15
2.287219942801668426e-15
2.100340112859381073e-15
1.882256863740378179e-15
1.761207252442675034e-15
1.577097419673437420e-15
1.479057673151186772e-15
1.393632694019561498e-15
1.363867645111922247e-15
1.270752013884129845e-15
1.226073776768173474e-15
1.153854019724935316e-15
1.080433466763688919e-15
1.066021797554635113e-15
9.952271520577897433e-16
9.372011193996221431e-16
8.907711305910623858e-16
8.525817310826550169e-16
8.211567981104424598e-16
7.999490373771618220e-16
7.477237769880130612e-16
7.209789292141695318e-16
6.988687107054459545e-16
6.387943027709023161e-16
6.262732204780078302e-16
6.057486311725274318e-16
6.057259608937163178e-16
5.976211880018802294e-16
5.886358514176579824e-16
5.806104450461698599e-16
5.854415854393697028e-16
5.664365137480854610e-16
5.840738823339091169e-16
5.806784324045090650e-16
6.047183386101471853e-16
