5.234075534602486342e-16
5.497562167572993636e-16
5.386717159865065750e-16
5.294031936049654581e-16
5.265290889361185812e-16
5.299082199782136254e-16
4.971673578142399148e-16
4.963097975861014162e-16
5.004231232696839769e-16
5.193968223289309760e-16
5.020539747320674536e-16
5.247658195740435188e-16
5.115607307601002600e-16
5.120831075609788130e-16
5.061090820914813018e-16
5.078145899505373603e-16
5.026823859218563261e-16
5.033873063650106673e-16
4.972235464876676922e-16
4.960152507211361997e-16
4.989122170645185576e-16
5.112654074094096410e-16
5.249392376752455937e-16
4.942225721707843850e-16
5.110013327217622874e-16
5.089429393695500618e-16
5.147003581178830904e-16
5.630960337719409270e-16
5.361813524064259314e-16
5.472676462028141332e-16
5.215993634610473024e-16
5.029462923684646374e-16
5.036500368912250967e-16
5.191329107834539395e-16
5.287570959685542171e-16
5.390239840663271123e-16
5.057799369414437998e-16
5.039177827704094062e-16
5.105593829518378034e-16
5.022603731742863851e-16
5.169360843356284349e-16
5.309519274258378329e-16
5.185778163683308479e-16
5.166549289846845651e-16
5.501934784540045354e-16
5.283817905165948253e-16
5.331076892373706139e-16
5.299161528723618153e-16
5.269566757877676374e-16
5.232100639292303457e-16
