4.745895750207807897e-12
4.261198350728006499e-12
3.822789786869829323e-12
3.433530187233482971e-12
3.088047094923143746e-12
2.770622208354671427e-12
2.490054027061286607e-12
2.225280500686812618e-12
2.005873337089578792e-12
1.799183737814037777e-12
1.607504955102790357e-12
1.453063565569540538e-12
1.306364766933302182e-12
1.179945616164596237e-12
1.057315131592744386e-12
9.619905564183814807e-13
8.627019850463735751e-13
7.844584422343953762e-13
7.069248129625815040e-13
6.358084140519534848e-13
5.702861592914528303e-13
5.052322445924560310e-13
4.571960010905713217e-13
4.071035258847805018e-13
3.700886793880755992e-13
3.312530739896731333e-13
2.963771537249022559e-13
2.733949451609362543e-13
2.475685102503447709e-13
2.263421777235765725e-13
2.036375749084697109e-13
1.847777503119020057e-13
1.639427069415101213e-13
1.464397215226503628e-13
1.349480532418925835e-13
1.225093072787648443e-13
1.104610772753645764e-13
9.958551392441886570e-14
9.040885512839042012e-14
8.296960134523788301e-14
7.406829295162917434e-14
6.825726168442639795e-14
6.225623528589433136e-14
5.644038995912797705e-14
5.041749163576521642e-14
4.648670224504105451e-14
4.135312506929703265e-14
3.854523050650258763e-14
3.479261363071631774e-14
3.178840785011703911e-14
