4.023159812150873627e-13
3.677076500455997568e-13
3.363879386261296781e-13
3.078072683189870169e-13
2.819692913476118904e-13
2.581911889181984464e-13
2.365307429817426049e-13
2.161907629498522571e-13
1.978026291765891266e-13
1.815418771696678359e-13
1.663855045064007258e-13
1.527533258657948680e-13
1.396352086584684107e-13
1.278397535589023234e-13
1.163237574086848809e-13
1.060799019113150007e-13
9.754870644461100962e-14
8.924764812274796122e-14
8.146987221522701904e-14
7.410190355768371419e-14
6.769109702946768884e-14
6.162271183226465507e-14
5.638008361885617319e-14
5.182804711164279165e-14
4.764592412565885841e-14
4.389385670691000450e-14
3.982796095068771183e-14
3.685759591310217890e-14
3.383266470796626703e-14
3.120252886670983433e-14
2.849092894251725542e-14
2.630663298510328706e-14
2.416710459231927803e-14
2.205967339385681350e-14
2.051112053160927722e-14
1.874019366414064318e-14
1.714403208273934144e-14
1.566628659855631890e-14
1.434742897048875682e-14
1.336303890424018545e-14
1.247502235433096716e-14
1.145025702363352859e-14
1.054220511008809749e-14
9.878318039875578796e-15
9.135946259063392115e-15
8.386150494686409561e-15
7.709483769172034576e-15
7.072995716826722932e-15
6.516298245111176654e-15
6.160076796884733348e-15
