3.022221386346507249e-15
2.766313772410821139e-15
2.455267221377481564e-15
2.306008930540847740e-15
2.055137694782307644e-15
1.833867445974324495e-15
1.667229499249484605e-15
1.514336360175317961e-15
1.390371190769256856e-15
1.354246311182357288e-15
1.259454983327317356e-15
1.193148461608753974e-15
1.090047136722057083e-15
1.023781433907119577e-15
1.013160790937525229e-15
1.002611204737923758e-15
9.562773717737992139e-16
8.722957381737116408e-16
8.539186476594900504e-16
8.157215402485682854e-16
7.901802764058746775e-16
7.678526305520838737e-16
7.907144819248394092e-16
7.852095985590294623e-16
7.616474140294789562e-16
7.499479579654444619e-16
7.588742684254425706e-16
7.624215122930253767e-16
7.509949343027237755e-16
7.271349048253422993e-16
6.860596170721853673e-16
6.990066658567223705e-16
6.465937489900265465e-16
6.309222577168133835e-16
6.424099077709251439e-16
6.329689735039277542e-16
6.527728670246782033e-16
6.324172120582918694e-16
6.226006970842034197e-16
6.057769401262454666e-16
5.951310025142675217e-16
6.420149651505477406e-16
5.822851774527275319e-16
5.805683103515912563e-16
5.832900689331414995e-16
5.738253166740991693e-16
5.624435318314228103e-16
5.540274202939424148e-16
5.518773862780702186e-16
5.690256556643104103e-16
