1.205215156528285252e-15
1.212193134629131747e-15
1.187681660712264188e-15
1.225035085551899100e-15
1.239987750288992359e-15
1.235763260041079530e-15
1.207009946386805120e-15
1.212102622104668308e-15
1.266418928375070556e-15
1.242377404058680048e-15
1.234774872459259925e-15
1.220532324244182023e-15
1.194224463227844775e-15
1.176262204765390701e-15
1.221783783254650192e-15
1.158117271447569889e-15
1.185835090776137026e-15
1.178445807949235987e-15
1.177040137424826355e-15
1.152462637645130600e-15
1.200025558372076963e-15
1.200728112807516749e-15
1.226140278651955821e-15
1.202947982617239642e-15
1.207977107898521965e-15
1.199473259513379464e-15
1.080884876249474651e-15
1.113060135883502285e-15
1.075876676797767311e-15
1.114726321521386634e-15
1.104085593998342647e-15
1.137910609594538189e-15
1.143036491416349439e-15
1.117307326379767120e-15
1.129021737933704914e-15
1.178163291446047513e-15
1.157334353635330014e-15
1.120768193455035438e-15
1.095972384353881210e-15
1.105606843559847849e-15
1.099726233163699358e-15
1.087918395640374829e-15
1.097246324774472460e-15
1.097245928393994148e-15
1.068087543219959837e-15
1.096871664856801737e-15
1.109940999417520159e-15
1.079756571856574322e-15
1.086175541677429338e-15
1.141857591888763966e-15
