5.443165035610832710e-16
5.268075774979141704e-16
5.360606713335465378e-16
5.430413802896878610e-16
5.153271493533464135e-16
5.414317406227647491e-16
5.462413777453800419e-16
5.571715770115291938e-16
5.341180517399546505e-16
5.384504104156559663e-16
5.408719032521319394e-16
5.531733553342804604e-16
5.360272627310088984e-16
5.312816415129993501e-16
5.324283889860700278e-16
5.153726251187109951e-16
5.070269160997285454e-16
5.329981837326987172e-16
5.205228243629931523e-16
5.337239328930748001e-16
5.431792640925424535e-16
5.305401095955395937e-16
5.454661032478946468e-16
5.212254627575033488e-16
5.239982138111813510e-16
5.133769327478369551e-16
5.109661729411339735e-16
5.214348833645927187e-16
5.253512194653605896e-16
5.340012889132552222e-16
5.411531339915549830e-16
5.058022417285986037e-16
5.073290657985423712e-16
5.145065510636794183e-16
5.192882605252514187e-16
5.192390187255621853e-16
5.205139241786438776e-16
5.136904722121941416e-16
5.287895171977616979e-16
5.169988267906421077e-16
5.169534258084237912e-16
5.217713513798947729e-16
5.373123727795241991e-16
5.215075498738155009e-16
5.334348264519837831e-16
5.531837216441295695e-16
5.355733645143987520e-16
5.087539636820042426e-16
5.270846838430577030e-16
5.187579364998490606e-16
