9.578193344236945627e-15
8.462089521686122637e-15
7.366596387251949485e-15
6.545964691387412585e-15
5.999406334816726378e-15
5.376471716316252347e-15
4.919228183182994980e-15
4.276408305941021833e-15
3.853375894726418562e-15
3.703116850769473747e-15
3.386406289095942541e-15
3.183970173583482620e-15
2.940715422498331779e-15
2.770440984320899160e-15
2.500920552416478878e-15
2.390971600026626803e-15
2.232503951051774802e-15
2.070785510639161029e-15
1.968343212639561096e-15
1.808193512596423712e-15
1.788655322367366659e-15
1.663743919372579653e-15
1.575026420384747905e-15
1.487183393943036255e-15
1.402899770044961344e-15
1.380606793735414110e-15
1.376902841522966611e-15
1.287411466009749336e-15
1.271652719941917324e-15
1.230180922261778636e-15
1.149943644681114654e-15
1.132113797716624633e-15
1.102486777997902460e-15
1.111844760064598112e-15
1.072519404190430737e-15
1.035396959722476936e-15
1.039171219781231575e-15
1.029694552603741069e-15
1.050060058501049044e-15
1.045730361863417716e-15
1.037179378837089985e-15
1.020815971311249552e-15
9.926446337463458459e-16
9.680949949400132487e-16
9.717514090898117017e-16
9.393705262377215985e-16
9.793624140106106149e-16
9.555038722047734787e-16
1.002484449167574704e-15
9.816820077134589002e-16
