5.768733410938299304e-16
5.640102894077659445e-16
5.614576574147411794e-16
5.725763261798034078e-16
5.724362269496776932e-16
5.748938311480034995e-16
5.759134476309983355e-16
5.721983427777283541e-16
5.731183045426592133e-16
5.699426602190960212e-16
5.780027131157576360e-16
5.674325383246641160e-16
5.814141794182003423e-16
5.795305869670064890e-16
5.588101250582438486e-16
5.860913325218158308e-16
5.752714503423962141e-16
5.765478927940854282e-16
5.842799630606780636e-16
5.610306732103381288e-16
5.817520168484564756e-16
5.577441519350102355e-16
5.723362707767416633e-16
5.776005370935655102e-16
5.585321170271252577e-16
5.768026576966172103e-16
5.681017373518680782e-16
5.731927787437224856e-16
5.699086386270857818e-16
5.793958748867021806e-16
5.730142968993661700e-16
5.769013026344402677e-16
5.738356210341022516e-16
5.676641964139726989e-16
5.672786289992955969e-16
5.792525111859177095e-16
5.737491305465939939e-16
5.801423778375702085e-16
5.668110628295745889e-16
5.724339377603604810e-16
5.768287465373947249e-16
5.703847163565007089e-16
5.657468518508512398e-16
5.704338577849690775e-16
5.666374933614065572e-16
5.789309360088640071e-16
5.729760607888363651e-16
5.778488607046658996e-16
5.805884964829178955e-16
5.661139248990266188e-16
