1.896983726222726151e-15
1.892835939103223070e-15
1.884567211933878589e-15
1.883215705108005161e-15
1.866331534001372516e-15
1.897619379660966093e-15
1.824558629038191262e-15
1.820673284080833335e-15
1.804547828147025394e-15
1.790028554083276066e-15
1.820137719490762721e-15
1.823922849418451093e-15
1.886230149332476805e-15
1.848171387052270516e-15
1.804854326673924721e-15
1.774915803533021858e-15
1.812166447310481560e-15
1.791562761955841147e-15
1.794708289111122025e-15
1.762696932066573774e-15
1.801779109290514699e-15
1.702018969709683590e-15
1.751490235930927206e-15
1.734493902689301172e-15
1.761538090485609139e-15
1.686734048216415034e-15
1.662392560316168857e-15
1.757769954936265336e-15
1.767342048937869064e-15
1.692648003331680243e-15
1.711200767445284350e-15
1.774100775580443887e-15
1.796962231302608846e-15
1.802263573855845186e-15
1.721091052588771046e-15
1.810916077109173622e-15
1.816470806560934421e-15
1.812666383378581003e-15
1.756090872925762967e-15
1.777689773296061176e-15
1.731778773363862579e-15
1.680988994384926050e-15
1.636528525498775904e-15
1.691420483958722826e-15
1.666326099150285293e-15
1.658047075483644632e-15
1.672104373270210750e-15
1.642436182861829413e-15
1.731073810201826363e-15
1.681343170657329634e-15
