9.294926978614873514e-13
8.416112170963344692e-13
7.530593925660398674e-13
6.792825825801952673e-13
6.061720407577519846e-13
5.384702563754539490e-13
4.865361237870335877e-13
4.382081077452047637e-13
3.910082627842209282e-13
3.568310460213591536e-13
3.257112865515468221e-13
2.968951491556395412e-13
2.691623337127218823e-13
2.400318334452155557e-13
2.164570690018144658e-13
1.954724124446491804e-13
1.796084615403520215e-13
1.630787557671989373e-13
1.444445615216239303e-13
1.304941039926355486e-13
1.165726258184274652e-13
1.037685474855103500e-13
9.500892507995340190e-14
8.579945070226487545e-14
7.752964549032060365e-14
7.141061953587835405e-14
6.517339685433413485e-14
5.832825667500053476e-14
5.260118331338972380e-14
4.766278918428702527e-14
4.157521704476432315e-14
3.910777356052247224e-14
3.597532737889802487e-14
3.243936931000830525e-14
2.946023359303660214e-14
2.670584710942556608e-14
2.523966915328686108e-14
2.343727478126288490e-14
2.140351213865469021e-14
1.967427992622650348e-14
1.792419510383157921e-14
1.655920369919296599e-14
1.539454642122643249e-14
1.396883656010733304e-14
1.325131085853509733e-14
1.223982270942532476e-14
1.128243333150323046e-14
1.048063422902489150e-14
9.861778720268299597e-15
9.387735037325721181e-15
