9.062112960469537097e-14
7.908642450264543926e-14
7.321732158557374604e-14
6.423112051831663536e-14
5.720963652503228799e-14
5.221619308207595492e-14
4.669736235894581120e-14
4.309884121809357347e-14
3.975315018103398707e-14
3.683432498951347954e-14
3.231789248399722348e-14
3.038184292419032356e-14
2.713922703087472720e-14
2.515423287266437020e-14
2.255187291117849946e-14
2.122253547290455701e-14
1.888162975365236205e-14
1.769464779245196833e-14
1.733903206004004817e-14
1.639363573009581215e-14
1.512407363747487022e-14
1.391978866160916499e-14
1.313734585778886344e-14
1.223485134947813159e-14
1.171370630819241187e-14
1.068677417679364639e-14
1.031701101828750663e-14
9.736119245089766322e-15
9.373079176262936924e-15
8.599622307024553412e-15
7.918400407585464176e-15
7.864741810210113642e-15
7.551136432230962263e-15
6.963135978907936180e-15
6.396958645925322764e-15
6.419592812636942841e-15
5.750617265036890341e-15
5.371061098746223873e-15
5.085568203751387656e-15
4.827035347965574750e-15
4.575441374596155876e-15
4.341929846758843446e-15
4.172042356631318811e-15
3.934163583077273974e-15
3.815027667569869425e-15
3.536284573013712444e-15
3.520830590742860013e-15
3.319343436887631918e-15
3.047545491662691610e-15
2.834422153090221413e-15
