1.850160312205915273e-14
1.679718212045794415e-14
1.458452172014287796e-14
1.304409835702157774e-14
1.235374155863067391e-14
1.128188060994169619e-14
1.033757920122307557e-14
9.177670154770012994e-15
8.274461577800511108e-15
7.661389543552032121e-15
7.198201148904542671e-15
6.716511473351647218e-15
6.250154285750438668e-15
5.735476625601317589e-15
5.341718084699389468e-15
5.025552406289244199e-15
4.722129240220300665e-15
4.499922746794546009e-15
4.181791889994865415e-15
4.145639546026450165e-15
4.077894753630933887e-15
3.835242829561273291e-15
3.751460023048321457e-15
3.407669884524299552e-15
3.389999534768910246e-15
3.076825426023139952e-15
3.114248075828517752e-15
3.040633836259615985e-15
2.811535967441121654e-15
2.749640833228050473e-15
2.543463799402746135e-15
2.430985861731500030e-15
2.311795324180503158e-15
2.295915906476374473e-15
2.082997995298424198e-15
2.104261381864437791e-15
2.019067786573059933e-15
1.978357495692280785e-15
1.985408721357766766e-15
1.921187458156277476e-15
1.900855324840937579e-15
1.861479867599626872e-15
1.869438410104793616e-15
1.760487942103463794e-15
1.756374445841472573e-15
1.731446982274263225e-15
1.724802469228773382e-15
1.683736916893594521e-15
1.701421458995524554e-15
1.654414887768869340e-15
