3.459191899942734380e-15
3.183395655667238681e-15
2.879117487363515419e-15
2.592246723051925019e-15
2.400411623728498603e-15
2.222537097906738409e-15
2.067242208955082771e-15
1.922031771943517669e-15
1.713835662476319825e-15
1.617831172930306750e-15
1.438392163011655868e-15
1.370667821597831495e-15
1.251395908727938054e-15
1.213070211092002766e-15
1.142978108864997019e-15
1.071785579747464340e-15
1.026019081548337357e-15
9.823554626956949736e-16
9.402411183683361427e-16
9.086758013487973072e-16
8.696332188236964752e-16
8.742828305950837935e-16
8.618465447931235183e-16
8.668787122017620947e-16
8.042454324059703804e-16
7.870809835829333439e-16
7.614299366197895353e-16
7.372298891033044426e-16
7.117741423081856811e-16
7.311336610032973022e-16
7.112800222081406826e-16
7.115891175968288830e-16
6.852368262856926501e-16
7.015161970349408608e-16
6.953770859213504919e-16
7.055263875403757824e-16
6.873150678923142295e-16
6.748365038136634169e-16
6.436066597799099075e-16
6.575691955262164717e-16
6.443785768094794718e-16
6.445392634502160451e-16
6.297278781591501501e-16
6.523568594552631336e-16
6.210490965106468110e-16
6.104585374849287440e-16
6.211957647322170142e-16
5.861651825442126925e-16
5.687338754008975999e-16
5.848045298593503700e-16
