6.713057439164731527e-16
6.709617762317145358e-16
6.817986585275304766e-16
6.819665832414326549e-16
6.810971522722195529e-16
6.556591205726862444e-16
6.672209824507161552e-16
6.745751395790803827e-16
6.638483797988453258e-16
6.701738902892336730e-16
6.741322108202439292e-16
6.620609713373271750e-16
6.633314797696810173e-16
6.751066390391968543e-16
6.649513188148926317e-16
6.784043354479890275e-16
6.724658424143703504e-16
6.741084576337981106e-16
6.899351515041130129e-16
6.850126089487335724e-16
6.526475024904753140e-16
6.666184934327690021e-16
6.659457470140256714e-16
6.751728901407350104e-16
6.539861899296507636e-16
6.577216845188930204e-16
6.527281608613894613e-16
6.676211295789539556e-16
6.798461967944442730e-16
6.612602083969789100e-16
6.533779613799804646e-16
6.723525649982352207e-16
6.674656224421192799e-16
6.771394258159505854e-16
6.794304555035080201e-16
6.699355100923926865e-16
6.605185795830224156e-16
6.747916561999212986e-16
6.777690027443777182e-16
6.693492540195353872e-16
6.784862382006796604e-16
6.774960106252513437e-16
6.716476144884730200e-16
6.687966680080923416e-16
6.660521886332876801e-16
6.725580993046799272e-16
6.872765024797417918e-16
6.634301191856939846e-16
6.673243873258289425e-16
6.736349028516806676e-16
