1.846988651358327238e-01
1.794646396311082304e-01
2.062946323945359928e-01
2.422138771560821968e-01
4.088888899514203090e-01
2.758232412388848531e-01
4.493803761930059704e-01
3.717895680052147878e-01
4.640264445540271954e-01
3.506465252042504921e-01
4.579923302393000273e-01
4.162932421273430883e-01
6.709904297915104676e-01
4.350476736723460913e-01
4.643061384059590790e-01
6.252011739904479448e-01
4.868184196570055078e-01
7.556227666328054760e-01
5.710297574948569599e-01
6.385189046768853238e-01
5.082691564924083361e-01
5.491767646941526637e-01
9.784087244487364998e-01
6.145808168266967408e-01
5.385602454351449131e-01
5.886497903168712575e-01
1.008045454389745688e+00
6.085537163288772255e-01
6.012371138090202294e-01
6.355830028068182314e-01
6.042233532012190045e-01
7.024528295692680224e-01
6.179550375762002945e-01
6.898943666736968572e-01
6.974883264791550408e-01
6.550735204106371556e-01
7.395999711863354698e-01
5.108980414889234822e-01
8.594913331813721635e-01
5.519472020471789531e-01
6.630387814751000919e-01
6.679518283989547278e-01
7.921032334359654481e-01
7.887800632331049000e-01
7.415743122133728882e-01
7.348883152458456358e-01
8.812042774394471811e-01
6.562033880810597131e-01
9.496431105706296671e-01
8.677026764416341242e-01
