9.112217220400516113e-06
8.655768198130240883e-06
8.216006397889654800e-06
7.836421874105998117e-06
7.656107426241378871e-06
6.729683693481801819e-06
6.198630548225896588e-06
5.871642958016943210e-06
5.557239488118415219e-06
5.116964769876806880e-06
4.609626864472916200e-06
4.322312728349537151e-06
4.446316711839801245e-06
4.251107850797075093e-06
3.864982691065585177e-06
3.610784808343676168e-06
3.299483860360871427e-06
3.146218396998080385e-06
3.140728549284766936e-06
2.983311090065285575e-06
2.818793732766496356e-06
2.702379136667467758e-06
2.517894153128283914e-06
2.371523405235180987e-06
2.073880152526280372e-06
1.952543067414057651e-06
1.875709009145284849e-06
1.827687480176827015e-06
1.713111169216480999e-06
1.644232501035182063e-06
1.534772593959105684e-06
1.389808944325533671e-06
1.262328406520916464e-06
1.182990367577389367e-06
1.180053315406049268e-06
1.191178941513223695e-06
1.193931416187203122e-06
1.141257715792648998e-06
1.030897671254144475e-06
9.756027666408923414e-07
9.518883529479327161e-07
9.342796498962696716e-07
9.643249152751314257e-07
9.152754003096193052e-07
8.517363795856497726e-07
7.852444188150269549e-07
7.480081529712015244e-07
6.882490455603873252e-07
6.403514775827704180e-07
6.162059931405958822e-07
