9.741589717866791566e-13
9.606224288593567391e-13
8.930436253087173673e-13
8.158304514717463884e-13
8.038570058624290863e-13
7.753268681494175989e-13
7.261139194999226938e-13
6.897469606727613871e-13
6.223982318333140378e-13
5.607551048124942173e-13
5.532543111893652933e-13
5.086577040512135415e-13
5.009974022826054046e-13
4.656997919200401114e-13
4.297491861961123297e-13
4.079763541958252478e-13
3.896377676192214523e-13
3.898264328789543763e-13
3.521800153229040667e-13
3.338305346489627922e-13
3.269931999299576158e-13
3.437405477758812440e-13
3.382319676085242672e-13
3.168283953814555375e-13
2.968557175540758733e-13
2.847767754965428604e-13
2.660378059179974914e-13
2.700700202866272212e-13
2.665829354491279917e-13
2.492412649770812298e-13
2.521665355412100010e-13
2.431101571735499311e-13
2.401063577807626910e-13
2.235015464281386620e-13
2.274271943156314110e-13
2.250248780878753710e-13
2.134480663150305262e-13
2.128409961728778978e-13
2.066591127127731714e-13
2.041576136364928933e-13
1.959374769905379502e-13
1.937589176921551776e-13
1.918078095247120827e-13
1.781432219634585990e-13
1.832232660746614624e-13
1.735991105243295991e-13
1.736076555804069518e-13
1.741762992261227119e-13
1.788849258590086956e-13
1.751964873595833572e-13
