6.240317800903339318e+00
6.403788837518283650e+00
6.176454896188889876e+00
6.222052517911598635e+00
5.929407555067061075e+00
5.752727021195693347e+00
5.681850724632451666e+00
5.662337436802754809e+00
5.752334273413399757e+00
5.966081448738327353e+00
6.365840418196833106e+00
6.224122396060993267e+00
6.513684868733446542e+00
6.274730734946892596e+00
6.300269590425586763e+00
5.695139768984545547e+00
6.125076634886830185e+00
5.978802022417452733e+00
6.395077019197785262e+00
6.357344058607250048e+00
6.384803777166538907e+00
6.626900875102976762e+00
7.078612193662374708e+00
6.945734379284255411e+00
6.960613926284423769e+00
6.789322109798149540e+00
6.760008076167898672e+00
6.601772627786234970e+00
6.542461638353318953e+00
6.562041821231335170e+00
6.173255205529837752e+00
6.472005632273646114e+00
6.186173590505360309e+00
6.657079008730403480e+00
6.587874102196145998e+00
7.058429501394255290e+00
6.919030510564326164e+00
6.893681454193361091e+00
6.364545337538415559e+00
6.118964013585334705e+00
6.047498721171431058e+00
6.143471730276029774e+00
6.168267026037974610e+00
6.022547454577824588e+00
5.950875336941991556e+00
6.217281657981279075e+00
6.255746417466107268e+00
5.977116433286875363e+00
6.050505168908355103e+00
5.875889634765537828e+00
