5.214858594117648405e-01
5.095928314932801628e-01
4.857910516848114590e-01
4.642745501812917674e-01
4.587497157207566234e-01
4.640978972503811972e-01
4.697550671805926781e-01
4.663308905719056319e-01
4.723502019153826281e-01
4.728377654037968503e-01
4.645750278549571344e-01
4.565816050519675984e-01
4.400530551690441938e-01
4.460182803267834784e-01
4.337438711749830311e-01
4.218501570874882423e-01
4.084759282574246808e-01
3.936408634815032337e-01
3.864737687850240966e-01
3.743229235929698695e-01
3.650810640814203256e-01
3.577234061249129904e-01
3.384141613181135821e-01
3.333251382130085760e-01
3.289244467298573227e-01
3.225652292456323011e-01
3.167242446526634114e-01
3.108861921010488971e-01
3.031454986485722647e-01
2.932418549874052371e-01
2.867901923989481516e-01
2.785094460167458208e-01
2.816837009475212650e-01
2.582450789095240284e-01
2.573239838553073033e-01
2.404045062869276661e-01
2.273635845020282598e-01
2.198871679689233249e-01
2.142077447858836692e-01
2.089005766744290726e-01
2.091210330229565928e-01
2.060189530336317687e-01
1.962996875573347899e-01
1.911653332552583628e-01
1.840607674451853748e-01
1.843150096661818338e-01
1.808166920641173792e-01
1.773433519716673124e-01
1.702251863182190905e-01
1.628048138281724955e-01
