8.893862038444571548e-16
8.797809837666452512e-16
9.036437297328685699e-16
8.890696458279341065e-16
8.952672513299894632e-16
8.891840900786287620e-16
9.026979822112327559e-16
9.114951338189929947e-16
8.895135627314731693e-16
8.809905787279641941e-16
8.831527418729913261e-16
8.785530245575384645e-16
9.345995870131335051e-16
9.276603835709233490e-16
8.859367843247417135e-16
8.974355918497104502e-16
9.066525615704445519e-16
9.247952618741814826e-16
9.009334978783964501e-16
8.863227600803737536e-16
8.888251420080927424e-16
8.840040106810585612e-16
9.054784259040613800e-16
8.931379425512660286e-16
8.735045736149395772e-16
9.066431992372384514e-16
9.113666123432609061e-16
8.959589051391922075e-16
9.029423174619784942e-16
9.106790632682533045e-16
9.139578750763171186e-16
9.554999634711114918e-16
9.660909263472735674e-16
9.457272666814088850e-16
9.605239860942200363e-16
9.725556425571697026e-16
1.014943385753717806e-15
9.833363079764169582e-16
9.751926033263914566e-16
9.691441143863352952e-16
9.099693712655825549e-16
8.990969214755514238e-16
8.930149802319177899e-16
8.703405021586868717e-16
8.774935860336069056e-16
8.876068691155020480e-16
8.776363206390429767e-16
8.690944864015453750e-16
8.800261503759859250e-16
8.735523310588049059e-16
