1.015830379321242301e-10
1.008105999846412297e-10
1.000458451868485766e-10
9.946398411074681532e-11
9.886874297187792223e-11
9.828450538865694192e-11
9.770108605277492701e-11
9.711829110305242125e-11
9.653717541564035828e-11
9.595886518538291876e-11
9.538376085959969189e-11
9.481224496619875421e-11
9.424450255384545160e-11
9.368055166019829044e-11
9.312049752188681476e-11
9.256412089357982365e-11
9.201156405996786615e-11
9.142615132179887091e-11
9.084525622763633369e-11
9.030181840646665621e-11
8.978674137041905877e-11
8.929082214196185364e-11
8.880751572240069598e-11
8.833267708495619983e-11
8.786360992200568031e-11
8.739865857995168600e-11
8.693675526831480477e-11
8.643296136097450010e-11
8.593220660045220434e-11
8.547497474526842427e-11
8.504965763085243043e-11
8.464548390406620699e-11
8.425438442058973150e-11
8.387125770767692361e-11
8.349315579567056902e-11
8.311792357387588796e-11
8.274451261536127780e-11
8.237228078320552638e-11
8.200091356324925584e-11
8.163024376371311034e-11
8.126018776243638185e-11
8.074157509822318228e-11
8.004227616490415270e-11
7.930771973013246496e-11
7.856587981999086114e-11
7.782597932317791736e-11
7.709152332978990098e-11
7.636419603478014071e-11
7.564497562430429804e-11
7.493398016069193489e-11
