5.067886372097140380e-10
4.800852224422161720e-10
4.547960132677191393e-10
4.308371663727695773e-10
4.081404385844059006e-10
3.866398105957783894e-10
3.662683958995897317e-10
3.469782238136693300e-10
3.287021427349707785e-10
3.113887679351852386e-10
2.949876556835632180e-10
2.794510088577685258e-10
2.647330573486821419e-10
2.507908554847096958e-10
2.375833266989874595e-10
2.250717152479017572e-10
2.132195770665347084e-10
2.019918322475826694e-10
1.913556082197533478e-10
1.812797873230545672e-10
1.717347473242526980e-10
1.626926318266527512e-10
1.541268079708627771e-10
1.460122577055184478e-10
1.383252239822802771e-10
1.310429805353191959e-10
1.241443071788133734e-10
1.176090130879424440e-10
1.114179129930622992e-10
1.055528526138323069e-10
9.999666540015024762e-11
9.473303402470365748e-11
8.974664332057597360e-11
8.502286297588608166e-11
8.054779029999162783e-11
7.630834993247539522e-11
7.229206473277109562e-11
6.848733178791088962e-11
6.488287209636593726e-11
6.146823933726091637e-11
5.823329005931175934e-11
5.516865176253011314e-11
5.226536229433772805e-11
4.951498443155677278e-11
4.690934909776873697e-11
4.444093037639125514e-11
4.210247376290644434e-11
3.988711106617255901e-11
3.778832626722096438e-11
3.579991997287526864e-11
