1.123489595778843076e-15
1.069516441966073619e-15
1.105621502035008437e-15
1.053949107101743632e-15
1.028602488689717553e-15
1.044170961938996429e-15
1.023281741435749347e-15
1.036747750821160958e-15
1.076801214901900850e-15
1.079838406162331818e-15
1.068097711045937618e-15
1.072402373271207577e-15
1.071783121537388993e-15
1.088955805960939685e-15
1.069524491438276301e-15
1.062008900101649930e-15
1.034084013266701901e-15
1.023736850830934921e-15
1.033952381380168689e-15
1.056957432459321589e-15
1.051795191543754969e-15
1.060694743421830529e-15
1.063026558781078425e-15
1.070515047938160161e-15
1.050502229068365727e-15
1.043559867769218274e-15
1.094269977887078796e-15
1.112149185562597341e-15
1.102275029018031609e-15
1.109199469004285226e-15
1.087682787988421303e-15
1.039420520422198693e-15
1.047419167972296073e-15
1.090785939556437971e-15
1.100160504540661698e-15
1.073531058647614847e-15
1.060804898150540167e-15
1.074427348495599134e-15
1.080222784811157665e-15
1.068959778424544152e-15
1.053293181296877687e-15
1.045809630254782346e-15
1.049245058582881536e-15
1.051472686074416537e-15
1.068737904781374172e-15
1.050134424720546773e-15
1.031876469154724457e-15
1.052766369732722693e-15
1.020412218505732124e-15
1.055361701158979399e-15
