2.717487947404651351e-12
2.431205786179306076e-12
2.175370326634825985e-12
1.946342118872370402e-12
1.741556790465022308e-12
1.558193221480969395e-12
1.394177766995824315e-12
1.247613648762089336e-12
1.116235222807043795e-12
9.988782742194794570e-13
8.937320299697855621e-13
7.996815701675639911e-13
7.154545391469914618e-13
6.401509815026299807e-13
5.728808456278716071e-13
5.126446877839671103e-13
4.588753686960312228e-13
4.107909222373106988e-13
3.676198906837858037e-13
3.290484251617964531e-13
2.944795421109658626e-13
2.634025100672826746e-13
2.356430261622475508e-13
2.108875523229014526e-13
1.888725436910467824e-13
1.691134029073499632e-13
1.512726931588713955e-13
1.354363042647753295e-13
1.213430228537267687e-13
1.085294702243537580e-13
9.719679798741966356e-14
8.700646320988815607e-14
7.779101876950158533e-14
6.954869250774687562e-14
6.229648159369587747e-14
5.590462560368381063e-14
5.015039931561323000e-14
4.492130093726200451e-14
4.031084970467348566e-14
3.621391372242325460e-14
3.251732817659919039e-14
2.930627156030000631e-14
2.626731095614943056e-14
2.367244447385382389e-14
2.117315361440071564e-14
1.921556653655291036e-14
1.736578627219926137e-14
1.560527658727321635e-14
1.417358759489602150e-14
1.281494784857814300e-14
