2.041588834675288839e-11
1.848871714830535570e-11
1.674204430960234803e-11
1.515896566636937269e-11
1.372466560900895391e-11
1.242507399464478664e-11
1.124792570380938448e-11
1.018153973506426622e-11
9.215788645172543533e-12
8.341156881278010232e-12
7.549218397124423228e-12
6.831986894992421924e-12
6.182767335538980138e-12
5.595050429808703336e-12
5.063076014924502313e-12
4.581371665682697815e-12
4.145413109542956521e-12
3.750875381229425727e-12
3.393725658742851792e-12
3.070583021702565816e-12
2.778040070542308117e-12
2.513395884290033769e-12
2.273992456067503773e-12
2.057233871052276412e-12
1.861173362165374905e-12
1.683784782025232271e-12
1.523228548280248829e-12
1.377861064431864321e-12
1.246388060239064360e-12
1.127560714774186582e-12
1.019985776954462557e-12
9.226816979271863937e-13
8.345804668306717131e-13
7.549950865799038467e-13
6.831150178514576653e-13
6.179189052269088802e-13
5.589038565388499917e-13
5.055847792360558157e-13
4.573635837216286247e-13
4.136640183337784818e-13
3.741818181890491304e-13
3.385602566743671002e-13
3.061137947873380692e-13
2.769694918554882510e-13
2.504576795650188543e-13
2.266182902881087795e-13
2.048746142408508255e-13
1.853165797182806776e-13
1.677012873650331626e-13
1.516838963155499371e-13
