2.220446049250313081e-16
2.220446049250313081e-16
2.220446049250313081e-16
2.220446049250313081e-16
2.220446049250313081e-16
2.973065787736631825e-16
1.980314405879483181e-02
7.632055366170703324e-14
2.220446049250313081e-16
2.220446049250313081e-16
2.220446049250313081e-16
2.220446049250313081e-16
2.220446049250313081e-16
2.220446049250313081e-16
1.460776361204724586e-11
2.220446049250313081e-16
2.220446049250313081e-16
2.220446049250313081e-16
3.651467866121202226e-15
3.873912138704260939e-04
2.220446049250313081e-16
2.448314736284905788e-16
2.220446049250313081e-16
2.597263487976218532e-01
2.220446049250313081e-16
2.838218364925856834e-16
1.212725129462533264e-15
2.220446049250313081e-16
9.932294211273471126e-15
2.220446049250313081e-16
2.780630191613859577e-16
2.668292597248134612e+01
2.220446049250313081e-16
3.331067243482275786e-01
2.920018850288858654e-14
2.390502093347491819e-16
2.220446049250313081e-16
2.220446049250313081e-16
2.220446049250313081e-16
2.220446049250313081e-16
2.220446049250313081e-16
2.889975847090371294e-02
2.236850975177669815e-03
2.220446049250313081e-16
2.220446049250313081e-16
2.220446049250313081e-16
2.220446049250313081e-16
7.651553225921719350e-16
2.220446049250313081e-16
2.220446049250313081e-16
1.193840856466992521e-08
2.220446049250313081e-16
3.830270321027162773e-11
4.134217069587788711e-14
1.699298084420406116e-15
2.220446049250313081e-16
2.220446049250313081e-16
2.220446049250313081e-16
2.220446049250313081e-16
2.758824088129052165e-16
2.649922469557156389e-16
4.592170903853482247e-16
6.439608663767564950e-15
2.220446049250313081e-16
1.331727628507189316e-13
2.220446049250313081e-16
2.220446049250313081e-16
2.492836703664610044e-16
2.220446049250313081e-16
6.015758451371687750e-16
9.678545597054105795e-05
3.559726428932084198e-16
7.468411584473810760e-14
2.220446049250313081e-16
2.220446049250313081e-16
3.918506099507223598e-16
2.220446049250313081e-16
1.833473257784756782e+01
2.220446049250313081e-16
7.449961828682483068e-14
2.321669011864304787e-04
1.755308020194933094e-03
2.220446049250313081e-16
2.220446049250313081e-16
9.026771296012037564e-11
3.950835937815071995e-16
7.879253685713291223e-14
1.559682778395314713e-14
2.220446049250313081e-16
2.220446049250313081e-16
2.044011632765027247e-15
8.717696010449521582e-01
3.168228690652354018e+01
4.091358553429850710e-16
2.220446049250313081e-16
2.220446049250313081e-16
2.220446049250313081e-16
2.220446049250313081e-16
1.621234266714190940e-15
2.220446049250313081e-16
2.220446049250313081e-16
2.220446049250313081e-16
2.220446049250313081e-16
3.553891505951684593e+01
2.996715321735005455e-16
5.080821525913379199e-11
4.323837684498799877e-16
2.220446049250313081e-16
2.220446049250313081e-16
2.220446049250313081e-16
1.385855623606130379e-08
2.006749388324480175e-15
2.220446049250313081e-16
2.220446049250313081e-16
2.220446049250313081e-16
2.220446049250313081e-16
1.447113881902110932e-15
6.359333022516433732e-16
2.220446049250313081e-16
2.220446049250313081e-16
8.255222609197561406e-16
9.615308000747748718e-01
2.220446049250313081e-16
2.220446049250313081e-16
6.884580091851596251e+00
2.220446049250313081e-16
4.783868239975450936e-16
2.220446049250313081e-16
1.696050501347859307e-15
2.220446049250313081e-16
5.049832252914056241e+00
2.220446049250313081e-16
2.220446049250313081e-16
2.567256627735962127e+01
1.465978871909181654e-15
5.540965261311180694e-07
7.657674854461493479e-03
2.220446049250313081e-16
7.484432262089526500e-01
2.220446049250313081e-16
2.462070702859777037e-16
6.111519389200355462e-08
2.220446049250313081e-16
2.220446049250313081e-16
3.135452535522250983e+01
2.220446049250313081e-16
2.220446049250313081e-16
3.351594859696372081e-16
2.220446049250313081e-16
1.365369607758530141e-08
1.281817844124729622e-15
2.220446049250313081e-16
3.104015334333119326e-16
5.513798938787325520e-16
2.220446049250313081e-16
2.774967691204727103e-16
4.614824758616812320e-15
3.113125891732501171e-12
3.010836529310724763e-01
3.859965355231888359e-15
1.192825768678087392e-14
2.518042487743425649e-16
1.628257521122974438e+01
2.681682542227913402e+01
2.220446049250313081e-16
1.490956705986417782e-15
9.400103805927159120e-11
3.198804533176989555e-07
1.062162379709798536e-11
3.714907972324949853e-11
3.220213036120119909e+01
2.248764359700021229e-16
2.220446049250313081e-16
2.932744180640354229e-12
1.466218529235897354e-15
2.452544155994602705e-14
3.738010297516127262e-09
2.220446049250313081e-16
4.168719707502208689e-16
2.220446049250313081e-16
1.175271997020435265e-14
3.155748554252546256e+01
3.552272250087932548e+01
2.328975634445062777e-09
6.589518711305461370e-14
2.220446049250313081e-16
4.587106584075189818e-12
1.396959338099353509e+01
2.220446049250313081e-16
2.348512188855498312e-13
3.200819767536799532e+01
2.220446049250313081e-16
2.220446049250313081e-16
9.239745351777576919e-15
1.942696880290118155e-15
2.763380707686652497e-16
4.381573832425982699e-09
1.996653031394111238e-02
7.449467977610257812e-16
5.597116827573472855e-11
2.220446049250313081e-16
3.556024973445423143e+01
2.220446049250313081e-16
1.695886007161082065e-02
1.564377920893479488e-05
2.220446049250313081e-16
2.220446049250313081e-16
2.220446049250313081e-16
2.220446049250313081e-16
1.252773451189781469e-12
2.220446049250313081e-16
2.278333867168867855e+01
5.075870195103641676e-16
3.701893523007817972e-14
2.220446049250313081e-16
3.100576214618842307e-16
2.064934264268583064e+00
3.279159903894903038e-16
2.220446049250313081e-16
4.016818124767135436e-09
3.502292075877718247e+01
4.461916028027157937e-15
2.981435478477784032e-16
2.535043190758968779e-01
1.866534985855220545e-14
4.052580739071494877e-15
2.134042882036301699e-14
2.880253513330200121e+01
1.369027997084653795e-09
2.220446049250313081e-16
2.819001612585992997e-16
2.220446049250313081e-16
8.506593742763918111e-16
2.462870877448484563e+01
3.064153006675461910e+01
1.338970134044998084e-14
3.949707278809446098e-13
2.220446049250313081e-16
2.220446049250313081e-16
2.658440581508938294e+01
2.220446049250313081e-16
1.274045523602042529e+01
1.653203655521634508e+00
1.074610260085133378e-06
1.308738334357053084e-10
2.355136516169315123e-11
1.353597096831330543e-06
2.696017863127744512e-16
2.220446049250313081e-16
2.220446049250313081e-16
1.375754581379313812e+01
4.941081860701596393e-07
3.335818274522446814e+01
3.639570706852502661e-11
2.652809560702810288e+01
2.220446049250313081e-16
2.903820604633791191e+01
9.534711413831122911e-09
2.183232909184357950e+01
2.220446049250313081e-16
2.882064774652858574e+01
2.068002392359840084e-04
9.740993359587599696e-05
7.849852866766280297e-16
2.534285248649939774e-16
2.277680010527881622e-15
2.220446049250313081e-16
2.220446049250313081e-16
2.645523485364926941e+01
2.558931007126501741e-16
2.220446049250313081e-16
1.506203639918802188e-15
2.063300704763117562e-13
4.006600123550367350e-16
3.078887226168446745e+01
2.220446049250313081e-16
2.873323019182041094e+01
7.363697396963562432e-06
3.034948970239027862e-14
3.094746671186635112e+01
2.630884485004153461e+01
3.046617895422128797e+01
1.987301576767722232e-09
2.480696462310934081e+01
1.817836102697882033e-09
8.701799501377902955e-15
6.513256744990264524e-02
2.220446049250313081e-16
2.559164567358669477e-16
2.482140338466283687e-16
3.052749040326385455e+01
1.913684890979021414e-13
9.974271626680225201e-07
2.220446049250313081e-16
8.218791156672573947e-08
6.529471305560966554e-01
2.220446049250313081e-16
2.220446049250313081e-16
2.972152688396286280e+01
2.841209790725373452e+01
2.220446049250313081e-16
3.902894458002977361e-13
2.843459716939602790e-16
2.220446049250313081e-16
3.010919056444130580e-16
1.922240051719313314e+01
1.101931034194722869e+01
4.754379258165352241e-14
3.058230241948360373e+01
2.520705911458771098e+01
2.220446049250313081e-16
4.480511481963030285e+00
4.355717421554939489e-02
1.198896932898722686e-08
1.929987723634267248e-15
2.220446049250313081e-16
1.561094126413937659e-15
2.945449424976876245e-07
2.299333948859516486e-15
3.611097937933427836e-06
1.109301364929994593e-01
5.549750556177272943e-15
2.220446049250313081e-16
1.291052241699757097e+01
4.469138081658726109e-04
3.718019479712193971e-16
1.500969052006129474e-15
3.005388054051228153e+01
2.565432228683987148e+01
2.989839898586402356e+01
9.082827223948946010e-14
2.220446049250313081e-16
1.869960284912679542e-03
2.900059973094947807e+01
3.944063222716674698e-16
1.014754925077062513e-15
2.860546084721458726e+01
5.320480952188754387e+00
2.959649284463456453e+01
2.220446049250313081e-16
5.152961483053229763e+00
2.416307440482821705e-16
2.964811526319954282e+01
1.745480165056333627e-15
2.703684395883922775e+01
2.295449505355572839e+01
1.277482273907051535e+01
1.917040786312690925e-01
2.530243550141224418e+01
1.935995716159032409e-12
2.220446049250313081e-16
1.404818141989498019e-03
2.220446049250313081e-16
2.220446049250313081e-16
4.862084044596728244e-03
2.991258830525841361e+01
3.321536869849359124e-16
2.220446049250313081e-16
1.282642134404427736e+01
2.605208796211492839e+01
2.519918817394188853e-15
3.218509377414524408e+01
8.725894514636754258e-15
3.165075712199125135e+01
5.492835362466192528e+00
2.740223630903348351e+01
3.238682523652891472e-12
4.450338909265400195e-10
2.744520432197528947e+01
1.115663028018008586e-15
2.841507816887012794e+01
2.419250815811168920e+01
2.683222713147538485e+01
6.870349172625594747e+00
2.551169593926936940e+01
2.929627687631503363e+01
1.415841569779192710e+01
2.220446049250313081e-16
2.272687040065290986e+01
1.273525090351164835e+01
2.826861797286154854e+01
2.419364340011836145e-01
2.630822031076017709e+01
2.220446049250313081e-16
2.963602350626399585e-15
3.150685990693799354e+01
2.631772911547154337e+01
8.858484022513181072e-15
2.220446049250313081e-16
3.046969040933268147e+01
2.220446049250313081e-16
1.258701808481768720e-09
3.249745281715331657e+01
2.544890099341439002e-15
2.454903200099234392e-16
3.000636006712149140e+01
2.220446049250313081e-16
2.829298187170784118e+01
4.816856474803078947e-08
1.754379601083584816e+01
2.710305757856915321e+01
1.570116447451234265e+01
2.754110629964651480e+01
1.814084013782193239e+01
2.788364784762885407e+01
1.525235157778097603e-14
2.689693792427244290e+01
1.799797740942376834e+01
2.845458217298936532e+01
2.220446049250313081e-16
1.242056034895572136e-09
2.149504509279657327e+01
2.652309577178057264e-16
8.411883104736004190e-14
7.311734817583342462e-03
2.962969419987464548e+01
1.248363173317490813e-13
2.220446049250313081e-16
2.726765427352634319e+01
2.735387741465504519e+01
1.501694526589349898e+01
5.467472641309345802e-16
2.828568347626438850e+01
2.049236668974640825e-06
2.220446049250313081e-16
2.649775678456279948e+01
6.106862050804579667e+00
5.877181346126828521e-01
1.715949890690916035e+01
9.561712954261606612e+00
2.612059339838728533e+01
3.041645207985590815e+01
1.211696275452398774e+00
2.443103116603434367e-15
2.702899435660940597e+01
2.497316111991304410e+01
2.568879432727385061e-16
2.841541210625572234e+01
2.871160928817635494e+01
2.220446049250313081e-16
3.164064033001529097e+01
6.427602295856324526e-06
2.685445738446575703e+01
2.904594769722393721e+01
2.549453708717516744e-16
2.839325829277080260e+01
2.220446049250313081e-16
1.618108592540545725e-07
2.951528148091802706e+01
2.295531994277673959e+01
3.381133335946906460e-01
3.029887877346057579e+01
1.972293108446929134e-04
2.918939104178012300e+01
1.103677434184402983e+01
1.939319603502879907e+00
2.943204359233701695e+01
4.404680965998652553e+00
3.032986322662635459e+01
2.559369905660535593e+01
4.164277478951844178e-14
2.865681228796004376e+01
2.220446049250313081e-16
2.857419910463804058e+01
1.332069730232728588e+01
2.220446049250313081e-16
1.912016157437248864e+01
2.889227904545597576e-16
2.050966844664227295e+01
2.940351888063905506e+01
2.220446049250313081e-16
2.598498799572352880e+01
3.267733832451884979e+01
2.538842541461770708e+01
2.655598401632958172e+01
3.071917760374943640e+01
5.044630402991680848e-15
5.760456078982276740e-01
2.769791672065440480e+01
2.797773401504818835e+01
2.926987587279439751e+01
9.090036148892961521e+00
6.854654610534774428e-02
3.562116662613544094e+00
2.630240171057419474e+01
6.189396955818373236e+00
2.872297475221870400e+01
2.703089068768939285e+00
1.645735012441302203e+01
2.420258707564443768e+01
6.835552793237792391e-09
2.368079092064996161e+01
2.863077731092289035e-03
2.804163548569857056e+01
2.185736385592434328e+00
2.379235081462847390e+01
1.157788083281764387e-03
3.781782438362827310e-16
2.272100568558765836e-14
3.235940058089342594e-12
1.951359209249289250e+01
2.691095003177422740e+01
2.368302224227538844e+01
2.426937498051712438e+01
2.925827846478851768e+01
2.964659622952091616e-14
6.969550768235605996e-08
2.093546453950844821e+01
2.658232211991039406e+01
2.889443176872732622e+01
2.298006646527779040e+01
2.458313302759463781e+01
2.597258884751208896e+01
2.910280463483738700e+01
2.375438125069289441e+01
1.017083023867235170e+01
2.566208935655676766e-16
2.509898118003631140e+01
2.432069577146488015e+01
1.404644564489604619e+01
4.241536855571390923e-12
2.606459639320652855e+01
2.686002410236332238e+01
2.801719709501355737e+01
1.188305195477169995e+01
2.468085213604400252e+01
2.754103030656511919e+01
2.701050336053805198e-11
1.165919309235926526e+01
9.872658647127267581e-16
1.099220949236309508e+01
2.220446049250313081e-16
1.502954377411000664e+01
2.578256469888828661e+01
2.542315106428956284e+01
8.856817224206562367e-01
2.914049615868580645e+01
3.917024132568388108e-14
2.827260961561795582e+01
3.684798965004813264e-16
9.288458624860448154e+00
2.753030952138166754e+01
2.769656832915111266e+01
1.710856131588207180e-02
2.985296736696480480e+01
1.354045228888307228e+01
2.871277351918953258e+01
2.395064602500046647e+01
1.676395198264534869e+01
2.390298773494371432e+01
3.154008165076375662e-07
2.772532680867772470e+01
2.409935215278666831e+01
2.552350212176172661e+01
3.071493757127226988e-16
1.177306491417910195e+01
9.195525822520719927e+00
6.340608446353260101e-16
2.480814803297823090e+01
3.016979374268262859e+01
2.789928454751242981e+01
2.830835158946155516e+01
9.931116878949573845e+00
2.754641537764174331e+01
2.897594703778161929e+01
2.528344176416824496e+01
5.753522447487427344e-16
2.480969136602579184e+01
2.581818700783444243e+01
3.553865199313180678e+00
1.911462431958769059e+01
2.547562794679451770e+01
1.424858894808298260e+01
2.634535372662314501e+01
2.727386190822509704e+01
2.460635673652015143e+01
2.459172134829253054e+01
2.216950476639496159e+01
1.475617967641140307e-15
2.696713356752421120e+01
2.335462172283881088e+01
2.064685989005944577e+01
8.566805126581797936e+00
2.594126037716040400e+01
2.948546039955470732e+01
2.809161339082279696e+01
7.825389522582601565e+00
2.525358698488054898e+01
2.758079936584024239e+01
7.855514912916089720e+00
2.799707140123522109e+01
2.407457463272751141e+01
6.459308742383364495e-14
2.146272747127475355e+01
3.424744855948665032e-10
2.799380232709710015e+01
2.896155227751029425e-16
4.704705252160737659e-07
1.963289018377678529e-06
2.663591095494473748e+01
1.974868238556037525e+01
2.575505833123325061e+01
1.642564330965493369e+01
2.818787053057513958e+01
2.524497054095149906e+01
2.519143380153704825e+01
2.632403303565313024e+01
2.475775850614038731e+01
2.220446049250313081e-16
7.512717496550060048e+00
2.703378392350380821e+01
1.065880003203625392e+01
2.220446049250313081e-16
2.677234909729990342e+00
2.798862550591459097e+01
8.498968966477402487e-16
2.581791490806197231e+01
3.731068897059536472e-05
2.515126918245957910e+01
2.359929700889745519e+01
2.946200319652090727e+01
9.863070907567307766e-16
2.719217446986812803e+01
1.255105129980001166e+01
2.227610720552973333e+01
2.190521890680559736e+01
2.596096101878189089e+01
1.442171281207347988e+01
2.734059929222111762e+01
8.975324359701656129e-13
2.591346076424867917e+01
2.554172592149917875e+01
1.106424465547650016e+01
1.196453196703465838e-01
2.761610963347040126e+01
2.747682691254345855e+01
2.765590549453058955e+01
1.614429302815467437e+01
2.323768172072670524e+01
2.220446049250313081e-16
2.640303207972738875e+01
2.805042274649756351e+01
2.619541023530670287e+01
1.609087959606925367e+01
2.220446049250313081e-16
2.585167731652534329e+01
1.699559784318222810e+01
2.383802466464342018e+01
2.750545739871022732e+01
2.800227931286060112e+01
2.243272556275896079e+01
1.882212833373719363e+01
2.531959794233592476e+01
1.745705490526506765e+01
1.286347295149432313e+01
2.819291197082205969e+01
2.855237567345557181e+01
2.608483940118157207e+01
2.556067001882195200e+01
2.767152552804749632e+01
2.620995057349754731e+01
2.472933723870186995e+01
2.619048091796454614e+01
5.714833629386774083e-01
2.481365837251551909e+01
2.712508168266582231e+01
2.587007706075780078e+01
2.680428926318704796e+01
2.847488872114625380e+01
2.226875841232609687e+01
2.527955158907579047e+01
2.750217230365964127e+01
2.568286176965620626e+01
1.623300801051652184e-02
2.971008733443187921e+01
2.794957598606878690e+01
6.567746303989753990e-08
2.602978686185575796e+01
2.658240442622997435e+01
2.746005932222811197e+01
2.999944498482538791e+01
2.561324601352739094e+01
2.347095868930400135e-16
2.645963889379320833e+01
2.790128802537878272e+01
1.509265319230222779e+00
2.701463181474865394e+01
2.802961168280470261e+01
2.729722767157442931e+01
1.000012888767627572e+01
2.847148448161368961e+01
2.624931213242202688e+01
2.679993077065571327e+01
2.832828160722912969e+01
2.571609948488414332e+01
1.491814093663513852e+01
1.308796981998017728e+01
2.771556730138765801e+01
2.391604766899523682e+01
2.740543655797927514e+01
1.346873310069224949e+01
2.853384472865077370e+01
2.623329139324965098e+01
2.473927445140790482e+01
2.357120757165814950e+01
2.601715735648507177e+01
1.098004078526771110e+01
1.076271065602608701e+01
8.838868693588439740e+00
2.099775017806599209e+01
2.709829049667276735e+01
2.716927770254743280e+01
1.092313473122881184e+01
2.158810874884843756e+01
2.611465284932317488e+01
1.983300910040141929e+01
1.396009801910387260e+01
2.860693409519999975e+01
2.341721559906980232e+01
2.509981496902792486e+01
1.441500167411924238e+01
2.692711394959715321e+01
7.681217119908287927e+00
1.360230058235304185e+01
2.556188724577421567e+01
2.296349043860488592e+01
2.592097081940336523e+01
2.735457011702094476e+01
2.790626607899048750e+01
2.866941213871115224e+01
1.704616177282670719e+01
2.667544973171805012e+01
2.861332991500668399e+01
2.691105292602264143e+01
3.663832023120914584e-03
1.390639027109975601e+01
1.035543184253422311e+01
2.814688304321247969e+01
1.978402154157421222e+01
1.902782195638264540e+01
1.439547642734382116e+01
2.411693559545996379e+01
1.144443748376454345e-12
2.509631937708748595e+01
2.466589087640111444e+01
2.565286957188617478e+01
5.545522751250125801e-07
2.537350922979448953e+01
2.764904778685706432e+01
2.683850227721433157e+01
2.742306718919542519e+01
2.390473180162027234e+01
2.670519589725636678e+01
1.641254448405694433e+01
1.164203706005620441e-03
2.677885344776893817e+01
1.684574210261792671e-15
2.454835239759659160e+01
1.535789327729400178e+01
2.538421830665345169e+01
2.799701201192315025e+01
2.635886172936340444e+01
2.660016739109996564e+01
2.585077932320594130e+01
1.298275160019939278e+01
2.656647556734971971e+01
2.152509967751768727e+01
2.929781428048289982e+01
6.356550293494477977e+00
2.614891143972487697e+01
2.890621099826683960e+01
2.526011088439064878e+01
2.461468950970365910e+01
2.296487471338260988e+01
2.220446049250313081e-16
2.694184842763052501e+01
2.854228957644250286e+01
9.378609593727047056e+00
9.212024190707875704e+00
2.779555772473309716e+01
2.383394111998008569e+01
2.815678392638005079e+01
2.311902171159682595e+01
2.693939240091011555e+01
2.700975520219603965e+01
2.761959335010121208e+01
2.707638275673135198e+01
2.955718420503674082e+01
2.449648399130139609e+01
2.586499329209535603e+01
2.379871799206876304e+01
3.399319652144892956e+00
2.804912068070049358e+01
4.430197653217295555e-15
1.482155897517411525e+01
2.688416698224168044e+01
2.725276301550801605e+01
2.585261410494095458e+01
2.208423068707104164e+01
2.474196554682515981e+01
2.435976864289312971e+01
2.675778343926474179e+01
2.568206143989890729e-09
1.242833984191597274e+01
2.591190384802402491e+01
2.277081760813441047e+00
2.640497886588782350e+01
2.542972534681664953e+01
2.011526080535895389e+01
2.736208252885356984e+01
2.125992595243728189e+01
2.534012748045785202e+01
2.502499411651480443e+01
1.817275344590692399e+01
2.537204306825839950e+01
2.817617878448982793e+01
2.078810725556993688e+01
2.677140432142679316e+01
2.654241769138612739e+01
2.853665361369102627e+01
2.598382955440084185e-10
2.779762507705980212e+01
2.460793767818210043e+01
2.587163231186184831e+01
2.494216230052983363e+01
2.425266508078301442e+01
2.501085677384807227e+01
2.493953253119290281e+01
1.052868176971350067e+01
2.714190759984261447e+01
1.338094486179827457e-09
2.382337995007897646e+01
9.955069763450049791e+00
2.784144785108497544e+01
2.760961200656020864e+01
2.628384199577501690e+01
2.717058403385793497e+01
2.660588403216800302e+01
2.697397673010681274e+01
2.830107477943474592e+01
2.605894837068305847e+01
1.134089930419356307e+01
2.518877675931015858e+01
2.931280550078729785e+00
2.400462268225612661e+01
2.443231531729971451e+01
1.713389088179445352e+01
2.609204873170122596e+01
2.690944830217133443e+01
2.927783147653809692e+01
9.060006583607002062e-01
2.649574254794307038e+01
2.754283398403562799e+01
2.521411069567498586e+01
2.643974086192948292e+01
2.530864259489089108e+01
2.306307043408734714e+01
2.624120533376088105e+01
2.552528243336117342e+01
1.549692967231788465e+01
2.558929698278661391e+01
2.430567868926034691e+01
2.806208546728854358e+01
1.726587290504631511e+01
2.280966029885335544e+01
2.427508897224148399e+01
2.593606629416349918e+01
2.776233141246264680e+01
2.747929495916584486e+01
2.469675107512401624e+01
3.028744231832147804e+01
2.759936920283314876e+01
2.520425842080798698e-16
2.727245067028654191e+01
2.113970338447262876e+01
2.881895900624988016e+01
2.559301191984469526e+01
2.669404957894741770e+01
2.681918741351533697e+01
2.784199695054972423e+01
2.422635470600987162e+01
2.492398003553964259e+01
2.803521280003932858e+01
2.510206719594627955e+01
2.679391626399211646e+01
2.757631880923353762e+01
2.463182568719728849e+01
2.693066784851112772e+01
2.666936648826851908e+01
2.512086584709198789e+01
2.866241251595348061e+01
2.785587446477845930e+01
2.044935290311548926e+01
2.481604093646823728e+01
2.418103176972502411e+01
2.605615414113141881e+01
2.753507151513278828e+01
2.365580609169647630e+01
2.629888338906637202e+01
2.410883796510152166e+01
1.252166466410757225e-11
2.589060898571981895e+01
2.072601614936939285e+01
2.539980150038210738e+01
2.496231216540652653e+01
2.676151547340988301e+01
2.687780008694338107e+01
2.795498981269730265e+01
2.740937105566927912e+01
2.939476197031834914e+01
2.535575610469073382e+01
2.542433422553449418e+01
2.506331414291125981e+01
2.461568499541555610e+01
2.681504947177415943e+01
2.690345806489103708e+01
2.646956195970605208e+01
2.651330771534031427e+01
2.780141162248049724e+01
2.428160524671762488e+01
2.456801448780542430e+01
2.510979134263056523e+01
2.713413479438335330e+01
2.529110534386170528e+01
1.625829663977983586e+01
2.821722426114594029e+01
2.764667835479049529e+01
2.177020025834436368e+01
2.603578604977201394e+01
2.535795717443670227e+01
2.574192585217566176e+01
2.651409105061280513e+01
2.570392978882588153e+01
2.204266273922728203e+01
2.602300667899717013e+01
2.878058534971509630e+01
9.356480050380351798e+00
2.433455564520412651e+01
2.635980361026983232e+01
2.158960531234256663e+01
2.415365071114664275e+01
2.694186585590020044e+01
2.943225506440935746e+01
2.414431398601683298e+01
2.418313474266892982e+01
2.783881905837050397e+01
1.580008347639500066e+01
2.634804532080659811e+01
2.058674111823698283e+01
2.396908561658766246e+01
2.119362969336438240e+01
2.853236923324848817e+01
2.673784563859610230e+01
2.691264350188555809e+01
2.598744789437905212e+01
2.236728449449598699e+01
2.673639593160665839e+01
2.589599328164727154e+01
2.665045336436176626e+01
2.493748185211705248e+01
1.243840058507663926e+01
2.428879584465654418e+01
2.871473724185279863e+01
2.595135242214377413e+01
2.661726477587798811e+01
2.901200017410331711e+01
2.457666086413040318e+01
2.579009113137603748e+01
2.832381761125534325e+01
2.346630743688589860e+01
2.657748545128476181e+01
2.351016817943132509e+01
2.788737327618089168e+01
2.667191657701618723e+01
2.657895488430031961e+01
2.356690234060238964e+01
2.464373925214359673e+01
2.496128263370950151e+01
2.598645204129771713e+01
2.628733073705266676e+01
2.615586279843145689e+01
2.499148110750481777e+01
2.867206457709686518e+01
2.767467756886266983e+01
2.363037906717414671e+01
2.558596270609300305e+01
2.749824309249355991e+01
2.619842610806172445e+01
2.570283482863213464e+01
2.606214275827775850e+01
1.253874046641382023e+01
2.722660163381558363e+01
2.599597558621788096e+01
2.837692557642798619e+01
1.836799405111585770e+01
2.106134083766112752e+01
2.818726435425219989e+01
2.826844866275305890e+01
2.501508291060793354e+01
2.733182244965944818e+01
2.665750780719540103e+01
