2.336544028316387086e-16
3.552278468543786818e-16
3.669867176317172415e-12
1.101555287872601275e-11
3.217906042408506417e-16
9.478923727068478105e-13
1.505529639259251746e-13
1.249716142053335318e-11
1.010063057771716956e-15
2.821873604534325035e-16
6.977760066722898292e-11
3.035007681685326393e-15
9.528252724160973523e-16
2.330410363284545314e-15
8.293935838276032834e-15
2.220446049250309137e-16
4.042697664255027692e-16
3.570490386182923052e-16
1.057864157851526350e-12
1.719762386467473662e-10
6.195989837989384257e-14
1.374565055962161182e-12
2.661941407650042295e-14
2.899848824824053974e-11
3.382884003235357328e-16
6.919493943604701121e-16
3.118204943735746429e-16
1.714392857616362130e-13
1.520900118697729475e-12
2.269163757038636170e-16
1.095524408645061478e-15
2.847713271768597513e-11
3.559677119036751548e-16
2.558475470888375610e-13
1.555627457258794242e-14
4.050339795060884875e-16
2.738086653790244427e-16
2.269619121693840705e-15
2.220446049250309137e-16
3.214193850153866007e-16
1.233363697948873208e-15
3.258306680813211587e-10
1.549325907476139589e-13
1.274385485027489447e-15
5.863694375552731797e-10
4.436931366690397661e-13
6.242696775418881963e-13
4.174735903120983435e-15
1.248064402973241056e-14
3.971036989815419647e-15
8.680884208988319804e-15
3.207313849230273255e-16
3.951349028167631504e-15
9.664589051371712067e-16
9.904092676891667133e-13
6.777286671757880728e-13
1.581160065382759307e-12
4.047983339625803881e-13
9.425276100641278738e-16
1.623690219834179665e-14
1.889092344005323853e-14
2.656845772859617472e-16
5.845974079237830238e-07
4.138714715474062599e-13
2.960755623408286176e-15
3.684064551396126052e-16
3.289639289430018290e-16
4.180913291005066555e-13
3.042626165633334908e-16
7.310148909772428885e-16
1.988152839548238504e-10
1.267824508677912251e-15
2.872843523292781025e-14
2.606268472219489962e-16
7.986128912667234488e-10
5.235098683168498134e-14
4.756262780929495472e-16
1.799742947409693252e-12
2.220446049250309137e-16
7.703621424382612482e-16
6.569068577341188345e-14
1.326428594396295266e-12
2.220446049250309137e-16
2.240611924109787809e-15
1.837906052644982319e-11
2.178468068868333227e-13
7.185371004083101311e-16
9.223293093954242223e-11
1.127428063698968287e-14
9.878173207192073230e-12
3.583485121839894870e-16
2.970745517586559344e-06
5.988464575928241168e-13
8.594204303029872849e-13
3.359347915172659198e-16
1.695961784896123630e-13
2.809529749955595972e-15
2.681233559023188243e-13
1.797507990980934881e-12
2.471562196121633863e-15
3.136778795084252122e-13
1.106571711278517362e-15
6.194760420149556766e-10
1.814770385757404339e-08
1.285944313472969637e-11
2.798153336650155082e-10
8.830965467767133629e-12
2.220446049250309137e-16
3.353458799926660568e-13
3.089252617495035427e-11
4.325401913871289295e-07
2.133579475983217641e-15
6.155991742675428268e-13
3.024308777888407277e-14
5.202119441986536695e-13
5.634191441943545456e-12
6.855643002406873614e-13
1.736253331348074207e-10
2.085837897813467225e-09
7.382905467437120279e-13
2.234001498367879595e-09
1.299645971850823362e-12
5.401340223908992608e-12
5.067995435114754361e-15
9.484924811031811092e-06
2.208066560192953634e-15
1.804804130470075771e-13
3.252847813822080761e-12
8.376437195581872680e-16
1.757784216495557308e-11
4.761730650727596991e-11
2.273976976613767603e-16
4.427082063708731941e-12
1.448179373028749771e-06
1.134026184142059178e-13
1.759080858814623547e-14
4.429608601968068406e-12
8.894499217563282632e-15
2.494459178520561652e-12
1.219702183469971259e-10
2.243275212687162488e-15
6.280693168079250511e-14
3.510300100646368513e-16
4.137838602000109863e-12
6.110330527358199208e-13
8.672957315169741235e-03
9.024693643732958254e-13
8.207467974777489835e-13
2.581542569583060651e-15
1.015038993902588630e-13
3.941750101946954455e-16
5.126830207246540656e-15
1.150887691697486277e-09
2.407357292086215970e-13
6.398290773453555629e-11
5.661963279182701282e-13
1.588830046906845578e-12
2.951051275657473888e-11
4.890324158067941056e-09
1.076541119512813980e-11
3.385385979764982468e-15
6.040191426772157064e-13
3.117015685258345866e-11
1.798272171747383045e-09
1.387864433991723966e-15
4.001150487196733968e-06
1.416905987697154015e-08
2.002835428038972930e-08
9.135063812841965101e-12
2.461171017903589452e-15
2.103878664147204149e-06
7.448461619380684748e-08
1.286684615602526971e-08
9.401707962560364038e-11
1.214328534802876740e-12
2.221072308333120732e-15
1.166504587145469387e-14
4.212787375977018206e-12
6.208644201595363676e-10
2.307099943237513918e-15
2.311483626942395784e-10
2.518047222518217401e-09
5.560727282237823249e-11
2.950556649764700411e-08
9.287294497476671197e-11
8.471464810551497594e-14
2.743116103085869066e-12
5.345817299977681261e-13
2.420748957564748452e-14
1.560135365067817191e-08
1.932679623576872716e-07
6.293713680345554523e-10
1.896578654139784926e-12
2.414743318707236828e-03
1.559583392969769995e-15
2.197834269861440470e-09
1.963102733404555175e-05
2.199970970217102882e-12
7.570761409028992985e-13
9.308300082271654163e-11
2.401043507067323754e-13
1.189527312450672838e-12
3.163069657332438184e-06
3.030802463848139456e-09
4.140659377561856704e-14
2.069700148056212844e-12
3.447251998035478984e-12
2.221237346873926719e-15
2.770989192205303707e-09
2.292468544113429966e-08
1.076670629561691344e-09
4.571906369414014553e-05
1.013942841287912996e-15
2.253251068961002877e-12
1.333744397707258952e-12
4.609849824423664323e-15
7.789123304169873974e-11
1.368148191582023637e-10
1.147168946580498711e-10
9.626913977230037393e-10
5.857455720729986183e-09
2.918590430521052767e-15
1.569051127839104070e-10
2.037688248062344046e-05
8.772708576775542725e-10
3.886222680277760832e-09
5.525031249725563041e-14
1.585276649022663459e-10
3.585494931872834134e-09
4.526340837447487848e-10
4.148302931753896136e-09
1.313881697183724859e-06
5.246724535404188294e-08
1.204217289051248066e-07
4.751094765699435366e-04
1.794617608226078767e-09
1.097515364232634391e-08
2.222047789797588404e-12
1.827673732714664242e-06
5.164732945873398748e-08
6.898834673544287402e-13
2.113250852025912413e-08
8.814294159748714619e-09
5.063219757977717815e-11
2.064051343428053898e-09
1.731351832670074918e-10
7.812858585109932186e-12
2.523092088096879658e-08
1.568336513017810420e-09
1.431149039384767286e-09
2.166859004010676079e-10
4.040028248825655564e-14
4.470784254800766450e-05
6.655610489370004638e-15
4.992328410519106656e-07
2.489675751274704162e-10
3.343223268771194003e-06
1.868517029577161206e-12
1.382624796302049789e-09
1.829127063108472450e-08
5.147572977542998996e-08
1.137567429655143191e-08
1.810235342138625551e-07
1.430664511087188907e-11
5.878914442717669487e-13
8.138760055877460438e-08
6.142854068751086754e-11
1.373471959148794194e-09
1.540176336416396935e-09
1.342138479439519716e-09
3.636860651001798535e-10
4.905448463221020131e-07
3.564741115940186777e-06
6.377417311212846436e-10
8.328907962591489134e-03
1.693944170177449934e-06
3.311358586102131139e-09
2.529648536071261175e-04
4.807779711409566101e-15
2.723204438762926216e+01
4.220875247858002911e-05
1.885622872618563844e-08
1.730440166284041650e-09
5.379706086881913743e-07
9.361536258931592493e-14
4.492676920274229739e-08
7.249726558345052641e-10
8.777431244292511738e-13
1.721655591040301956e-11
1.082432276526079507e-08
4.919086633387291574e-06
2.178471096168719396e-10
4.869762503269804325e-07
2.740015750168677336e-03
1.424765320933400539e-06
3.266056070489508436e-06
8.702921682521677063e-09
1.250414098678227824e-10
4.248306274509341391e-11
4.529856575287026593e-06
2.601646092052246810e-06
1.986503698420641301e-07
1.299663512300200696e-10
4.822077106422492518e-08
1.361611624769740748e-09
4.714589454446582667e-06
6.891501167035032383e-08
5.307611035750968116e-09
1.654900361122918503e-05
1.306632566356642850e-08
1.237299470970249486e-10
1.951775411468577370e-09
2.682826160512964843e-13
3.266421314176731437e-08
1.164335948831403042e-11
5.507446748936847506e-08
9.359478666077578419e-12
4.044677090939350852e-11
3.093216923705506955e-11
4.139033129550852654e-04
3.645394808505292815e-03
4.632561449233615698e-08
1.347843624323708968e-08
3.876782520524251560e-06
1.159161302043703549e-03
9.491898159954934263e-07
1.552722604841091030e-06
1.268751053058577750e-03
4.083400207829667243e-06
2.845482149636289648e+01
1.208759760115082782e-08
2.527676301475971311e-10
1.337966448513242239e-06
1.171080183183915296e-01
1.210187372839377598e-12
1.004795568976770291e-10
4.025560242318043744e-04
6.881581474277556982e-12
1.307490293159466340e-04
1.833826817010092153e-09
4.945407329130374618e-04
7.120231249601558003e-12
1.324246330361400892e-06
1.355994370914735686e-07
2.742114236816894229e-02
1.016306355981386536e-02
6.221139838660550301e-07
1.400262442834208321e-10
1.619662422160965745e-02
6.471147598828048234e-07
1.938852258818726442e-09
1.818808745358892763e-08
5.678095472293995953e-09
1.101971452615510592e-12
5.120861335803040745e-03
2.666616391243974959e+01
1.186138675286202947e-02
7.461117737306852474e-03
8.133671002470411332e-03
7.554166968432231993e-05
5.454360651004248160e-16
7.816423891524886304e-10
2.649297481126526158e-11
9.425769982067001840e-02
1.800172616766163713e+01
1.434859083772768944e-07
9.994846558274315182e-09
5.309863518158896548e-05
6.755351227937574921e-01
3.688787654502044234e-10
1.173738571860397961e+01
9.436315978552135545e-09
8.114618613392250983e-05
5.463850103228918896e-09
2.299686590439580769e+01
1.075989975998067200e-02
4.588107521707875415e-06
5.016357438247615947e-05
3.664789820069868325e-06
2.567494362523383084e-04
1.126187323850880068e-12
9.327623896753185484e-01
6.783918930814830684e-06
6.993552190750881338e-03
9.765834021760592190e-07
6.391056072816298774e-04
2.434759002279132320e-02
2.367113446970811174e-06
4.389629134951766338e-16
9.128981370976488530e-06
1.900167069247190826e-09
6.546514336579622092e-08
7.302740286693712446e-03
9.528113298094110324e-05
4.500899784963257865e-07
2.495915593511570307e+01
2.582829710078961370e-04
4.247404152008767753e+00
5.383990592506422137e-04
8.834791195650537263e-03
1.773159029706994128e+00
1.009900871300574085e-02
2.967904566512862184e-05
2.429610197063877663e+01
8.334943354750833783e-03
2.297550552568574105e-05
4.639589531493731682e-04
8.218813583969073264e-06
2.289532645060456977e-06
3.784280489916485774e-09
1.857881299179921805e-04
6.029033303725433307e-03
1.509210983512569971e-09
1.024217390186167172e-08
3.050770255089621519e-02
2.166523497996698713e-08
5.690203169801363173e-07
1.115045817936393006e-06
1.903486698378785391e+01
1.657926586291598721e-05
7.179189858762525384e-03
6.593205326835365181e-04
4.374195869045044395e-07
3.013713973042645052e-04
6.576856367138401069e-09
2.231863491167526359e+00
1.464177102954375442e+01
4.434965720154025303e-04
6.015218337008129511e-05
1.634410601006630603e-02
1.286441479639252421e-02
3.854078428562145858e-02
3.079413536362465755e-03
3.893233591669325797e-03
2.789935881001535023e+01
1.657096886774400078e-05
5.483512680266620579e-05
1.790950671719552932e-07
1.092710668418598308e-05
1.992533692605147753e-05
3.697555948415952307e-06
1.085335459879974291e-07
2.525469022791344137e-03
7.492062093604978656e-01
2.352496182228731780e-08
7.558550809197418716e-07
1.522393576452333377e-09
6.204916167840390795e-01
2.868140235311190944e-02
3.781365255103399958e-04
4.409711574938261032e-04
1.946051640604049058e-06
1.790027303879614205e-03
1.484798866561358715e-09
1.734980797652218598e+01
1.284378981640566519e-01
2.679737895732876751e+01
8.298895923010894391e-09
4.491704555006946755e-07
7.740930465960964291e-02
2.483641192458136808e-09
4.316719991608493108e-06
4.016120469915979735e-06
1.238905944130428045e-02
1.363358645402134954e-04
1.861777433717473401e-03
1.183153328784415592e+01
1.031786594310894817e-08
1.134654023172155662e-01
1.101404319155103802e-07
9.548269904574666761e-03
4.331102011949586480e-05
2.322059083823330994e+01
6.031744499289018600e-06
2.177622831076727650e+01
2.103131864032003334e-03
2.110888675584601900e-07
3.277662166411350280e-06
8.638349521102238526e+00
3.880064208496113512e-03
2.323627288943388436e+01
7.654067239865790934e-03
6.176986030259564942e+00
6.863161366323659252e+00
3.241644067238759822e-03
1.786106555264955276e+01
4.162026500758579939e-01
2.518647438603916489e-01
1.459074641390161950e-02
7.646150131471705080e+00
2.580229161578646013e-01
5.647307818749388156e-06
1.480598514973693769e+00
7.305066150657390242e-04
2.549454347944524317e-06
5.290736036413717521e-09
1.990587404066011257e-01
9.907071925514052482e-03
2.638821079886800175e-02
7.133064105072417505e-02
7.317045470044066865e-07
2.209084453402756054e+01
1.942925435092580200e+00
2.443204673743146974e-05
1.150135201122468379e-02
3.953961383214588295e-03
4.962723091813904808e-01
5.893401294686439681e-04
4.419447043194178228e-03
1.408454948628446957e+01
2.037664921513292482e-01
7.421306776259810611e+00
1.404103800966866444e+01
1.498852766749007859e-01
1.514329303058990599e-02
1.401901131955012869e-01
8.104862414707314894e-08
1.046847896400665868e-05
2.672284021691934441e+01
2.694173941919633447e-04
3.981733248513324996e-02
1.918661432444609849e+00
1.960420069760155926e+01
4.376943434408326006e+00
5.000286868710538180e+00
1.591190052901320789e-02
1.689714462022864794e+01
1.724781076081061256e-05
6.684810418439716267e-03
1.335445502589054087e-08
1.111708757246503962e-04
1.062208279051156390e-02
1.284094222662497842e+01
2.586393910133902452e+01
1.046234187387288898e-02
9.745821001157353725e-02
2.381300883075053321e+01
2.865099351009297093e-02
1.434248825022464224e+01
2.021175374188878573e-05
5.406241351538087353e-02
1.205055272959929091e+01
2.556456808593759078e+01
1.490537847600311230e-03
2.460487641982917850e+01
1.998502920825367823e+01
2.751495124852238661e+01
8.655673057284403796e-03
2.304712653599230521e+01
3.778941752873862803e-02
3.773431109886340095e-04
1.899108841000497705e+01
1.134123598691386126e-01
2.245180915134793409e+01
4.861421368369835930e-05
8.857106664298846678e-05
1.283800489046932469e+01
3.412825803549960919e-04
1.585574198114698963e-02
1.177199401255298594e-01
5.585970025237631251e-06
1.452836239356929582e+01
2.062951561181227333e+01
1.870786066625594601e-02
1.626719452391894549e+01
2.344428446407194144e+01
4.557811416710980221e-04
2.304445197324679617e-01
2.158125012646667784e+00
1.830749315230571006e-06
2.122235203153396199e+01
2.555199919684219267e+01
2.392826028130052762e+01
1.567510400772047924e-02
6.581253067880074248e+00
7.593534276438341547e-05
5.666400422130815961e+00
2.097060201757498632e+01
2.504304258013316151e-09
2.651825962452465646e+01
3.362346849120744635e-02
2.183481561086217226e+01
2.104929549367700403e+01
1.054304687921867156e+01
1.854353023282366217e-02
1.104908059375954779e-02
1.639783547376919515e+01
2.663608473427766299e+01
2.245334173449433379e+01
1.768549863713512948e+01
2.025006252725424361e+01
6.093427588688580698e+00
5.485058550683355030e-09
2.535452170887947995e-03
1.462677165895967801e-01
1.475364716731162110e-02
2.905089219394870562e-06
1.201544845528953438e-07
8.220355521265977350e-01
1.869097085657059054e+01
1.003226900216141537e+01
1.812648879894595311e+01
2.414536675441768310e+01
1.671382702701544804e-04
2.748594399580697001e+01
2.624785597445759677e+01
2.431380832213496390e+01
2.603917693212015649e+01
4.473369435284224940e-03
1.763912416817125107e-04
3.572163289043723579e-03
1.266905859473661539e-03
5.623503592057056917e-06
1.463603647543715880e+01
2.137022737752152651e-02
1.326353010250304852e-02
2.122282199557043114e+01
4.944888076496332663e-01
2.589954132680084342e+01
8.659288447469331781e-03
1.712598409539551447e+00
1.390136684730026474e-02
8.240610389808271374e-02
1.445680160702296213e+01
1.051928666259715328e+01
2.340936075434624897e+01
2.536790165361204430e+01
1.604800468098772220e-02
1.094092516944440187e-02
2.128943990997549446e-05
2.398020515477878334e+01
1.859239809492968476e+01
2.051563599873102461e+01
3.321179044894088071e-03
9.596410020887131639e-05
2.606009674580542068e+01
2.284293524143313547e+01
2.362526502599362388e+01
5.707922574500903052e-04
4.066476362945802455e-06
1.151183454723502253e+00
1.524166585735813539e+00
2.671834364390346730e-02
1.779832353929682043e+01
1.047454887162065605e-02
2.392325145079755444e+01
8.596235470354415820e-03
1.981743964783441569e+01
1.031838041540712014e+00
2.728013643493276064e+01
2.519018103813019138e+01
2.276747389449647230e+01
2.750704548066362776e+01
6.107566543791379671e-02
1.881306792353782398e-01
1.866019559727712007e+01
2.608670191635281199e+01
6.805608460913221969e-02
2.425337302311912779e+01
2.787771104203045169e+01
2.656819969154259908e+01
2.590132640305164102e+01
2.533336826421307819e+01
8.553164379023948882e+00
1.049410623835087719e+01
1.742178088720009593e-02
2.066550012733516795e+01
2.621732691147333583e+01
1.599117536134259687e+01
1.432922428503374057e+01
6.589731404814188620e-01
2.073143014592642430e+01
2.527652150616756543e+01
4.861902801306697164e+00
2.748200380571955037e+01
2.261999588313410570e+01
4.703465366177164153e-01
2.074435582830702174e+01
2.074523937223802506e+01
2.569364723980737608e+01
8.023089228716353757e-03
6.847118690250705028e-04
2.291726415471967166e-03
2.730368687162046015e+01
2.474124564547752669e+01
5.608302038302070969e+00
1.331093115992001141e-01
2.551969753844546318e+01
1.194926644455008002e+01
2.556162513877536721e-03
2.379184455334085513e+01
2.021337072038053506e+01
2.393682880337642160e+01
2.738488163933499564e+01
2.200272283321372768e+01
2.364348516613163298e+01
2.364226758982952603e+01
2.128939114503172902e+01
1.040923433995372301e-02
1.193987484966008594e+01
1.923133715273386102e+01
2.731097167594101482e-01
1.276835918111535878e-02
1.948492648122626036e+01
2.300519489329237999e+01
2.084323915144498685e+01
5.727206530285733344e+00
2.081778742049667486e+01
9.826132462651078481e-03
2.345554975724225955e+01
1.652252629400383199e+01
2.261514256677802237e+01
2.162165630540469508e+01
2.538087828424299630e+01
1.955917817870130193e+01
1.653804057196056476e+01
2.383717485982061746e+01
2.665160041910115396e+01
2.590857629901147874e+01
7.395273785262633515e-03
2.234223125155224920e+01
1.675360004380739909e+01
1.625398830348341406e+01
1.783728758947872706e+01
2.175578542805475735e+01
2.066551266444893997e+01
1.005726704680178808e-02
1.470659167683322985e-02
1.938273572575968018e+01
2.692613185595559600e+01
8.232506812401155574e-03
1.052379342483399614e-02
2.635113311263776836e+01
2.268815127951332045e+01
3.335575619203377418e+00
2.314428745077971783e+01
4.635936061936541397e-01
1.999253013466943329e+01
7.142531016991958415e-02
2.436556077854929825e+01
1.951149087297377704e+01
2.590496180890215427e+01
5.616525476354411461e-02
1.254380524437343977e-02
1.583363546205040784e+01
2.620163575369191022e+01
7.636575390311098888e-01
1.122354718133753693e+01
1.540774369090553542e+01
2.496316693709581713e+01
2.757567724019848754e+01
2.235639043337118181e+01
2.563381388370029867e+01
9.017404855222526175e-03
3.349949738107572905e+00
1.819639978474857145e+01
7.264566863481542938e-06
2.591511827954608904e+01
2.370581664754821816e+01
2.064691194365267890e+01
1.389412530591206263e+01
2.451911563018274265e+01
2.671430128673774007e+01
2.095760690276610205e+01
2.329611972716325852e+01
2.619796330223072545e+01
2.366619262614264230e+01
2.621808100864446089e+01
9.361254405861824779e+00
2.636652543709231367e+01
1.367745581467943516e+01
2.630359148140096437e+01
2.218482275646374191e+01
2.605975238594597698e+01
1.041760507359709709e-02
2.269288449070757707e+01
2.628242689244855512e+01
2.210563549882820311e+01
1.913656234351375218e+01
2.145596589994401171e+01
3.738177371228317003e-02
2.423338222856725466e+01
2.454307770458159510e+01
2.143238565333071222e+01
2.126126797750987052e+01
2.442537512780985054e+01
2.299840161424084783e+01
1.105873902593914118e-02
1.077054955238903287e-02
2.472796430302304316e+01
2.563249639090234311e+01
1.733378501316044051e+01
2.439019002424193516e+01
1.582552748452712571e-02
2.337013003382991272e+01
2.546936045433328033e+01
2.596106144218119027e+01
2.626217431544533909e+01
2.572188651397214798e+01
2.360999541489908893e+01
1.954837538923537821e+01
2.157640292412069982e+01
2.381850411311146609e-01
1.737881132581742705e+01
1.031943936146618307e-02
1.384827689213891588e+01
2.099942296005445641e+01
2.526712713025338886e+01
2.030989825552566685e+01
6.119189765262201819e-01
1.752838132165256724e+01
2.000503410035642204e+01
1.744332889927816055e+01
2.382556080263312737e+01
2.435501671691207193e+01
2.717500693202848439e+01
1.887856350929443039e+01
2.599205106858591563e+01
2.372221287428505221e+01
2.250731834837958445e+01
1.633835852850339110e-01
2.382224079380333492e+01
2.176226028162979276e+01
2.663137049979595616e+01
2.646644739006608305e+01
2.160699655815698250e+01
1.899081595230234853e+01
2.569426541739788306e+01
2.248808980838562377e+01
2.701117079811742627e+01
2.296965456492391366e-01
2.586319138015587171e+01
2.280367383740887632e+01
2.751589517235437654e+01
2.607495660176227403e+01
2.749539044547231015e+01
2.238872959773985727e+01
2.351779011867828828e+01
2.686733351068627229e+01
2.568689896836954389e+01
2.700094240920912725e+01
1.666930408816095266e+01
2.219567567384720874e+01
1.383120738339797029e+01
2.237681235967608728e+01
2.403288943874240147e+01
1.199136044274953967e-02
2.245846466890729687e+01
2.494773042076133152e+01
2.442712569138677026e+01
1.356450131529141601e+01
2.265066180137405283e+01
2.696552813003496141e+01
2.574835691891625444e+01
2.635641241707063287e+01
2.029392162487294371e+01
2.526121933774106054e+01
2.704960029850575509e+01
2.667521601930953068e+01
2.308928220302628631e+01
2.468512630650526418e+01
2.623446094325169398e+01
2.740947247863859815e+01
2.374290789331474016e+01
2.586637360357560422e-02
2.630327261734782240e+01
2.634487974324033388e+01
2.724609505216556826e+01
2.792448360051158218e+01
2.159277804494945485e+01
2.820939708295552251e+01
2.233874488782033652e+01
9.494646443148700710e-03
2.748535620194294893e+01
2.635771795838297749e+01
2.220923018839899399e+01
2.592362909838530172e+01
2.615625386602178537e+01
2.686316597685049956e+01
2.621142105441897385e+01
2.596343974975060576e+01
2.708950505842367917e+01
2.698347838450013114e+01
2.326658500866868096e+01
2.030128175879213970e+01
2.553105631675698461e+01
2.063732281154337045e+01
2.420271535278036623e+01
2.763349339292345874e+01
2.061376283820348476e+01
2.343487531269872903e+01
2.356693108276297366e+01
2.465014354344756242e+01
2.596392524270887492e+01
2.644696320447314619e+01
2.294574280889088769e+01
2.385443963111490717e+01
2.268499857509679529e+01
2.284525528841557573e+01
2.356301293350076520e+01
9.026570072239145648e-02
2.157563415056830181e+01
2.576862389096743655e+01
9.559779892064988440e-06
9.377891384065375036e+00
2.649645082508241956e+01
2.672527136708098183e+01
2.056965843428377028e+01
2.402690420793482318e+01
2.458640293659060916e+01
2.371565297599784472e+01
2.685097582293744978e+01
2.683717777117347580e+01
2.083563273769574664e+01
2.729508313936205610e+01
2.692985561214176471e+01
1.423453036590084653e-02
2.685241233753578882e+01
2.709541316507184661e+01
2.628176210339005792e+01
2.569829913972252555e+01
2.280873787206019188e+01
2.623666930640059647e+01
2.657704397476077673e+01
6.365035743638283554e-03
2.707025015292644277e+00
2.602830742802887443e+01
2.583876289854899611e+01
2.534112252569417478e+01
2.336905402220125438e+01
2.494509734175237625e+01
2.691101478679003733e+01
2.541120862549717430e+01
1.389236774693521248e+01
2.325490124169301609e+01
2.719601602503908921e+01
1.982205844642565751e+01
1.501127520661394499e+01
2.606192444085094095e+01
2.411676057464912049e+01
1.255169672982681117e-02
2.659319137051814508e+01
2.734069910056958008e+01
2.243100755710843330e+01
2.560787052438476508e+01
2.668992469754762098e+01
2.298769001402563461e+01
2.616471316721995777e+01
2.481697701826512414e+01
2.269930575784413662e+01
2.224202379226160886e+01
2.798513341293928747e+01
2.551938340027158247e+01
2.575916891237740103e+01
9.629321264031960939e-03
2.431670200684787631e+01
2.569442072018498635e+01
2.093440171072001021e+01
2.627298467317852726e+01
2.705898321688071562e+01
2.006674252594955377e+01
2.191758529481683837e+01
2.833699740097805275e+01
2.233182744060109215e+01
2.612666845709577501e+01
2.500209414248929818e+01
2.653094619864559078e+01
2.694784832531719942e+01
2.691789098452755624e+01
2.552238414078793483e+01
2.599371049455897875e+01
2.671451306394964575e+01
2.311017689342899928e+01
2.668094800085289720e+01
2.718402639972578072e+01
2.624905442494147323e+01
2.203710407799878723e+01
2.611028293219330010e+01
2.644152050698723855e+01
2.307632081740715790e+01
2.685024179811119538e+01
2.285646895762588215e+01
2.716579086552380318e+01
2.578691180910201908e+01
2.071642093876498336e+01
2.542721555983400350e+01
2.610521964026348130e+01
2.577551816368364612e+01
2.616281770250724747e+01
2.627098467858689546e+01
2.327024935542938167e+01
2.556271440578173326e+01
2.311471442257369091e+01
2.592047246616224498e+01
2.411958908487826747e+01
2.533158838285790182e+01
2.447673713280493857e+01
2.375437750557265915e+01
2.649827540465557618e+01
2.604568421423583757e+01
2.560152593160114165e+01
