4.401677588128155548e+03
7.530460680843780210e+03
2.377935945691186134e+03
8.762164634147497964e+02
8.880472695954900701e+03
2.119989580352785197e+03
2.646854325837735814e+03
3.597299606743737513e+03
6.380950595931837597e+03
3.821273570232615839e+03
1.785957991049855991e+04
4.460466424748803433e+02
7.688723156275439578e+03
2.778119421906541447e+03
3.124103534723009943e+03
3.648617177746173184e+03
4.504500022961657123e+03
7.289989723403662538e+03
4.038902708745924429e+03
5.851483401000225422e+04
2.161856862063876633e+03
3.344447448271073881e+03
2.137029797322305512e+03
9.950556716731218785e+02
6.725964496408030300e+02
1.714595230736320445e+04
2.282494755297639131e+03
1.500302547289225458e+03
3.060818230606335419e+03
1.959956493331865204e+04
2.823967704658919956e+03
5.593823745611109189e+03
1.478688882409670441e+03
2.239998115447104738e+03
8.715988613566802087e+03
7.515686921908932163e+03
5.064152272727019408e+03
1.073101656406333404e+03
7.207019683727459778e+03
8.250365325530023256e+03
1.145981630468833828e+03
6.195309726107743700e+02
3.751536754939940238e+03
4.409891975799189368e+02
8.831120591035394682e+03
2.343550765049997153e+03
1.356465635986658526e+04
4.761813340307407429e+02
7.400090259959962395e+02
7.234253726371908897e+02
5.667053328141566908e+02
7.857648812402655949e+02
3.621124868857973979e+03
2.582940632749294309e+03
2.186998783265185466e+03
1.105107272111679595e+04
3.081212238612277724e+04
1.287684883781242661e+03
3.863233064441837428e+02
1.073550402084987354e+03
7.677156013570563118e+03
6.319499185501153988e+02
4.202392264421903860e+02
2.151992132960647268e+03
3.408855326585981402e+03
2.992793001011811157e+03
8.811872196647767623e+02
8.420617388252438786e+02
3.832746644141946035e+02
9.913788014240293478e+02
9.740004109122211275e+02
2.122753159813123602e+03
1.476703689305217040e+03
5.498400235369779693e+03
9.945758203069101455e+02
6.379473042322224501e+02
1.639375644285798217e+03
3.878139543134082032e+03
3.743554215210558027e+02
1.739925222318168153e+03
8.007808679975972836e+02
6.905860386532232951e+03
7.241937342247995275e+02
5.346329984716247736e+02
6.461930097938400195e+02
1.163545572937788711e+04
1.484235756400006494e+03
5.180673113051627752e+02
1.174101918657130454e+03
7.308116521398376335e+02
7.909017587565673466e+02
4.414291595058407438e+02
6.376668561321223478e+02
4.436419761630461380e+02
1.837885370696913014e+03
1.049320179274318207e+03
3.862158375004430127e+03
7.276925168397070820e+02
6.373661795547404836e+02
1.827046595284581656e+02
5.156472676628753788e+02
4.366370710951982801e+02
2.795599744130749059e+03
9.638768833496161506e+02
3.967753554422521574e+03
3.253135022300812579e+03
2.068371475958682311e+02
1.156806977021406510e+03
2.127938522267998849e+02
7.992559263914188250e+02
4.329261585067339979e+02
3.496300513778092522e+02
6.522937301895142355e+02
8.821611039148993996e+02
1.433957232378925710e+03
9.189768206909093351e+02
2.184512933701124894e+03
1.653215715008089683e+04
2.258872367325866151e+02
1.626419562125310449e+03
3.049929375501997129e+03
1.001790127069322807e+03
6.885817895758282248e+02
1.090196336911848675e+03
2.530895392202810683e+02
3.393527564332299789e+03
5.269251374415123337e+02
5.528271030671423887e+02
5.162654322574566095e+02
5.392188884798882782e+02
9.670947344187868566e+02
4.391986053616408299e+02
2.770677025344897174e+03
3.133556544867361140e+02
1.589586139099093771e+03
7.162058725904705625e+02
1.584025211493454435e+03
1.530376736376238682e+02
3.526846029552103232e+02
3.246815029897297791e+02
6.501246481823602608e+02
6.497405719599471468e+02
2.280173437560141281e+02
4.079751396234747745e+02
1.588359207081014688e+02
3.806055788722296711e+02
3.105102863246601146e+02
1.871674658925945494e+02
3.149164758544673987e+03
1.370753748568163530e+02
2.186114650189423685e+02
3.700513481269350109e+02
3.926491557819889522e+02
3.186456856102537927e+02
3.206357397675327547e+02
1.717830399211090480e+03
2.471577201265736221e+03
9.476627341065493226e+01
1.238735693875838706e+03
1.855416261098406494e+02
1.325673928230881984e+02
4.661476864616622606e+02
1.241770215325114179e+02
3.602502693009852237e+02
2.707547980242769086e+02
3.012222343075532081e+02
1.178187066799643361e+02
4.191620124375399996e+02
4.534558043657906978e+02
4.261775742915037313e+02
4.040792165386849888e+02
2.890328408202767605e+03
3.851597567300617015e+02
3.830083016113515555e+02
1.056019786027894270e+03
4.435550400272383058e+02
4.118638313715886397e+03
1.889846648075723010e+02
1.362332043255817098e+02
3.163537950140859039e+02
1.732124183695088391e+02
9.613176981704860964e+02
1.436570077968004000e+02
5.442582711319872715e+02
8.968445312895412371e+02
3.616180416387044261e+02
2.482250107374600816e+02
2.638414712580986361e+02
4.621712654300483223e+02
1.358371618213407999e+02
1.212524781740026896e+02
3.442408229814506626e+02
1.281732347074689926e+02
3.335002865334608941e+02
8.350296712711747205e+02
1.225183623349889217e+02
3.003043373909810612e+02
1.025782717552210443e+03
1.442247815048706912e+02
1.711344966397762448e+02
2.105405863828129895e+02
1.979808730995881376e+02
9.509625201162576502e+01
3.747021192576106614e+02
1.536931818790152704e+02
1.799600963752886287e+02
5.449918799131983604e+01
1.228196126194069109e+02
8.615569990179163540e+01
1.132325468632868990e+02
2.234445880890449132e+02
2.253186038768964465e+02
1.804240922268507745e+02
1.146448355358620717e+02
1.700607962905186241e+02
6.872689218574722645e+02
6.581055223230500815e+02
2.559605287747927491e+02
6.064933982631052913e+02
3.272475297447168145e+02
2.950820944020724710e+02
5.805680232982343369e+01
1.061370276673345643e+02
9.947195373773195115e+01
2.834656527224560136e+02
7.593940094579789957e+01
1.590762551790582506e+02
3.093553997670785520e+02
1.189267506899095963e+02
4.047809585646197661e+02
1.036081182346369360e+03
1.229636588038459735e+02
2.441091594850099114e+02
2.643370269120748617e+02
6.670886824287292711e+02
1.996248360231388119e+02
2.706602043705026972e+02
1.298477102974193826e+02
5.642870511281740846e+02
1.438884098438009573e+02
9.814140445653309541e+01
1.540656452753082704e+02
1.029985244379586078e+02
1.249985740899656719e+02
9.912193612169168944e+01
4.095764481074625252e+01
7.414884594738740020e+01
6.666868697547661213e+02
8.566692816183302739e+01
3.309892668442024615e+02
3.022932130486241817e+02
1.737714243405804950e+02
1.072613818305929243e+02
7.514853482556884501e+01
4.246387911104831119e+02
2.368822051911077438e+02
6.882805272096145188e+01
1.334301113071614111e+02
7.348920322934459648e+01
1.609087687666755926e+02
1.209479665613517341e+02
7.832729322043000764e+01
1.237195872507170691e+02
1.809992264618592799e+02
6.574884244036429948e+01
1.108794546859490708e+02
1.776262124845486028e+02
1.684416331517565197e+02
5.919568094878529507e+01
8.375303129871525698e+01
1.247201163431486322e+02
7.758853010290232532e+01
8.718541999411003474e+01
3.643494877267997367e+02
8.273608411587234457e+01
7.921330925120716415e+01
1.471940806278236380e+02
1.840735527402817979e+02
1.180623759579466139e+02
6.501187115916282266e+01
1.218535195112445848e+02
1.014070254104961322e+02
1.086834523553177121e+02
7.824936141739617312e+01
2.548369268461532613e+02
8.147797530807871169e+01
8.251437909940685245e+01
6.318387836597434415e+01
2.278911578911656477e+02
2.792595319386698449e+01
2.183384854118529859e+02
1.300443576304955400e+02
1.262052757676541574e+02
1.174089951692555900e+02
4.601042737266515559e+01
1.052214518533764931e+02
6.694817713959827188e+01
1.096532490818769787e+02
8.308339061863094344e+01
9.885115822794097085e+01
1.707757991006272675e+02
2.315468055171268702e+02
8.098188960086967825e+01
1.259362133898366949e+02
5.221194211713893196e+01
3.682421249529487284e+01
1.012716759883126230e+02
2.201244381357049065e+02
4.221254637721177971e+01
1.077888629426856255e+02
2.894190039701939554e+01
6.167021883857347575e+01
5.797769241287538478e+01
4.596767159643398060e+01
3.682631724851273702e+01
6.330342563662158994e+01
3.853488345714136187e+01
3.965950851582093151e+01
2.811316720485696763e+01
5.173032593411603841e+01
6.848681241989757496e+01
5.556638753942020230e+02
5.800991883541744443e+01
1.760799782359203505e+02
3.284730828327280960e+01
3.910996043313044623e+01
1.077955202649696673e+02
1.594613771275586203e+02
1.152285200917464607e+02
1.232372381228940839e+02
3.763322626923140746e+01
2.839338711883135602e+01
6.135415037639143776e+01
1.541691965962370432e+02
8.960758175482402521e+01
7.112842616195393930e+01
3.649036094754379889e+01
2.074726664045438724e+02
8.569761236478559852e+01
7.681458043805497482e+01
2.648800744634541005e+01
1.141434858263994840e+02
1.443409268150462310e+02
3.871526360035790759e+01
2.657892311245690209e+01
4.289049512438664635e+01
3.237133282869679363e+01
2.266741472409270486e+01
7.758662583387038580e+01
3.460394461854133397e+01
5.298606272096267134e+01
1.019825979235355931e+02
2.882337914744542573e+01
2.358144497539040572e+02
6.544526052405007022e+01
2.096472256539722778e+01
2.680040492475760630e+02
2.530255622476147721e+02
2.877153351424065164e+01
4.142795372012218991e+01
2.641618242187514198e+01
8.566736073056848966e+01
3.358296866597469688e+01
2.787854049334285023e+01
2.761380252404203262e+01
2.976755764044881047e+01
3.842826131497034936e+01
1.030605840595259366e+02
1.404928399652190762e+02
6.443605006364191468e+01
2.094563297332734564e+01
4.435386303150037435e+01
3.926657952410179320e+01
5.191083361142909780e+01
7.743140781197359956e+01
1.531178925031469475e+02
4.108320784084691013e+01
2.308141763329030738e+01
2.384821659890509693e+01
4.432811212497389874e+01
2.914521319644836339e+01
4.448069092341039266e+01
2.027570006834055221e+02
1.327389828235721723e+02
9.399902015291726798e+01
2.754171062091275957e+01
4.606705343522256868e+01
4.975384673995829132e+01
4.153001800421328227e+01
3.247133907207600600e+01
6.543884552329973303e+01
2.913605637696557693e+01
2.339848957206054081e+01
4.162322457052095359e+01
3.597197636231160800e+01
3.384032294889346559e+01
7.312767154872227593e+01
2.904529164351239956e+01
1.866591591341195056e+01
3.022819224723803089e+01
5.149100071227375963e+01
2.233104521372518647e+01
1.923226230280723570e+01
3.376852148392423913e+01
5.629558122975254264e+01
3.418520744233966013e+01
6.345964096254433429e+01
2.159321149927276551e+01
6.462473747064751706e+01
2.914179460956526668e+01
1.995532608854479406e+01
2.058866794995559601e+01
1.039440952759587447e+02
4.742186193481604306e+01
1.688683876861816202e+01
1.494302566224601847e+01
2.724799500148064269e+01
3.198594742811253155e+01
3.609405005843675696e+01
5.542702796276720534e+01
3.751681599946178380e+01
1.856728782485998863e+01
1.786008761597706496e+01
2.591090185779518151e+01
2.014539566208374310e+01
3.632995463339415920e+01
5.151053260518660437e+01
3.069283671500376798e+01
1.815514742402451276e+01
5.778864706828954922e+01
7.504473761948838728e+01
9.200577413098284296e+01
2.146884926073707689e+01
2.891549256132588042e+01
1.965511917154060484e+01
6.915961151990757116e+01
3.654103063768970117e+01
2.667241180612243312e+01
2.614663171536863473e+01
1.256095918338823836e+01
2.281207312060546144e+01
4.638485316680328907e+01
3.080476773742442020e+01
1.380206153973692196e+01
3.504000382577174122e+01
3.134495894792436133e+01
1.407785594445062749e+01
1.533114124177182092e+01
3.395870075551853517e+01
4.562254182903647148e+01
2.838793684412316409e+01
1.533789858688798802e+01
1.442448911748349971e+01
2.044065156178529463e+01
1.892342620698358147e+01
9.816097669452529928e+00
1.899416031983139774e+01
1.767170482603732040e+01
3.289357894433149454e+01
1.610862398120086425e+01
1.794346482943311116e+01
2.763592098328290803e+01
1.196627395994365983e+01
2.255607839148895977e+01
1.127025050316310306e+01
1.474789565853891737e+01
7.935460819085847106e+01
2.058607104278133804e+01
1.322109314465156871e+01
1.573674478532917753e+01
4.589233251673415026e+01
1.806523980151104780e+01
8.865487989548920922e+00
2.507717536290205729e+01
6.713648275641303087e+01
1.593676868294209292e+01
4.133710405896761131e+01
2.013468279248770187e+01
1.854683524767467517e+01
4.508285369270917897e+01
3.115057641670433597e+01
1.683118355658750787e+01
3.745634821704682338e+01
1.344856132030301588e+01
1.016045154266225836e+01
1.087226501885918317e+01
1.785700730558412275e+01
1.257366730218162765e+01
1.041657704639814419e+01
1.321018820277175720e+01
2.024762503297149152e+01
7.252026951631539653e+00
2.421794654685237802e+01
2.611815554162287256e+01
3.693493903436878867e+01
1.455632004198547946e+01
2.050107335997583391e+01
9.675654422095137264e+00
1.877146196370985365e+01
1.090268835423684912e+01
1.625549273881451739e+01
2.080037382793511824e+01
1.214913603775965711e+01
1.226397652568504171e+01
1.597073803819078464e+01
6.802319653615736428e+00
1.395071081260089940e+01
7.748772455091337719e+00
1.339290048758610396e+01
1.261214955936140392e+01
1.511710142406549195e+01
7.307085700881021495e+00
1.376116208231918137e+01
1.244437270340836754e+01
2.335938995431784448e+01
1.303166396255674542e+01
7.484322185349996381e+00
1.269120880463610668e+01
2.371037249338655073e+01
1.800491180811172853e+01
8.878641870998439600e+00
1.272576635869688211e+01
1.167635243840909887e+01
6.547824947314113686e+00
1.059165003475069433e+01
1.047119566418421854e+01
8.778029754782835425e+00
1.402148967746345498e+01
2.228810640136320487e+01
7.404914452070962660e+00
1.319329578001963910e+01
1.000167271603232244e+01
9.894935010292293498e+00
6.571361494001691561e+00
1.218078841586781813e+01
2.003535085452698539e+01
7.868545994087157602e+00
1.552089743278465050e+01
5.633436813097064899e+00
1.535606738470422350e+01
8.304018445241801771e+00
1.233402380562122502e+01
2.017121222339939735e+01
1.941132226988281673e+01
1.356330005997925348e+01
1.641956760012430649e+01
1.104617667384615665e+01
1.552577549111835253e+01
5.389043980167542713e+00
7.851406193385911614e+00
8.330718224686224360e+00
7.742811775510105576e+00
1.023091735045765027e+01
7.860480831963172932e+00
7.739585517485220834e+00
9.179193603423936310e+00
7.352007379010463417e+00
6.681889739156909869e+00
8.750332114511262915e+00
1.189505195111526703e+01
6.323074766097477095e+00
1.641901307391356823e+01
9.251982046988645791e+00
1.005365285726116120e+01
9.517763750006380974e+00
5.427009274291962448e+00
1.320367343166013718e+01
1.227425631462512534e+01
6.530989021389803639e+00
8.545400136277056191e+00
6.360184411831573570e+00
8.646968775504562998e+00
1.183113968016350448e+01
9.435710913462724392e+00
6.833847054869872650e+00
9.173243024508748178e+00
4.793566431416358853e+00
5.379894857509027517e+00
8.667760444139171128e+00
6.291343206148205525e+00
8.583515300512450708e+00
7.501830722047487576e+00
1.160094376201134558e+01
7.959688085908538824e+00
1.023819178154442611e+01
1.434267281683242778e+01
1.953401092329042399e+01
7.200687218128874356e+00
8.474368551872954569e+00
7.195127722543804616e+00
6.973723693146063773e+00
5.069643744256158158e+00
6.195183465411799872e+00
7.021339816516819710e+00
5.002657060812057743e+00
4.642884154966400168e+00
6.649472854186557313e+00
5.234337185924305302e+00
8.623461761893649324e+00
3.263815800333367889e+01
8.233844998677533056e+00
5.323614285103376531e+00
4.618664068075501561e+00
6.007136608196546490e+00
6.929891444103612130e+00
1.659940893698874120e+01
5.140937124217407117e+00
5.130457028028876820e+00
5.580661988409215901e+00
6.211256228516605304e+00
7.095544271851708551e+00
7.082010896883993212e+00
1.050150790934594447e+01
2.083243883856616563e+01
5.290137210974344306e+00
8.157736187409394546e+00
5.053550035578102673e+00
4.330118993710083686e+00
6.292123455163286749e+00
3.215846218783629862e+00
7.490983392827223142e+00
5.437313071661144193e+00
6.271367948339054976e+00
6.018370172549561303e+00
5.856324007726516179e+00
1.010397288026285345e+01
6.238594050700185356e+00
5.861450883139293744e+00
8.001828873087248439e+00
4.682414076658147906e+00
5.252975674863646027e+00
4.020324485852715846e+00
8.908814120306606910e+00
4.338622539900923059e+00
9.832228768873974900e+00
3.918134525302273019e+00
4.770235437687147417e+00
8.689598083242264792e+00
1.820469368221591822e+01
3.728579444359346518e+00
2.302353605234074507e+01
5.293534652129440410e+00
2.287768467447363463e+01
5.017864126130734626e+00
9.915294108534965289e+00
4.878021942360089902e+00
1.144997428704372489e+01
5.324115913237571718e+00
6.834727749385448803e+00
4.918557816882072053e+00
6.026623749645188433e+00
5.243670874308091534e+00
5.179536219362939953e+00
3.943098396946988160e+00
1.210284688203385350e+01
5.005448223585545087e+00
4.480907183826158047e+00
8.541468699203907278e+00
5.987767933777147888e+00
5.035241203601557025e+00
4.346616955746928745e+00
3.684595093121776355e+00
3.717481462426520888e+00
7.064908818550801328e+00
3.573908809862409441e+00
1.040636940288597678e+01
3.554432534545734157e+00
5.178199184827692036e+00
8.559278304850606034e+00
3.716471376708536667e+00
3.712754237831712878e+00
5.240704063523067724e+00
2.969226432850778252e+00
3.188918928208484882e+00
5.849524397115716923e+00
5.804598286439299315e+00
7.676929785842061982e+00
3.442554145157069811e+00
3.129983555895107461e+00
5.786130730822970136e+00
6.368867082620797149e+00
3.093218090623465422e+00
5.265529528477999044e+00
3.684952935382429295e+00
5.712328374712668300e+00
8.017563580113579391e+00
4.429027403575814148e+00
5.388452674975269474e+00
3.624567746624779652e+00
3.503530756187879458e+00
4.170612836128920975e+00
4.328876931861397992e+00
2.892680671378844881e+00
6.800430943386142069e+00
3.771083950290624376e+00
4.322648483734365499e+00
8.027427431942104619e+00
3.369561673531691781e+00
3.142882468348507263e+00
5.961970849354491619e+00
2.884242687265376137e+00
3.451348820228941960e+00
3.299633512039087169e+00
2.446900328362242139e+00
2.988441585579340032e+00
3.550679886427356546e+00
4.465155415972386521e+00
5.115524075619548583e+00
3.059413784646686452e+00
4.606376166606408695e+00
2.853678696876913889e+00
4.271822649325085486e+00
3.532367390276284436e+00
2.777979033694622402e+00
3.795302171911771882e+00
5.128869352429996198e+00
3.932415465125780774e+00
1.052667294418229282e+01
3.249629657625237478e+00
4.164325583436021105e+00
3.895324174212136725e+00
3.062834996198517068e+00
3.643676625815314374e+00
2.583616121537924748e+00
6.584519707472586525e+00
2.923312111563050930e+00
3.102600757768341655e+00
5.877739019528554820e+00
4.584341489417758098e+00
2.438750630078009518e+00
8.690866584905034387e+00
3.752034409513269164e+00
2.437786924662591836e+00
2.624198465032559380e+00
3.274098933727559668e+00
4.923024591210586109e+00
2.913153642397837917e+00
4.116484455659700892e+00
4.069202171754479735e+00
2.908770069924694557e+00
3.771764358288959951e+00
7.382201811229412769e+00
2.671319446105749229e+00
3.124829211504914994e+00
2.462410675268592364e+00
2.475972006180777285e+00
2.444091801243919448e+00
2.708546481036113729e+00
2.389177207262105362e+00
1.054031415441097685e+01
3.313692397475348717e+00
3.988567893808022902e+00
3.988482239952785946e+00
6.579952047059301812e+00
2.503491651412310670e+00
3.406386185454690629e+00
2.550265127838545087e+00
4.209971239195780868e+00
2.729732711610767915e+00
2.418671887771952189e+00
2.252339577251246894e+00
2.712600282053203138e+00
2.327817890114629584e+00
4.369882146016885294e+00
3.906520867507398798e+00
2.847972332412873175e+00
6.360468531362420741e+00
2.039953836496363859e+00
2.465793347754595022e+00
2.295721667721045911e+00
2.533394270523257052e+00
3.335214129472835687e+00
3.362042928483457427e+00
3.944472948794358835e+00
3.752154484873943652e+00
2.414409224183041491e+00
2.462755220047619265e+00
3.624020748616165299e+00
4.060179604411546350e+00
9.210432577145473587e+00
3.471671849312901514e+00
2.397406052191366932e+00
2.836637902023744218e+00
3.812234259756865917e+00
2.378328479603591727e+00
1.574370225418269875e+00
2.527993921514764875e+00
2.206635278399966094e+00
2.451978692985688379e+00
2.196333110659544285e+00
2.397925806030940077e+00
1.868352462241349210e+00
2.165050159344640068e+00
2.179263208349569769e+00
3.308351060154732348e+00
3.761060406380206889e+00
3.526279670542064704e+00
2.476065531209238557e+00
2.368094222905097190e+00
2.576604022936458183e+00
1.744704466443761870e+00
2.153894024368416371e+00
2.881128166833105020e+00
2.012843506799108617e+00
2.021804395356764594e+00
1.847025155907296323e+00
2.602076532256702990e+00
2.058037709902437840e+00
2.164703787078210873e+00
1.916752144408227165e+00
1.841246174291897075e+00
3.739665530152741724e+00
2.174345862228492354e+00
1.739707488490353393e+00
2.284920850283355787e+00
1.633851440145534184e+00
1.804572949431441087e+00
4.451702548937637616e+00
7.583299146875299712e+00
5.082542319603501113e+00
8.595516015029438961e+00
2.418019348069815333e+00
3.852436143751459596e+00
2.061850420183819477e+00
2.108661284294901517e+00
2.117649570140512694e+00
1.880708926788454916e+00
2.064295383353207836e+00
2.194117740119267523e+00
2.485438976056863147e+00
2.197749294176235324e+00
2.004243818565627056e+00
1.513702525737012250e+00
2.339188572861131465e+00
2.035883278260356199e+00
1.780027477687884829e+00
1.930912084902978387e+00
2.039746996906847354e+00
1.956564506605147136e+00
2.054584593013847993e+00
1.866282204729089678e+00
2.396391103036683567e+00
1.946797454072749289e+00
1.497074148493120260e+00
1.745476647404994530e+00
1.864596300575472432e+00
2.486369987101830770e+00
1.839355675533040246e+00
1.993279946204455255e+00
1.622222510759932179e+00
1.652397046931428637e+00
1.651662126626479488e+00
1.874888201909276297e+00
1.971128347697973737e+00
1.511028613222546779e+00
1.512765135850723697e+00
1.822890160028319162e+00
1.454052057483921079e+00
2.481970203270906783e+00
1.579300539055059183e+00
2.691506986514600630e+00
2.196690840265853151e+00
1.744240264084764958e+00
1.753352287830443057e+00
2.712228387811951968e+00
1.705271265664161540e+00
1.721985758982305770e+00
1.568644409478415547e+00
1.423347689480917166e+00
2.304362140787165281e+00
1.454176948160913030e+00
1.343247547955368493e+00
1.477734288168616850e+00
1.644613745270846472e+00
1.808217912425027274e+00
1.391350036497251086e+00
1.494623378789907253e+00
1.453334635537978814e+00
2.613262011916416050e+00
1.556451406194187426e+00
1.498272638286853198e+00
1.644132067806455710e+00
1.622264700840660767e+00
1.902385400044365849e+00
1.491949074693171839e+00
1.291349142354448531e+00
1.691437219384180679e+00
1.534846598729768363e+00
1.740978905971945379e+00
1.395854117644045322e+00
1.487692187287886991e+00
1.371963414874753928e+00
1.437527733241210859e+00
1.668652180723826373e+00
1.256898464375316493e+00
1.392381273219105209e+00
1.441963404148870698e+00
1.541728615549246451e+00
1.317187089789615406e+00
1.599279483345121822e+00
1.329531842444972245e+00
1.701058673109127728e+00
1.458391875549432726e+00
1.296654263072068547e+00
1.399838523929028300e+00
1.617574049257061608e+00
1.651782552849590635e+00
1.771415577254323193e+00
2.156123079814821430e+00
1.360339184728796669e+00
1.329845483097907399e+00
1.275852165495791501e+00
1.372040306621121086e+00
1.288612079528193677e+00
1.523057346290388692e+00
1.589730986770226728e+00
1.466138342674430328e+00
1.336801324079186060e+00
1.408224055859834012e+00
1.430773305557572650e+00
1.201543165194398854e+00
1.206619004351958013e+00
1.300611487105605590e+00
2.582322185620465671e+00
1.490715306180143029e+00
1.269142419188516557e+00
1.494531897210047422e+00
1.394651189192165575e+00
1.218999055202098614e+00
1.367940926804562363e+00
1.184194393937932244e+00
1.402109329043211838e+00
1.440815246905891911e+00
1.706853533580381610e+00
1.538016478602935111e+00
1.437281920780748123e+00
1.336710795418448061e+00
1.445443553273013881e+00
1.357333635533708005e+00
1.459187410919629890e+00
1.127182561258274873e+00
1.466275235630626561e+00
1.214424031360636480e+00
1.197665621856290663e+00
1.382560039287964448e+00
1.197237701615112782e+00
1.421555444161016535e+00
1.177594301018159317e+00
1.169106995222041867e+00
1.095473571757802356e+00
1.172915291439692975e+00
1.187816561679826188e+00
1.105515058679343854e+00
1.208886570932078852e+00
2.168286955366677926e+00
1.214814572448809527e+00
1.156086040152840333e+00
1.119441644623845100e+00
1.080746282093688615e+00
1.191037163324879300e+00
1.118089039209488433e+00
1.112186450080540512e+00
1.340024953990468504e+00
1.164247503648353943e+00
1.163586346571071184e+00
1.050150101320428186e+00
1.090028066178291288e+00
1.081385848384609716e+00
1.197440007789440042e+00
1.102871207706817458e+00
1.123678997441296179e+00
1.457204194888075843e+00
1.105881343129271333e+00
2.379020159850730565e+00
1.188069714602781657e+00
1.086029940153944384e+00
1.076874207024764996e+00
1.150478500087924072e+00
1.057478554523155534e+00
1.051876969795877192e+00
1.048295671363781656e+00
1.037106706444505422e+00
1.051735999572734004e+00
1.022454043042307248e+00
1.097619790176921128e+00
1.043978485282881952e+00
1.060159495830496512e+00
1.029784026654869233e+00
1.061785252021346881e+00
1.036486647215734358e+00
1.042902086037048592e+00
1.010822044794480012e+00
1.027437722506575390e+00
1.012077483117064247e+00
9.975870945660139100e-01
1.102418752028135440e+00
1.001290391167769078e+00
9.940762543970284026e-01
1.001684967478051691e+00
9.995488775091656564e-01
9.925605763174214502e-01
