3.203579354831874326e+01
3.246146517092230255e+01
2.658447325450117660e+01
3.263858718316227936e+01
3.019389573584148678e+01
3.056556794674886035e+01
2.985642163203539212e+01
4.710795655048739405e+01
4.861919984977249953e+01
4.648918522343061710e+01
2.180812209004844249e+01
1.513216613537728428e+01
3.200100462559426262e+01
3.061918851872389880e+01
2.507010740505769064e+01
2.069701886544410030e+01
3.813632178763462832e+01
3.098071463461069541e+01
3.206959323685729402e+01
7.195618743933165717e+01
1.967717572555436689e+01
3.983024579659594622e+01
3.906864508002602321e+01
1.168656666404653599e+01
9.621617980365655853e+00
6.616162043071369681e+01
5.304841341702724122e+01
2.788278800397800339e+01
3.630300703735379386e+01
7.817820179558336235e+01
3.266006860830717073e+01
2.687772205850443541e+01
3.462240337015960989e+01
4.339443048683378379e+01
5.093230407294602458e+01
3.450856194577081482e+01
2.275656731724942716e+01
2.334430043042926073e+01
3.357851443344218723e+01
6.186687854121345254e+01
3.840888647742227135e+01
1.891014918244605170e+01
2.531195680772971457e+01
1.335401127458094628e+01
6.774487853003425641e+01
3.893944959860677102e+01
7.407172809368270805e+01
2.301714550368850709e+01
4.212777105279693046e+01
3.143337602806450803e+01
2.130274200055811562e+01
1.062210568397017418e+01
5.058333501661113019e+01
2.630755225191944291e+01
2.780276177607678179e+01
4.706571396809599150e+01
7.880888786982781369e+01
4.559793169272835911e+01
1.574043039141498035e+01
4.478963690731873726e+01
6.700603764279907182e+01
2.789909147829306946e+01
2.532063355261627891e+01
4.066470664013883862e+01
6.962695947934183494e+01
2.755587226114178634e+01
1.321551918170367124e+01
1.505900982658635101e+01
2.088399031078538215e+01
2.238730995196650042e+01
4.023959468736097733e+01
4.167772294464172944e+01
2.625127900639100531e+01
7.328550414912298550e+01
4.408670618149159992e+01
3.387631789301689622e+01
1.499626672008286832e+01
4.840110387410668835e+01
1.770446604427490200e+01
5.685491283738029722e+01
1.082462800371691891e+01
5.514835317301611184e+01
2.110603426946920180e+01
2.238758034055406654e+01
4.613897383841817401e+01
6.166114073543527496e+01
3.886478168885016515e+01
2.399092651340803783e+01
1.974383073859217319e+01
5.140086802405625832e+01
9.311502277147317486e+00
1.353259987724119640e+01
2.967201586993778761e+01
2.419139572394369608e+01
6.184419024100901652e+01
3.303944532364513265e+01
4.256305934288231896e+01
2.739583869596580712e+01
2.739068329030533278e+01
8.334971315010834658e+00
3.092061265510437806e+01
2.141549202201302649e+01
3.014720299016707727e+01
5.084701647134709646e+01
3.937641474211043402e+01
5.262733086895955381e+01
1.247936312499902911e+01
3.452167212322257939e+01
2.184685945613013303e+01
2.418646791421003428e+01
2.669683191573689029e+01
2.346401707330654318e+01
5.101790804667049883e+01
5.081733318176979708e+01
4.019080500819259072e+01
3.371848771028469827e+01
4.775985829400649152e+01
7.858157101410402845e+01
1.521188031366226312e+01
1.097393968018554844e+01
6.014961114060952951e+01
3.374458647020009749e+01
4.703368196400472101e+01
4.023567154614779895e+01
2.391416984957979253e+01
6.026580449235660808e+01
4.081979516239052685e+01
2.246629213906633993e+01
4.191709996421837303e+01
5.308952743120028828e+01
4.186102301443077067e+01
2.020082529751478972e+01
4.639616838761309481e+01
1.527707005275947694e+01
1.685318098867296399e+01
2.644540610105492462e+01
4.781202938430400451e+01
8.419777911367896550e+00
2.924456400969445014e+01
1.240991660595128110e+01
4.009804554745990401e+01
3.937718532257252946e+01
1.030300309199883024e+01
2.750418482702361445e+01
7.500661165915858852e+00
2.859264496726451554e+01
1.703266308826433573e+01
1.391991552304319946e+01
2.790862269410399676e+01
7.602163752760654702e+00
1.262633477519258918e+01
4.859329328670221315e+01
3.469579656886658370e+01
3.357802522383227739e+01
2.318879174633311635e+01
4.684577343893253243e+01
5.855228819571357235e+01
1.681524404452126120e+01
4.557055370189782906e+01
2.801169387225294827e+01
1.013182895728026622e+01
1.791840271584651134e+01
1.031612266773187336e+01
3.309242599066992341e+01
1.556109902478627838e+01
3.763471929414040318e+01
1.237648695790300657e+01
4.557886717718103142e+01
2.819059978713049830e+01
2.706185069770753415e+01
1.467577896196901222e+01
3.733570111731707186e+01
2.154419748308146509e+01
1.948440319824010203e+01
3.736408295409387392e+01
2.835300536841418051e+01
8.196141499794259744e+01
9.108185842640487806e+00
1.307850736436570749e+01
1.737256685525330013e+01
1.893630172932950018e+01
3.457417561520482252e+01
2.232069839610183948e+01
5.439086299438707073e+01
3.438068139350284014e+01
4.059182837127976740e+01
1.427763847679058351e+01
1.775490674169119032e+01
2.749799621122946292e+01
1.924926862946545825e+01
1.585240990226601276e+01
2.263082275702500112e+01
2.531208959803881697e+01
2.957869694409031069e+01
5.372965202905693616e+01
6.064071104034399973e+00
3.665567016945745848e+01
4.822911958932750309e+01
3.435422560166420425e+01
2.073188072776607882e+01
3.033919457201480085e+01
3.091885182276021027e+01
2.233308642959456236e+01
6.738296080697242729e+00
4.177944957676768922e+01
3.084278894240821955e+01
1.142072720458902957e+01
2.481994982563925234e+01
1.603391386597609625e+01
1.874378649207036673e+01
2.172885625965547263e+01
2.192942119494365727e+01
1.841173547748779882e+01
1.673061888552728149e+01
1.797393280464692467e+01
3.230615248329709033e+01
2.958633106940955315e+01
1.409635476555581235e+01
3.169830741910616823e+01
1.822475536515964123e+01
2.905545041312738164e+01
1.224596058459738224e+01
2.756028562271840343e+01
1.177614680426698790e+01
3.632981820430423880e+01
1.260719423530439798e+01
1.128836006135697367e+01
2.613152437612837176e+01
2.699768355145730681e+01
1.260913738236496684e+01
5.027371151449065678e+01
4.517290920448091640e+01
3.465076224856875342e+01
4.898751879205023130e+01
5.182894518296411235e+01
2.833074415192232465e+01
2.632099496529563964e+01
1.656389318246976927e+01
5.902351404971442861e+01
1.527425773045636426e+01
2.132346710022185476e+01
1.602460868672326555e+01
3.037103723209841988e+01
1.984507291257223116e+01
3.101551747029003181e+01
1.061655765575638810e+01
2.468470471041843339e+01
6.203674665620649620e+01
1.783512484390810116e+01
2.811744536417097606e+01
2.415102889190749380e+01
2.437418678688926477e+01
1.724259750631628663e+01
2.198838682559929936e+01
4.702391461137417394e+01
4.292808713761235850e+01
2.506985386098010338e+01
3.498115608487280781e+01
8.265179497193754443e+00
1.837613681873064664e+01
3.548243589741916537e+01
1.234460318395419165e+01
2.329876112901804319e+01
1.965330265432839951e+01
5.029851653529405553e+00
3.220785372975112892e+01
3.007591380642453771e+01
2.590994453929656061e+01
7.411273468122166364e+00
2.303723314391680432e+01
3.745835205103696808e+01
1.861494142394282392e+01
3.441499725236252516e+01
7.090800907046606483e+01
3.170955762916620202e+01
2.269573829229011963e+01
3.090116116197015472e+01
3.697267372235283744e+01
3.019577684029577469e+01
2.268862973609566325e+01
1.628469789180920912e+01
2.019209123108510440e+01
4.098643847841677967e+01
1.203193352665434723e+01
4.094411601539550105e+01
7.286866363042715733e+00
3.721581426224707911e+01
2.076450101285766436e+01
3.097505344614807399e+01
9.170734529997371709e+00
1.252040470927228988e+01
2.508296146185013953e+01
2.015311400902324834e+01
3.511602483281926368e+01
2.507682780317665561e+01
1.636225879295868424e+01
1.489041576972094383e+01
2.076998797569358146e+01
2.290561724711188774e+01
2.544665772262021974e+01
4.191439477625780796e+01
6.578501208386013843e+01
5.998588957067946481e+00
3.035745802556150252e+01
1.510634378899363739e+01
8.453517848601732609e+00
1.110593905513025526e+01
2.863513326057532993e+01
2.916550655766181332e+00
1.663739126258779066e+01
1.028166386632823759e+01
1.849614622533910691e+01
3.715569779709338860e+01
1.569469614697120718e+01
6.571728159527330249e+00
1.843860622423498796e+01
3.759856599307916269e+01
2.013864534840107012e+01
1.607040038647425817e+01
2.138000682038472533e+01
7.509459472695777293e+00
5.078590127415684208e+01
7.568574477341146078e+00
4.243252766584844693e+01
2.602157023092891208e+01
6.969071480689628117e+00
3.708335536776245789e+01
3.787555133690510445e+01
4.047722657342390562e+01
2.804552250688279358e+01
1.841341970991391008e+01
5.109093298200610533e+00
3.064788555981153095e+01
1.840834806508872390e+01
9.432526077553042398e+00
3.416215262610307235e+01
3.497139724710676489e+01
2.826933869198550653e+01
2.988511727317011690e+01
3.182389394665070625e+01
1.634940080656365069e+01
5.438590734581975994e+01
2.726966323622297850e+01
2.090785053240090363e+01
1.304924432498791376e+01
3.019037539246140867e+01
9.499010451847953007e+00
6.980895946356129755e+00
2.516132584323268162e+01
4.529770129519427257e+00
2.927995044435682814e+01
4.576658268973408639e+01
1.269020642826673928e+01
4.044649071630591664e+01
2.202936908456204534e+01
1.246462686640520623e+01
4.416871717644109907e+01
6.922478056562302129e+01
1.325242371982051992e+01
2.113605120031375151e+01
1.501883546789404456e+01
3.454914438332288995e+01
1.372429296404143528e+01
2.144873759649707878e+01
1.474617021907774905e+01
7.225582253467267790e+00
1.639053205470875696e+01
3.357694455882226947e+01
4.076525469632006349e+01
2.333756626501075004e+01
2.326492987850087957e+01
1.952619768085192220e+01
2.187707016839146590e+01
2.141037118844135989e+01
2.384443919783208088e+01
4.824418480631495498e+01
3.029066373556793934e+01
1.879441701742129567e+01
1.373718755411222148e+01
2.405952748863217749e+01
1.869965156827517561e+01
2.014693242971388187e+01
3.745921474893905412e+01
3.799120786777881165e+01
3.733774630575436504e+01
2.642534132446591499e+01
3.156816841453552769e+01
1.941341639731940205e+01
4.076263794582229139e+01
2.541486677772286384e+01
3.186381067872372697e+01
2.551009688918846052e+01
1.632495379942231395e+01
1.555927407203739854e+01
1.902820060260881263e+01
1.897117854018183181e+01
4.500947632166428036e+01
2.322863860570652506e+01
1.778244764947410772e+01
1.843524332009013023e+01
2.727603707034318603e+01
9.967671362175986260e+00
8.290686836921674185e+00
1.610607972089851714e+01
2.555247991936255758e+01
1.589919317526931053e+01
1.717383083353790951e+01
9.446101309925188261e+00
4.364462191189743834e+01
1.813455503453960915e+01
2.741263334898022919e+01
2.256577707216842654e+01
4.793254884701150331e+01
5.230070979548058219e+00
1.270184052285259213e+01
1.520738997188953867e+01
2.214639268901254709e+01
1.574478231893472646e+01
3.099942389221478223e+01
4.943406556205673041e+00
2.981766939551751960e+01
7.727946512319756600e+00
1.502478921861576033e+01
1.643798810925115461e+01
1.516387238106635316e+01
1.989339604475908274e+01
1.887724985475473005e+01
3.300858674476795329e+01
8.249796971561304204e+00
4.088448977393526462e+01
2.896054344717491347e+01
3.393295614674335070e+01
2.592826446492583514e+01
2.685487819459637038e+01
7.703153886147918961e+00
1.327466812811326591e+01
3.349016489937512375e+01
2.272743334095382295e+01
1.535261157580602287e+01
1.205782961105019879e+01
5.044854858687075172e+00
3.215512575818473096e+01
1.514734184445667431e+01
1.585811055011989268e+01
2.084126598413708109e+01
2.533577838934172277e+01
7.087096977548337229e+00
1.064579159190504321e+01
3.237471988444840321e+01
3.751247459997482991e+01
1.947581941155237928e+01
6.127031739201249216e+00
1.592249352147847929e+01
8.758378218164219575e+00
6.729447972873598083e+00
1.015175231558128210e+01
1.467795050993185590e+01
1.618390095252387084e+01
1.631678674014476371e+01
2.373128136794510823e+01
1.673143747551153382e+01
8.965259825930822046e+00
1.640997672234156823e+01
3.140972454876062159e+01
1.150608393843876165e+01
6.727854898139276507e+00
3.636591185721731279e+01
1.581087530230677984e+01
8.644223868822185963e+00
1.056440340870932459e+01
2.089431436799513264e+01
1.899231364214615780e+01
8.853058982789287157e+00
2.851767852145196969e+01
3.699720415565293052e+01
2.328724675285815948e+01
2.963611855535728523e+01
2.598621172469218621e+01
1.167563518151125734e+01
1.547784264204848448e+01
2.876094936644215494e+01
1.284342360664125948e+01
1.193513979415414461e+01
1.191416049941809163e+01
1.124201481289487958e+01
6.929265321648057530e+00
1.246805536137203418e+01
7.813742473670063582e+00
1.244376645060251718e+01
8.924247734593263814e+00
1.177899016726661863e+01
5.743868447539990818e+00
3.609421684936108221e+01
2.880805815575302375e+01
1.880683915064276945e+01
1.168415385336526668e+01
1.182946996409518015e+01
1.248136765863680964e+01
2.501212964892158297e+01
1.326843528307910880e+01
2.233125253304778823e+01
2.037798686311600349e+01
1.213076400573009828e+01
8.254331347596229662e+00
1.599357848179069919e+01
6.021513621252057469e+00
2.120038976355912297e+01
8.939783268132678984e+00
3.367194320278893205e+00
9.171811193152787922e+00
2.070488862745107639e+01
5.788056685934249934e+00
2.691181926070249020e+01
1.396794021674935671e+01
2.235774536926594891e+01
1.752374371219038451e+01
8.870679100404123218e+00
9.494519911624287545e+00
4.356046841145290927e+01
2.905219433408997531e+01
1.662376918714979368e+01
1.991638277064808804e+01
5.894181253603999693e+00
7.009543843687011666e+00
1.206246078040433289e+01
1.738685706845946299e+01
1.060783846629719740e+01
2.312674293619754806e+01
2.221537333990091412e+01
9.922428459549063717e+00
2.736582003909247973e+01
2.791263196335530594e+01
6.030780076669583600e+00
9.013201544563365530e+00
1.615594821775794898e+01
1.998607282205052371e+01
8.626178141622107276e+00
2.628816354369405417e+01
1.061112017373801208e+01
1.688104280847984739e+01
1.010236863493303971e+01
5.605262980516167559e+00
2.323303542019109358e+01
2.294827671767943755e+01
2.413450099012445804e+01
1.343760113426232117e+01
1.739378220977577882e+01
7.219908187906534103e+00
5.400129143244572383e+00
1.358600874049798435e+01
8.954473839060170803e+00
8.666213285752132123e+00
1.587062914697921912e+01
1.840953535465986235e+01
9.298247065807384359e+00
2.824604846499162658e+00
1.147550077286222425e+01
8.252283586543111227e+00
1.323664093921077445e+01
1.080889401413662121e+01
8.608677378073853248e+00
2.610976368401407655e+01
3.902479800734427684e+00
1.825345918900818987e+01
8.396008090993385409e+00
5.299738722703289717e+00
1.863388154360668736e+01
2.270496985273683066e+01
1.417663177395799856e+01
9.467019413995632959e+00
6.404524860443049583e+00
4.935792903713316804e+00
1.884577145288310618e+01
7.673154630965274947e+00
7.107555420539978464e+00
1.159756529346777398e+01
4.502470911371691642e+00
1.018238177279256362e+01
1.315705426829955371e+01
6.156929855545022257e+00
1.703364541734456949e+01
2.029404868361465475e+01
2.373499700841576043e+01
1.104858150422192686e+01
1.432164078336410640e+01
2.961185461752007697e+01
1.692127238605473849e+01
7.179829901652809987e+00
9.846247700096453670e+00
5.417088229585049319e+00
1.065004746576673611e+01
3.831591855066030838e+00
2.870847828239529775e+00
1.734340790270844579e+01
1.483296247401017531e+01
7.682816975840391471e+00
1.073589832526308108e+01
7.891030732574655815e+00
1.482237409866935351e+01
4.934149681174636726e+01
1.408873129173509753e+01
5.200729056577170439e+00
2.416924477956643891e+00
1.212791654549701725e+01
6.956526174511544092e+00
1.011410402746314574e+01
8.062792002488521348e+00
6.498622136116896542e+00
6.903989744501791925e+00
6.192644782691766103e+00
1.466061464382247870e+01
8.846053096222243894e+00
1.591931317795340739e+01
9.635781279090791074e+00
9.273460225081493036e+00
1.340845238414227403e+01
5.072021563114740061e+00
3.849822870471501624e+00
6.771667565232542429e+00
3.677096879290384646e+00
2.241863844738964673e+01
9.499509539905318434e+00
6.004210448158994851e+00
6.598720697431475379e+00
1.144268923107314073e+01
1.910576576389659920e+01
1.679888221344707588e+01
3.554047032056309785e+00
2.258386695823874390e+01
8.262056344583745826e+00
1.020576908100888858e+01
8.482025323205002465e+00
7.197670636542221168e+00
6.325909217301830090e+00
2.553166877736144968e+01
3.021198491908204442e+00
1.069963596203223943e+01
2.500052766973173135e+01
5.712689344165648109e+00
3.685019256281788280e+00
4.373521487281919917e+01
9.649322978086615876e+00
3.711271393483078640e+01
1.408527344533172077e+01
3.183352297684825416e+01
7.193970383239959965e+00
1.823577545393418120e+01
3.252187983492077716e+00
1.050680696752760923e+01
8.207208254079686682e+00
5.694755129172633268e+00
1.340716650620763595e+01
1.270998231866984973e+01
4.947287234319063032e+00
3.680228844032767199e+01
4.346517127978835937e+00
5.994321760729434345e+00
1.438028454974743475e+01
9.196007733659817163e+00
8.905632422322764086e+00
8.863544272667377655e+00
4.755262849677407644e+00
4.823247023441479264e+00
2.626982974391664172e+01
8.789607011223647959e+00
8.295928484890294996e+00
6.390125025612001686e+00
1.449970669455203875e+01
2.210967157564381580e+01
4.774370236003110612e+00
7.724591943200008082e+00
9.603285873109919990e+00
2.745832119158698514e+00
2.395155353157198963e+00
1.365636003981438584e+01
2.647184099547891023e+00
1.617967612792755361e+01
3.493619055113418082e+00
1.891073353700573056e+00
5.320069657225034554e+00
6.895729586750689144e+00
7.789553390579410319e+00
7.211175256845125503e+00
9.276656054160456577e+00
1.575639769331135476e+01
2.029317737378555364e+01
2.907151502270417520e+00
1.550180228655010595e+01
5.098988857366862248e+00
8.696690411284299316e+00
1.013120619271006007e+01
2.111008747890550197e+01
7.784770040238918831e+00
6.993331310817258561e+00
6.589828794923773714e+00
7.771175679095178701e+00
8.544090142092599649e+00
5.418553609073961219e+00
4.909843315589745849e+00
5.086720083465859688e+00
3.876187704800753142e+00
7.260241196719127821e+00
5.219468016404079869e+00
4.006314486398285801e+00
4.210390379662124261e+00
6.166283759721747693e+00
1.553127712204789823e+01
1.096608954451715690e+01
5.550764788157491303e+00
8.464738057027874518e+00
1.594055749851305048e+00
9.143327096516980390e+00
6.102970931007196675e+00
7.780463095836596565e+00
3.808373917101018247e+00
2.473356686621175804e+00
8.318337264213234050e+00
1.701191233654803980e+01
5.577829464631276934e+00
6.799396554262115977e+00
7.664635284171724017e+00
4.041954153616269529e+00
1.363748705274872108e+01
5.871191079413990543e+00
2.961664920108708543e+01
3.378318213988929841e+00
6.567803574098116215e+00
1.169634625812562412e+01
2.096126804248047648e+01
5.260915067609447604e+00
2.773082826155454583e+01
9.218053118416017711e+00
3.093678407545648046e+00
6.167711653511529057e+00
5.343707769113296813e+00
9.166013550560291989e+00
4.782845276709895899e+00
7.330123539201499838e+00
1.455021936031319463e+00
6.691525001919226945e+00
5.621481862009239272e+00
1.106092832368960011e+01
3.324881742947572771e+00
7.742257421990554001e+00
3.633284385747071354e+00
6.897051655717232777e+00
1.501891463969164286e+00
2.763338905861978834e+00
3.964793687536740219e+00
1.345768542557097192e+01
6.564476403968568796e+00
9.326776414880564303e+00
1.171857011876123345e+01
1.444635955853768650e+01
9.023489835613494048e-01
1.212202857933183786e+01
4.016886057639165841e+00
8.737703791477592574e+00
8.525133463118701016e+00
3.958710236468995447e+00
1.596272568686708082e+00
6.296849559543861830e+00
4.033914463089059765e+00
8.748896751718994835e+00
1.305960580847910002e+01
5.244665801841377650e+00
1.191527477619154496e+01
2.025377387533004114e+00
2.147625129066162319e+00
2.973082260122979381e+00
4.288932410045339094e-01
8.360626698416540492e+00
5.313375728090878880e+00
4.721064609916635568e+00
8.088615851967738024e+00
3.418786691784354570e+00
4.461613637436782298e+00
5.985540140626115502e+00
8.999638435720399343e+00
2.648565577527534032e+01
9.079360456654184119e+00
1.878313492496400450e+00
1.782260118316828290e+00
7.536735541594092425e+00
6.396530625055978803e+00
6.458199990789424971e-01
4.531929181163842912e+00
7.559950691082543806e+00
6.543234747621885283e+00
4.262993938432146912e+00
4.342950110523430496e+00
4.050768366499407414e+00
5.383544285435329257e+00
4.389109862355201841e+00
6.249048808487672524e+00
4.180939252309623377e+00
6.698106067635052341e+00
6.330124963576885477e+00
1.677210761198988154e+00
5.188096310409992640e+00
1.378184651343677514e+00
1.637949782556483935e+00
5.347835750576422242e+00
2.826765401026750890e+00
2.963307960458065438e+00
2.385382194704709580e+00
1.293997227432300079e+01
4.224280500891294921e+00
3.299635248879627003e+00
1.692386852941361708e+00
2.543640693781830997e+00
9.409282529746823442e+00
6.741428519293776844e+00
3.048441458558003969e+00
5.574278515802055800e+00
9.216299529363581877e-01
3.328260681583122160e+00
1.407452095964926642e+01
6.031206151844346941e+00
1.846350795695197178e+01
4.439142063922759007e+00
2.728581036233810764e+00
4.498511710750761061e+00
6.112253767534382654e+00
4.336947016256116783e+00
5.609503974686414374e+00
2.384184706616780947e+00
1.331418593594242195e+00
4.066789212461201508e+00
7.737013192031867881e+00
6.135612281404783985e+00
5.087186894524307945e+00
1.654385701618050764e+00
4.367847230849819518e+00
2.091892579520941098e+00
5.130548099987218613e+00
3.658080522669298063e+00
5.991270731139969108e+00
3.947458195176109630e+00
4.408033394447017805e+00
9.152550579949862986e-01
1.398518163375528367e+01
1.012293788918262161e+00
1.147502917418472101e+00
2.607119887297368432e+00
4.407258682199623578e+00
4.617607788364495036e+00
3.979620748151753595e+00
5.970924384432549026e+00
2.831518444791687905e+00
2.412631431978594865e+00
1.447105001792367451e+00
3.152279713640990799e+00
4.669620702002875490e+00
1.987467933736458914e+00
2.498134160214542376e+00
4.767012341308324075e+00
1.427404737251827260e+00
1.562323021750176366e+01
1.966341994848144203e+00
1.193041926166922373e+01
6.580681672689006056e+00
2.144710030917086563e+00
2.591141238163412908e+00
5.806831421464118570e+00
4.776508907940256066e+00
8.877242890020193400e+00
2.593704890919358963e+00
1.198970696144127546e+00
5.581448457291505072e+00
1.551096666376366118e+00
1.219857382251001932e+00
1.715908929559038398e+00
2.988067249157080330e+00
4.433791879233802469e+00
1.690695045792644180e+00
1.775961520069450739e+00
1.430275323014349009e+00
1.225391219055622649e+00
1.563198125311774378e+00
1.583060236729824988e+00
2.810470380215377872e+00
2.183749383482710194e+00
5.251339874518160755e+00
2.083497975457772267e+00
4.389057024436703314e-01
2.781139900162908241e+00
2.919236002224593118e+00
1.993417650494827997e+00
1.410765095729842766e+00
1.539132542731132647e+00
6.344749905783418908e-01
5.330438768052149223e-01
4.034937102551824140e+00
1.079999455966349275e+00
1.211436991441165345e+00
1.928165648479642780e+00
5.401027964463572806e-01
6.867856955657024587e-01
3.245948521999549641e+00
1.370650238088663819e+00
2.091235008253526040e+00
1.978400643881702337e+00
5.118261802456052223e-01
1.848429581910237429e+00
5.287927750774275459e+00
4.782187989306081022e+00
1.423391271940664282e+00
1.700589586884113658e+00
7.134780505254229022e-01
8.064942049328719387e-01
7.449253874229556649e-01
6.723484718740131427e-01
1.212927245974262602e+00
2.414782403817176348e+00
2.172502820731275541e+00
1.858315773714497077e+00
2.263971281782969136e+00
2.095295864664875385e+00
6.065650242188427299e-01
5.322316918047086398e-01
7.543684475517807853e-01
8.245969041567641211e-01
1.639812169513232476e+01
9.409980894766134529e-01
1.188953384082612086e+00
1.986176119320044009e+00
1.434087508037482417e+00
1.862130879212510193e-01
7.865065377698153837e-01
1.964330255379479195e-01
1.226162241359695981e+00
1.600105865524439341e+00
4.837765661369151649e-01
3.256340769046499162e+00
3.122466726737820775e+00
2.260955857709626038e+00
5.861670412130158603e+00
1.499010900511619893e+00
1.966326283590746016e+00
2.572029595320298179e-01
4.110971277254072298e+00
3.380637019947388966e-01
4.339056558821717258e-01
1.519362314802764402e+00
5.905290148449420240e-01
2.364315843224845892e+00
6.921871923186917464e-01
1.160447644246378474e+00
1.903594233470818076e-01
6.022899750269188335e-01
1.215945304638421431e+00
1.501262881895306378e-01
1.150124024110521948e+00
8.966414006519617175e+00
3.977245501237262615e-01
9.283785998286743224e-01
2.031259562022277865e-01
3.176910372667617333e-01
1.474027561321125557e+00
2.484718663439917097e-01
5.756389123777561068e-01
8.439250505941411351e-01
3.782334550348011026e-01
1.018049190071855792e+00
4.276504699512610058e-02
1.619138181512109753e-01
1.531822719977765646e-01
6.921895301863013605e-01
1.207507995779990295e-01
4.226150278899248325e-01
3.796121307037392256e-01
2.894374850436574054e-01
3.617388156368611662e-01
1.061336192926831457e+00
4.442720126977576789e-01
1.251818159976628708e-01
5.462093767575066927e-01
2.966251199523899929e-01
1.739113821142540886e-02
4.311471073005053445e-02
1.690389307975067035e-01
8.544296859682232181e-02
1.091775464440477711e-01
1.148750775613640723e-01
6.787724861311859870e-02
2.061008329800694261e-01
1.044063026725278176e-01
1.992133884062985416e-01
7.586432175525201216e-02
6.173902769074049446e-02
6.049135788268474034e-02
1.219717582890368773e-01
6.106528999788032874e-02
2.088607429487439673e-02
2.917779928501965103e-01
1.020487169602734001e-01
9.661620815318451572e-02
6.888246853116276880e-02
2.518327461649319879e-02
3.170219889772290384e-02
