1.594106338503446866e-10
1.438967795869800262e-10
1.312326677790983519e-10
1.205748435793824147e-10
1.105391642702032347e-10
1.009155981637880596e-10
9.257248202554095403e-11
8.339977106575313734e-11
7.797381459192533586e-11
7.162555249388280925e-11
6.510777386437716278e-11
6.026097603739538963e-11
5.502789780680180698e-11
5.018325348023885778e-11
4.634401344775730669e-11
4.283310673010464623e-11
3.889151111332476570e-11
3.584260845852778056e-11
3.290833281231737181e-11
3.056561099214248577e-11
2.795621422657440026e-11
2.572731257963111448e-11
2.378457333361452406e-11
2.191131442765433251e-11
2.017932252273948415e-11
1.855706623018209635e-11
1.728227705038461158e-11
1.577730456592514857e-11
1.443195086604760499e-11
1.329093195582602057e-11
1.225813638469184344e-11
1.128828561724238241e-11
1.041355834486105822e-11
9.583484648876647665e-12
8.833832981384327222e-12
8.215150845860887446e-12
7.693161805551563850e-12
7.075102496629956974e-12
6.528177616949983696e-12
6.031724404598636486e-12
5.503502596788646979e-12
5.033436161549046241e-12
4.618963542711289520e-12
4.285654237639928064e-12
3.931808192562706583e-12
3.650053790886285120e-12
3.388817543869580599e-12
3.141159952941967498e-12
2.916072701798510429e-12
2.659454261213817329e-12
