2.067519853985872682e-06
1.993742055842756544e-06
1.917502530110476738e-06
1.841666646030228498e-06
1.767282137908075544e-06
1.693924310559834020e-06
1.621107026933297642e-06
1.548636119682241767e-06
1.476438523907715916e-06
1.405076553987947753e-06
1.336961188342176214e-06
1.276628317198801703e-06
1.226956312989453476e-06
1.185522509485764223e-06
1.148781606376946916e-06
1.114857248415095313e-06
1.082502105398872604e-06
1.050588349199499479e-06
1.018245818940600891e-06
9.847416190016429911e-07
9.494337360566659205e-07
9.120400826170896932e-07
8.730894158560152953e-07
8.347618408073042393e-07
8.016319881701184915e-07
7.751928014260369703e-07
7.509717373366533061e-07
7.261489097723247342e-07
7.011088660117546189e-07
6.769285989383877903e-07
6.538692560392756132e-07
6.316772448532767024e-07
6.100635319572462757e-07
5.886822767834086485e-07
5.671567959976049370e-07
5.454896915092518651e-07
5.245132102185078988e-07
5.061528467727448391e-07
4.917048433264181034e-07
4.796752642291165793e-07
4.679839506203153352e-07
4.557617908870974809e-07
4.428478824668888666e-07
4.293253383167622873e-07
4.153099445337396401e-07
4.008825732693731433e-07
3.861619154270796467e-07
3.712020415597914032e-07
3.560908359474352226e-07
3.408959143489102779e-07
