5.299394957122815387e-06
5.316925162115985364e-06
5.339275060986640511e-06
5.368670836748930894e-06
5.407218358650220158e-06
5.456265480912339078e-06
5.515635584074482662e-06
5.583248781715683544e-06
5.655496574350018537e-06
5.728102771179340003e-06
5.796946793498654382e-06
5.858643257043264550e-06
5.910974583041112065e-06
5.953255717475180839e-06
5.986505022768122502e-06
6.013150719326477775e-06
6.036120629062160234e-06
6.057528266911866400e-06
6.077515670927569824e-06
6.093881371195272098e-06
6.102734470393266309e-06
6.099766198350766526e-06
6.081513219266744138e-06
6.046347743202389311e-06
5.995265522446354267e-06
5.932671546433444423e-06
5.867366715258825738e-06
5.812552681896864560e-06
5.780704945640932069e-06
5.774653285062069524e-06
5.788055966926296855e-06
5.813980519451980065e-06
5.848473822938928511e-06
5.889163640519696757e-06
5.933418602824479159e-06
5.977489983838172695e-06
6.016626527941786611e-06
6.045976746236741831e-06
6.062043618440716517e-06
6.064359849182538409e-06
6.056785571406389932e-06
6.046917934227183252e-06
6.041700701750576228e-06
6.041846301391114541e-06
6.041940889013797431e-06
6.035276125678081374e-06
6.017172916718976148e-06
5.985666506807916517e-06
5.941084117036685471e-06
5.885327940805231373e-06
