1.688866508107944708e-06
1.635113650240162415e-06
1.578192850592273482e-06
1.518367648149409096e-06
1.455650204728298291e-06
1.392367295596227393e-06
1.331917672527340111e-06
1.276689733382505590e-06
1.226993373216895767e-06
1.181334561426383606e-06
1.137605935767448225e-06
1.094142673827583943e-06
1.050096321671084095e-06
1.005389797459428642e-06
9.605790384959152852e-07
9.170090056497821821e-07
8.766658118637334451e-07
8.394344806388386995e-07
8.027274065132258943e-07
7.654169103444007858e-07
7.283068361594014350e-07
6.918838144853354167e-07
6.562948791154114412e-07
6.223837353707825727e-07
5.911450408668220224e-07
5.630736299565332449e-07
5.380852474277857709e-07
5.156793060683926097e-07
4.949800016776533632e-07
4.748874903231471324e-07
4.544212448369841469e-07
4.330352132616223430e-07
4.107788561223864760e-07
3.884767659341256818e-07
3.675953606464078859e-07
3.492659868502769786e-07
3.332780187719302820e-07
3.181606426148847060e-07
3.025381007478976382e-07
2.862341331602884916e-07
2.696293999415868679e-07
2.528346780429102627e-07
2.360088504384591318e-07
2.195727511491253387e-07
2.039479119502908583e-07
1.893744942218374831e-07
1.758982296429374616e-07
1.634133958186928253e-07
1.517641657502901095e-07
1.408126040859125645e-07
