1.998534702314184147e-08
1.843788601963075563e-08
1.700302461371312396e-08
1.565773050733754742e-08
1.443133381691741601e-08
1.328282849423333896e-08
1.219690649729814847e-08
1.119972107220021138e-08
1.030491940363551776e-08
9.502010672326420900e-09
8.781389735664584788e-09
8.096812050237073390e-09
7.487503517865542329e-09
6.929070460551221085e-09
6.435819905208803654e-09
5.975139807565607755e-09
5.504995481975676268e-09
5.093152299344230488e-09
4.745470974390992051e-09
4.454904957125799828e-09
4.120217300868928039e-09
3.840201148369845791e-09
3.568585866724963224e-09
3.307824320359470433e-09
3.078284656669008524e-09
2.851711368606711422e-09
2.643617017041586449e-09
2.483370422971045907e-09
2.291833740777454286e-09
2.107825902163376002e-09
1.956097598573625010e-09
1.813564465474098597e-09
1.674234841446027898e-09
1.571264658107629845e-09
1.488291408330292415e-09
1.368927838066282761e-09
1.277159629498431145e-09
1.181443447478940301e-09
1.092996914275389844e-09
1.022747703914938616e-09
9.627288074007984585e-10
8.938069394576643610e-10
8.385534419307265949e-10
7.821259016396269700e-10
7.296749978877537384e-10
6.797589848462099238e-10
6.350031757744827536e-10
5.906136980225675991e-10
5.486636668394737364e-10
5.113382564767610976e-10
