3.086782464488352135e-07
2.963948242925696781e-07
2.847735239820038321e-07
2.736859671439195194e-07
2.629516044017851590e-07
2.523800871180316444e-07
2.418284884742783740e-07
2.312345705631978390e-07
2.206134607440735441e-07
2.100449150631040689e-07
1.996591262950054638e-07
1.896241472779042126e-07
1.801166123604448316e-07
1.712776114524601174e-07
1.631518946514957785e-07
1.556480946065983723e-07
1.485638934437116334e-07
1.416731395749583434e-07
1.348418939029226888e-07
1.281132577111006595e-07
1.216842417178930537e-07
1.157212896274068039e-07
1.101871518909251071e-07
1.049679906644128365e-07
1.000495343894355500e-07
9.527652179892423824e-08
9.032421847293624568e-08
8.511072896828418460e-08
8.008173000884714199e-08
7.572873372949234273e-08
7.209990687955500911e-08
6.890303193477736647e-08
6.584117132349287943e-08
6.276532470788689167e-08
5.965344698811498136e-08
5.653349265022210107e-08
5.342872601675389499e-08
5.035119995234708733e-08
4.729440737976036677e-08
4.425756296701310389e-08
4.128026247990591252e-08
3.844722714542657353e-08
3.586347509698508466e-08
3.355924628790857857e-08
3.150190155843106552e-08
2.960729420326545379e-08
2.781612806148620122e-08
2.613687311041997297e-08
2.456188792472268234e-08
2.300538049516912334e-08
