4.174501399682830639e-07
3.949553664089838858e-07
3.736577547355737652e-07
3.534712039208847682e-07
3.343339650019249221e-07
3.161855824862433287e-07
2.989932633436769319e-07
2.827049498597627039e-07
2.672943963650103909e-07
2.527273401130426875e-07
2.389879120650867469e-07
2.260598320025904121e-07
2.139369959405386351e-07
2.026059363231112401e-07
1.920384314896787371e-07
1.821621301666252065e-07
1.729340306139576786e-07
1.642741571053477570e-07
1.561518407253470653e-07
1.485187901072437287e-07
1.413399865082063176e-07
1.345461769809429228e-07
1.280807682326716914e-07
1.218972883547338336e-07
1.159450961168554621e-07
1.101755909530381826e-07
1.045809739755988207e-07
9.914990295427267814e-08
9.389225032855848012e-08
8.877569111818502921e-08
8.389225436134401968e-08
7.919903526163422466e-08
7.471383041634200723e-08
7.047303832304391757e-08
6.646282171721345190e-08
6.263955425660750030e-08
5.908814505459450541e-08
5.565780739181401814e-08
5.246474840825382602e-08
4.940320366244829262e-08
4.648781074645866857e-08
4.371833728263005891e-08
4.117212454988856108e-08
3.878026239608600445e-08
3.650076113633556809e-08
3.433594539002478714e-08
3.224124582518161413e-08
3.028617179125714018e-08
2.856724233041769408e-08
2.684152716056108511e-08
