1.326741288173931487e-07
1.248141509553647124e-07
1.175354338189500156e-07
1.107422152013782706e-07
1.043266415331829408e-07
9.820833655926904408e-08
9.234199970516227756e-08
8.670776161995224625e-08
8.130059368119267143e-08
7.612402138990338460e-08
7.118595986452723137e-08
6.649755519171585377e-08
6.207203729048448666e-08
5.792534726334880239e-08
5.407180000276182222e-08
5.051977169930694847e-08
4.726412815022623644e-08
4.428216892876011862e-08
4.153728269114546740e-08
3.898942077578023874e-08
3.660551399708911928e-08
3.436173065233519828e-08
3.224121442925078680e-08
3.023354694467127432e-08
2.833173026978641442e-08
2.653123899892999015e-08
2.482926021509320440e-08
2.322279227854921208e-08
2.170901599749101679e-08
2.028633721776192233e-08
1.895076121813334295e-08
1.769828872263752306e-08
1.652401909486007576e-08
1.542260886483903496e-08
1.438971382933633421e-08
1.341968522541186950e-08
1.250887209905611774e-08
1.165462578878909109e-08
1.085315987833325719e-08
1.010207065305068702e-08
9.397861346767335636e-09
8.737987058461606258e-09
8.121438366988339620e-09
7.543799126264901924e-09
7.004549762216282321e-09
6.501916486903047469e-09
6.034971421662668200e-09
5.602811740025746314e-09
5.203935295431114077e-09
4.837620232736592309e-09
