3.977912202961268962e-07
3.771012926599682984e-07
3.575247711309510125e-07
3.389717556653454761e-07
3.213779011972151501e-07
3.046746499216585789e-07
2.888023583685314052e-07
2.737004339363606760e-07
2.593280967362488814e-07
2.456398259940153669e-07
2.326025805892935734e-07
2.201775575853417831e-07
2.083233558914229225e-07
1.970309833283718604e-07
1.862681917512907374e-07
1.760117277057133520e-07
1.662762992617012040e-07
1.570428689657107696e-07
1.483266795171745500e-07
1.401365365827732431e-07
1.324763571544930913e-07
1.253406113328580895e-07
1.186910017769865560e-07
1.125153900723422623e-07
1.067600106402036689e-07
1.014088343831257324e-07
9.641956310682215937e-08
9.176588990284005410e-08
8.743603497312271563e-08
8.336144569619480302e-08
7.951587565107297867e-08
7.587630434607106169e-08
7.239605436339265152e-08
6.906880630850209725e-08
6.586009043563270193e-08
6.277487489758326226e-08
5.979969126320510912e-08
5.693453469896523231e-08
5.417956463557500289e-08
5.147485560937984068e-08
4.890824326979836866e-08
4.636082703811099855e-08
4.397618987508258247e-08
4.166892977062477320e-08
3.944329361417741133e-08
3.728944360148500729e-08
3.519369150713102144e-08
3.321075159154551166e-08
3.132098051624174601e-08
2.945754750770843772e-08
