4.962546145950586454e-06
4.964018475248816382e-06
4.957435058416435357e-06
4.944345430433852902e-06
4.926665056357818125e-06
4.906145645130792694e-06
4.883941477662748596e-06
4.860492270897566514e-06
4.835739532819384910e-06
4.809495989764307503e-06
4.781789220790437562e-06
4.753112594986266545e-06
4.724581097761095506e-06
4.697975820238000710e-06
4.675622303008079720e-06
4.660052871776708355e-06
4.653494854420796406e-06
4.657372282320342474e-06
4.672059811996826202e-06
4.696970509968724210e-06
4.730830866834254220e-06
4.771922494591429391e-06
4.818160700547179093e-06
4.867007554060131959e-06
4.915330470052706592e-06
4.959418866220989987e-06
4.995403484882024721e-06
5.020198724164403852e-06
5.032823337660760839e-06
5.035655587506710205e-06
5.034687138642510894e-06
5.037060318639668975e-06
5.045945396616605441e-06
5.058398036294553803e-06
5.069158974389840284e-06
5.074653050281016344e-06
5.073839733005411324e-06
5.067474273013880682e-06
5.057240087746572178e-06
5.045098419168399965e-06
5.032801524077511493e-06
5.021465362005438417e-06
5.011165468727516675e-06
5.000654274237868213e-06
4.987389132551082873e-06
4.967983144528251638e-06
4.939032942390834469e-06
4.898207733644428550e-06
4.845345031625064140e-06
4.782937705709202329e-06
