4.649494795161159223e-08
4.318698690559430750e-08
4.007687019541208289e-08
3.715921230569749624e-08
3.441572437383535088e-08
3.181060472665012233e-08
2.932552540227464571e-08
2.696568118369799630e-08
2.475123797400060246e-08
2.270555007772493814e-08
2.081860497845940538e-08
1.908300258724366765e-08
1.747643695465614667e-08
1.597956467630120600e-08
1.457637608365397149e-08
1.327029470502059955e-08
1.207785977151677246e-08
1.098154100558244800e-08
9.998421110781334619e-09
9.106121726032136235e-09
8.288379467461710459e-09
7.568509166008181233e-09
6.910667525078827953e-09
6.324181614383237417e-09
5.785533319207734144e-09
5.287265060483034186e-09
4.852552944788200762e-09
4.459705760369496029e-09
4.110515063617884828e-09
3.791929218905058949e-09
3.475806692615946025e-09
3.219339094306387933e-09
2.972318660101639152e-09
2.724695008605750901e-09
2.530233580576857646e-09
2.353938794998874154e-09
2.187260348226331063e-09
2.035358522144899092e-09
1.867226323160796623e-09
1.733220160197119029e-09
1.591515648236779076e-09
1.468035882643020603e-09
1.348971148014564802e-09
1.237043680300741938e-09
1.141619453423221063e-09
1.043171441220595602e-09
9.491614829949377242e-10
8.700430208175177340e-10
8.018024332334057233e-10
7.325106069178802816e-10
