8.091755726634527719e-07
7.807889393565601154e-07
7.550214974420127329e-07
7.304717451028195620e-07
7.061660302402137013e-07
6.821489819849391356e-07
6.590193682509543868e-07
6.364018485914280378e-07
6.131513228066445494e-07
5.888763438838436610e-07
5.634051936435135552e-07
5.357481580861175269e-07
5.058011881042809370e-07
4.750204466842124669e-07
4.450572452726379902e-07
4.170157819095833722e-07
3.913863487276794934e-07
3.677801406337935212e-07
3.455488449732116960e-07
3.247198194908958176e-07
3.054366943259015768e-07
2.872303100233601873e-07
2.698781164169277487e-07
2.537152528391597297e-07
2.389960166063098993e-07
2.256132950408170434e-07
2.132694819663889156e-07
2.016852739709736471e-07
1.906717381074704328e-07
1.800995339985326561e-07
1.698856352702884412e-07
1.599877117784022352e-07
1.504080581730400477e-07
1.411813360690120623e-07
1.323558213728358024e-07
1.239812117512235961e-07
1.160921590981469245e-07
1.086945775315266035e-07
1.017817549090598188e-07
9.534269099264297582e-08
8.936871171065689224e-08
8.384961303771508046e-08
7.876468534907316960e-08
7.407429028454680733e-08
6.971905951531813549e-08
6.563707157235845326e-08
6.177551162655312623e-08
5.810140869515183638e-08
5.459755330722490829e-08
5.126063502608657430e-08
