6.226771425296522365e-09
5.730521971738371823e-09
5.277647182609805828e-09
4.861743005113896826e-09
4.481474807937849028e-09
4.128560886981154821e-09
3.805272941073098409e-09
3.506812867826088262e-09
3.238547569228332595e-09
2.995328409649429674e-09
2.762834777843123922e-09
2.552897963926243130e-09
2.364218013039233579e-09
2.185517242715043164e-09
2.013191690815473561e-09
1.859900385481776373e-09
1.714639193579448424e-09
1.575317193429180822e-09
1.448146269659972043e-09
1.326177706482791845e-09
1.211161408129936187e-09
1.106556160635214542e-09
1.008409161322468049e-09
9.164695689155050962e-10
8.313278947067651900e-10
7.567661749285649763e-10
6.863011613690661102e-10
6.244682358519829111e-10
5.659190198983988776e-10
5.156951592715616283e-10
4.678779896530883938e-10
4.221379241564807221e-10
3.857314133886787058e-10
3.528832330027324611e-10
3.213263094097388747e-10
2.937421086402152667e-10
2.674669739939891171e-10
2.429179760586411029e-10
2.221476825631946793e-10
2.029938700011066768e-10
1.871720565591328734e-10
1.752688510827576319e-10
1.585170098624301755e-10
1.472163538815930102e-10
1.385400040895100894e-10
1.279120177485771500e-10
1.178429096769049491e-10
1.081828047161571526e-10
1.027038838208275849e-10
9.584800181914601349e-11
