1.513812574914746132e-06
1.500289629326804396e-06
1.485914196014921620e-06
1.470495058601554340e-06
1.454038221107761458e-06
1.436988863201522171e-06
1.420446765263606720e-06
1.406200542914652050e-06
1.396349209336207463e-06
1.392478691243647653e-06
1.394600541389076231e-06
1.400746604062009650e-06
1.407516200147920725e-06
1.411179038054931905e-06
1.408731580378125199e-06
1.398514397248905141e-06
1.380690261368254672e-06
1.357874684082253483e-06
1.334844637563950029e-06
1.315610303036312250e-06
1.300495689258474020e-06
1.286483386603912009e-06
1.269578950246763111e-06
1.247625221151995653e-06
1.221122500356472686e-06
1.192301792243263566e-06
1.163485291577439369e-06
1.135582238906740221e-06
1.108264592314362442e-06
1.080978927578088136e-06
1.053533970767852241e-06
1.025998228397397928e-06
9.986481320508361239e-07
9.716773283489043835e-07
9.453139031862557779e-07
9.197373036905649577e-07
8.950014838009544477e-07
8.711172984465850719e-07
8.480301130626663996e-07
8.256360997022276463e-07
8.038551530005176362e-07
7.826163190123741362e-07
7.618238745074622554e-07
7.415426388579216570e-07
7.216632971018349202e-07
7.021177498886386004e-07
6.829234458000822085e-07
6.641477377842260610e-07
6.457286924953923204e-07
6.276582843849411299e-07
