1.832054549019240877e-08
1.678349009719084950e-08
1.541268989052104208e-08
1.418980908413565395e-08
1.309462804521210873e-08
1.210920950373588684e-08
1.121017023609326382e-08
1.038023963424230075e-08
9.608453327478931328e-09
8.894381577054598080e-09
8.243393877928570921e-09
7.648714132915319219e-09
7.087972760039535686e-09
6.555785276445672558e-09
6.057657595080650612e-09
5.581234859333532213e-09
5.114234438262470683e-09
4.672397916855780151e-09
4.274043054323183782e-09
3.922974904191089306e-09
3.605215549072861552e-09
3.308296268922512023e-09
3.032977134280568514e-09
2.778841396381423471e-09
2.539709930345872762e-09
2.320459302065838346e-09
2.115408742047120238e-09
1.925974106523702365e-09
1.755744367056844030e-09
1.602892218403642332e-09
1.465403838286165595e-09
1.337458514886235527e-09
1.223691459412918311e-09
1.117339450020149107e-09
1.019254293130266974e-09
9.257402250771642875e-10
8.426369771423251654e-10
7.735481879899622614e-10
7.088497234867942542e-10
6.502820857261125162e-10
5.960647648452794195e-10
5.468933009251274596e-10
5.016479867303006843e-10
4.580595607005428513e-10
4.159721604629336643e-10
3.779998498944699428e-10
3.474880561942823105e-10
3.209037644149674841e-10
2.965880803263305422e-10
2.715793360156458486e-10
