2.220446049250313081e-16
1.187061455315373157e-08
2.480942785012927470e-04
2.308692402526204418e-02
1.421764937933480289e-03
4.517889107284311923e-02
3.523211306819042798e-05
3.776392110625944980e-03
5.566562879453815227e-02
4.307400337988431588e-04
1.854802769895116943e-02
2.756705820640230602e-03
8.398097083865282975e-03
2.099413071827510580e-02
4.311994348948809952e-01
3.266825933197762231e-03
2.714735192068312231e-04
2.027803152595810954e-01
7.483495424448417983e-03
1.386743174397859213e-01
2.672755496685453869e-01
