2.136765728792748756e-15
2.126331188832243447e-15
2.159426098376805860e-15
2.136522074773821229e-15
2.133786218409317795e-15
2.154596911210431042e-15
2.176671837927418241e-15
2.136605588128903016e-15
2.176917076688518128e-15
2.225579491546588488e-15
2.107947612826246347e-15
2.141505692206937730e-15
2.065272976507492668e-15
2.018820791567254998e-15
2.050457199164632889e-15
2.035190226367569859e-15
2.059490840741937990e-15
2.100986785605497322e-15
2.032161168449729817e-15
2.021087766532192979e-15
2.049696605719702235e-15
2.043064199646542731e-15
2.061800462916194348e-15
2.118343172686972897e-15
2.107569010318591563e-15
2.100030991010342033e-15
2.164895339588155626e-15
2.082757699414464409e-15
2.084852264469686612e-15
2.042298382274461877e-15
2.033090637207342418e-15
2.001870994901610255e-15
1.928392071143463926e-15
2.105974005603969511e-15
2.110134997099345555e-15
2.078639977374358315e-15
2.021800690657223401e-15
2.081290066045296246e-15
2.063455656450383687e-15
2.022283057738470323e-15
2.093790509402687890e-15
2.097921390234578169e-15
2.059373155739273107e-15
2.120131715914492217e-15
2.150913480183572905e-15
2.067988189487183845e-15
2.045677580212329588e-15
2.054383263630148037e-15
2.123990053557577712e-15
2.065847045088887242e-15
