1.294496596397544100e-14
1.300421863890564085e-14
1.259690499355219168e-14
1.256919677444235166e-14
1.235032255435305854e-14
1.185067390918238968e-14
1.137906755405999115e-14
1.117291763159095708e-14
1.102026886590115812e-14
1.055038013708125019e-14
1.021230551882699667e-14
1.024040539530547329e-14
9.863484702091600627e-15
9.430467569680271544e-15
9.576052733911989010e-15
9.363062940889435739e-15
9.149570604832950796e-15
8.904634085911525378e-15
8.502905596919555708e-15
8.410152084107272164e-15
7.855055740918274586e-15
7.787009227910815129e-15
7.650448544611641968e-15
7.521132938641116354e-15
7.402956905064145890e-15
7.022977263495443541e-15
7.108380627751265643e-15
6.721421371858423783e-15
6.666817238782210407e-15
6.358549294774149202e-15
6.365629153218141709e-15
6.219486668572079152e-15
5.982382492100267553e-15
6.228198779412921763e-15
5.955316144060026289e-15
6.224870078880094900e-15
5.832161253054980866e-15
5.627030040349303903e-15
5.686133128672796936e-15
5.847911530737702212e-15
5.561120050500465901e-15
5.449502101927295579e-15
5.383878140308256640e-15
5.448822729333976136e-15
5.245077210741685578e-15
5.039672413176053860e-15
5.005220404031754920e-15
4.918358297042666985e-15
4.708171802312170852e-15
4.598811798183698202e-15
