6.142971233910416444e-14
5.646167438289569843e-14
5.413271263447397524e-14
4.978046650688671620e-14
4.494987908377424820e-14
4.108287602405601653e-14
3.960476974921106739e-14
3.646263551656490402e-14
3.438782048264097403e-14
3.191923071139563937e-14
3.093495631126196874e-14
2.946490696269411928e-14
2.743367354888769280e-14
2.577654698153003841e-14
2.458982018860356951e-14
2.393526823381938214e-14
2.252377747620383073e-14
2.076997444538287219e-14
1.811712834465866434e-14
1.807704112495850806e-14
1.686438664798570768e-14
1.585210554820166964e-14
1.510806408429118842e-14
1.427379852149571144e-14
1.371796080387596236e-14
1.315894901390240413e-14
1.304819339119977116e-14
1.322513878395878524e-14
1.207552754938669344e-14
1.070922519034825522e-14
1.071949731307885591e-14
1.045186075699556808e-14
9.895995181526932534e-15
9.678727095256184873e-15
9.013240575722679024e-15
8.880316861374440715e-15
8.179034753775084233e-15
8.183860659608283528e-15
7.865803042813411266e-15
7.581256211604769037e-15
6.987407629419139737e-15
6.813081542813993444e-15
6.716930162529755478e-15
6.248295640708561354e-15
6.025782502389287920e-15
5.676722816748964540e-15
5.589238730251647725e-15
5.100890198214344617e-15
5.397329453924171794e-15
5.201446829410477858e-15
