2.141403473557588950e-15
2.031741729635396616e-15
2.132946432604148109e-15
2.093661496445148127e-15
2.116020563702695674e-15
2.097010344674172902e-15
2.067428777301524148e-15
2.070326122526722039e-15
2.096800655338958891e-15
2.131558048178757051e-15
2.124412767037075157e-15
2.077189096394540322e-15
2.065815569069713412e-15
2.062685898392611838e-15
2.067330150292878793e-15
2.055633835328104937e-15
2.031964315181648240e-15
2.018732218233080909e-15
2.092802940841383531e-15
2.084752592771873940e-15
2.098407450160587802e-15
2.141278233075912519e-15
2.083087683728086939e-15
2.073241013531831204e-15
2.064918185295483202e-15
2.174540113616136821e-15
2.188655181135531777e-15
2.074065783898720757e-15
2.067645192806801082e-15
2.111576436400753231e-15
2.051385615347882128e-15
2.037116620927517088e-15
2.055166734984722546e-15
2.067806179062221351e-15
2.093272925544908489e-15
2.044415995958671625e-15
2.129207939923195040e-15
2.195452286389232363e-15
2.159148644409235319e-15
2.040501843832051581e-15
2.057597731695696512e-15
2.081741900623127770e-15
2.088310511586206910e-15
2.061561013575358749e-15
2.022637701350151696e-15
2.055539720867403762e-15
2.144649808621878030e-15
2.049942875453831099e-15
2.100862538306256787e-15
2.153927147310919899e-15
