7.987099500189682126e-14
7.888003297950465001e-14
7.796651024898085169e-14
8.090417847323049409e-14
7.452673123254197074e-14
7.354013254883278055e-14
7.328604928956860576e-14
7.200645209960382027e-14
7.006198036352845189e-14
6.926638216399179952e-14
6.623020636972050156e-14
6.682858455049268004e-14
6.332132658191540440e-14
6.359818990875457889e-14
6.067436796046068003e-14
6.070058505287123581e-14
6.076076177642418479e-14
6.001273815496509897e-14
5.662124585813859982e-14
5.599054345754102256e-14
5.521861702303088886e-14
5.439298318236360871e-14
5.224212629006239005e-14
5.357015627188179085e-14
5.054717017295418280e-14
4.844779436541097120e-14
4.967630780515696518e-14
4.706581839868713700e-14
4.600996819923750953e-14
4.637285186122408160e-14
4.519176532332570382e-14
4.265238344518516384e-14
4.236697111128610639e-14
4.199861146989777944e-14
4.137585415434971558e-14
3.989111066399679193e-14
4.018852609685633939e-14
3.848342044819091316e-14
3.885505586628045130e-14
3.773200809280420202e-14
3.619042438391659114e-14
3.581907940052779918e-14
3.430979333034072985e-14
3.448216096063877936e-14
3.395443774426558154e-14
3.508848021440763027e-14
3.210016759584333251e-14
3.262411379521012023e-14
3.195943547566351577e-14
3.161383626505007695e-14
