6.169509077590981613e-13
6.010460681241276039e-13
6.019295538188092351e-13
5.670554603752788723e-13
5.389283965816389521e-13
5.221017641947675383e-13
5.055191881778122980e-13
4.744188003797393392e-13
4.653575218352983916e-13
4.501021843123312937e-13
4.385680707717005172e-13
4.374810649299341557e-13
4.303065998559249357e-13
4.171930098355707046e-13
4.125640602132089958e-13
4.006162367797897465e-13
3.794845946175816917e-13
3.551120849445034313e-13
3.386749922458857174e-13
3.214404927114315985e-13
3.281596119725582240e-13
3.223616827017934201e-13
3.261285965414802041e-13
3.289906650131432000e-13
3.235262100989897995e-13
3.387641985482979377e-13
3.414885075230742685e-13
3.350148213453541534e-13
3.320778598386920976e-13
3.380742033106941163e-13
3.307357047563656705e-13
3.338129733230370836e-13
3.279410292475830983e-13
3.206306723062696784e-13
3.236083683757418075e-13
3.259265394950558119e-13
3.122569018838410412e-13
3.100474246445632115e-13
3.164435201534504198e-13
3.115750764162974488e-13
3.114995281582920161e-13
3.224460763687843488e-13
3.133559331205977822e-13
3.228919087613334060e-13
3.353614240899089314e-13
3.312305903638460256e-13
3.343282624093520886e-13
3.372094447581306791e-13
3.378137773618317380e-13
3.304960045847073813e-13
