7.781471910443172246e-13
7.131237419272373785e-13
6.648813298818060592e-13
6.202341493298153255e-13
5.531554743677996012e-13
5.096683652936165770e-13
4.502230721052125134e-13
4.280538911371225956e-13
3.990362524421100916e-13
3.728987678146800147e-13
3.369835068126327617e-13
3.150406428493941395e-13
2.766979178415847709e-13
2.586426601297820302e-13
2.351041181777885545e-13
2.231635560047415930e-13
2.086704897030492622e-13
1.991288261117340845e-13
1.848253871545900396e-13
1.761218772705216543e-13
1.650116798379029893e-13
1.591441780335022375e-13
1.506730749365293988e-13
1.386616324400348129e-13
1.314207764166585295e-13
1.296090394206920917e-13
1.162352258531472757e-13
1.174852925850784451e-13
1.092981054365298946e-13
1.057484392131188649e-13
9.851518521917977260e-14
9.679787648515654281e-14
9.205039716441663101e-14
8.744247979382216454e-14
8.602893228247113856e-14
8.689064252897577350e-14
8.117390865674467666e-14
7.755971714591125360e-14
7.633866435424515267e-14
7.257008597356382958e-14
6.822515990344645803e-14
6.489591469222007723e-14
6.130062777606629651e-14
6.190817630198401829e-14
5.843961509729311975e-14
6.053705843828253573e-14
5.951747906910345909e-14
5.608495043062835558e-14
5.749172957120807340e-14
5.727772711355778526e-14
