3.108917579459411057e-15
3.006832891145534762e-15
2.921860457925300186e-15
2.960220315808668563e-15
3.091643180006873051e-15
3.067606865087371805e-15
3.250236912998113104e-15
3.152279858956508248e-15
3.168288955580300524e-15
3.292063586408705836e-15
3.182798400786665368e-15
3.132382953900584367e-15
3.172680900348652805e-15
3.251749424897675018e-15
3.162586328747550638e-15
3.140707748916293378e-15
3.063297325224245928e-15
3.074169500414157998e-15
3.156651526168999022e-15
3.103683682135431980e-15
3.199299200473823275e-15
3.065658430678726150e-15
2.955168984262965719e-15
3.128508842743947977e-15
3.063176424519681983e-15
3.091818189097226937e-15
3.129918178276428179e-15
3.138257645396156351e-15
3.093774278386412429e-15
3.109490848099655982e-15
3.150640421044211412e-15
3.198102494782473169e-15
3.006096269772912936e-15
3.206745241154146066e-15
3.267924787407210616e-15
3.129868611187181594e-15
3.153326648303873438e-15
3.129194642860601162e-15
3.120974817637079796e-15
3.169096351171540515e-15
3.114607047188744357e-15
3.079397994857480317e-15
2.995206237119981936e-15
3.094838981476600296e-15
3.170614867974786165e-15
3.132979692516929681e-15
3.059030940841816506e-15
3.120243438531586470e-15
3.187323510041222371e-15
3.102496366648512698e-15
