3.611009563849474113e-13
3.246510818867175339e-13
2.924411081133700824e-13
2.674641475635461962e-13
2.515220860559490579e-13
2.247515272154848769e-13
2.080773358051672931e-13
1.898287819027957915e-13
1.702015869150591888e-13
1.556720416091435346e-13
1.419670269462144399e-13
1.306270443704993125e-13
1.224503820401084326e-13
1.134405274285961513e-13
1.057123033438812369e-13
9.819631355351837969e-14
8.948998708647244738e-14
8.726744921581732561e-14
7.943031960733021047e-14
7.273378022498351902e-14
6.883668303226876320e-14
6.647845161937731326e-14
6.381868470442341430e-14
6.091414441441517819e-14
5.663690647451015345e-14
5.533022937583192629e-14
5.107379012094436389e-14
4.979030641417117632e-14
4.848373928237201103e-14
4.815179079956688507e-14
4.664663697973454985e-14
4.503782528911402881e-14
4.566051183323334735e-14
4.590170401446201151e-14
4.731594246749990476e-14
4.593847396208008862e-14
4.648391524852327277e-14
4.432961404214569434e-14
4.416672890894430208e-14
4.317670315495934201e-14
4.339395447453758610e-14
4.218753525924187949e-14
4.081717074856787947e-14
3.978325131922356236e-14
4.070068226498829539e-14
3.969270080180006593e-14
3.878404237355993617e-14
3.807677971794089582e-14
3.810612482140536670e-14
3.877346840959496135e-14
