5.687926592375739812e-13
4.980589500206016642e-13
4.461940211163295608e-13
4.043465275983837266e-13
3.742949681706609593e-13
3.321913309983882399e-13
3.034619478072205995e-13
2.832200783372757028e-13
2.476083384908262017e-13
2.284603111575397321e-13
2.041196267602172237e-13
1.866107771500723733e-13
1.748046229157929271e-13
1.628330888682271515e-13
1.516619951005917132e-13
1.447860948918976414e-13
1.347250581985276547e-13
1.226899173977411832e-13
1.128025247439024186e-13
1.069033133009718362e-13
1.027370203754808204e-13
9.433044213013629753e-14
9.116111542099482711e-14
8.755222270409446311e-14
8.414575595111391773e-14
7.922454380609188509e-14
7.555908301931849968e-14
7.645081717597212651e-14
7.488009657209473997e-14
7.082379853686499959e-14
6.690533162709120968e-14
6.372147277189848244e-14
6.207341884169013510e-14
5.916411115412955772e-14
5.957525159077980004e-14
5.899021966519002119e-14
5.544844170773627002e-14
5.620777924206411150e-14
5.584418948401442011e-14
5.346316688565096204e-14
5.383024977121307899e-14
5.095799383961492825e-14
4.977716621531053679e-14
5.024305935724756383e-14
5.023496241043490106e-14
4.879957244960337713e-14
4.589860093031097195e-14
4.293684247963519138e-14
4.374748257861231023e-14
4.423621241973641926e-14
