1.397676786629818235e-13
1.355160264178883317e-13
1.293932541270700925e-13
1.238550661613309727e-13
1.154242986441037912e-13
1.105412386498071371e-13
1.056623449558474569e-13
1.007493197140111093e-13
1.003182470400676105e-13
9.753164126577500447e-14
9.090373039441137488e-14
8.540150190628173594e-14
8.264608284221109348e-14
8.000610109310983912e-14
7.756219604910334316e-14
7.303226911675581342e-14
7.350720143786854154e-14
7.228753919493710506e-14
7.102498322379655923e-14
6.521369913973446979e-14
6.320919649772055085e-14
6.136752283852210932e-14
5.948545056106879232e-14
5.449790063998954345e-14
5.362706965725111792e-14
5.022267634680638075e-14
4.809712159983518386e-14
4.937382630986118192e-14
4.879562625063353847e-14
4.936703850020183665e-14
4.925975967711893051e-14
4.975998345214311637e-14
4.981237547910264181e-14
5.023692706683329949e-14
5.367160118596878555e-14
5.342932930066802962e-14
5.283520912127870238e-14
5.451092752412939310e-14
5.508522213206071509e-14
5.621842228548364914e-14
5.351948412822535182e-14
5.343036607233320880e-14
5.658483130453434867e-14
5.626943963180545449e-14
5.712279363459246183e-14
5.790656514258776614e-14
5.627997120182299433e-14
5.765753901339911043e-14
5.708443876540518397e-14
6.112395330234618650e-14
