3.911047824487376013e-15
4.280589897478409689e-15
4.214223969861905312e-15
4.120286769300081913e-15
4.128494349250228104e-15
4.049110754200719722e-15
4.064037827708247114e-15
4.173121069515472225e-15
4.022812907190525384e-15
4.061027253621173043e-15
4.122353687074957946e-15
4.050053570929464079e-15
4.149213964483164667e-15
4.028464542789514673e-15
4.096302916038664153e-15
4.026736878606586272e-15
4.234138077380752394e-15
4.080410951228355235e-15
3.974195820790471496e-15
4.115697485974535748e-15
3.950585758264545591e-15
4.007330057805209463e-15
3.929741769294951139e-15
4.005354475868143276e-15
3.852375866571760832e-15
3.958376981005540478e-15
4.052031160814981158e-15
3.934478374105982639e-15
3.970651511998928239e-15
4.119986868704863046e-15
3.834683735968240323e-15
3.998421798727919654e-15
4.033110726274835158e-15
3.941145209790336381e-15
3.964335257440887210e-15
3.830084221538726973e-15
3.912820565604624259e-15
3.977855248266404384e-15
3.857400318330080729e-15
3.911948406794650163e-15
4.078947503536436817e-15
4.073027735782648876e-15
4.153622936410039267e-15
4.018308641811879254e-15
3.954281857075689167e-15
3.924316601325707234e-15
3.755739202930234790e-15
3.882629321634034515e-15
3.799375208270367931e-15
3.932866547789163056e-15
