6.014256749612193440e-15
5.654014454328272053e-15
5.491953227243274134e-15
5.126332823520051288e-15
5.091757532221021491e-15
4.953754396370985506e-15
4.779106890133969325e-15
4.746627394959498359e-15
4.571157615900002282e-15
4.346358519958809783e-15
4.250546853346998957e-15
4.219152292550254303e-15
4.089036290405529485e-15
3.974156375126322402e-15
3.797284888610435669e-15
3.808983577964788529e-15
3.861296290352022599e-15
3.800221287651848049e-15
3.619102724137777674e-15
3.627050358093056137e-15
3.500328227982635107e-15
3.437625742917235423e-15
3.358599539052988526e-15
3.171724400996269586e-15
3.186374391130673294e-15
3.016457508480835893e-15
2.984300168608900953e-15
3.059892454689790764e-15
2.958009290401472070e-15
2.819560596875887072e-15
2.812960847890808105e-15
2.777533113543663199e-15
2.786124051900300110e-15
2.771756090977647757e-15
2.769896428228626008e-15
2.692760330904963025e-15
2.705137416623318844e-15
2.662631784016581652e-15
2.485532294286483556e-15
2.484030007010273429e-15
2.477826504397280796e-15
2.476018234128532610e-15
2.374440613472893351e-15
2.447881821916046028e-15
2.355642304293510110e-15
2.442666549724315340e-15
2.468956351107791902e-15
2.362323759962669731e-15
2.333071111032157896e-15
2.292172208129684480e-15
