3.378020143442348045e-13
3.010790487521261244e-13
2.812500392234155688e-13
2.536821802095413199e-13
2.270618638598219531e-13
2.128361574350936537e-13
2.012307828253475420e-13
1.852776232422246248e-13
1.652472226750430294e-13
1.599443427874372815e-13
1.507435929727257085e-13
1.367981707518096322e-13
1.306789460198020293e-13
1.194304599796057317e-13
1.150392127933352971e-13
1.117594630837769371e-13
1.019403749137568359e-13
9.545349300427785576e-14
8.708450190770445125e-14
8.953393019139633326e-14
8.370102355638351884e-14
8.104281278888902616e-14
7.785929396443857632e-14
7.546663223113698340e-14
7.072783347330901819e-14
6.663979385499192264e-14
6.714742823413837744e-14
6.412836758402477548e-14
6.338926698081897452e-14
6.008180883547498398e-14
5.775894264585359963e-14
5.535769488578113435e-14
5.243956920538700215e-14
5.282733698587186761e-14
4.926904046078283431e-14
5.088184294173192159e-14
4.825273710894334660e-14
4.836864895287796511e-14
4.553473001619749466e-14
4.424746593251526196e-14
4.649082930560783378e-14
4.532670436216153678e-14
4.316491610483773449e-14
4.330203242054880032e-14
4.592321877887787949e-14
4.318543858635442069e-14
4.411064346572898734e-14
4.278594384153570838e-14
4.458807520400102227e-14
4.394373773417270898e-14
