1.241654048464138516e+00
2.101728869191967988e+02
1.222941977225862731e+00
2.100663617884495409e+02
1.203997993756446006e+00
2.099865837875370005e+02
1.184237735930463220e+00
2.099183727572425653e+02
1.162568538354929792e+00
2.098397005327268232e+02
1.141734884624318269e+00
2.097589611930978890e+02
1.122350936036168312e+00
2.096901534786174182e+02
1.103362223189850333e+00
2.096341300032699166e+02
1.084170845910339853e+00
2.095792288326591404e+02
1.065484923770123826e+00
2.095158407908539573e+02
1.049580665237084487e+00
2.094490057734210211e+02
1.034400686122863844e+00
2.093909432845349556e+02
1.019769350079183567e+00
2.093449398891967235e+02
1.005635497211758711e+00
2.093032310053952187e+02
9.914643551480352146e-01
2.092661966891465113e+02
9.773145996394101420e-01
2.092268016880670132e+02
9.628881276188681060e-01
2.091827104202292844e+02
9.497667739237752871e-01
2.091442851725848300e+02
9.368741182312282367e-01
2.091110377631763413e+02
9.236554232826555966e-01
2.090724228117227881e+02
9.111683312497645959e-01
2.090492957813868600e+02
8.981241800692262300e-01
2.090155923135914406e+02
8.854716131672906165e-01
2.089838726938112359e+02
8.729428860440451299e-01
2.089574076738034591e+02
8.604259343233633395e-01
2.089282583544895431e+02
8.483907010117714975e-01
2.089037844275523526e+02
8.367985278575210684e-01
2.088814849373576976e+02
8.251317575394486736e-01
2.088598668561245688e+02
8.137611945830873772e-01
2.088343191039710689e+02
8.031333871187459339e-01
2.088033080584101810e+02
7.923926346098147944e-01
2.087798043168259596e+02
7.817320060616694821e-01
2.087565598076590447e+02
7.715721928257492923e-01
2.087335655351753019e+02
7.618524685942047459e-01
2.087126845237939392e+02
7.522814438649589874e-01
2.086946902906033472e+02
7.427794942425522962e-01
2.086745214473714896e+02
7.330738279302003724e-01
2.086504265311259019e+02
7.234628558878405391e-01
2.086311080019521569e+02
7.137033267216982280e-01
2.086116588598451358e+02
7.040639973624553960e-01
2.085874519340233348e+02
6.946916658913159237e-01
2.085676616795821872e+02
6.850749251440527710e-01
2.085519736887793556e+02
6.752224674947739924e-01
2.085348371438911101e+02
6.653742348515182536e-01
2.085099521528032369e+02
6.562621629550802194e-01
2.084946725437370389e+02
6.470368652975356794e-01
2.084743621783761114e+02
6.373471667067768243e-01
2.084571380841551616e+02
6.277361642565735256e-01
2.084373315009239320e+02
6.184668356024791702e-01
2.084166776394980332e+02
6.091109651605196573e-01
2.084037758998748586e+02
6.004884177967778625e-01
2.083790335617210872e+02
5.916185966961540199e-01
2.083656281131461867e+02
5.828614927151331004e-01
2.083520344460933131e+02
5.740360098358184837e-01
2.083343514788022901e+02
5.656993207431179060e-01
2.083173129584319838e+02
5.572765878871062117e-01
2.082988970333892382e+02
5.494460901020370436e-01
2.082873275460771083e+02
5.412869939349929105e-01
2.082747672044405647e+02
5.330491391918410482e-01
2.082555171297031791e+02
5.251670815789718505e-01
2.082462399300272011e+02
5.171772233934811558e-01
2.082302217372354676e+02
5.093462815475306993e-01
2.082135705042660447e+02
5.026209716993966792e-01
2.082025411962446810e+02
4.955781493006439775e-01
2.081857544443247718e+02
4.887266445036100859e-01
2.081754031837921559e+02
4.822890579439868541e-01
2.081642237208906181e+02
4.759321240378336371e-01
2.081504049720701346e+02
4.697537020374569217e-01
2.081418540904626013e+02
4.639639752403117434e-01
2.081284188361628367e+02
4.582315313842233451e-01
2.081183676815196577e+02
4.528064980205591672e-01
2.081002792861576438e+02
4.475631510101544808e-01
2.080867025619118067e+02
4.423140394112516360e-01
2.080674821869770881e+02
4.374875436214288316e-01
2.080533453388929956e+02
4.327707218711072668e-01
2.080379198185473513e+02
4.280871200403409960e-01
2.080239184950330014e+02
4.232923657689717789e-01
2.080068651107077642e+02
4.187446458628194534e-01
2.079970607487065308e+02
4.141845336075732908e-01
2.079811344350061404e+02
4.097244955426118107e-01
2.079717371029477135e+02
4.053986133686129922e-01
2.079591121614754741e+02
4.011872940427296808e-01
2.079418779909915713e+02
3.971313151998028812e-01
2.079283412841046186e+02
3.932174684950738297e-01
2.079145038114363615e+02
3.892912834442247560e-01
2.078963767384485664e+02
3.854306854497748791e-01
2.078847008018724978e+02
3.817605342268832191e-01
2.078728989450246161e+02
3.782589362190389437e-01
2.078602099119150921e+02
3.747457529948571286e-01
2.078431655876242985e+02
3.716719918897626873e-01
2.078266222681586441e+02
3.685627107491830645e-01
2.078083168640731060e+02
3.653802135385057492e-01
2.077962839616102144e+02
3.621634692751180551e-01
2.077792578871403180e+02
3.593311051801725275e-01
2.077668042414729825e+02
3.567277211704737994e-01
2.077511419900273211e+02
3.541976296390421108e-01
2.077383824917186246e+02
3.518894981029853097e-01
2.077229040373008218e+02
3.496944522529318311e-01
2.077069066407371736e+02
3.477836007248428785e-01
2.076991938296924047e+02
3.459544429497337648e-01
2.076868454726696314e+02
3.442519584423993639e-01
2.076780720362253021e+02
3.426942471236789634e-01
2.076645643081942012e+02
3.415076110776629204e-01
2.076495838202934578e+02
3.410726219715873864e-01
2.076387849494441582e+02
3.417846779815396085e-01
2.076251974161451415e+02
3.436250095795402859e-01
2.076086415096531539e+02
3.447442604900618490e-01
2.076014081548358092e+02
3.455053018038710677e-01
2.075880986327023834e+02
3.461642492506683544e-01
2.075738868501608465e+02
3.468224516029645432e-01
2.075587966526833270e+02
3.474293687437381983e-01
2.075429469193967122e+02
3.481320143128602829e-01
2.075318932562163923e+02
3.488199443255812215e-01
2.075215959821801164e+02
3.493714928616723503e-01
2.075095518970791204e+02
3.497898161295516228e-01
2.074965026085346551e+02
3.500675544079618895e-01
2.074839827208014640e+02
3.501505705226305998e-01
2.074674225914896226e+02
3.499985527884191816e-01
2.074537649521471394e+02
3.497382233471041935e-01
2.074380320653014564e+02
3.493935336655260571e-01
2.074235557552268290e+02
3.490000448801603428e-01
2.074094065419132846e+02
3.484867616069272089e-01
2.073980478972844708e+02
3.480534669653671531e-01
2.073870359532673717e+02
3.476286862571220659e-01
2.073770172947739354e+02
3.471588897411824193e-01
2.073609613423129758e+02
3.467488748390892273e-01
2.073519097176801438e+02
3.463166857975047419e-01
2.073417392571022617e+02
3.459017561507454208e-01
2.073299833843332181e+02
3.454103408672437037e-01
2.073163142480498493e+02
3.449476183828611986e-01
2.073016883757658206e+02
3.444480975475635587e-01
2.072832104901873720e+02
3.440797535830146803e-01
2.072736520590322300e+02
3.436873823654543747e-01
2.072668232307173923e+02
3.432599199025889725e-01
2.072614481772288570e+02
3.428258447928593244e-01
2.072523073437033929e+02
3.423130029394869656e-01
2.072358111576737940e+02
3.418739680344615173e-01
2.072225396354047859e+02
3.414845747721106939e-01
2.072162454833876097e+02
3.411267481853716976e-01
2.071984727454826327e+02
3.407803929695505940e-01
2.071901352210454093e+02
3.404301055524442954e-01
2.071822562324953765e+02
3.400345590750094016e-01
2.071736517031368692e+02
3.397336943257061037e-01
2.071665374984689834e+02
3.394321211217188328e-01
2.071554412924314192e+02
3.390789849100607767e-01
2.071478228727472128e+02
3.387779333858388919e-01
2.071406531763278736e+02
3.384639442389731911e-01
2.071337098572967648e+02
3.381068244594024885e-01
2.071236200389333533e+02
3.377487987245265111e-01
2.071167692260581532e+02
3.374288725898534902e-01
2.071085728441242395e+02
3.370830111375449079e-01
2.071027541582094216e+02
3.367819561969995212e-01
2.070926279122588198e+02
3.364480636992142615e-01
2.070833686919964407e+02
3.361552716215237546e-01
2.070779802948041208e+02
3.358154059845739337e-01
2.070698775936771767e+02
3.354485271090300591e-01
2.070587642243127675e+02
3.352059371886855765e-01
2.070508771397708756e+02
3.349034042871351091e-01
2.070439029134903421e+02
3.346025914146786850e-01
2.070360914486136323e+02
3.342851576419833548e-01
2.070272711680385669e+02
3.338618242208113429e-01
2.070176505767571200e+02
3.336135753143057436e-01
2.070103821676333382e+02
3.333187285622398188e-01
2.070078693637372851e+02
3.330011444025152145e-01
2.070012936001201922e+02
3.326724583436990734e-01
2.069975204343230359e+02
3.323681259450087522e-01
2.069894179930010125e+02
3.320829990291249700e-01
2.069872969994722212e+02
3.317565732840624948e-01
2.069763957439894853e+02
3.314145181710431154e-01
2.069697994570439334e+02
3.311826234831017346e-01
2.069642458817830288e+02
3.308533559273181268e-01
2.069591603551852756e+02
3.305979604739662236e-01
2.069524469708447896e+02
3.302868090922995159e-01
2.069473703043035471e+02
3.299989582032309410e-01
2.069452882416647412e+02
3.297561154155335683e-01
2.069385145201666489e+02
3.294491489782219729e-01
2.069338563731183172e+02
3.291798554004195521e-01
2.069278606447864206e+02
3.288877367925036599e-01
2.069228825721181408e+02
3.286434373918710183e-01
2.069213406157987833e+02
3.283827812492913778e-01
2.069169643431380052e+02
3.280888730072442083e-01
2.069111724016055689e+02
3.277875120991568525e-01
2.069061860913509179e+02
3.275667356142857312e-01
2.069033497910759820e+02
3.273267411105927338e-01
2.068987756360670573e+02
3.270888291985639684e-01
2.068938586860741680e+02
3.267649950586845597e-01
2.068853629625696158e+02
3.266187591857769856e-01
2.068830298398311243e+02
3.263159904580732462e-01
2.068737641828344920e+02
3.260691550559032814e-01
2.068700254808406385e+02
3.258526321217172228e-01
2.068651582084222866e+02
3.256533632157311842e-01
2.068591114030371898e+02
3.254238467723393202e-01
2.068502979857387061e+02
3.251098821489924462e-01
2.068433584797752189e+02
3.248962177120724992e-01
2.068404256585768337e+02
3.246473624240055478e-01
2.068389039371768661e+02
3.244289493931150070e-01
2.068389423433395109e+02
3.241750167717281084e-01
2.068315775520691204e+02
3.240018140395144464e-01
2.068250275781773269e+02
3.237407538625881598e-01
2.068196638314847746e+02
3.235665807882289746e-01
2.068135339324976201e+02
3.233088667696024654e-01
2.068047260011259425e+02
3.230308491053417441e-01
2.068017885477949278e+02
3.228170678536045335e-01
2.067978535876144974e+02
3.226056298975574221e-01
2.067978758777992141e+02
3.224520343235167119e-01
2.067908660556217342e+02
3.222252027747757874e-01
2.067805271090617225e+02
3.220325137406628291e-01
2.067737890014125810e+02
3.218437190142436344e-01
2.067683052238467951e+02
3.216514966818251331e-01
2.067653600725211902e+02
3.214273055593853679e-01
2.067577288961455793e+02
3.213063904169380924e-01
2.067524418302741651e+02
3.210821505552619026e-01
2.067514588539918350e+02
3.209001337883135019e-01
2.067425641196702770e+02
3.206612996051735887e-01
2.067369623355461954e+02
3.204921356621195372e-01
2.067341832166889048e+02
3.203165597042771928e-01
2.067321443078387517e+02
3.201192053561387474e-01
2.067241256156145255e+02
3.199788415818376475e-01
2.067270192207794821e+02
3.197443160733782208e-01
2.067202183993479991e+02
3.195759405333885028e-01
2.067146857101408841e+02
3.194295309015821593e-01
2.067119434820835124e+02
3.192116299401115409e-01
2.067061561688282723e+02
3.189906122278209355e-01
2.066995714530617931e+02
3.187931371536820158e-01
2.066937741841957745e+02
3.185761220125062909e-01
2.066935378515395314e+02
3.183432782726358101e-01
2.066901129377650932e+02
3.180830163472025962e-01
2.066850408714392415e+02
3.178514713081500020e-01
2.066785040498948831e+02
3.176367028507310897e-01
2.066720357682241058e+02
3.174646157504725230e-01
2.066644031173300959e+02
3.171758086639011043e-01
2.066568762184004981e+02
3.169652057233229292e-01
2.066527844118985797e+02
3.167786229741967330e-01
2.066434608270535023e+02
3.165997888471689392e-01
2.066371833417239259e+02
3.163754081004466201e-01
2.066307561772503334e+02
3.161568162474528432e-01
2.066299307555107703e+02
3.159542929336791039e-01
2.066247967606959719e+02
3.157516695491857095e-01
2.066216644970129721e+02
3.155473318333528732e-01
2.066279809680571020e+02
3.152891335449526378e-01
2.066236819284684429e+02
3.151248071766064585e-01
2.066227880888563959e+02
3.149125448977918018e-01
2.066182575429604071e+02
3.147450012869536518e-01
2.066131321036522479e+02
3.145379459919921961e-01
2.066081704975221101e+02
3.143448779310514252e-01
2.066041925143875915e+02
3.141887658765806224e-01
2.065986082243584860e+02
3.139639599293365113e-01
2.065879040753315223e+02
3.137395368594739220e-01
2.065835471821392275e+02
3.134922409117116282e-01
2.065796022095740341e+02
3.133155585551509748e-01
2.065790792004958689e+02
3.131524487474316998e-01
2.065797837679866404e+02
3.129096714926326572e-01
2.065693779730486597e+02
3.127161760006820779e-01
2.065679277554569353e+02
3.125354053709658575e-01
2.065657380248813979e+02
3.123549918501811740e-01
2.065608496308541930e+02
3.121674544269662510e-01
2.065588366376294402e+02
3.120055385527442104e-01
2.065543937283005675e+02
3.118146933579739044e-01
2.065510447306119488e+02
3.116435192551011979e-01
2.065522016186958183e+02
3.114341235382769857e-01
2.065521946220027019e+02
3.112535712521427023e-01
2.065397958591177883e+02
3.110560983629337972e-01
2.065367933818219512e+02
3.109189041026367284e-01
2.065333406264204257e+02
3.107268914911074376e-01
2.065262731846514157e+02
3.105441304891250476e-01
2.065292034901763714e+02
3.103374228053443207e-01
2.065256785500034766e+02
3.101790698780412248e-01
2.065220628740921711e+02
3.100193402967952871e-01
2.065137442498512996e+02
3.098253169150922970e-01
2.065092127056163065e+02
3.096496955833634157e-01
2.065056999826246624e+02
3.094494884463285800e-01
2.065006083246392450e+02
3.092907212255631144e-01
2.064927559685538938e+02
3.091459494200323177e-01
2.064857602685905817e+02
3.089298865894726798e-01
2.064827638830001320e+02
3.087881469025646752e-01
2.064741615170328259e+02
3.086348197926700454e-01
2.064725661235872849e+02
3.084847980556184033e-01
2.064631602925054494e+02
3.082842564735038260e-01
2.064582292321160253e+02
3.081076094310576940e-01
2.064521132455460020e+02
3.079524302117632173e-01
2.064510670626295621e+02
3.077323811564678935e-01
2.064482097449260607e+02
3.076042440269373124e-01
2.064418980983916470e+02
3.074192124914191249e-01
2.064366397935328621e+02
3.072586910241115188e-01
2.064339181972614199e+02
3.070680053970567536e-01
2.064325795822042835e+02
3.068691353200352356e-01
2.064288379996946219e+02
3.067213696436170145e-01
2.064268132089057701e+02
3.065869703682228553e-01
2.064296711725107798e+02
3.064407195391205541e-01
2.064217146598965655e+02
3.062836689774612320e-01
2.064177418743007308e+02
3.061659752853073679e-01
2.064169365065928616e+02
3.059651925236711589e-01
2.064244426657479607e+02
3.057978766294536799e-01
2.064253358019593350e+02
3.056362315801085527e-01
2.064284223111799008e+02
3.055392310719964866e-01
2.064231448136849849e+02
3.053626772509275278e-01
2.064183226443255137e+02
3.052054711017824773e-01
2.064114811166542438e+02
3.050604273559503476e-01
2.064109507432687280e+02
3.049093191046613471e-01
2.064119420524956467e+02
3.047448360044178739e-01
2.064020687893950310e+02
3.046150333503305219e-01
2.063965960242921085e+02
3.044470578900869140e-01
2.063953317293620273e+02
3.042185672815379549e-01
2.063855433567531179e+02
3.041000636200551499e-01
2.063819519384714454e+02
3.039410452126610762e-01
2.063732392607159341e+02
3.037924118327279266e-01
2.063696564786712315e+02
3.036241213623975255e-01
2.063630652184994574e+02
3.034726502678589122e-01
2.063590356014908878e+02
3.033245912371533848e-01
2.063540552871654654e+02
3.031102798993849934e-01
2.063482044803806446e+02
3.029426503887037714e-01
2.063445104965216501e+02
3.027502752179502821e-01
2.063410803421887465e+02
3.025698742815836617e-01
2.063326446608328126e+02
3.024258414549204077e-01
2.063303569095778300e+02
3.022497875559253533e-01
2.063172763226240534e+02
3.020929360090313653e-01
2.063143019150634530e+02
3.019063814840070026e-01
2.063144689893099439e+02
3.017653131182267967e-01
2.063059675233218968e+02
3.016211443796196212e-01
2.063038933858415191e+02
3.014483612213071928e-01
2.062991848471597791e+02
3.012630176189714515e-01
2.062948810359869753e+02
3.010989360001130599e-01
2.062933334627096826e+02
3.009239946218850159e-01
2.062889155880561987e+02
3.007491293136688726e-01
2.062812593508115810e+02
3.005931979143357524e-01
2.062724000240253872e+02
3.004437690787651882e-01
2.062690030815377327e+02
3.002602043717648717e-01
2.062648683431092138e+02
3.001093761366580570e-01
2.062587091554014762e+02
2.999248264552390464e-01
2.062521514596105874e+02
2.997447007886731574e-01
2.062513560680914679e+02
2.995633737388900819e-01
2.062495801174799510e+02
2.994202235126705025e-01
2.062513488819882355e+02
2.992495321766845406e-01
2.062504653509461150e+02
2.990810857099321374e-01
2.062444616782796629e+02
2.988805912447332069e-01
2.062420845470153949e+02
2.986989050560405756e-01
2.062371631919558013e+02
2.985231871875009824e-01
2.062337156252852424e+02
2.984205133170603208e-01
2.062334042735837727e+02
2.982308850110314546e-01
2.062254489400324360e+02
2.980337422686317184e-01
2.062196928349014229e+02
2.978814653096750198e-01
2.062169555258028026e+02
2.977575027006918451e-01
2.062136914191328856e+02
2.975357524360183192e-01
2.062099360213880175e+02
2.973937736344166027e-01
2.062078497285019978e+02
2.972079453893520240e-01
2.062024190721480466e+02
2.970193036378914186e-01
2.061970107937345915e+02
2.968391832991697510e-01
2.061995857358638489e+02
2.966668152924561430e-01
2.061967439862509082e+02
2.965296283720477155e-01
2.061894964907844212e+02
2.963708206663444034e-01
2.061852436545449336e+02
2.962092915600602061e-01
2.061810549953677878e+02
2.960273806631747995e-01
2.061754599883780088e+02
2.958570789355021158e-01
2.061740208139537742e+02
2.956781163090954068e-01
2.061698838699468581e+02
2.954921853220179306e-01
2.061688523259696808e+02
2.953376221615438557e-01
2.061719668536135828e+02
2.951873727942473380e-01
2.061745408615214785e+02
2.949766495629502772e-01
2.061729263782215185e+02
2.948459221189922430e-01
2.061686525649845692e+02
2.946502370522328662e-01
2.061730627344062441e+02
2.944638871695866578e-01
2.061703927106017318e+02
2.942781449091049217e-01
2.061717129948494005e+02
2.940671347709716277e-01
2.061636697694144402e+02
2.938710022053490079e-01
2.061647676224749830e+02
2.936973519117734854e-01
2.061635296034222051e+02
2.935349498866572926e-01
2.061614697400174521e+02
2.933771315658477707e-01
2.061634834815693864e+02
2.932093349814391403e-01
2.061594967280138633e+02
2.930484040410873403e-01
2.061584621439027956e+02
2.928753861178340911e-01
2.061577090445143483e+02
2.927474368834817597e-01
2.061557821747117600e+02
2.925448342073360131e-01
2.061545964355595402e+02
2.923880768894752125e-01
2.061512293962380795e+02
2.922000981776444184e-01
2.061504243953133937e+02
2.920429130464617939e-01
2.061441176957572736e+02
2.919003732020870601e-01
2.061389657773900410e+02
2.916610658085283525e-01
2.061367771975232017e+02
2.915169740118718211e-01
2.061332567247523571e+02
2.913211922891141836e-01
2.061281581446214375e+02
2.911661381695677120e-01
2.061260942548449293e+02
2.909468170545679300e-01
2.061220008302490783e+02
2.907871304484240804e-01
2.061193149640159845e+02
2.905834263682289254e-01
2.061077342980792935e+02
2.903812941240671575e-01
2.061020553121777823e+02
2.901944997150459060e-01
2.060989211060715718e+02
2.899951145006769981e-01
2.060952232491422649e+02
2.898366610041139269e-01
2.060860173064299090e+02
2.896708154541717262e-01
2.060796199740361487e+02
2.894907393723983313e-01
2.060758843956799353e+02
2.893195611931852484e-01
2.060674412285165715e+02
2.891217413699140315e-01
2.060645925278013806e+02
2.888971965382312601e-01
2.060606752265183559e+02
2.886989997723295454e-01
2.060583366497658062e+02
2.885029716532792610e-01
2.060539286705744928e+02
2.883085897280027177e-01
2.060546297850674762e+02
2.881031712021450697e-01
2.060484654245092315e+02
2.879241553513091634e-01
2.060426296863411153e+02
2.877507198010364475e-01
2.060373045777844538e+02
2.875780713443981118e-01
2.060292597513059150e+02
2.873997500688347251e-01
2.060215043818842844e+02
2.872278805060046181e-01
2.060167423167033576e+02
2.870176960098810293e-01
2.060126084930861623e+02
2.868058890318910814e-01
2.060080291938050436e+02
2.866459884197048447e-01
2.060037165275453219e+02
2.864559339044724373e-01
2.060003136897527440e+02
2.862665724867942685e-01
2.059943629968492189e+02
2.860952026339571574e-01
2.059880694953905618e+02
2.859054269982693741e-01
2.059839551547385668e+02
2.856768758411019626e-01
2.059789821738424109e+02
2.855007997554218080e-01
2.059760902180668722e+02
2.853025971417932904e-01
2.059739797759732483e+02
2.851191240434563512e-01
2.059711473730917533e+02
2.849150948682799278e-01
2.059680665385122609e+02
2.847111311847808635e-01
2.059648005333057768e+02
2.844772588730464791e-01
2.059608807801560886e+02
2.843081029925082492e-01
2.059568530041846373e+02
2.840915321067852273e-01
2.059538800350972565e+02
2.839084251725211838e-01
2.059485290109685423e+02
2.837070477984794947e-01
2.059439678403437028e+02
2.835285609854220623e-01
2.059377176234708315e+02
2.833676400248243965e-01
2.059300513440758778e+02
2.831751959757397019e-01
2.059227650931250082e+02
2.830031387342386573e-01
2.059169121754428033e+02
2.828536143506059086e-01
2.059113400679495953e+02
2.826395414522742677e-01
2.059049035285855780e+02
2.825020587146696016e-01
2.058979512906332445e+02
2.822950649043503568e-01
2.058926133706709152e+02
2.821709469224691902e-01
2.058871579564279557e+02
2.820073812215098674e-01
2.058828054309321942e+02
2.818355339971367890e-01
2.058768229519214970e+02
2.816600224256387008e-01
2.058729965182673993e+02
2.815377330418323831e-01
2.058684107241623451e+02
2.813778011631647979e-01
2.058634703936835990e+02
2.812104806505814070e-01
2.058621019149838958e+02
2.810375317936759099e-01
2.058607693069553477e+02
2.809122174899542634e-01
2.058558093723458740e+02
2.807361746863102359e-01
2.058502055438237051e+02
2.805970552273522323e-01
2.058453009856421261e+02
2.804471000366931532e-01
2.058393636093591397e+02
2.803265833408281060e-01
2.058346990625277044e+02
2.801347463994450782e-01
2.058313912749548535e+02
2.799880521158996660e-01
2.058236715866020177e+02
2.798506251532180134e-01
2.058194975409080882e+02
2.796769982041789060e-01
2.058140524542843082e+02
2.795241633070952303e-01
2.058074845714155572e+02
2.793384773018405820e-01
2.058031273575614932e+02
2.792269033507200349e-01
2.057995806545002608e+02
2.790659888090582519e-01
2.057945234825004093e+02
2.789548145645803778e-01
2.057881093418502019e+02
2.788445606511446573e-01
2.057836883263578613e+02
2.787196000135703233e-01
2.057791086766706883e+02
2.785791729608135814e-01
2.057751343866771663e+02
2.784280289776202566e-01
2.057710757620594393e+02
2.782683241326400214e-01
2.057651027353255415e+02
2.781379088710549952e-01
2.057577806864093191e+02
2.780250049863551842e-01
2.057531946280736008e+02
2.778340405289751458e-01
2.057482221270900880e+02
2.777224827525369144e-01
2.057429724103575950e+02
2.775721619672382734e-01
2.057402302873804842e+02
2.774519587660803643e-01
2.057374239209893574e+02
2.773132820953062017e-01
2.057334194978110702e+02
2.771829919096570061e-01
2.057298688603652010e+02
2.770535207358115759e-01
2.057272733955606725e+02
2.769165730750208776e-01
2.057239103278052426e+02
2.768052924834469297e-01
2.057182219337552169e+02
2.766858057963004214e-01
2.057141452404198958e+02
2.765462800882755867e-01
2.057102451741651521e+02
2.764259010107483761e-01
2.057065512313805016e+02
2.763353409785145320e-01
2.057029355763041565e+02
2.762325658439411247e-01
2.056975009172854527e+02
2.760935684571244053e-01
2.056942427573353029e+02
2.759924326747219547e-01
2.056903549662544606e+02
2.758935360782817647e-01
2.056875191063766977e+02
2.757801513966846030e-01
2.056841090799405265e+02
2.755987138208016440e-01
2.056815869585553571e+02
2.754934355830147008e-01
2.056776593551861652e+02
2.754140442875042671e-01
2.056746622695264932e+02
2.752326820592700951e-01
2.056701884968371132e+02
2.751544147738739232e-01
2.056665023484688106e+02
2.750635218424409834e-01
2.056625710831733613e+02
2.749297288765201186e-01
2.056588064567781942e+02
2.748330749416690866e-01
2.056552816786112032e+02
2.747121227718725689e-01
2.056505928265420380e+02
2.745881597288282183e-01
2.056501487742200993e+02
2.745041092221419121e-01
2.056452225770204052e+02
2.743776866546541737e-01
2.056412586985616997e+02
2.742745758430539249e-01
2.056390571761884871e+02
2.741768066151666905e-01
2.056354583936729341e+02
2.740632124752420684e-01
2.056333446130902587e+02
2.739194748586789019e-01
2.056304125836850289e+02
2.738340981539335028e-01
2.056263860280692768e+02
2.737102237264485982e-01
2.056232398553485439e+02
2.736086583846510933e-01
2.056191023190018257e+02
2.734700672184983694e-01
2.056142664561724587e+02
2.733476645919221126e-01
2.056101264914530304e+02
2.732824923102331605e-01
2.056060463617391747e+02
2.731818597799768322e-01
2.056046548564192165e+02
2.730888533425233078e-01
2.056011432692992571e+02
2.729792428536941262e-01
2.055946559249020993e+02
2.728634408976359782e-01
2.055910716498869704e+02
2.727530089371231203e-01
2.055885122752842165e+02
2.726874827847117766e-01
2.055853002108593444e+02
2.725731786318656424e-01
2.055822002683326275e+02
2.724516069553700182e-01
2.055803652307668585e+02
2.723746871172139650e-01
2.055753740099080744e+02
2.722915449259494247e-01
2.055718878454613332e+02
2.721904918451780730e-01
2.055668868764525428e+02
2.720976370596832061e-01
2.055624306076248047e+02
2.720733763194413957e-01
2.055609370515082048e+02
2.719795383523919141e-01
2.055565744734138320e+02
2.718578129634616203e-01
2.055532356972029788e+02
2.717782544642868836e-01
2.055473343167218729e+02
2.716815448637618369e-01
2.055428339899935111e+02
2.715680999139512553e-01
2.055390484547112919e+02
2.714449746121076479e-01
2.055361998331453606e+02
2.713180693763889706e-01
2.055336965640205165e+02
2.712055142483125736e-01
2.055332575977188583e+02
2.710860701961484986e-01
2.055291403766121903e+02
2.709606469840574738e-01
2.055272848970504356e+02
2.708383221703706822e-01
2.055230193394159528e+02
2.707197548343966420e-01
2.055206739532663391e+02
2.706373058245059027e-01
2.055147623827990060e+02
2.705291974498902907e-01
2.055104572609497779e+02
2.704471885343812110e-01
2.055071463401092160e+02
2.703099778494955086e-01
2.055041072241745326e+02
2.702205711331385207e-01
2.055007797843462640e+02
2.701726919770029434e-01
2.054970687015634496e+02
2.700669464547309495e-01
2.054944937125798390e+02
2.699735477490248781e-01
2.054923643551921941e+02
2.698633389062296550e-01
2.054905372204164280e+02
2.697749285537193176e-01
2.054865104645450629e+02
2.696726329133192213e-01
2.054821966433025580e+02
2.695996477061287089e-01
2.054787692555761396e+02
2.694944462031759191e-01
2.054745415876901120e+02
2.694142213700650990e-01
2.054694737097819939e+02
2.693246687448735965e-01
2.054681080672051507e+02
2.692366400053970432e-01
2.054633516905051636e+02
2.691424826423755023e-01
2.054598843115073521e+02
2.690788972252891598e-01
2.054561312664693276e+02
2.690343420623444448e-01
2.054535572011357090e+02
2.689480216637429311e-01
2.054475609319877947e+02
2.688722962058187060e-01
2.054424725909726988e+02
2.687581625762645587e-01
2.054394989862751970e+02
2.686787975658126437e-01
2.054365262682936759e+02
2.685511257114894801e-01
2.054341459192466459e+02
2.684934015120652995e-01
2.054313581149942820e+02
2.683834181939883656e-01
2.054300755161900440e+02
2.682690096924166823e-01
2.054287461909677859e+02
2.681683225000532356e-01
2.054257551275129003e+02
2.680971244996593339e-01
2.054252754956850993e+02
2.679855283181935555e-01
2.054204017497236521e+02
2.679007545372066867e-01
2.054169253903204435e+02
2.677951097717179429e-01
2.054147815306978089e+02
2.676981874353474566e-01
2.054130621264274907e+02
2.676188871045668827e-01
2.054094208203976279e+02
2.675066494247173021e-01
2.054065588352635245e+02
2.674139573777730150e-01
2.054014144416457270e+02
2.673130348867757689e-01
2.053992172131563620e+02
2.672092165484751258e-01
2.053949554865623384e+02
2.671064740015777206e-01
2.053936795840547234e+02
2.669989622550095199e-01
2.053884891555698573e+02
2.669235546844530571e-01
2.053861764698780235e+02
2.668306031316725613e-01
2.053822740270307179e+02
2.667130087704480124e-01
2.053785383822437609e+02
2.666577807662065536e-01
2.053744031496708544e+02
2.665703455085293161e-01
2.053707983656925080e+02
2.664644937556923665e-01
2.053678592260688731e+02
2.663486356817943435e-01
2.053647232692566433e+02
2.662576321440438543e-01
2.053613035414124113e+02
2.661506756428484999e-01
2.053594345039911673e+02
2.660375559149307789e-01
2.053575418140149793e+02
2.659478802661904284e-01
2.053526132278153966e+02
2.658513911047747924e-01
2.053456759150210189e+02
2.657454407201889635e-01
2.053396461154947588e+02
2.656597841153359174e-01
2.053327026134669211e+02
2.655532549337908943e-01
2.053265992621477096e+02
2.654811255628442002e-01
2.053244482981592967e+02
2.653835017558575093e-01
2.053206604061089422e+02
2.653017038239419700e-01
2.053177350696653889e+02
2.651972798622727612e-01
2.053138764759960111e+02
2.650798926339492656e-01
2.053112423141724605e+02
2.649623078711918489e-01
2.053093924760477194e+02
2.648470044864125739e-01
2.053094082519316146e+02
2.647574141835347117e-01
2.053062459488583045e+02
2.646550883946234833e-01
2.053044818475856914e+02
2.645511667179759607e-01
2.053001537588304473e+02
2.644387004940408348e-01
2.052976954289039213e+02
2.643345927969363296e-01
2.052966235319238137e+02
2.642470338755154025e-01
2.052947539427976551e+02
2.641233910374302662e-01
2.052926069221076943e+02
2.640062465507225786e-01
2.052898506080644268e+02
2.639222981719190897e-01
2.052886191423176570e+02
2.638250294697976894e-01
2.052835967068725722e+02
2.637288355439085796e-01
2.052819682207643552e+02
2.636552760892050262e-01
2.052807318480318486e+02
2.635443070172369118e-01
2.052779777873574290e+02
2.634363759818266204e-01
2.052758202318563860e+02
2.633119289902017823e-01
2.052727848045386736e+02
2.632071647608189013e-01
2.052727289552412060e+02
2.631151905321127416e-01
2.052713570826280716e+02
2.629901526826992630e-01
2.052706551861237756e+02
2.629351781379237196e-01
2.052695190066578448e+02
2.628263798654589256e-01
2.052663307435576030e+02
2.627215419102616467e-01
2.052618566473436204e+02
2.626066126282641244e-01
2.052616696019690607e+02
2.624971488892548499e-01
2.052580277546427965e+02
2.623975587094136142e-01
2.052565970050195006e+02
2.622612649707618537e-01
2.052530397827212880e+02
2.621713582010265498e-01
2.052521630011472098e+02
2.620719077577836065e-01
2.052484763838915853e+02
2.620086393726365204e-01
2.052496480874464453e+02
2.619107457784468629e-01
2.052451203989184876e+02
2.617932213601356084e-01
2.052403551825161969e+02
2.616825034174256603e-01
2.052374329266669690e+02
2.616086353663337194e-01
2.052356726777484539e+02
2.614819363213792269e-01
2.052334236416647286e+02
2.614067145726108321e-01
2.052303958576895297e+02
2.613033335213794106e-01
2.052277026414575118e+02
2.611842721944853118e-01
2.052242895130380020e+02
2.610954113077453287e-01
2.052217112835723185e+02
2.609750114948766186e-01
2.052199382825371856e+02
2.609107300157825216e-01
2.052156841860078202e+02
2.608208253231948381e-01
2.052146509955944396e+02
2.607040626436236685e-01
2.052164877887344403e+02
2.605899992880935101e-01
2.052150482632293063e+02
2.604937856673705254e-01
2.052123520807499517e+02
2.604053383192088678e-01
2.052082235686163472e+02
2.602946671293397962e-01
2.052058466760858266e+02
2.601843124089828763e-01
2.052029691474156721e+02
2.600913252787666607e-01
2.051977527788654356e+02
2.600022827893050392e-01
2.051938828846296303e+02
2.599140949429943337e-01
2.051908539216618976e+02
2.597889745220842705e-01
2.051847496287071237e+02
2.596701519417884962e-01
2.051815171360609327e+02
2.595486729712198626e-01
2.051775313771099718e+02
2.594551666275005108e-01
2.051757134079571756e+02
2.593692370787540891e-01
2.051711377472829554e+02
2.592434539118849135e-01
2.051688335308558067e+02
2.591398509968100283e-01
2.051661538746380984e+02
2.590247468418347410e-01
2.051631966341898021e+02
2.589321579663309003e-01
2.051601120779830296e+02
2.588107764810828049e-01
2.051568080760146415e+02
2.587299681405344498e-01
2.051546736531165038e+02
2.586331029079155241e-01
2.051503670341195971e+02
2.585209806929737453e-01
2.051475875554422998e+02
2.583837735440082661e-01
2.051438073255224310e+02
2.583052696761627409e-01
2.051421466166544008e+02
2.582162802155807402e-01
2.051388828127796558e+02
2.580871357517379172e-01
2.051341865836635066e+02
2.579731510200255484e-01
2.051309925121427398e+02
2.578648778749373927e-01
2.051258657281597380e+02
2.577819253985420000e-01
2.051211783323680891e+02
2.576403416491616638e-01
2.051177721974963788e+02
2.575783366699984644e-01
2.051159796296097682e+02
2.574530287646086824e-01
2.051159708445056822e+02
2.573307154014207176e-01
2.051117591742342654e+02
2.572469057156170358e-01
2.051098153584491968e+02
2.571353329006350052e-01
2.051067961840619205e+02
2.570302910589808421e-01
2.051058216413474042e+02
2.569198113957096297e-01
2.051050486313580450e+02
2.568335088624560947e-01
2.051014383127737233e+02
2.567113558369957804e-01
2.050989445926079213e+02
2.566106003624494813e-01
2.050969448888813531e+02
2.565056278896495345e-01
2.050943787073080102e+02
2.564059477365389084e-01
2.050900981621025210e+02
2.562941857012946967e-01
2.050884319340947286e+02
2.561786105104387756e-01
2.050865200783715068e+02
2.560782804537272694e-01
2.050829340213969942e+02
2.559889750806072506e-01
2.050825677956229640e+02
2.558681691681199410e-01
2.050774905927804923e+02
2.557370684722698462e-01
2.050759503860519430e+02
2.556542751482767106e-01
2.050718806452151171e+02
2.555155920474775910e-01
2.050703424922535874e+02
2.553845409996598481e-01
2.050678124839444081e+02
2.552989722002506068e-01
2.050654429990319727e+02
2.551471088127366116e-01
2.050632023739005092e+02
2.550331333093773800e-01
2.050597433159807395e+02
2.549240957611708658e-01
2.050592000283134837e+02
2.548444012945769721e-01
2.050555883106456179e+02
2.546976623031850240e-01
2.050513802460491775e+02
2.545633565152064515e-01
2.050470434716034447e+02
2.544817368834406124e-01
2.050434703332423396e+02
2.543594264146986084e-01
2.050402860761920181e+02
2.542324827108577434e-01
2.050371240637069832e+02
2.541022150793396106e-01
2.050348089432529264e+02
2.539767891749188933e-01
2.050328101467261774e+02
2.538436006398203104e-01
2.050306195047727158e+02
2.537084228455309676e-01
2.050299602471133085e+02
2.535809822364776811e-01
2.050258390924047376e+02
2.534665205251825926e-01
2.050206881988017358e+02
2.533373837840302567e-01
2.050156323527153006e+02
2.532371477770170021e-01
2.050121329759254252e+02
2.530962998046174528e-01
2.050109913847436758e+02
2.529748611829450433e-01
2.050085135396823830e+02
2.528975955012197074e-01
2.050066626017693636e+02
2.528201642753204470e-01
2.050027043224440035e+02
2.526850953576333936e-01
2.050003117525519087e+02
2.525523648849281044e-01
2.049988420034274839e+02
2.524315469685476376e-01
2.049988384995171771e+02
2.522977237638197034e-01
2.049944061442808731e+02
2.521913184118262929e-01
2.049884914571609613e+02
2.520395856009006175e-01
2.049863229122288715e+02
2.518855680737486225e-01
2.049840631218038141e+02
2.517658674940853603e-01
2.049796644233069856e+02
2.516767067826706783e-01
2.049756136123372698e+02
2.515667604861679396e-01
2.049755654374264111e+02
2.514723672052611159e-01
2.049731744610805038e+02
2.513773912471094496e-01
2.049715334624605134e+02
2.512009105986804380e-01
2.049692051629889136e+02
2.511004456775812188e-01
2.049663978375409386e+02
2.510062004017387105e-01
2.049644566077617469e+02
2.508990734141747225e-01
2.049638416043182474e+02
2.507948447772132550e-01
2.049630457843823308e+02
2.506879008914723594e-01
2.049589125389611866e+02
2.506069769144686488e-01
2.049554001043650828e+02
2.504967150677371301e-01
2.049533143585428263e+02
2.503795977566226072e-01
2.049529276267006992e+02
2.502937905145187214e-01
2.049500148672240698e+02
2.502192791441084641e-01
2.049481571379924674e+02
2.501332045040635110e-01
2.049464721683182518e+02
2.500355984834706780e-01
2.049421573530084970e+02
2.499989364314852136e-01
2.049398113422034839e+02
2.498778180895058487e-01
2.049385591339740529e+02
2.497899100353730972e-01
2.049366862121104020e+02
2.496763427402506064e-01
2.049332518293751946e+02
2.495731414068656229e-01
2.049304724570806400e+02
2.494590306936340929e-01
2.049300750646322058e+02
2.493758978887873345e-01
2.049261923049890299e+02
2.492665175784263276e-01
2.049235649381579094e+02
2.491813751711764446e-01
2.049207238912889295e+02
2.490724914291650716e-01
2.049186175375025982e+02
2.489633915860906543e-01
2.049148929422252650e+02
2.488730929001423675e-01
2.049121991845171067e+02
2.488265337180180226e-01
2.049106515946714353e+02
2.487507074525374118e-01
2.049065501791010888e+02
2.486817844676745826e-01
2.049022906883193400e+02
2.485428245793646351e-01
2.048991366452406453e+02
2.484998797235458967e-01
2.048920767258180433e+02
2.483583201576840260e-01
2.048883969376092296e+02
2.482966485016868119e-01
2.048830311615026858e+02
2.482067183005447208e-01
2.048807350542263919e+02
2.481283962781546948e-01
2.048777118066912806e+02
2.480668316637247850e-01
2.048723640987369379e+02
2.480049314503981472e-01
2.048712393556580196e+02
2.479210972232029631e-01
2.048685721549065875e+02
2.478326334515882634e-01
2.048665716229635905e+02
2.477618335415387174e-01
2.048622655482790265e+02
2.476880603124764491e-01
2.048596713127965643e+02
2.475818425090799413e-01
2.048559162226249839e+02
2.474858245463560924e-01
2.048522680179487452e+02
2.473875453711667782e-01
2.048480871672701369e+02
2.473038495532923209e-01
2.048448730634654567e+02
2.472271490982132502e-01
2.048409613790389301e+02
2.471531178968962017e-01
2.048377971768817645e+02
2.470616253306247845e-01
2.048358011475831972e+02
2.469826225297128697e-01
2.048323207045821732e+02
2.469266391346316980e-01
2.048284535414859988e+02
2.468020274497743083e-01
2.048237841619422284e+02
2.467385546985676748e-01
2.048207906200134971e+02
2.466230458871914721e-01
2.048158778645207576e+02
2.465719333429750026e-01
2.048110102709068769e+02
2.464704947940984936e-01
2.048084194895486689e+02
2.463509028444350046e-01
2.048040120418313279e+02
2.462583334732562634e-01
2.048013237080464535e+02
2.462027034885038157e-01
2.047977410865620413e+02
2.461181538302716354e-01
2.047952276214741687e+02
2.460468080832222681e-01
2.047916504362464707e+02
2.459475594659401021e-01
2.047877421648224754e+02
2.458611110894848573e-01
2.047848871812603306e+02
2.458122318231890924e-01
2.047807237852676678e+02
2.457401645813039326e-01
2.047782901954444696e+02
2.456643055304826850e-01
2.047739051805663735e+02
2.455557946299348204e-01
2.047711732564921476e+02
2.454757645852961023e-01
2.047698176990218997e+02
2.453927110769718312e-01
2.047684674778568876e+02
2.453430914392775997e-01
2.047660584587804351e+02
2.452568453381344382e-01
2.047631155972641466e+02
2.451397941024720806e-01
2.047611068088077388e+02
2.450887473400112093e-01
2.047584431634712416e+02
2.450224458817652495e-01
2.047567988754954058e+02
2.449349522847410754e-01
2.047535974923716822e+02
2.448650579124825866e-01
2.047517034198912995e+02
2.448187146998451469e-01
2.047504813966485528e+02
2.446708997714836520e-01
2.047492084577401954e+02
2.446204156238794836e-01
2.047457975416355396e+02
2.445818971028085875e-01
2.047458383346938149e+02
2.445590163635190661e-01
2.047449904335183533e+02
2.444892758625370754e-01
2.047420818446376529e+02
2.443658592967047904e-01
2.047398727151876017e+02
2.442894628099875898e-01
2.047376349309502643e+02
2.441838706344292842e-01
2.047339854649430038e+02
2.440841999324291356e-01
2.047326418242896580e+02
2.439898024296653922e-01
2.047297002227926725e+02
2.439144432858464939e-01
2.047242364033206741e+02
2.438458860769233683e-01
2.047222803784937923e+02
2.437297128939051594e-01
2.047185779547964160e+02
2.436708930142036655e-01
2.047153938404781286e+02
2.435684972929352266e-01
2.047104682072877324e+02
2.434699105933115226e-01
2.047077351004411128e+02
2.433935199230219670e-01
2.047031028500419723e+02
2.433224824226060679e-01
2.047011107442811522e+02
2.432263342254988026e-01
2.046979887516405370e+02
2.431369421534593511e-01
2.046957335583112751e+02
2.430285060821640586e-01
2.046927923799974849e+02
2.429502400073659807e-01
2.046895790298125064e+02
2.428419869470329340e-01
2.046878440426662280e+02
2.427595142240965287e-01
2.046857432156261041e+02
2.426284273505828204e-01
2.046825111584440435e+02
2.425363362199773054e-01
2.046816829767716115e+02
2.424431395759834573e-01
2.046784408795853665e+02
2.423741939542235768e-01
2.046769895672902635e+02
2.422784859148211234e-01
2.046747890668097511e+02
2.421421662642817274e-01
2.046703904334576407e+02
2.420352525518080777e-01
2.046667055871969580e+02
2.419324455876916136e-01
2.046638248973536349e+02
2.418252746597762404e-01
2.046627335147481404e+02
2.417243664838241990e-01
2.046597020786771282e+02
2.416907887563312374e-01
2.046587913795513316e+02
2.416100585219886354e-01
2.046558006080364862e+02
2.415123759690375460e-01
2.046531269079059712e+02
2.414323420300605039e-01
2.046527115566001100e+02
2.413646539616718378e-01
2.046485457728973927e+02
2.412488387732497630e-01
2.046446836178409114e+02
2.412092112359194851e-01
2.046412902778656075e+02
2.411106328814928701e-01
2.046390923185552708e+02
2.410223507627421990e-01
2.046379362837824374e+02
2.409122108522979422e-01
2.046348895589822519e+02
2.408512253496371547e-01
2.046328475265292468e+02
2.407620312967818643e-01
2.046312795848028259e+02
2.406777366191844292e-01
2.046282153959325569e+02
2.405756201327380883e-01
2.046246362174878755e+02
2.405144170720316943e-01
2.046215770144495139e+02
2.404366190611383070e-01
2.046175142961340043e+02
2.403529991747888339e-01
2.046134708239212046e+02
2.402456242380295037e-01
2.046096412849019828e+02
2.401693681126475799e-01
2.046075066156339233e+02
2.400912396584466424e-01
2.046029493140464410e+02
2.400342182258757839e-01
2.045999858023114371e+02
2.399493067407914570e-01
2.045994130162596036e+02
2.398587061689619604e-01
2.045953781750912412e+02
2.397890075456161896e-01
2.045944902769932696e+02
2.396907291657595085e-01
2.045910159818265868e+02
2.396072309576979253e-01
2.045873232516948406e+02
2.395697162162956917e-01
2.045848427204781785e+02
2.394565790236934388e-01
2.045799631115738464e+02
2.393755247770249783e-01
2.045790550832738859e+02
2.393423494755791692e-01
2.045771203486996228e+02
2.392590994370457913e-01
2.045757831006262961e+02
2.392042583190752691e-01
2.045745208803385822e+02
2.391823733619469206e-01
2.045729661880510548e+02
2.391482265390585948e-01
2.045713945782895848e+02
2.390607902153045750e-01
2.045690208048328316e+02
2.389930021051394904e-01
2.045658163952334974e+02
2.389182838032810063e-01
2.045612949030690402e+02
2.388284963639603076e-01
2.045596086072204685e+02
2.387479540576478432e-01
2.045583501303362652e+02
2.386588514262636407e-01
2.045541314399781641e+02
2.385520729674650009e-01
2.045517816742014645e+02
2.384908552336058307e-01
2.045487659919798205e+02
2.383922607530494231e-01
2.045454482690694249e+02
2.383099855180381976e-01
2.045428243300391387e+02
2.382686833086097578e-01
2.045397484325589517e+02
2.381277711670629904e-01
2.045378131941421316e+02
2.380420399547938382e-01
2.045339182063052306e+02
2.379935582247843240e-01
2.045331559511545549e+02
2.378771094272238429e-01
2.045293986465673299e+02
2.378022099382548493e-01
2.045243417263963011e+02
2.377237137833251024e-01
2.045234336533686132e+02
2.376500404507273234e-01
2.045209845758683116e+02
2.375695385603704690e-01
2.045134099756409967e+02
2.374626873723665044e-01
2.045112202912644648e+02
2.374063828964232126e-01
2.045080340111233284e+02
2.373178670880115304e-01
2.045045807354154306e+02
2.372275427701995565e-01
2.045005950387871110e+02
2.371461960717894668e-01
2.045023268087937254e+02
2.371001784328999606e-01
2.044999495171790898e+02
2.369739999833000987e-01
2.044949580059117977e+02
2.368796585205630023e-01
2.044906925528241288e+02
2.367868875122892958e-01
2.044867147856557494e+02
2.367267225947224385e-01
2.044847586635455059e+02
2.366345750434325212e-01
2.044829481022571542e+02
2.365488421020167376e-01
2.044768787538798733e+02
2.364596486143712706e-01
2.044727646663165501e+02
2.363880083859609404e-01
2.044678746954477333e+02
2.362915453469342786e-01
2.044646305219919782e+02
2.362088095073534844e-01
2.044600150847602436e+02
2.361306189631168506e-01
2.044578352456751702e+02
2.360639371012121790e-01
2.044545050770974512e+02
2.360128933084414127e-01
2.044503184727909968e+02
2.359207479274789965e-01
2.044478306428547398e+02
2.358617978850609809e-01
2.044428579529253511e+02
2.357446057633565684e-01
2.044379080414805969e+02
2.356569785004176132e-01
2.044333526679841100e+02
2.356063058668102783e-01
2.044307373417350959e+02
2.354954889265082341e-01
2.044299235257806799e+02
2.354012238177680960e-01
2.044287771489838121e+02
2.353299593014339108e-01
2.044254547339093335e+02
2.352472473022206578e-01
2.044205367473136619e+02
2.351591842047840997e-01
2.044193000124361390e+02
2.350693575711733929e-01
2.044149051241372206e+02
2.349999183598570074e-01
2.044122249229319834e+02
2.349038107720913815e-01
2.044071849497437654e+02
2.348244382617772907e-01
2.044066143403681792e+02
2.347262130879739506e-01
2.044056984324029145e+02
2.346237929988480020e-01
2.044022616137742432e+02
2.345775616647834405e-01
2.043998685715297938e+02
2.345035076864309953e-01
2.043976472255336319e+02
2.344332691383252121e-01
2.043967122878510168e+02
2.343400925583392080e-01
2.043919165938033871e+02
2.342584202582702890e-01
2.043887980866853127e+02
2.341874189997181777e-01
2.043876177384508139e+02
2.340950091607579553e-01
2.043854312745425261e+02
2.340195760050886309e-01
2.043819470579347808e+02
2.339649688588885112e-01
2.043796434370231054e+02
2.338883432531050077e-01
2.043757946966433678e+02
2.338063482320938691e-01
2.043705763540989722e+02
2.337337211357319311e-01
2.043684880210400081e+02
2.336368504349538577e-01
2.043650706866146436e+02
2.335636155993635055e-01
2.043632418091203533e+02
2.334826035165211422e-01
2.043562799616508698e+02
2.333964519631998857e-01
2.043541420487924540e+02
2.333287284499301339e-01
2.043489849300710262e+02
2.332689947439660627e-01
2.043451733107996802e+02
2.331963677481110608e-01
2.043429978135301894e+02
2.331152915239775303e-01
2.043387262210837605e+02
2.330523706347015500e-01
2.043279429184631226e+02
2.329645345472526052e-01
2.043220763392576202e+02
2.328831139207038770e-01
2.043204580550250000e+02
2.328041146140467921e-01
2.043143210902699707e+02
2.327552353373589233e-01
2.043097339280160725e+02
2.326494817066447895e-01
2.043058305519674320e+02
2.325757822540854836e-01
2.042933813151183529e+02
2.324802192528901690e-01
2.042852697180996984e+02
2.323831985570788128e-01
2.042798175511584020e+02
2.323133120355601877e-01
2.042768006280209647e+02
2.322378813135897446e-01
2.042763474863222370e+02
2.321542612671232408e-01
2.042752634188628917e+02
2.320429704897634671e-01
2.042706972108713899e+02
2.319781078257432960e-01
2.042668692958820600e+02
2.318850985951923793e-01
2.042635345511573917e+02
2.318040268336830634e-01
2.042630356559884035e+02
2.317441156872124264e-01
2.042536253459250588e+02
2.316750951802555580e-01
2.042557895207795582e+02
2.315967721684906167e-01
2.042526966248528595e+02
2.315032074680535845e-01
2.042483374841470152e+02
2.314217478439597186e-01
2.042463623617273356e+02
2.313419696821322480e-01
2.042440025126974490e+02
2.312655516233229624e-01
2.042427658564906210e+02
2.312061124239487842e-01
2.042389433044298812e+02
2.311384489767415451e-01
2.042390261581943491e+02
2.310475945593482294e-01
2.042318861875325240e+02
2.309411868137128399e-01
2.042283045202885319e+02
2.308699535600209352e-01
2.042248386055661342e+02
2.307859203753667432e-01
2.042116768266917575e+02
2.307091285724915120e-01
2.042040561204614448e+02
2.306311725514250399e-01
2.042016689784314849e+02
2.305346522683411337e-01
2.041996318785751896e+02
2.304995856380563646e-01
2.041961437090263871e+02
2.304229382041350360e-01
2.041926669528324112e+02
2.302937717676054874e-01
2.041891605168429180e+02
2.302216246989506887e-01
2.041796637756128803e+02
2.301507807472797096e-01
2.041677078057940093e+02
2.300703317821000682e-01
2.041669167586204026e+02
2.299503710715044003e-01
2.041607131174349945e+02
2.299008742694918506e-01
2.041543072423763761e+02
2.298086414535888411e-01
2.041493005471266144e+02
2.297183628723124260e-01
2.041462700040269738e+02
2.296726580509531601e-01
2.041458281213268720e+02
2.295806624280947728e-01
2.041401180613584927e+02
2.294866022208243428e-01
2.041328971895886468e+02
2.294434802572020982e-01
2.041229962584147302e+02
2.293845782176302805e-01
2.041193385853242717e+02
2.293148166651434450e-01
2.041119341321866330e+02
2.292470178016964288e-01
2.041107155616871012e+02
2.291352406626611382e-01
2.041124958208838791e+02
2.290590071670870198e-01
2.041054565580444375e+02
2.290263834911872853e-01
2.040950458259368361e+02
2.289596700199119927e-01
2.040888146641606795e+02
2.288749482667150337e-01
2.040813404488096410e+02
2.287940543794204640e-01
2.040733225948102074e+02
2.287043306594092329e-01
2.040695738390328700e+02
2.286624541769190500e-01
2.040684818747446343e+02
2.285627879984339361e-01
2.040612626789629189e+02
2.284771679809823042e-01
2.040554920635739222e+02
2.284123190083291177e-01
2.040519840398067117e+02
2.283315830551790881e-01
2.040404793447604845e+02
2.282682426358277616e-01
2.040348672714397082e+02
2.281920124225234048e-01
2.040330361709415001e+02
2.281191635210371993e-01
2.040298399407356555e+02
2.280726158168460416e-01
2.040249697399254671e+02
2.279953825942471479e-01
2.040201307306640786e+02
2.279333240825060225e-01
2.040062740124335789e+02
2.278007873163874764e-01
2.039960572273526509e+02
2.277445976813980144e-01
2.039858491285701518e+02
2.276942948495796204e-01
2.039814193911794291e+02
2.275941746026261536e-01
2.039793894752619110e+02
2.275409867056833457e-01
2.039743084479818549e+02
2.274381676725217849e-01
2.039681826801264037e+02
2.274026642196038117e-01
2.039608483990640195e+02
2.273147492966583194e-01
2.039597872719642453e+02
