1.191829392148247990e+02
3.502826097094015267e+01
1.194993883357582973e+02
3.529399779176202401e+01
1.183099221474064393e+02
3.546065836580622488e+01
1.173793304986644586e+02
3.553551921410483061e+01
1.165653619344362539e+02
3.561147509131295408e+01
1.160469620541647231e+02
3.568240495263574275e+01
1.155487758236376123e+02
3.573027765757976937e+01
1.153674735509243590e+02
3.573528721268671404e+01
1.152579825372880720e+02
3.578225991114866389e+01
1.152763550442801375e+02
3.580064483830054911e+01
1.154509185965378322e+02
3.588042291040554943e+01
1.152858409374954931e+02
3.591928386990652911e+01
1.152763639282888875e+02
3.597820909535854383e+01
1.153138797346168758e+02
3.602539822039462791e+01
1.154035051864535575e+02
3.603399450715213703e+01
1.155729271384327461e+02
3.606720562305554978e+01
1.154114791624229781e+02
3.610268793133133869e+01
1.155224485952998066e+02
3.613673079428102852e+01
1.154517381633534825e+02
3.616416008641508029e+01
1.155407088639178852e+02
3.619242926549335237e+01
1.157709790263694742e+02
3.619391733528550503e+01
1.157561009271081360e+02
3.627086679919629830e+01
1.157433942717811135e+02
3.630985179548592612e+01
1.158813053815325134e+02
3.634662462203738187e+01
1.160615161706212177e+02
3.640940826686167497e+01
1.162881693924254591e+02
3.643825534432592406e+01
1.166131140013275456e+02
3.647448161608985373e+01
1.169073056488762035e+02
3.647768479953455056e+01
1.172259660895872599e+02
3.652001358672933407e+01
1.175969357114568226e+02
3.658933715766026751e+01
1.179577521819219612e+02
3.666604637637964714e+01
1.181657670509529368e+02
3.669846973267326007e+01
1.185917537032972291e+02
3.675826711312487305e+01
1.189232505161364202e+02
3.685592214780270126e+01
1.191741868138099818e+02
3.686053952315766935e+01
1.193668215160907664e+02
3.690244980268602859e+01
1.194266077854626502e+02
3.698641122157690830e+01
1.193682077841048113e+02
3.701295664121365547e+01
1.190995863585586108e+02
3.704165963458358846e+01
1.193127093661871356e+02
3.711390241709430171e+01
1.193598505258678131e+02
3.719609869712058270e+01
1.193732275223126180e+02
3.731402461220048394e+01
1.195744748038357983e+02
3.735401235496973271e+01
1.198808719534564204e+02
3.743701497484020990e+01
1.203151026440690856e+02
3.749874460101096219e+01
1.205697250107204468e+02
3.756253222271010372e+01
1.208160697900433718e+02
3.768862620142352426e+01
1.210567731357527208e+02
3.778203100601557196e+01
1.211946373109276038e+02
3.782349830059699514e+01
1.212893811969709361e+02
3.789921115702482979e+01
1.214960668491200408e+02
3.802958548846430631e+01
1.217134215649620188e+02
3.804852801052049216e+01
1.219555515494952687e+02
3.810376260328454379e+01
1.221405018024840246e+02
3.826729118334431945e+01
1.219424462760067769e+02
3.835679291767706189e+01
1.216184643607729043e+02
3.834544104687195443e+01
1.217350720505911710e+02
3.836938708055568981e+01
1.221425758721814390e+02
3.834422659791533761e+01
1.226782892719211446e+02
3.820210431423372910e+01
1.234684632729298528e+02
3.813865461400483525e+01
1.239874689279874218e+02
3.802069573710762285e+01
1.242013801429271780e+02
3.791268653288459234e+01
1.239707860346301800e+02
3.759683455532630347e+01
1.245844564132181347e+02
3.741509716291415799e+01
1.252145626196648607e+02
3.736532929731541230e+01
1.261064677183040317e+02
3.740240343510042464e+01
1.268369415821487109e+02
3.753019277891939964e+01
1.278467470529833463e+02
3.760629641228929643e+01
1.285257324014841913e+02
3.776483085117239824e+01
1.295719148129026053e+02
3.793847644835687305e+01
1.304824506136032767e+02
3.804790493883647429e+01
1.314922694192221968e+02
3.819345587684030363e+01
1.323367150467877025e+02
3.836143893461250087e+01
1.335015678593755695e+02
3.853612452407453759e+01
1.345495150611547217e+02
3.868846785370083552e+01
1.355226138037533872e+02
3.883990750315509644e+01
1.364287194853247911e+02
3.905428662476489876e+01
1.370303476047606068e+02
3.925027507072807964e+01
1.382170794634547519e+02
3.951769630247461151e+01
1.391678572660933639e+02
3.975153207123406673e+01
1.400294459099507094e+02
3.996199917944439051e+01
1.414653156049794234e+02
4.009444890614447843e+01
1.427230713589738968e+02
4.015990079118707001e+01
1.438334221190893913e+02
4.048878346564215036e+01
1.448516546827501372e+02
4.082750459058318171e+01
1.460434969540499992e+02
4.118056967958995784e+01
1.470403624015403921e+02
4.153629827898542004e+01
1.480749145238697224e+02
4.186003879961547369e+01
1.487443351775741860e+02
4.218538958733235944e+01
1.495140443342006051e+02
4.238766758332744189e+01
1.499376015792391854e+02
4.276234490340922889e+01
1.505382796314293046e+02
4.312393275698501327e+01
1.511826922278489462e+02
4.344550409771819233e+01
1.518392764636085417e+02
4.384533957747407129e+01
1.524748135966759435e+02
4.419897744299080244e+01
1.529185228768098455e+02
4.457038714929515066e+01
1.533422913085267112e+02
4.495396157741735266e+01
1.538406563120184956e+02
4.536388026351753666e+01
1.542420642475292709e+02
4.569718256003727674e+01
1.546818276304875894e+02
4.608419202928466518e+01
1.549269638408703713e+02
4.645638571081607182e+01
1.552536903378193358e+02
4.691204784735077027e+01
1.556415794339136767e+02
4.722504727331317298e+01
1.559761384382021276e+02
4.766769480388858682e+01
1.565169234833882115e+02
4.803762682002164297e+01
1.568823978117475519e+02
4.852723815123692219e+01
1.573288651394265685e+02
4.878710375470338079e+01
1.577674034934410088e+02
4.924972027804254537e+01
1.581956197515928295e+02
4.969704090524658113e+01
1.586414830467613228e+02
5.007794519669431565e+01
1.590720231746629736e+02
5.037276080008891199e+01
1.595570986669436877e+02
5.069059140761577709e+01
1.600488346541390570e+02
5.108594347936931968e+01
1.605989995730116959e+02
5.147440692283223029e+01
1.611561687534936311e+02
5.183663909863943076e+01
1.617432150517467733e+02
5.211822086326395009e+01
1.622638928487687622e+02
5.253965993907670651e+01
1.628512262108898199e+02
5.289552933306689653e+01
1.633249135282565305e+02
5.329313050193875512e+01
1.637867362336058648e+02
5.369297880785840249e+01
1.641678855116458635e+02
5.396569830496899556e+01
1.645988567454557483e+02
5.427631013837986984e+01
1.650095895522913167e+02
5.444206145331587976e+01
1.654182452256234512e+02
5.469304803900151768e+01
1.658647411181324003e+02
5.504832231635933937e+01
1.662986376366120282e+02
5.534119801576628817e+01
1.667884004406810163e+02
5.572299729037621319e+01
1.672238711846901538e+02
5.614543071061598312e+01
1.676487902601244855e+02
5.640070143490105181e+01
1.680678051114428229e+02
5.672178777616047540e+01
1.684600750738747195e+02
5.708175085902850299e+01
1.687820018011357206e+02
5.729244036067102996e+01
1.691596865075203482e+02
5.769343055308284818e+01
1.695345861432917332e+02
5.799726683932185267e+01
1.698812617361058130e+02
5.829215160324070411e+01
1.701971204012426142e+02
5.857093821597823080e+01
1.705350031684873215e+02
5.883100089483623663e+01
1.708899115468531988e+02
5.908777349878032226e+01
1.712353304731763615e+02
5.943421327286795020e+01
1.715857607436116155e+02
5.971031503594532097e+01
1.718799846108919951e+02
6.011914329501019694e+01
1.721611574391238264e+02
6.036796072945744385e+01
1.724229223094759789e+02
6.066642978602346403e+01
1.727276168094101081e+02
6.080183454428365764e+01
1.730222992222642802e+02
6.102242111525853829e+01
1.732946434197096437e+02
6.118331808552976270e+01
1.735842097454819850e+02
6.135714817181600722e+01
1.738610215278055762e+02
6.160194901802988454e+01
1.741591257982771310e+02
6.187234363214658117e+01
1.744352355395455163e+02
6.211709130760156938e+01
1.747470735457323201e+02
6.247225745336653802e+01
1.750343986402251062e+02
6.281606400745984331e+01
1.752936065953808793e+02
6.309247762888128364e+01
1.755400249030879820e+02
6.341044350086713166e+01
1.758037572850491017e+02
6.367583315868134264e+01
1.760143783021486001e+02
6.380449359197291415e+01
1.762764450632255659e+02
6.393572031344069728e+01
1.765073453170450932e+02
6.411791685300647714e+01
1.767407371435393770e+02
6.423145905737123940e+01
1.769711061993219801e+02
6.436497308626150016e+01
1.771803179443399756e+02
6.463172442241476290e+01
1.774205861199610013e+02
6.471542470296904526e+01
1.776032618120474069e+02
6.496214116280177109e+01
1.778259990419987844e+02
6.510343582952157249e+01
1.780294632464967606e+02
6.531113682137956289e+01
1.782256714776332274e+02
6.550761434724388721e+01
1.784028527174250769e+02
6.576709460410576469e+01
1.785788118727212748e+02
6.602593813197935901e+01
1.787580684838398213e+02
6.623958427581605690e+01
1.789497641951642493e+02
6.659555617463840349e+01
1.791216011892081212e+02
6.673366623433264522e+01
1.792738842040614600e+02
6.704104820990811220e+01
1.794588086097880648e+02
6.714071381809650063e+01
1.796385167390524771e+02
6.723912561412703326e+01
1.798171936853927093e+02
6.740413049015417357e+01
1.800059285468586836e+02
6.753059933283117289e+01
1.801615482942385142e+02
6.751885169731983183e+01
1.803438747203045978e+02
6.768113076074868673e+01
1.804967056173685478e+02
6.780960503081502111e+01
1.806753800769420479e+02
6.795494838575694985e+01
1.807824345731467020e+02
6.804163454367636632e+01
1.809199865167194616e+02
6.827965313747429832e+01
1.810326804420058693e+02
6.835491846412274697e+01
1.811338601903828476e+02
6.865276664164190379e+01
1.812411909367743874e+02
6.862584245331821364e+01
1.813328904447555203e+02
6.868210061997319826e+01
1.814459494757078062e+02
6.874815397230791802e+01
1.815239335656127935e+02
6.896130882700248321e+01
1.816143672953930093e+02
6.913392318312064333e+01
1.816528649716522068e+02
6.939820519039768953e+01
1.817009120382687684e+02
6.960630164167577050e+01
1.817538472112195507e+02
6.957399624927583659e+01
1.818225173062863291e+02
6.970467075298179793e+01
1.818692616566916058e+02
6.990254255256675719e+01
1.819092303485637103e+02
7.002833782561367570e+01
1.819694924521523944e+02
7.017949590367751966e+01
1.820096657914871514e+02
7.024778458801803538e+01
1.820597812399899453e+02
7.038503534009406337e+01
1.821108490912416471e+02
7.034920799323246854e+01
1.821433385721545619e+02
7.035808773802521898e+01
1.821950035748439234e+02
7.071861924952000322e+01
1.822073828957671822e+02
7.090900147987247237e+01
1.822568781605351376e+02
7.095909601625599805e+01
1.823389263915115350e+02
7.107227334306412558e+01
1.823828441811060657e+02
7.121665393090994201e+01
1.824136545209466362e+02
7.126158506853271035e+01
1.824311246681719467e+02
7.152434378297515138e+01
1.824540630998173469e+02
7.164011753305943841e+01
1.825023194783547069e+02
7.189157144046396297e+01
1.825214660926747285e+02
7.193691614964100722e+01
1.825734524239522614e+02
7.195425550695937034e+01
1.825692997167847409e+02
7.205078033816717209e+01
1.825838077855225663e+02
7.205823790443416499e+01
1.825903630924428285e+02
7.213314051725518539e+01
1.826329264241961141e+02
7.223915793858250822e+01
1.826620238447432030e+02
7.235537529391433509e+01
1.826942167544269182e+02
7.248826909396342444e+01
1.827668724932630084e+02
7.263717351482567608e+01
1.827609374874502350e+02
7.274564179151329313e+01
1.828015407562639609e+02
7.280891173311582065e+01
1.828517686873192645e+02
7.286451499416658351e+01
1.828555773029964655e+02
7.300752277763113796e+01
1.828693181903964557e+02
7.294656100610345106e+01
1.828885525681525621e+02
7.310854776021960788e+01
1.828747838819767821e+02
7.310819613581259091e+01
1.829251403902082416e+02
7.307286401209140081e+01
1.829474267932279190e+02
7.307497005659463696e+01
1.829983517734086149e+02
7.317750080581899397e+01
1.830278665225023360e+02
7.318833457351665572e+01
1.830375491580914797e+02
7.313240771458869460e+01
1.830434550785044507e+02
7.298925321742217420e+01
1.830717966991589947e+02
7.311510013067959335e+01
1.831223991101192610e+02
7.310452372624330053e+01
1.831300728906401218e+02
7.315059177081789699e+01
1.831624127014454473e+02
7.306181810829541234e+01
1.831657648725176273e+02
7.311003990569255961e+01
1.831992076542431960e+02
7.323888622823051264e+01
1.832243063625898856e+02
7.308404346819031616e+01
1.832191841184816496e+02
7.309752221113907922e+01
1.832700566736344854e+02
7.306689293097615234e+01
1.832449773830489335e+02
7.319779119419388280e+01
1.832612230890886167e+02
7.332813969819457611e+01
1.832707074254736881e+02
7.323552016369440310e+01
1.832815676950000352e+02
7.337021958470489835e+01
1.833186689920961214e+02
7.324437650176000147e+01
1.833235240659885790e+02
7.328667769114338171e+01
1.833623497930379074e+02
7.329057703788082279e+01
1.833749110802689586e+02
7.333997117627450280e+01
1.833917523001603058e+02
7.334036476946842242e+01
1.834050615163305906e+02
7.337536291607656835e+01
1.834190747693768344e+02
7.341676127603416546e+01
1.834426945738327959e+02
7.345841942601585117e+01
1.834274600680369645e+02
7.346967250617068146e+01
1.834371888211852024e+02
7.341955718970092448e+01
1.834535708569804342e+02
7.349218495632648285e+01
1.834757526437097397e+02
7.320477429984359219e+01
1.834729303543178673e+02
7.308703090146066472e+01
1.835003563770791288e+02
7.310353030032860033e+01
1.835232445392476279e+02
7.313588073452737603e+01
1.835198875845530040e+02
7.302015628637224154e+01
1.835556698567543492e+02
7.306868147980642902e+01
1.835316429919884627e+02
7.319785285819249054e+01
1.835520633167356550e+02
7.325478070575138645e+01
1.835732019742453929e+02
7.314312696059825214e+01
1.836030923182241565e+02
7.309242308142643196e+01
1.836266178375515778e+02
7.307543321445869822e+01
1.836597464330375828e+02
7.311378378569369829e+01
1.836639612138637858e+02
7.308923846591430618e+01
1.836724621552139070e+02
7.302874361094448830e+01
1.837071396529653668e+02
7.301956488455820704e+01
1.837304138425895701e+02
7.297069531699634126e+01
1.837502367098408058e+02
7.288813789994371461e+01
1.837393991381617298e+02
7.286134918321145904e+01
1.837529292734107855e+02
7.285801691266631508e+01
1.837783805469339313e+02
7.284268857407867870e+01
1.838092806372390839e+02
7.271739055348122349e+01
1.838246854729103745e+02
7.281648807154500957e+01
1.838221852418509457e+02
7.274086425766142838e+01
1.838596605047650598e+02
7.275845493140508324e+01
1.838727000219541878e+02
7.271279216638998832e+01
1.838862829874293823e+02
7.253228095311966683e+01
1.838914328477409299e+02
7.260410066969102161e+01
1.839188746940170347e+02
7.256487050093674895e+01
1.839212797806512469e+02
7.257074968611351551e+01
1.839549517137145074e+02
7.252857076699501704e+01
1.839556698792394229e+02
7.248888556014958340e+01
1.839555457958963984e+02
7.252143484541025487e+01
1.839775370552392530e+02
7.246963290743497055e+01
1.839907309665329080e+02
7.251900752104009484e+01
1.840307823635490365e+02
7.245648984977003693e+01
1.840433661394912122e+02
7.245071839307905748e+01
1.840447257582618477e+02
7.245675922134014968e+01
1.840781011686077306e+02
7.258480680030881160e+01
1.840717996723871863e+02
7.257615535013316332e+01
1.840931875031495792e+02
7.248110939341840719e+01
1.841278699597838795e+02
7.252573939014993698e+01
1.841334438943140128e+02
7.261303237256643683e+01
1.841714995812032214e+02
7.269867725913965728e+01
1.841735765540429668e+02
7.265288974376039732e+01
1.842041598068342410e+02
7.264130895111253494e+01
1.842186965788341126e+02
7.269415498864077563e+01
1.842188459475670754e+02
7.273376691314921061e+01
1.842308637418376804e+02
7.281108449962871987e+01
1.842417444055136855e+02
7.277286399743928769e+01
1.842676411511203867e+02
7.274674859640838065e+01
1.842803686107991723e+02
7.271733044221949172e+01
1.842922154425055226e+02
7.280220637246613080e+01
1.842824823488568597e+02
7.282599681658618351e+01
1.842782476075200861e+02
7.280707658677103211e+01
1.843166123017973916e+02
7.284129368443899466e+01
1.843231383542183721e+02
7.277708344124690143e+01
1.843372886298138837e+02
7.282368384735892164e+01
1.843441230371229551e+02
7.278560441899006150e+01
1.843473817828946721e+02
7.278973628891489511e+01
1.843860269397022194e+02
7.273668788717570521e+01
1.844112553368041461e+02
7.274038530801253444e+01
1.844007786114446503e+02
7.264154428171083566e+01
1.844067525302379238e+02
7.243594188079508456e+01
1.844544160077563788e+02
7.240703055268309640e+01
1.844790242406811274e+02
7.231651015271542349e+01
1.844778410195443428e+02
7.229502532451746788e+01
1.844547703168117323e+02
7.228106528053778845e+01
1.844854543967450979e+02
7.226559302442564103e+01
1.844724927032126800e+02
7.218081692185550935e+01
1.845236976269422371e+02
7.245696158176953361e+01
1.845183812562543721e+02
7.245332067439544232e+01
1.845068052913808856e+02
7.229579467447558727e+01
1.845201862756071023e+02
7.235349818692914425e+01
1.845333095420233178e+02
7.237596775163430607e+01
1.845163843653382401e+02
7.227393869422233763e+01
1.845430990651592538e+02
7.213723535194893088e+01
1.845201198620992216e+02
7.220760480372828738e+01
1.845437089893283940e+02
7.227397966080171443e+01
1.845572391257205425e+02
7.221548195068032783e+01
1.845392863503332137e+02
7.211910985850644806e+01
1.845810705065106845e+02
7.196105269606603372e+01
1.845792477438612877e+02
7.190045790082191957e+01
1.845715077213331483e+02
7.184771480383636799e+01
1.845841780024599927e+02
7.179767323236896459e+01
1.846090814469527004e+02
7.177497109555781662e+01
1.846109578831293732e+02
7.175091566147956712e+01
1.846069742378301157e+02
7.167801751835361301e+01
1.846204227628076069e+02
7.166329519481701027e+01
1.846363844230518509e+02
7.164194809187240764e+01
1.846393775139528657e+02
7.156941466832836340e+01
1.846601230446413524e+02
7.153858705316454802e+01
1.846635313322824459e+02
7.146388954594782206e+01
1.846798521303987570e+02
7.146053906940524314e+01
1.846896605143222132e+02
7.143268107269372535e+01
1.847019843062230109e+02
7.123805855278314425e+01
1.847025510948987232e+02
7.123205225740858282e+01
1.847101262141714244e+02
7.117181876416722730e+01
1.847405435329874592e+02
7.116639262982010905e+01
1.847373782111810669e+02
7.114371391797214983e+01
1.847623999764542475e+02
7.112061028131680018e+01
1.847618391706151328e+02
7.114194263211552993e+01
1.847719244612501086e+02
7.115041894693541735e+01
1.847771657016187135e+02
7.113460785831330213e+01
1.847858198063514408e+02
7.123129831677665891e+01
1.848013274994637811e+02
7.150785442761105060e+01
1.847900654143288364e+02
7.144147375499785824e+01
1.848008377272645077e+02
7.129249528700064786e+01
1.848373764959966081e+02
7.129042268276494099e+01
1.848634243461122821e+02
7.129953996760700363e+01
1.848723525984017613e+02
7.125758996696471570e+01
1.848661573444682062e+02
7.127096752008482383e+01
1.848668139433202953e+02
7.123352740177836040e+01
1.848898521731750861e+02
7.112941079142410672e+01
1.848863101591818463e+02
7.119694616635536022e+01
1.848938475719162682e+02
7.112878070009362830e+01
1.849064456366451736e+02
7.118723181772354280e+01
1.849277353046252017e+02
7.118700266312011138e+01
1.849455176044905329e+02
7.117208369119401823e+01
1.849480850342901874e+02
7.102670167343542573e+01
1.849503661256777320e+02
7.110141973794772241e+01
1.849702135915685233e+02
7.113817417132290188e+01
1.849939408327923331e+02
7.105111598590029587e+01
1.849875269624926943e+02
7.096810198960349680e+01
1.849922450842639989e+02
7.105760456548075865e+01
1.849916002948064033e+02
7.095578716633862371e+01
1.850141612106500020e+02
7.106363662953216931e+01
1.850340773671434818e+02
7.108896241670677796e+01
1.850254067533711009e+02
7.092372129430684424e+01
1.850376325141113512e+02
7.091810705108962054e+01
1.850368127853342628e+02
7.093108544527849801e+01
1.850503695330303060e+02
7.091764963855176518e+01
1.850681938271039542e+02
7.084363939034808766e+01
1.851076043194847216e+02
7.082826270378745903e+01
1.850873911168719985e+02
7.081672402919259923e+01
1.850855650600023239e+02
7.070007213107408006e+01
1.851012489360547022e+02
7.073398549395460577e+01
1.851227903161264123e+02
7.059119734647948974e+01
1.851317898022010979e+02
7.049753766528166921e+01
1.851442346991675265e+02
7.050608758591300784e+01
1.851572737630814629e+02
7.035655208230126334e+01
1.851754383868843092e+02
7.029653797766485468e+01
1.851571130490896451e+02
7.032998682014836334e+01
1.851608490657253014e+02
7.029186066847005065e+01
1.851547563376880419e+02
7.048475593846632137e+01
1.851670537356988291e+02
7.051743793736478949e+01
1.852226203520647800e+02
7.047271515054463009e+01
1.852062140990323655e+02
7.044785049929757292e+01
1.852381616217867020e+02
7.048634663167035797e+01
1.852229557432419824e+02
7.046645585115490462e+01
1.852514935477967413e+02
7.034427362207456724e+01
1.852418583984782288e+02
7.037769611391124158e+01
1.852546944895308059e+02
7.024123939063009914e+01
1.852550410960245699e+02
7.021555468277190926e+01
1.852614028740394190e+02
7.018508384558410285e+01
1.853042816194480338e+02
7.020740071513753833e+01
1.852963794754315643e+02
7.021449260280306248e+01
1.853054429415729203e+02
7.021422616014841367e+01
1.853136999874051014e+02
7.024889501577004580e+01
1.852983052254985807e+02
7.019726331426561217e+01
1.853367946436600278e+02
7.016278433988719598e+01
1.853151251864578342e+02
7.010724226030178841e+01
1.853407743233713063e+02
7.013995167110385864e+01
1.853300904128028037e+02
7.009532615909087383e+01
1.853229176848557245e+02
7.019256301362614181e+01
1.853446620860980545e+02
7.027580232069315969e+01
1.853274752649811887e+02
7.022820382666071737e+01
1.853535734543973206e+02
7.015744404437586468e+01
1.853293947353317890e+02
7.001629663572497009e+01
1.853358242013553365e+02
7.019882651913219718e+01
1.853337780198405085e+02
7.015863852064231310e+01
1.853605532232039081e+02
7.007470009829111746e+01
1.853810429746428952e+02
7.014687447136255116e+01
1.853783577024709928e+02
7.023313517495337521e+01
1.854212684757381737e+02
7.023324966840321792e+01
1.854222736758377721e+02
7.019744461337461416e+01
1.854098815871485613e+02
7.010322697268375691e+01
1.854585451979216089e+02
6.994899090373280615e+01
1.854542559418970882e+02
6.982847258734537377e+01
1.854704729681063782e+02
6.994040398440735373e+01
1.854620419710700219e+02
6.985885794790208081e+01
1.854532369507211911e+02
6.986824117762721187e+01
1.854879784010245203e+02
6.981542647425402492e+01
1.854892700848816958e+02
6.973972830555905489e+01
1.855175885314954769e+02
6.966457461378514893e+01
1.855035047953976743e+02
6.965521959367480065e+01
1.855164774723387211e+02
6.951268407727233978e+01
1.855198091825373012e+02
6.953485617018259290e+01
1.855056828187530868e+02
6.945237539735789767e+01
1.855042488976421282e+02
6.947487135270179692e+01
1.855156916447260471e+02
6.940310656328078665e+01
1.855428837128193607e+02
6.950621661696283127e+01
1.855172175887871049e+02
6.941092081425227889e+01
1.855212972300345200e+02
6.940994920252745715e+01
1.855402858863192250e+02
6.954329886835944308e+01
1.855396752523273562e+02
6.950348046325470364e+01
1.855452017194575660e+02
6.956355880880789755e+01
1.855423473472886826e+02
6.945828707081373921e+01
1.855639870212371534e+02
6.942261465099525708e+01
1.855955866723451209e+02
6.949105502174305116e+01
1.856232553225713389e+02
6.930657668725979192e+01
1.856131715582552602e+02
6.922427660375588232e+01
1.856316681307824865e+02
6.920943642213386227e+01
1.856457513922406406e+02
6.911095666908580881e+01
1.856576773114740888e+02
6.904683668624529957e+01
1.856546288350549503e+02
6.907311528534781075e+01
1.856748823692307724e+02
6.899568225210697392e+01
1.856691754675880759e+02
6.877356791239151335e+01
1.856752115375808501e+02
6.875538269523173085e+01
1.857158282117223393e+02
6.875958048624079311e+01
1.857142265973466522e+02
6.871894807785093917e+01
1.857317722791005394e+02
6.882764638817991454e+01
1.857774536954383109e+02
6.871585947720963361e+01
1.857588041191743002e+02
6.871975702963159449e+01
1.857427150329059771e+02
6.879649293111630470e+01
1.857617311429729057e+02
6.880241620325055862e+01
1.857953024981644035e+02
6.878866591597464719e+01
1.857764416136901957e+02
6.876775090003330604e+01
1.857907805040760536e+02
6.869726471508674592e+01
1.857952886873899558e+02
6.858512992330589952e+01
1.857916750883851194e+02
6.864864784969937261e+01
1.857761085038118267e+02
6.871190243945072496e+01
1.858061271200907925e+02
6.866227163602347616e+01
1.858172865069018656e+02
6.876818788607073429e+01
1.858064266585519135e+02
6.879091038111043588e+01
1.858155240192043607e+02
6.880160524767438801e+01
1.858199651113959874e+02
6.887038156824675639e+01
1.858409269675742053e+02
6.874184217996271684e+01
1.858387304582152240e+02
6.861167811327170796e+01
1.858493395091931006e+02
6.866956866334797382e+01
1.858500249274917735e+02
6.860339666843968587e+01
1.858232105315412355e+02
6.858587493856073536e+01
1.858390839202455993e+02
6.847872182569014399e+01
1.858359538425651181e+02
6.848476303810802790e+01
1.858142408891241359e+02
6.833029709534089591e+01
1.858288160975913854e+02
6.842134944849267697e+01
1.858469404830777592e+02
6.832390997834419011e+01
1.858278132527552202e+02
6.823142779153461390e+01
1.858518338112034201e+02
6.839974775905916715e+01
1.858464436386376804e+02
6.826319071757191637e+01
1.858511000995508198e+02
6.831678361524569709e+01
1.858345667237009593e+02
6.828589388127142001e+01
1.858559089630578853e+02
6.822312612769820817e+01
1.858578438164221325e+02
6.824603983785668504e+01
1.858539633690756432e+02
6.837160002758326982e+01
1.858524717295747166e+02
6.833310890843334562e+01
1.858495570056473696e+02
6.828139120556714659e+01
1.858486136528921691e+02
6.831629305849473610e+01
1.858511097329516133e+02
6.818299709979899603e+01
1.858431545681403065e+02
6.834498227032223383e+01
1.858445541230288143e+02
6.835084603018827920e+01
1.858580854018111665e+02
6.843156501896419286e+01
1.858605703790349253e+02
6.833085660216080726e+01
1.858870113816844594e+02
6.832790848708475551e+01
1.858702370534807358e+02
6.848747084623241221e+01
1.858753072906397961e+02
6.858065286430853291e+01
1.858792867559651540e+02
6.849232271256866511e+01
1.858516370083022764e+02
6.831413432577706146e+01
1.858816229600450924e+02
6.841381709772937825e+01
1.858810218739366746e+02
6.850149025870121022e+01
1.858684102379166632e+02
6.833125671697546011e+01
1.858568343178699536e+02
6.828335157662398558e+01
1.858701437618137504e+02
6.831759727824616846e+01
1.858695278784493610e+02
6.828611871072490658e+01
1.858617867027384136e+02
6.832100786788868163e+01
1.858785329854678992e+02
6.828186540884611588e+01
1.858723359188687994e+02
6.832550061606829672e+01
1.858993799216673608e+02
6.833595822754760718e+01
1.858810762782993891e+02
6.835425166618146875e+01
1.859114857310891580e+02
6.830462004413952570e+01
1.858983933227479213e+02
6.835001375760494113e+01
1.859150137136468857e+02
6.830728410392630678e+01
1.859045718807814183e+02
6.829489532795925300e+01
1.858791035479296738e+02
6.830332324809350553e+01
1.858971167440349461e+02
6.827465947843990079e+01
1.858839121585011185e+02
6.826465117003056093e+01
1.858855187633735966e+02
6.816915871322557052e+01
1.858933691134625121e+02
6.816673312038706456e+01
1.858966390927279519e+02
6.820134244747490015e+01
1.859207779016876430e+02
6.816007229721370209e+01
1.859112243299772445e+02
6.819889978788300766e+01
1.858973908707540090e+02
6.826961949808617192e+01
1.859044108725734645e+02
6.817792992101928462e+01
1.859141067969878520e+02
6.811328832232376840e+01
1.859220151858386316e+02
6.809475937888900887e+01
1.859143102098075531e+02
6.808302292369472752e+01
1.859335028198546240e+02
6.818964969791649366e+01
1.859022979025994289e+02
6.807801457333140149e+01
1.859325618077242837e+02
6.809633989837433887e+01
1.859165090738638355e+02
6.809588210867075020e+01
1.859129268989036632e+02
6.794698164684263020e+01
1.859225190705798241e+02
6.788447906750096195e+01
1.859217426193344522e+02
6.785100557249826636e+01
1.859324016832702853e+02
6.784882192955129199e+01
1.859101163366154310e+02
6.792936607493520285e+01
1.859168390997180893e+02
6.796714350029874652e+01
1.859255608728982452e+02
6.794912436243227205e+01
1.859441247801983081e+02
6.800842265908175932e+01
1.859407368114613632e+02
6.785991855948347506e+01
1.859250411664961860e+02
6.788006216410268223e+01
1.859391130923481228e+02
6.788357819229931067e+01
1.859412086740602774e+02
6.784247723777129124e+01
1.859517079617822901e+02
6.769114972628857174e+01
1.859374044052211161e+02
6.764478277889080005e+01
1.859488145518423892e+02
6.767389996384412143e+01
1.859544555212846433e+02
6.772515973190145644e+01
1.859382599201367725e+02
6.763288353812153275e+01
1.859493313140971225e+02
6.775444397482257841e+01
1.859192894567738108e+02
6.784380417233364824e+01
1.859318146768509905e+02
6.777824990356562296e+01
1.859239193280712925e+02
6.777679225782301842e+01
1.859333147265183186e+02
6.785414964277305216e+01
1.859444803409759572e+02
6.786526678218787367e+01
1.859276339546798908e+02
6.787674580586241291e+01
1.859412463756710565e+02
6.786073421327336064e+01
1.859482121207747127e+02
6.790066893727930619e+01
1.859584066369344839e+02
6.799665499278235359e+01
1.859576045646710725e+02
6.799451025896243550e+01
1.859682127034711243e+02
6.783426220394684947e+01
1.859526029844462585e+02
6.777761067788819105e+01
1.859364960174427495e+02
6.769845349486951136e+01
1.859258510987647526e+02
6.764779128995579072e+01
1.859514192671791761e+02
6.764207212968815952e+01
1.859471733654024490e+02
6.776045676799841999e+01
1.859356088379161065e+02
6.767223145851708921e+01
1.859306980339401889e+02
6.762361587930570295e+01
1.859358139527957405e+02
6.753275119242570668e+01
1.859457536707884344e+02
6.748581305263779484e+01
1.859253417233163361e+02
6.750857179348597015e+01
1.859369025365973016e+02
6.760271619172243618e+01
1.859464058773368720e+02
6.751510403407782235e+01
1.859492120063873131e+02
6.746983255622697584e+01
1.859341995329552901e+02
6.742359210172313055e+01
1.859302433646261932e+02
6.728615366180740409e+01
1.859553844092648660e+02
6.713246369067113051e+01
1.859274895388041671e+02
6.716481892099540119e+01
1.859358487364375208e+02
6.711643715033964952e+01
1.859389074561942721e+02
6.709257907275429034e+01
1.859190452698635738e+02
6.709825252105689231e+01
1.859225886012407898e+02
6.701355352575625091e+01
1.859289886046614981e+02
6.704354381260516504e+01
1.859153809656337728e+02
6.691027720640920506e+01
1.859175766692722220e+02
6.686215958442498675e+01
1.859077762395484115e+02
6.688737234472567650e+01
1.859074023526962378e+02
6.685582937630677236e+01
1.858696662721056612e+02
6.688609227172985072e+01
1.858756613092238297e+02
6.682214986835984405e+01
1.858644707345320626e+02
6.670946017772995162e+01
1.858564289072539850e+02
6.669827313099175115e+01
1.858566780772487164e+02
6.673760002534234559e+01
1.858346861615079604e+02
6.677593900860094323e+01
1.858536102895257329e+02
6.684384217581030896e+01
1.858617100054575531e+02
6.680855746129986983e+01
1.858515416509736156e+02
6.668796339819506613e+01
1.858522973434132268e+02
6.676171645694607548e+01
1.858390108953574327e+02
6.666975284098725751e+01
1.858110975310097785e+02
6.657945191407792151e+01
1.857928896385651854e+02
6.652260682019073101e+01
1.857995457807315631e+02
6.658134137924770357e+01
1.857794352809155498e+02
6.649736744407185540e+01
1.857660306462519486e+02
6.652078384236959607e+01
1.857354251399765417e+02
6.646323598358978302e+01
1.857532122589676078e+02
6.638607084808465686e+01
1.857511553302617813e+02
6.648990466643667219e+01
1.857527391511654571e+02
6.649149823330515119e+01
1.857462925994460932e+02
6.649204056699539933e+01
1.857149803265784556e+02
6.640485851505637527e+01
1.856873491932000491e+02
6.626456505729555602e+01
1.856883816112388956e+02
6.627580737563563673e+01
1.856437603327185286e+02
6.614072387933578057e+01
1.856434598370374260e+02
6.617308679622929901e+01
1.856375127564123773e+02
6.590830191547311756e+01
1.856387527063294272e+02
6.564001767618252359e+01
1.856474854871652838e+02
6.552984360887809601e+01
1.856506361660358664e+02
6.558526154771240613e+01
1.856347428247655387e+02
6.544003888287113568e+01
1.856151310029748345e+02
6.532311373008410271e+01
1.856378044450989364e+02
6.513853615765540894e+01
1.856472382851702037e+02
6.497514829341656650e+01
1.856324893239162463e+02
6.477422334250493918e+01
1.856293667932766596e+02
6.445002954409906692e+01
1.856328279165567210e+02
6.412095002814822919e+01
1.856417395707266564e+02
6.374181101718794196e+01
1.856107815527315381e+02
6.313743928770990976e+01
1.856289769637400013e+02
6.274573922296421813e+01
1.856192484173732851e+02
6.248769458862946635e+01
1.855923443949925513e+02
6.211967505039655180e+01
1.855709744469730822e+02
6.181475570601914171e+01
1.855535894195791400e+02
6.168324071077390158e+01
1.855551764998768363e+02
6.150556654570864623e+01
1.855511570405387829e+02
6.126973837111427201e+01
1.855519533023931160e+02
6.103903765053412656e+01
1.855477638378908694e+02
6.083860324803769970e+01
1.855413539247092558e+02
6.060478086366600081e+01
1.855444246551756180e+02
6.040610767169053474e+01
1.855298036157809349e+02
6.031635794456757793e+01
1.855466101415022138e+02
6.012757999943104892e+01
1.855430659766901726e+02
5.997433389925107150e+01
1.855303540490016303e+02
5.985829071439338378e+01
1.855181760243780786e+02
5.950286965880132328e+01
1.855136662319063419e+02
5.933051477730479917e+01
1.855105548445297359e+02
5.899065627628638708e+01
1.855161428037951907e+02
5.884634324656637006e+01
1.855055421143613046e+02
5.867466752827805010e+01
1.855145106125036989e+02
5.844816163679146115e+01
1.855417077978696057e+02
5.811772757560231639e+01
1.855340454692615992e+02
5.795172171725960908e+01
1.855766862707666007e+02
5.786726357211444594e+01
1.855719854724437710e+02
5.782700460615121330e+01
1.855621242747785686e+02
5.759198631020797876e+01
1.855684723568638503e+02
5.759467797393948985e+01
1.855542417719255752e+02
5.764862990533599429e+01
1.855684167061980929e+02
5.766317006743645379e+01
1.855818385182736279e+02
5.764912484257506975e+01
1.855980707474508051e+02
5.752683540299566545e+01
1.855632505923857707e+02
5.739721284528624068e+01
1.855654923439244897e+02
5.737467759646447973e+01
1.855598548188017105e+02
5.735765575225688906e+01
1.855511577245819694e+02
5.732132151644271545e+01
1.855627922367168594e+02
5.722578133204661555e+01
1.855512896690312914e+02
5.710830569461959527e+01
1.855509978002992852e+02
5.717061180267744902e+01
1.855477032700778750e+02
5.714998039847822042e+01
1.855510394480865841e+02
5.709216009678038972e+01
1.855237544928214959e+02
5.707218624316686828e+01
1.855420676940862563e+02
5.699536911025679586e+01
1.855214198235996435e+02
5.691977823478784870e+01
1.855328927032354898e+02
5.687125497550864850e+01
1.855113674100075798e+02
5.683164201348210298e+01
1.855149348520680803e+02
5.685769131168312640e+01
1.855015493631326819e+02
5.689764442117029830e+01
1.855236018874921342e+02
5.683152887411788612e+01
1.855219838109795774e+02
5.673486632143852404e+01
1.855050532879647278e+02
5.675528969954123681e+01
1.854988506995367175e+02
5.672152594027366490e+01
1.854792155579694111e+02
5.670360930301558255e+01
1.854867608039262734e+02
5.681811970415396473e+01
1.854789162000602971e+02
5.665092762117721747e+01
1.854730632970889701e+02
5.675837101745216273e+01
1.854724076945923343e+02
5.682218501752785755e+01
1.854591687778207643e+02
5.667071197026224638e+01
1.854572800842987021e+02
5.674895885632289350e+01
1.854303702474887530e+02
5.673116000334497500e+01
1.854239955193950493e+02
5.652894964094067376e+01
1.854633255757088079e+02
5.659818830138971890e+01
1.854476572406908019e+02
5.670634738030631183e+01
1.854660241829663221e+02
5.666459212011199043e+01
1.854324206808181827e+02
5.659312828426241992e+01
1.854486047698708546e+02
5.661333899624346344e+01
1.854427249336972352e+02
5.657446955156206059e+01
1.854288262971596168e+02
5.653181551595004350e+01
1.854205729693596538e+02
5.667419681174416013e+01
1.854040460781750141e+02
5.660570518854708411e+01
1.854183356334326334e+02
5.647943199426680394e+01
1.853983566733949431e+02
5.643860516720010878e+01
1.854107108003103122e+02
5.635629042435462566e+01
1.854013987159729595e+02
5.633103128456067310e+01
1.853984180945236062e+02
5.637569797395547511e+01
1.853814906465597687e+02
5.642206774818141923e+01
1.853908840226796144e+02
5.650031019140244837e+01
1.853939348324509524e+02
5.631443972366619022e+01
1.853473128894418949e+02
5.624278277708074114e+01
1.853627856988589997e+02
5.613544835065881244e+01
1.853501264039009300e+02
5.624857544083059935e+01
1.853507564189832237e+02
5.630177608764919484e+01
1.853475796003767471e+02
5.624730358595164148e+01
1.853424705427773347e+02
5.622820259647094332e+01
1.853314197325280475e+02
5.622148344180461521e+01
1.853457906601432512e+02
5.624397482683431093e+01
1.853149782429869390e+02
5.620081491730749690e+01
1.853247390660416727e+02
5.615517865832111966e+01
1.853299531791859920e+02
5.608008044363131717e+01
1.853109433239727366e+02
5.599161240291147834e+01
1.853127604244662052e+02
5.609139993774837052e+01
1.853129115296282805e+02
5.600221848346877351e+01
1.852957653414888455e+02
5.595320700067784969e+01
1.852963216032232481e+02
5.600761134755769888e+01
1.852940188396570420e+02
5.594734970761477655e+01
1.852871159976694742e+02
5.598404711380179322e+01
1.852759694880385553e+02
5.604832387447309827e+01
1.852717253402453821e+02
5.602601369185570235e+01
1.852566915816227038e+02
5.610464787858168023e+01
1.852545770520242172e+02
5.610874851465689517e+01
1.852559249539358461e+02
5.616973116183847026e+01
1.852495165568973903e+02
5.610675870572255519e+01
1.852584560900842519e+02
5.601202382872658347e+01
1.852532188568060576e+02
5.610262500168956734e+01
1.852576557235048824e+02
5.616110846382378696e+01
1.852492025175579613e+02
5.620336043221341527e+01
1.852393460935068390e+02
5.615197763469147674e+01
1.852427633988273783e+02
5.617515593981011079e+01
1.852380394127323484e+02
5.617461068172126204e+01
1.852258511659929354e+02
5.615605348262586460e+01
1.852424186903453744e+02
5.615018000025126099e+01
1.852178012658010005e+02
5.608986859435510297e+01
1.852013963279947291e+02
5.606690298507879788e+01
1.852018755718474097e+02
5.603889297231516053e+01
1.852129274444289990e+02
5.596588893482576310e+01
1.851872565524622019e+02
5.595013915133297644e+01
1.851833501970373845e+02
5.589519108403952430e+01
1.851618182018948460e+02
5.597320538399936396e+01
1.851734631864785001e+02
5.598165196445702207e+01
1.851606504157989832e+02
5.589408118702744588e+01
1.851564822662930396e+02
5.590003302986570333e+01
1.851715315889871079e+02
5.589480770461904058e+01
1.851512725748050059e+02
5.586101783433240797e+01
1.851465172889762698e+02
5.580073506953729634e+01
1.851398754648873251e+02
5.567820506079361564e+01
1.851396206641723836e+02
5.557706827492513213e+01
1.851117080504301953e+02
5.558376230137733387e+01
1.851274958449576218e+02
5.562460102196472889e+01
1.851205665625049903e+02
5.564310427155458427e+01
1.851031733948146325e+02
5.556600990260452733e+01
1.850885997597679591e+02
5.561794186682783447e+01
1.850686847002240825e+02
5.558810028086492849e+01
1.850679084436179380e+02
5.562089550603992905e+01
1.850965836092367738e+02
5.560594907896620498e+01
1.850814125279844404e+02
5.560529560175821473e+01
1.850840305198814235e+02
5.569650158359646497e+01
1.850891840359806224e+02
5.567303719005592200e+01
1.850729323983025552e+02
5.562698145669165939e+01
1.850866591484400772e+02
5.562803439614317824e+01
1.850709533521049934e+02
5.552755306638599109e+01
1.850612020465638352e+02
5.559714494133186236e+01
1.850326559353079574e+02
5.563625414207793085e+01
1.850194424714185004e+02
5.551496638026393526e+01
1.850133770616058939e+02
5.560244544024792646e+01
1.850101021733783568e+02
5.551891477795479091e+01
1.849948096264861874e+02
5.551781168403010014e+01
1.850026760724088319e+02
5.549901639064339065e+01
1.850052113473460906e+02
5.541386042100176468e+01
1.849858012582743640e+02
5.545845437165736769e+01
1.850034706367863748e+02
5.546867552270046531e+01
1.849584216561901542e+02
5.544122894586952555e+01
1.849757292299696587e+02
5.539108068888661052e+01
1.849751229341900114e+02
5.536366886701548395e+01
1.849684268622695527e+02
5.543627585072366770e+01
1.849770436850467945e+02
5.534840421981758141e+01
1.849731549790659528e+02
5.534666681775844665e+01
1.849636886062195060e+02
5.530581733976514869e+01
1.849421363493038655e+02
5.528636281913905748e+01
1.849561435976133055e+02
5.526578410657021578e+01
1.849521848878475794e+02
5.521791463935329602e+01
1.849448559939891368e+02
5.517010827477449197e+01
1.849524010495803736e+02
5.517608438698398032e+01
1.849545832499213986e+02
5.523236927306921729e+01
1.849385514404615094e+02
5.520060283366685638e+01
1.849368150015033905e+02
5.497205739353069021e+01
1.849579597808887854e+02
5.485045456737204717e+01
1.849224099590855133e+02
5.484939091330868166e+01
1.849292488760259801e+02
5.480860406852886513e+01
1.849225615160935661e+02
5.484515563654652226e+01
1.849137190678936520e+02
5.468965468019737841e+01
1.849098394922960722e+02
5.457817202579334293e+01
1.849195418465636180e+02
5.462363370342860946e+01
1.849153804650703421e+02
5.466217083685238975e+01
1.848731965851887651e+02
5.452884926084155381e+01
1.848823174702715164e+02
5.459292724390930118e+01
1.848922420930739463e+02
5.448983905684733031e+01
1.848807745608839923e+02
5.436664667046766652e+01
1.848781600851311282e+02
5.426100458068188459e+01
1.848626003545409731e+02
5.424058511922950743e+01
1.848432814015695840e+02
5.427838583823333352e+01
1.848318619777154765e+02
5.425851508734493933e+01
1.848172540803125514e+02
5.422097851697191828e+01
1.848204402040631749e+02
5.424611481581357708e+01
1.848180028406389965e+02
5.416891152909467877e+01
1.848231326021521852e+02
5.419472654977256099e+01
1.848253704887433457e+02
5.411815045443947270e+01
1.848161615176804560e+02
5.415897111208685288e+01
1.848165813202478489e+02
5.434075668694497097e+01
1.848401991107789968e+02
5.432503814211389681e+01
1.848026909204472759e+02
5.426569705745971817e+01
1.847725215303083246e+02
5.423787694766630807e+01
1.847859786671921256e+02
5.427080162222963367e+01
1.847886165020424869e+02
5.427849115786174394e+01
1.847790655631635843e+02
5.425325883030164675e+01
1.847600590505765012e+02
5.422652102015247522e+01
1.847497289767183020e+02
5.429568322718211704e+01
1.847393704492298525e+02
5.422180927320563626e+01
1.847188035632524645e+02
5.420120516121661325e+01
1.847148723073591157e+02
5.412690739483885949e+01
1.846854675320777233e+02
5.414778366800925369e+01
1.846726142361600864e+02
5.412755413350203781e+01
1.846839029140149364e+02
5.419766233903502695e+01
1.846610440910075397e+02
5.427622014844671838e+01
1.846484853744766781e+02
5.430634144390639761e+01
1.846482044138731737e+02
5.433141790044201258e+01
1.846363014618163731e+02
5.445239756147731924e+01
1.846246899703315023e+02
5.438501056345076279e+01
1.846235682595622336e+02
5.438662100044168568e+01
1.845899115129440986e+02
5.448826303715460284e+01
1.845885853884929872e+02
5.455995183897083933e+01
1.845687728334877136e+02
5.467451455474311217e+01
1.845527446201006683e+02
5.464901397225678892e+01
1.845641263001442951e+02
5.450721134781019828e+01
1.845442284858024493e+02
5.438695900710271047e+01
1.845284253153311340e+02
5.439132060166184601e+01
1.845310804435258092e+02
5.433774079159579173e+01
1.844981166460372322e+02
5.436861175949449887e+01
1.845032240772390253e+02
5.426902830888700180e+01
1.844781482535204020e+02
5.421467022107378142e+01
1.844778151556637624e+02
5.429620319292180142e+01
1.844679710772663270e+02
5.417752773986231318e+01
1.844518702948147961e+02
5.419639323605647974e+01
1.844188080661438391e+02
5.422647504729918211e+01
1.844058212787897162e+02
5.408719889838905459e+01
1.843966820314700215e+02
5.393318154286715327e+01
1.843666955195702997e+02
5.391687707122968476e+01
1.843482262899536011e+02
5.393459326492028083e+01
1.843462841021266740e+02
5.399249715530395832e+01
1.843191058612814857e+02
5.397977200334659642e+01
1.843256970467776625e+02
5.394964772069475600e+01
1.842979484007527162e+02
5.388319356863379284e+01
1.842916771342773927e+02
5.385382629098003804e+01
1.842578860283947506e+02
5.393610363581891676e+01
1.842402896830071768e+02
5.393138073990640180e+01
1.842253880404099107e+02
5.398301177647637417e+01
1.842105740484484215e+02
5.399293606757640163e+01
1.841812648631528759e+02
5.403055052423802351e+01
1.841747996975864226e+02
5.408644181129244544e+01
1.841503956339497279e+02
5.397652038918689499e+01
1.841442504386953658e+02
5.401870132376771494e+01
1.841103550204204566e+02
5.410339711516117944e+01
1.840600942455682230e+02
5.414275229509453879e+01
1.840304731221213217e+02
5.426412150156784264e+01
1.839916468570397683e+02
5.427124816791272366e+01
1.839671172011497617e+02
5.425437250773791931e+01
1.839372796009137687e+02
5.419520063837124724e+01
1.839468616942119183e+02
5.417287277614457963e+01
1.839217248917027234e+02
5.410301200406271249e+01
1.839269548070496114e+02
5.405305931858988799e+01
1.839251233920759319e+02
5.395832864984735977e+01
1.838899127216571969e+02
5.409653467958258943e+01
1.839123432231139077e+02
5.414781632222455698e+01
1.839093532637527346e+02
5.396435602956804445e+01
1.838945173194446454e+02
5.391716632304851231e+01
1.838910172688270848e+02
5.386864267118181715e+01
1.838957018494817248e+02
5.396929561422276578e+01
1.839096598052105094e+02
5.402148254987603337e+01
1.838998000665648647e+02
5.404540850481153313e+01
1.838966327097766396e+02
5.408215548749260648e+01
1.838786515380853075e+02
5.390826709674563233e+01
1.838712998262260214e+02
5.395081025310094702e+01
1.838770277870123380e+02
5.393783345874962976e+01
1.838754666894986940e+02
5.384866423871009289e+01
1.838644265899039851e+02
5.391900991090371065e+01
1.838342076378335150e+02
5.388569641882831718e+01
1.838533355678543160e+02
5.381656018742445724e+01
1.838400246076986946e+02
5.377907822977652330e+01
1.838187144927043448e+02
5.384876641126474084e+01
1.838255385565262259e+02
5.391008222019095797e+01
1.838148420641556697e+02
5.373189204297528221e+01
1.838150046702064628e+02
5.378276660483876981e+01
1.838209563555578825e+02
5.374204195333651768e+01
1.838285690499231464e+02
5.368153775710020881e+01
1.838343823905079262e+02
5.361851068096255801e+01
1.838131020106848723e+02
5.365960108979587062e+01
1.837692544774191106e+02
5.356238572597982284e+01
1.837856359194765048e+02
5.357717171480593521e+01
1.837845916898895382e+02
5.352356329810462654e+01
1.837718301554499192e+02
5.348297323642290024e+01
1.837784267042174520e+02
5.346772108677220814e+01
1.837783644444430138e+02
5.340644157276446435e+01
1.837682530591635555e+02
5.350731132569407578e+01
1.837550449116287155e+02
5.346000999412551380e+01
1.837202767986767356e+02
5.341746416219751836e+01
1.837153852426727099e+02
5.338349708749303346e+01
1.837110787053802881e+02
5.337809357178335290e+01
1.836998690853156972e+02
5.331640347742410313e+01
1.837149790564777447e+02
5.334498653333599805e+01
1.836929139058407827e+02
5.329337622201161651e+01
1.836744969585133163e+02
5.327521833029414466e+01
1.836740095931532437e+02
5.326982365179123491e+01
1.836627099176292290e+02
5.339195086006388635e+01
1.836629801007553908e+02
5.340399814530303502e+01
1.836715691170590787e+02
5.329872903407675011e+01
1.836532743650951716e+02
5.321495143701304897e+01
1.836579791018921810e+02
5.319954679649547558e+01
1.836553896078407320e+02
5.324211340672837167e+01
1.836173630310504450e+02
5.313069776742154460e+01
1.836097547553066249e+02
5.306407722662897442e+01
1.835891835673631647e+02
5.311867568759341651e+01
1.835865320847430553e+02
5.299881896721365848e+01
1.835664534827678835e+02
5.296704865127929907e+01
1.835772053412197522e+02
5.289969585081624359e+01
1.835803669075480116e+02
5.287175712914043402e+01
1.835701178310042394e+02
5.279871788848135594e+01
1.835415915512568859e+02
5.283723902418940099e+01
1.835358971943759059e+02
5.285882814148327213e+01
1.835164067790236970e+02
5.280678219510213012e+01
1.835231649969693137e+02
5.286641822410001623e+01
1.835075717247954685e+02
5.288857439835954466e+01
1.835066389275139898e+02
5.286487592205509145e+01
1.835082335835676872e+02
5.280166413610219678e+01
1.834747102503789620e+02
5.277696191557187433e+01
1.834840202234824460e+02
5.278172780079290760e+01
1.834706227071736464e+02
5.278628038616602680e+01
1.834460799268389337e+02
5.273608996762585122e+01
1.834628771922614874e+02
5.264110675298913122e+01
1.834445085358134975e+02
5.261951373066686699e+01
1.834335121162336861e+02
5.255825421211550008e+01
1.834218842626040953e+02
5.259480389706700265e+01
1.834225844867719672e+02
5.258426126261568356e+01
1.834249304092736566e+02
5.263818731869994849e+01
1.834113147198704041e+02
5.260195393746133874e+01
1.834139050511950018e+02
5.253797907782650611e+01
1.833638181203311888e+02
5.248670573448403331e+01
1.833637862256662459e+02
5.239958925792082312e+01
1.833582916913974259e+02
5.240603173187531638e+01
1.833509820333926257e+02
5.243524210264260432e+01
1.833546940010397179e+02
5.238637400002912159e+01
1.833264467827196427e+02
5.237162266653796650e+01
1.833087124582289107e+02
5.237261773886524452e+01
1.832969768019242736e+02
5.225216176923982658e+01
1.833020720824677596e+02
5.220529589910746893e+01
1.833097656574549887e+02
5.229662498699548223e+01
1.832954331481260795e+02
5.241360882827416390e+01
1.832903740662603980e+02
5.244486371823331439e+01
1.832696213128735963e+02
5.234697048540525799e+01
1.832634437789222659e+02
5.229171920083532399e+01
1.832519974997941858e+02
5.225552221693997978e+01
1.832370493025629230e+02
5.227578287624039888e+01
1.832174147401166806e+02
5.224381442721914226e+01
1.832092495261256886e+02
5.226196522626232621e+01
1.832065524077573855e+02
5.215535511179077588e+01
1.831821125204749023e+02
5.213273341492286761e+01
1.831926808201351378e+02
5.212328062544242613e+01
1.831971245836103321e+02
5.219218411048767337e+01
1.831587385279248394e+02
5.217540552166991574e+01
1.831508385851291791e+02
5.217364627159216184e+01
1.831337317484177447e+02
5.209964800923319928e+01
1.831157372412827726e+02
5.212386632637958428e+01
1.831197884527093152e+02
5.210448613677229446e+01
1.831120006025003022e+02
5.213197979763078393e+01
1.830674145353495419e+02
5.211826902493803715e+01
1.830599974220932324e+02
5.220623749074704989e+01
1.830685760899419279e+02
5.219991981800523462e+01
1.830525601637571924e+02
5.224577274938381777e+01
1.830372464442951070e+02
5.215015555529556224e+01
1.830363012823966642e+02
5.214067120392319055e+01
1.830261209176147474e+02
5.214037395617962289e+01
1.830193015625515898e+02
5.219677216708763723e+01
1.829962240928204835e+02
5.209696007403512397e+01
1.829951751266129634e+02
5.206907674234504668e+01
1.829771460728112515e+02
5.203808233798972083e+01
