1.381156977874268705e+03
2.170723948933909639e+02
1.384944878739053593e+03
2.174072445003353664e+02
1.388227646802499294e+03
2.182413227070206005e+02
1.389538823888575507e+03
2.190477697926582152e+02
1.387913479075406713e+03
2.196566894293559642e+02
1.385620681985285501e+03
2.200874145033354239e+02
1.383045505015322078e+03
2.203524949039343426e+02
1.379942032834358770e+03
2.204245648819171777e+02
1.376696970476654542e+03
2.204898883416593662e+02
1.374371316747600986e+03
2.206305364324561538e+02
1.371034171797578665e+03
2.206918641545686626e+02
1.368992121571487360e+03
2.207274468952961683e+02
1.366574150295138452e+03
2.207969122035038936e+02
1.364010495473238279e+03
2.208278997064308840e+02
1.362066274065960897e+03
2.209194377486757617e+02
1.360541128180969054e+03
2.208542406643580591e+02
1.359838304053008869e+03
2.207920457825853475e+02
1.359263375122675143e+03
2.208982506602674505e+02
1.357499500047130596e+03
2.208663945707289429e+02
1.356736649359693956e+03
2.209495455569683884e+02
1.355542257740615469e+03
2.207851634064974462e+02
1.355246032194048894e+03
2.209186318533501776e+02
1.354303566225297573e+03
2.208789618562562396e+02
1.352665252475445868e+03
2.209224138914983087e+02
1.352785335583855385e+03
2.206506380095671886e+02
1.353152739631278109e+03
2.206943516911682934e+02
1.353586403011514676e+03
2.207401270083514646e+02
1.353538406219373428e+03
2.208147972752367139e+02
1.352052904443075022e+03
2.209794351915208779e+02
1.351312466215900713e+03
2.210066846431649594e+02
1.350015893383044158e+03
2.210474631490263846e+02
1.349458982407413487e+03
2.211515561455681222e+02
1.350855999887111693e+03
2.212320101874081502e+02
1.351665128773585366e+03
2.213767221846505038e+02
1.351572626700778073e+03
2.213476105193743990e+02
1.350674611838165902e+03
2.212975672643800635e+02
1.352061721123548068e+03
2.212831037465903989e+02
1.352332033880103154e+03
2.213443859242066480e+02
1.351367210465727567e+03
2.213504567737016657e+02
1.351072762220367167e+03
2.212134728242986625e+02
1.350634439690926911e+03
2.212283700054873918e+02
1.351357091540915917e+03
2.210812284445379987e+02
1.350671551487712122e+03
2.211217926107051142e+02
1.350319266447504560e+03
2.212582002891917625e+02
1.350483541542784451e+03
2.212733534530962345e+02
1.351546305042329777e+03
2.211603208170706125e+02
1.351911604029308819e+03
2.210947245256004976e+02
1.351632943934363766e+03
2.211376062605389166e+02
1.350667806512925836e+03
2.209199782233247333e+02
1.351341761788921076e+03
2.207817360511321567e+02
1.351885429107349410e+03
2.208141281106801728e+02
1.351656780557372258e+03
2.208329174112010378e+02
1.352001347437937511e+03
2.209331071026238078e+02
1.351498410858201169e+03
2.209787705701913296e+02
1.351179990704545389e+03
2.210896088855186576e+02
1.349589156852794531e+03
2.211292449324887741e+02
1.348255239847749181e+03
2.210355347608673355e+02
1.347531001503188691e+03
2.210307445204338990e+02
1.345819769217040857e+03
2.210324331256714459e+02
1.345668128517748301e+03
2.210825295491806060e+02
1.345225787543783099e+03
2.211097876425036475e+02
1.345508596216632895e+03
2.208462199030028614e+02
1.346615633144519961e+03
2.209982806019345674e+02
1.345756784650601503e+03
2.209274224750282372e+02
1.346075362485684991e+03
2.209071641081222310e+02
1.345473953142233086e+03
2.209121126593668407e+02
1.343533352807314259e+03
2.208499108810582641e+02
1.341938180742461327e+03
2.209088835204252064e+02
1.341510224923848682e+03
2.209629494568089285e+02
1.341303948360049844e+03
2.209881867740226085e+02
1.341155412525801239e+03
2.211190345819651952e+02
1.340738627694409388e+03
2.211587535919916263e+02
1.341426176419383637e+03
2.211751669914545744e+02
1.341174644722581434e+03
2.211628109803929192e+02
1.340217714996434097e+03
2.213703344543988862e+02
1.340506693938993067e+03
2.213622207861466222e+02
1.340480846821284331e+03
2.213422344018835588e+02
1.340782223358483634e+03
2.213137619500854498e+02
1.341012291592379597e+03
2.213014993139588285e+02
1.340184359711308616e+03
2.213442740683376257e+02
1.339245266394186046e+03
2.213340075827316866e+02
1.338737259976637688e+03
2.211600526332598520e+02
1.338825781638268836e+03
2.212262414667992516e+02
1.339243335820615584e+03
2.213558219371842029e+02
1.339019573067998181e+03
2.213516310877062097e+02
1.338242667121188788e+03
2.213502576946414990e+02
1.338354885689971070e+03
2.214860135724182442e+02
1.338038642473617983e+03
2.213027837342310988e+02
1.336934500176617348e+03
2.213024832557507864e+02
1.336917459501992198e+03
2.212083499734434042e+02
1.335957894990171553e+03
2.212783742984432536e+02
1.337492371678626341e+03
2.212535937408861457e+02
1.338092934829164960e+03
2.213546678670832080e+02
1.338193907692176026e+03
2.213433578752051005e+02
1.338258323377923716e+03
2.214967087839293072e+02
1.337233174462548050e+03
2.215242531084989821e+02
1.338535657870934983e+03
2.214337567581589212e+02
1.338132413558536882e+03
2.214252558827226949e+02
1.338155933132288283e+03
2.215792010346153518e+02
1.338657711848543386e+03
2.215238527562532909e+02
1.338530680586540711e+03
2.215089586018744967e+02
1.338629536058185067e+03
2.215801695512046479e+02
1.338434155433213846e+03
2.216450494504458391e+02
1.338915584864131006e+03
2.217461335576998351e+02
1.339555870921061569e+03
2.217921053032869736e+02
1.340126388294675735e+03
2.216891569673391587e+02
1.341143666640624588e+03
2.216951762636081469e+02
1.341135411956070584e+03
2.217014482242724966e+02
1.341767746160753632e+03
2.216447938870042265e+02
1.341819202722867203e+03
2.217124345607749092e+02
1.341711333545641082e+03
2.216345049099354583e+02
1.341941123894702741e+03
2.215227653784004360e+02
1.342025500881303287e+03
2.216558829161654671e+02
1.342134360649545442e+03
2.217183429587691705e+02
1.342182034080995209e+03
2.216247329465770690e+02
1.342367129150517030e+03
2.215750386048215148e+02
1.342729960777835004e+03
2.216092755928876272e+02
1.342695852217764241e+03
2.216068453421774791e+02
1.343595680731576522e+03
2.216451445257059163e+02
1.342800188660052754e+03
2.215616146697499289e+02
1.343671646858501617e+03
2.215186800287881681e+02
1.343755761159900885e+03
2.215573988180872789e+02
1.344619220649788758e+03
2.215640860814848168e+02
1.344416687627427564e+03
2.215368452859268302e+02
1.343931560116818446e+03
2.216804189622464492e+02
1.343394297039625826e+03
2.217787057257636718e+02
1.343715586619840451e+03
2.217315373013076396e+02
1.343245904653929756e+03
2.216222558574364996e+02
1.343783180563485757e+03
2.214422562274118036e+02
1.344380049625049878e+03
2.215151448823985163e+02
1.343924621466705048e+03
2.215590762131092220e+02
1.340937646720736211e+03
2.217427322801892160e+02
1.340427461624075249e+03
2.218535981156695414e+02
1.339038855504343019e+03
2.218888846889088882e+02
1.338690401644027361e+03
2.219703165236218751e+02
1.337886593730104323e+03
2.219771137192848585e+02
1.337515796614722603e+03
2.220210706229533741e+02
1.337973507564122656e+03
2.218291928397894992e+02
1.337737481149687710e+03
2.217274127115184967e+02
1.338154992776348081e+03
2.217574717714249175e+02
1.339257827065731362e+03
2.218655085802430165e+02
1.340033069462594540e+03
2.219639027757312135e+02
1.339425454959777653e+03
2.220143673273879017e+02
1.340182467384272513e+03
2.219649632902640519e+02
1.340297276904910632e+03
2.219792847123642332e+02
1.339842586813913158e+03
2.221030437196186824e+02
1.339435045561422385e+03
2.220933037559374270e+02
1.339299503346896927e+03
2.222273113710746486e+02
1.340428825114377787e+03
2.222892984090138668e+02
1.341608812363549760e+03
2.222944430641340148e+02
1.342486599303401135e+03
2.224402048139411079e+02
1.340911272423385753e+03
2.224420459504966630e+02
1.341009537909135361e+03
2.225363426224709542e+02
1.341152300919214667e+03
2.226071682964171998e+02
1.341717854485145381e+03
2.227677505791696433e+02
1.341751414973778310e+03
2.229284571279078477e+02
1.341698458374504753e+03
2.227657571257230984e+02
1.342184791930169013e+03
2.227780571259701787e+02
1.342392304451762129e+03
2.226993535277425167e+02
1.343443774287842643e+03
2.226640356158404472e+02
1.343363127860935037e+03
2.226430152075999445e+02
1.343473808138915274e+03
2.225032126471547258e+02
1.343759465486943100e+03
2.225369426807259856e+02
1.344029533666733641e+03
2.225603605247757457e+02
1.344520819343425728e+03
2.226095197281325682e+02
1.344185465174714182e+03
2.225808525854907600e+02
1.344527459627454391e+03
2.226672517464701002e+02
1.344805914984244055e+03
2.227313495039739166e+02
1.345810498502245991e+03
2.227514628117427549e+02
1.346252975143288722e+03
2.226276220343519583e+02
1.346703085078517233e+03
2.226464821396349407e+02
1.346984427262888630e+03
2.227517391376117359e+02
1.348283694026588364e+03
2.226876425608805903e+02
1.348406518537621878e+03
2.225250524276580961e+02
1.349265174174055346e+03
2.225961243151761266e+02
1.348119405299888740e+03
2.227257232686589248e+02
1.348195360912367505e+03
2.227690318942418912e+02
1.347947717732191450e+03
2.227893043962853596e+02
1.348583802491088818e+03
2.228086151106383852e+02
1.348826408611623265e+03
2.227964402449900092e+02
1.349027785705876568e+03
2.229464943847738994e+02
1.348836488458855456e+03
2.229272274468077626e+02
1.349210065868447373e+03
2.226950014888052465e+02
1.349296463914212154e+03
2.226131881812277413e+02
1.349227458987933232e+03
2.226369568890602864e+02
1.349535476554999150e+03
2.224890828762955550e+02
1.350627842830359668e+03
2.223296467686281801e+02
1.350445131245769971e+03
2.222270929035982192e+02
1.350982267924549888e+03
2.223383748825731629e+02
1.351270551287336957e+03
2.223265837962822786e+02
1.352495867353964059e+03
2.223942417751715652e+02
1.352390651776452614e+03
2.222991666666702315e+02
1.351540906010543267e+03
2.221984516563040302e+02
1.353368045559917164e+03
2.223609583110675203e+02
1.353545981158489894e+03
2.222722896140165858e+02
1.353857364770250797e+03
2.221792386313192935e+02
1.354952741522619135e+03
2.223038830947114377e+02
1.355098589825573754e+03
2.223830249725048986e+02
1.355493450768724415e+03
2.224402965334714679e+02
1.356292172418463224e+03
2.224159503806372982e+02
1.356216379534436555e+03
2.223994830374881246e+02
1.358038078523064087e+03
2.223215686837718010e+02
1.358731820439378907e+03
2.222161708254528776e+02
1.359990386370557871e+03
2.222344177643101943e+02
1.360756149086733330e+03
2.223144517343661164e+02
1.360097402815306395e+03
2.222735600951534707e+02
1.360426945625848475e+03
2.224225295909671161e+02
1.360452780928655102e+03
2.225069767551702853e+02
1.362345855040572133e+03
2.225478819456422457e+02
1.363075868592805818e+03
2.223406249596287694e+02
1.363931644133829423e+03
2.223909906769763154e+02
1.364245130976148403e+03
2.223514298183968378e+02
1.364924987591344461e+03
2.225090115148338157e+02
1.365425391563441281e+03
2.224823473189768208e+02
1.365918789972314016e+03
2.226316773306787127e+02
1.366882316201825006e+03
2.226653198983590016e+02
1.368551903665586906e+03
2.226077785028312519e+02
1.370120035381648677e+03
2.226133580821341980e+02
1.370634404472430333e+03
2.224933161043705354e+02
1.372627092547360462e+03
2.223748992936016293e+02
1.374020115862749208e+03
2.223053780414647633e+02
1.374873581469251349e+03
2.223293065896344842e+02
1.376333175367498143e+03
2.222890253782940704e+02
1.377356206235973332e+03
2.221830702542895608e+02
1.378679464842875632e+03
2.221654605531942366e+02
1.379924229481257044e+03
2.220579378483102744e+02
1.381085696842183324e+03
2.220679154790254870e+02
1.381774395126488571e+03
2.220147235218873334e+02
1.382027073403172153e+03
2.219852919251619596e+02
1.382838140262262641e+03
2.218113495371524380e+02
1.383115678590600055e+03
2.217521630605653797e+02
1.383793472280383185e+03
2.219367603246829503e+02
1.384872106274551697e+03
2.220644961865977791e+02
1.384902932872282690e+03
2.222106464870872742e+02
1.385849932814198155e+03
2.221579129372506713e+02
1.385992839345090715e+03
2.221396432538801662e+02
1.387206918544513655e+03
2.221300408192434759e+02
1.388472800361850886e+03
2.223285748445390482e+02
1.388761574912788319e+03
2.222953968741000210e+02
1.389568292290555746e+03
2.223950951851558386e+02
1.390493179194412278e+03
2.223781614293942823e+02
1.391560657647336484e+03
2.224713928776010619e+02
1.392304624768070653e+03
2.224516017507431798e+02
1.392154031624345862e+03
2.226384681989635226e+02
1.393200159464794751e+03
2.226714243899462531e+02
1.394420433510107159e+03
2.226777047387020332e+02
1.395346083113242230e+03
2.225562603729783859e+02
1.396000435944365336e+03
2.224759503784266315e+02
1.396839552084897377e+03
2.224278586983294304e+02
1.397160382947430662e+03
2.221473831990821566e+02
1.397607610197718259e+03
2.221185913214278855e+02
1.399999293086312036e+03
2.221276355185836167e+02
1.400314431447038487e+03
2.220599916667475213e+02
1.400765950909663161e+03
2.221446542599170471e+02
1.401497408007857757e+03
2.220885917247822476e+02
1.401902151263574524e+03
2.221931690138460453e+02
1.402125077278994695e+03
2.224132394434769822e+02
1.402358942496527561e+03
2.224064833457737507e+02
1.403286912655951483e+03
2.224227582332557347e+02
1.405022664095687787e+03
2.225583518376789698e+02
1.406984766899065789e+03
2.227034489864149691e+02
1.407606796132651652e+03
2.227509710315143536e+02
1.409224951622516983e+03
2.228800662620855633e+02
1.410477410680714911e+03
2.227867167008226374e+02
1.412572886885310481e+03
2.225644118181927240e+02
1.413126163609855666e+03
2.226377423593636422e+02
1.414008180582808791e+03
2.226581696234697176e+02
1.415118417213059956e+03
2.227231486722532168e+02
1.415913628725151966e+03
2.227245855565861632e+02
1.417364232214512413e+03
2.227746523648857817e+02
1.418381462992585284e+03
2.228114083022715022e+02
1.419927911099669473e+03
2.226775452194043794e+02
1.421102674861834203e+03
2.228931498039664518e+02
1.421343412423119389e+03
2.230561146401203416e+02
1.422051046527627705e+03
2.230177829770427707e+02
1.424381929839854138e+03
2.232507335402073920e+02
1.425011264363744658e+03
2.234152648844253122e+02
1.425943139007134050e+03
2.234452182263249256e+02
1.427318261903681559e+03
2.234768204496272688e+02
1.428269597397089456e+03
2.235813981933323191e+02
1.430126798743189966e+03
2.236336182166866422e+02
1.430207496340081207e+03
2.236157241404471847e+02
1.431392496933281109e+03
2.234631027419020768e+02
1.432524231843402731e+03
2.235362491542417160e+02
1.432866192961371098e+03
2.234944910312671027e+02
1.434162372894645159e+03
2.233796838870198087e+02
1.435297638102438668e+03
2.233825873839527389e+02
1.436214679682597080e+03
2.233857019095304111e+02
1.437666693557742519e+03
2.232380033994950566e+02
1.438559934025282928e+03
2.234209457502217617e+02
1.440245407971505756e+03
2.233472316934129935e+02
1.441456394265965400e+03
2.234019177696005158e+02
1.443101982004595584e+03
2.232922723961003157e+02
1.443638109359076225e+03
2.233845318263123261e+02
1.445069137892705839e+03
2.235008955820200072e+02
1.446260481867060889e+03
2.234918986988415384e+02
1.447014775094772631e+03
2.235342518577392639e+02
1.447963341936362212e+03
2.233339386570574732e+02
1.448039841416214358e+03
2.234153643042351689e+02
1.448764676223141350e+03
2.234385194524851386e+02
1.449561734140269664e+03
2.235620195915150816e+02
1.451332964278998361e+03
2.233047859591145254e+02
1.451906007023893380e+03
2.232895724285598931e+02
1.452916531047699664e+03
2.232856807352203248e+02
1.453005947786972229e+03
2.233060394273403517e+02
1.454678114934498808e+03
2.234091987807205157e+02
1.454349298939388291e+03
2.234025576370248700e+02
1.456171914245159769e+03
2.235975012162425060e+02
1.457448775282184442e+03
2.237369751902118082e+02
1.458776494812253986e+03
2.236854029977741050e+02
1.459204905243881967e+03
2.236309790325521760e+02
1.460621289793474261e+03
2.238240442691427177e+02
1.461038003332587550e+03
2.238516060298936736e+02
1.462284374639363023e+03
2.238881286198016198e+02
1.463515457971683645e+03
2.238511217848320030e+02
1.464321345535947330e+03
2.240234678213396649e+02
1.465777357281589047e+03
2.240352037774931944e+02
1.466220617158464847e+03
2.241039764489892434e+02
1.467660835890606222e+03
2.241449981492445147e+02
1.468820558947893915e+03
2.241327323975753529e+02
1.469540439820015990e+03
2.242343329805824226e+02
1.471450727864653800e+03
2.243026758464431794e+02
1.472736698188632317e+03
2.243485120494581793e+02
1.474037753414383815e+03
2.243097223099814244e+02
1.474958579637090679e+03
2.243257602930211192e+02
1.476129943889643528e+03
2.242624224051958208e+02
1.477008182964154230e+03
2.240946120626221898e+02
1.478541605606710391e+03
2.239823772319473676e+02
1.480264812793997407e+03
2.239942246667269785e+02
1.481318913993776960e+03
2.239974289988161047e+02
1.482698896648438222e+03
2.240475461336979492e+02
1.483839492278564194e+03
2.242134766072974799e+02
1.485172615709322372e+03
2.243617159130309062e+02
1.486729020571259753e+03
2.243956483568422300e+02
1.487910296285583399e+03
2.245395090684041577e+02
1.488879894502696516e+03
2.244742080886629196e+02
1.490563342883822997e+03
2.244541219518204684e+02
1.492051821191182626e+03
2.242929242849233731e+02
1.494318223294416839e+03
2.243647349149016179e+02
1.495883250335816683e+03
2.244827263657738001e+02
1.497709656740537866e+03
2.243775797128501495e+02
1.500329468931683550e+03
2.244395174670846131e+02
1.502335578911598986e+03
2.244629835292285236e+02
1.505022657467557792e+03
2.246040079252023247e+02
1.507771715465642956e+03
2.246162491991794354e+02
1.510278977280919207e+03
2.247304425020739700e+02
1.511287000981098572e+03
2.247992068304345992e+02
1.513618586036810029e+03
2.247821203751371115e+02
1.515389712472584506e+03
2.248053213164508009e+02
1.518537656616477989e+03
2.247802872921444646e+02
1.521170371569735607e+03
2.248745831724282311e+02
1.524111277496953107e+03
2.250113207588684077e+02
1.525983685009029614e+03
2.249484649747054448e+02
1.527558401567504916e+03
2.248936404557344417e+02
1.529459896987955062e+03
2.248899086814078032e+02
1.532287058334978383e+03
2.249191113661131283e+02
1.534133772824047810e+03
2.246957000520752388e+02
1.537465048161146569e+03
2.245191154906239035e+02
1.540418209783465500e+03
2.245393151461980494e+02
1.543075899956880676e+03
2.245597078083024485e+02
1.545401420850335171e+03
2.246286453585674394e+02
1.548174570160111898e+03
2.247789440244690411e+02
1.550969097338356505e+03
2.248987766506545540e+02
1.553757469077736005e+03
2.248613891587959586e+02
1.556167390747366426e+03
2.247855096722992130e+02
1.559084798430203818e+03
2.249914675734419802e+02
1.561424932591054130e+03
2.250244681168109366e+02
1.563620188487534278e+03
2.250719759308642551e+02
1.565980025721951279e+03
2.250755852551988596e+02
1.567928583249939493e+03
2.250783518743903073e+02
1.570194440398103097e+03
2.251230316817641324e+02
1.572937822484969956e+03
2.251244743073369534e+02
1.575817579583265797e+03
2.250807391497851029e+02
1.577699838015610567e+03
2.252266813256474904e+02
1.580272203056972558e+03
2.253310784464476626e+02
1.583131261447127599e+03
2.253344104698607282e+02
1.585285325967665813e+03
2.251894389667384928e+02
1.587717803739436249e+03
2.252566302784881032e+02
1.588956730557437140e+03
2.253124738497073167e+02
1.591100891549455127e+03
2.254848897438285178e+02
1.594157981823982936e+03
2.255313209152475622e+02
1.597333254349554636e+03
2.255516437024381275e+02
1.599392933165942395e+03
2.255257290479296728e+02
1.601802294679894658e+03
2.255869049972222058e+02
1.604444128831469243e+03
2.255143934034296080e+02
1.606250555661756152e+03
2.256116838738076353e+02
1.608670758772525232e+03
2.254898969466138396e+02
1.611260968434329698e+03
2.253637433270125143e+02
1.613881566766930064e+03
2.252846179459915845e+02
1.616126629040946000e+03
2.253265636205175042e+02
1.618548592402530176e+03
2.252731247710523519e+02
1.620938394798521585e+03
2.252640004044671400e+02
1.623308631377386291e+03
2.251534330135970663e+02
1.625417195110420380e+03
2.251847118845555542e+02
1.627422229248680651e+03
2.251623725926181123e+02
1.629682317922336551e+03
2.252196385218961723e+02
1.630863202039992984e+03
2.251243423576375733e+02
1.633052079097792102e+03
2.251262147751126292e+02
1.634385469575263414e+03
2.251968867915971941e+02
1.636383679522733473e+03
2.253177373394735810e+02
1.638101453703523021e+03
2.252472891583288401e+02
1.640298973700764464e+03
2.253427628040064121e+02
1.641969151648746902e+03
2.254773537695346306e+02
1.643525849612795128e+03
2.255391460508901389e+02
1.644749187689857763e+03
2.257897436163511600e+02
1.645841147509958319e+03
2.259659767477205037e+02
1.647417809551921664e+03
2.260445297150728265e+02
1.647756432767926754e+03
2.259361646536946182e+02
1.649424797862786590e+03
2.259817385586840146e+02
1.651635513379301983e+03
2.259868052761199237e+02
1.652908444672482574e+03
2.260523204830057864e+02
1.654086706339527836e+03
2.258972782557368078e+02
1.655860963696059116e+03
2.259802929057078416e+02
1.658017144744889720e+03
2.261135386131350344e+02
1.659149996533144076e+03
2.259404820379676551e+02
1.660960783042684625e+03
2.259429838322780029e+02
1.661485564904537114e+03
2.260788376346309576e+02
1.663183591218169113e+03
2.260017350337809319e+02
1.663989336994925907e+03
2.260358694909385804e+02
1.664661867069479058e+03
2.260296853318962746e+02
1.665785770513265788e+03
2.260498014838271672e+02
1.666425419772892837e+03
2.260751578960123140e+02
1.668165702874733597e+03
2.259008199740476925e+02
1.669207207617464519e+03
2.259930040341756410e+02
1.670835169954998491e+03
2.262012235163007858e+02
1.672015437165393678e+03
2.261225468852088056e+02
1.671982740419115316e+03
2.260735070423067441e+02
1.672513498434034091e+03
2.261990384291519547e+02
1.673338865932315684e+03
2.263055080949763465e+02
1.674559411765751520e+03
2.264443172104882933e+02
1.675576548653471036e+03
2.264186264555985417e+02
1.676089624327854381e+03
2.266075235520889350e+02
1.677544807094939870e+03
2.265801769208343615e+02
1.678470015633268758e+03
2.264894405186336144e+02
1.679869861862306834e+03
2.265876758275161365e+02
1.680422040251903354e+03
2.267261007463589237e+02
1.680999201282338163e+03
2.266494485555811309e+02
1.681523622033344964e+03
2.265521831182632297e+02
1.683452120312371790e+03
2.265263435999179080e+02
1.684018041613518562e+03
2.266212890715928552e+02
1.685124989092242686e+03
2.265982654090116171e+02
1.685911189865238839e+03
2.266319302727972911e+02
1.687047730173073887e+03
2.267126125774726404e+02
1.687864074950140775e+03
2.269438603337050040e+02
1.688624749294494450e+03
2.266942852782632087e+02
1.688774480096404659e+03
2.268765593041543127e+02
1.688642238991538079e+03
2.269901961743073002e+02
1.690071507004985733e+03
2.270489205444655170e+02
1.689831368731096063e+03
2.272073636915458792e+02
1.690619371438613143e+03
2.271692368943861311e+02
1.691451589547412595e+03
2.271773616933074891e+02
1.691162975564663839e+03
2.272759634017846224e+02
1.692235378928988666e+03
2.273605509141901564e+02
1.693281659303131164e+03
2.274139431444848185e+02
1.693218039857822077e+03
2.274285706736728798e+02
1.694892882375988620e+03
2.274470772590137813e+02
1.695391119023389138e+03
2.275266863836241100e+02
1.695331576790304098e+03
2.274050459050462791e+02
1.695461300611381375e+03
2.272973010397788016e+02
1.694945835783006032e+03
2.274708317922184335e+02
1.694873324475392110e+03
2.277501429749375177e+02
1.694790112903282306e+03
2.276750817745834468e+02
1.695785350729963511e+03
2.276671767129082014e+02
1.696586293714197609e+03
2.276197720785781087e+02
1.696640804382283477e+03
2.275810788263879658e+02
1.696259836556409027e+03
2.275733767148031461e+02
1.697722762942933286e+03
2.275109762682020573e+02
1.698862921985324647e+03
2.274793430308772031e+02
1.698325816193307446e+03
2.274494075306008085e+02
1.698050981663981020e+03
2.275020943982627273e+02
1.697896266002475159e+03
2.276801765272248872e+02
1.698759928047014228e+03
2.278280441797936078e+02
1.699398942177621393e+03
2.280412444728567039e+02
1.699161212158496710e+03
2.281354478422060481e+02
1.699036394061682131e+03
2.281166414892963985e+02
1.700387843354301367e+03
2.282021980238437493e+02
1.700978939728425530e+03
2.281638056229318181e+02
1.701708403026458427e+03
2.280685657670630064e+02
1.701266553483948201e+03
2.280481064937081328e+02
1.702284637027983536e+03
2.281240830867851344e+02
1.702770058977713006e+03
2.281622807217704576e+02
1.703819556648212938e+03
2.282334147388331473e+02
1.704827227880969531e+03
2.283455414033329873e+02
1.705441545952891147e+03
2.282986421230285714e+02
1.705598671258017703e+03
2.283739251303094591e+02
1.705077787240493308e+03
2.282127497268512855e+02
1.705608822837727075e+03
2.281509791822089710e+02
1.706053579578347808e+03
2.282171815196111311e+02
1.705562196414578693e+03
2.282670954024808623e+02
1.705663285628223548e+03
2.282643866115802780e+02
1.706089695757893651e+03
2.284449965161755927e+02
1.706392260397468135e+03
2.285465781265852172e+02
1.705183530423701313e+03
2.285561490319571760e+02
1.706128601608940698e+03
2.285472967440143179e+02
1.706545605852088329e+03
2.284508737343268763e+02
1.706937780640042320e+03
2.284414189321866502e+02
1.707037940211718251e+03
2.284745798388000821e+02
1.706910319528620676e+03
2.283270572153394085e+02
1.707361895911355987e+03
2.282355845856093310e+02
1.707126844002803409e+03
2.281579601961172159e+02
1.707564623766314298e+03
2.281853626109479194e+02
1.707511966562422003e+03
2.280673254469022311e+02
1.707643155745960257e+03
2.280630980728095381e+02
1.708131565571352439e+03
2.278326837317482045e+02
1.707734744500893839e+03
2.280633483705148024e+02
1.708099783119513177e+03
2.280013990240232999e+02
1.709483617066716761e+03
2.278849801535465929e+02
1.710312276152672666e+03
2.278825377194246471e+02
1.709877926098186208e+03
2.278444596782129850e+02
1.709434114249492723e+03
2.277709296869602156e+02
1.709280153309658999e+03
2.276219102997982304e+02
1.710057465362899620e+03
2.276181810540148263e+02
1.710198075183212268e+03
2.278295557026175118e+02
1.709809936804536392e+03
2.277895400656873051e+02
1.709999756440102146e+03
2.278639851893307764e+02
1.710473621551912856e+03
2.277714386065670453e+02
1.709422405848869857e+03
2.278237587177551120e+02
1.709797242306478211e+03
2.278616906387989332e+02
1.709877626408337846e+03
2.278953730023459912e+02
1.711135993309924288e+03
2.280410015912656263e+02
1.710983631263822645e+03
2.280629168833365554e+02
1.711466997705668746e+03
2.282533211248975249e+02
1.711122166668309546e+03
2.281724367030114706e+02
1.710380854309668166e+03
2.282897561613961273e+02
1.710791983389004827e+03
2.283053407213945718e+02
1.711226427610951987e+03
2.282529855581525169e+02
1.711611049394580277e+03
2.280888842601952433e+02
1.711582056622442678e+03
2.280880520091847075e+02
1.711786630639783198e+03
2.283347393402836758e+02
1.711766647909852736e+03
2.283217627424611464e+02
1.711348290202987528e+03
2.282911517110777595e+02
1.711148493461782891e+03
2.285300638054274316e+02
1.712047604411048724e+03
2.287443390081139114e+02
1.712184844999980442e+03
2.288423515161021555e+02
1.712564476282359237e+03
2.288177988696640170e+02
1.712134457629999588e+03
2.288363307768801462e+02
1.712598337411301827e+03
2.288060360457649836e+02
1.712853392974941016e+03
2.288300023897571691e+02
1.711874792634172309e+03
2.287376370596358299e+02
1.711932365504432255e+03
2.289460059937144365e+02
1.711673561537995283e+03
2.288548766483162638e+02
1.711951604170185874e+03
2.288203524457382798e+02
1.711751035804891671e+03
2.287826375643015240e+02
1.712213830595792615e+03
2.287458931117723182e+02
1.712280625230688202e+03
2.286054293942928552e+02
1.712835064276030380e+03
2.287296566696300886e+02
1.712538474722713090e+03
2.288593791744897317e+02
1.712220584429434439e+03
2.288769414625446927e+02
1.712503599763479542e+03
2.287078736803364052e+02
1.711528574215990147e+03
2.287355270171728137e+02
1.712241799178736301e+03
2.286995089218872010e+02
1.712178110282202852e+03
2.287854430375515449e+02
1.710825891394878226e+03
2.289067388703951451e+02
1.710118981142134089e+03
2.291132427250884689e+02
1.710410863698615685e+03
2.290349714760475877e+02
1.709951428598481925e+03
2.291044452734298602e+02
1.710618820778999407e+03
2.290817500094034074e+02
1.710319389645833326e+03
2.289824146228579025e+02
1.710930982752337741e+03
2.291190747541699864e+02
1.710930167152449940e+03
2.290868934162200219e+02
1.711504156683322435e+03
2.289429245144041261e+02
1.711504864976104045e+03
2.291073855788515345e+02
1.711943397857584841e+03
2.291341269007180017e+02
1.712051026122025405e+03
2.291182502344464922e+02
1.712908251985969400e+03
2.291214242281479869e+02
1.712259858248704177e+03
2.290784880629121005e+02
1.712119554277356428e+03
2.291785801123082535e+02
1.713150196535456416e+03
2.293580722654662054e+02
1.713474156716249354e+03
2.294669222880843620e+02
1.713262046779481807e+03
2.294830365687476217e+02
1.713463109905155306e+03
2.293927106893295047e+02
1.713762015573947565e+03
2.297422553429132392e+02
1.714348355071868355e+03
2.298559668508428331e+02
1.714655536283883748e+03
2.298254746168590259e+02
1.715832467391751152e+03
2.298522428616717264e+02
1.716451850226900433e+03
2.299186156885810419e+02
1.716295363220146783e+03
2.301546882810671093e+02
1.715986560118828038e+03
2.301794758807484413e+02
1.717118766684832963e+03
2.302318630036292859e+02
1.716571375386033878e+03
2.301288088701406593e+02
1.716572258921370576e+03
2.301886468368916496e+02
1.716447972363383315e+03
2.303654936256157555e+02
1.717766821625414650e+03
2.302930594367500703e+02
1.717981159860345997e+03
2.303586227141362883e+02
1.717816797899711673e+03
2.303281545571298352e+02
1.716889832050008636e+03
2.303651015193181593e+02
1.716619352085304172e+03
2.304648247983614340e+02
1.717215694479494914e+03
2.304982163491685583e+02
1.716732728603228679e+03
2.304925323353681392e+02
1.716561986062321239e+03
2.306938852622677416e+02
1.716228424223283810e+03
2.306673209271708913e+02
1.715344856109862121e+03
2.306157960779906091e+02
1.715215334437539696e+03
2.306585556541927815e+02
1.715253222616329595e+03
2.306694324845103097e+02
1.715183510373345825e+03
2.307965732323040129e+02
1.714754151437367454e+03
2.307636406196631356e+02
1.715287439635043711e+03
2.308903226642292736e+02
1.715754913708045933e+03
2.308624096538605670e+02
1.715646324481834654e+03
2.310930935886317741e+02
1.715806700534241372e+03
2.313107984628838096e+02
1.716347715745988125e+03
2.314267975100335093e+02
1.715907628770427436e+03
2.313543842321893749e+02
1.715602721330441227e+03
2.314219870893739426e+02
1.716703973273620022e+03
2.314000130737843506e+02
1.716667815700269557e+03
2.313599106129177017e+02
1.717744412140684517e+03
2.314264136566889931e+02
1.717886728047404176e+03
2.313401526580161658e+02
1.718035466894739557e+03
2.312802451928147320e+02
1.717860633569774791e+03
2.312539164482505214e+02
1.717271766510891666e+03
2.313558822732551334e+02
1.717553999410318738e+03
2.313538248861503632e+02
1.717583523794798566e+03
2.314609359861852056e+02
1.717624454806455788e+03
2.314835700012591246e+02
1.717071345028916767e+03
2.314479675971969925e+02
1.716928956535310135e+03
2.315443027573230665e+02
1.716952130083276870e+03
2.317643415242208675e+02
1.716337553918713866e+03
2.317058785721217760e+02
1.716334043212799088e+03
2.316486120173047425e+02
1.716084734052322119e+03
2.316704493778830454e+02
1.715975397355170116e+03
2.317243650366958150e+02
1.715163330737424303e+03
2.317658717848372874e+02
1.716038087193452611e+03
2.316858649298827686e+02
1.715924982889589046e+03
2.316877303262930923e+02
1.716280149677098734e+03
2.316826426191602479e+02
1.716213300534450582e+03
2.316318395281127493e+02
1.715735281321569573e+03
2.318337633325334934e+02
1.715197315633540256e+03
2.319332380730890009e+02
1.714274778093775694e+03
2.317501683758151216e+02
1.714093407449053302e+03
2.318255061217935520e+02
1.714014097893799089e+03
2.318856541343849074e+02
1.713144490111407322e+03
2.317072522285903062e+02
1.713475833518076570e+03
2.317318057141432064e+02
1.713420810271158189e+03
2.317766268142726176e+02
1.713204901581455488e+03
2.317802928291365276e+02
1.713109600182167242e+03
2.317305641029645926e+02
1.712905929070442880e+03
2.318015885790067330e+02
1.711989211311618647e+03
2.320392655884953683e+02
1.711291187291848701e+03
2.319924608450019434e+02
1.711390222874144001e+03
2.319394993706315802e+02
1.710833201507717149e+03
2.320950286348661393e+02
1.710605642817720764e+03
2.321107667794303779e+02
1.710338729809650886e+03
2.319204292086986072e+02
1.710656014008152624e+03
2.319411015704082502e+02
1.709276636342451638e+03
2.318147642393222156e+02
1.708876945151808741e+03
2.318209671365655424e+02
1.709401530112766523e+03
2.319902153309841708e+02
1.709166228767057419e+03
2.319707773298327140e+02
1.708249270688972501e+03
2.319845045574053586e+02
1.707981407872610816e+03
2.318901493891371217e+02
1.708549901763746220e+03
2.319432661531219537e+02
1.708617832280988523e+03
2.321484215720750228e+02
1.708089211148361073e+03
2.322301339923933199e+02
1.708006668020334700e+03
2.321068683172312035e+02
1.707458681803386980e+03
2.320104909998052563e+02
1.707953315576458863e+03
2.319802195099138657e+02
1.708081831788421596e+03
2.320671181384956867e+02
1.707810925005088393e+03
2.321419959921819043e+02
1.707601713931813492e+03
2.322689459828989129e+02
1.707546009925502176e+03
2.323523747232106587e+02
1.707352830495574835e+03
2.324500674044382436e+02
1.706900396656002385e+03
2.324752126799569680e+02
1.707197157505179348e+03
2.325847767787148541e+02
1.706789424339932566e+03
2.326138277954584339e+02
1.707781317997744736e+03
2.327602748002761928e+02
1.707043198989934353e+03
2.327705941118211115e+02
1.707094854159824763e+03
2.327527538080727822e+02
1.706663002522195484e+03
2.325322743444985178e+02
1.706914758660021107e+03
2.325244879856341242e+02
1.707419195282746614e+03
2.324443686115179730e+02
1.707074636741617269e+03
2.323042516658222780e+02
1.707389478233232694e+03
2.322417087856599380e+02
1.706972813441875587e+03
2.322547466962318765e+02
1.707552426105989980e+03
2.322639545011795121e+02
1.707629131341344873e+03
2.324236708930345969e+02
1.707573955223052053e+03
2.325756175558001644e+02
1.708064928700364817e+03
2.327849502216558335e+02
1.708647596321992069e+03
2.326521350455079187e+02
1.708224268468051605e+03
2.327409882781003887e+02
1.708012757131655690e+03
2.326968639695926413e+02
1.707714808000305993e+03
2.328097195110222515e+02
1.707572397804310867e+03
2.328023051964376577e+02
1.707639178186159825e+03
2.327305967711905055e+02
1.708545429235629399e+03
2.327461372691777228e+02
1.707762468830949956e+03
2.326969437563477356e+02
1.708472849766007812e+03
2.326333532267589987e+02
1.708153188522712071e+03
2.325510663003230718e+02
1.707866430298579871e+03
2.325338821852532760e+02
1.707859593245135102e+03
2.326844349893981132e+02
1.708151402743160133e+03
2.328972954587997322e+02
1.707402795695047871e+03
2.329777959287300746e+02
1.707235267097999213e+03
2.330597858512697087e+02
1.707115675159896455e+03
2.332123513937668235e+02
1.706656745513522537e+03
2.331864448349783174e+02
1.707309613917763272e+03
2.329732778332930536e+02
1.707124904651741190e+03
2.330974078697412324e+02
1.706411755979585905e+03
2.330279197908798494e+02
1.706118612949984026e+03
2.328830860226804873e+02
1.705305201911913628e+03
2.328839704182095716e+02
1.704930970384068360e+03
2.329258963821825148e+02
1.704524359896526221e+03
2.329949073024110078e+02
1.703814461446892892e+03
2.331882877247094825e+02
1.703730087052271756e+03
2.330096213877505988e+02
1.703141727356440697e+03
2.331057235030761206e+02
1.702739928565528544e+03
2.331888913312389491e+02
1.703404089810247342e+03
2.333073590759848059e+02
1.704148549864050437e+03
2.331376271876448811e+02
1.704674335806760382e+03
2.332031040795589831e+02
1.704683192727293999e+03
2.333074006079961009e+02
1.704499424081398729e+03
2.335998362869724190e+02
1.704606076743003769e+03
2.337144773779380671e+02
1.704384253042069076e+03
2.337591644001941233e+02
1.704266701072768456e+03
2.338370736200800764e+02
1.704315139998122959e+03
2.339260581411306248e+02
1.704519642940751510e+03
2.338995844133700359e+02
1.704311615001392965e+03
2.339910228148426654e+02
1.703536481781974089e+03
2.340704941002987312e+02
1.703462463707776578e+03
2.338755941756963637e+02
1.703383394191355364e+03
2.339168740052467115e+02
1.702457914903397295e+03
2.340170631164193082e+02
1.702603890718414732e+03
2.340733876443111683e+02
1.702204254187658080e+03
2.340788730772468966e+02
1.701464108296975155e+03
2.341000649789825161e+02
1.700914838902959673e+03
2.339434374101541323e+02
1.700893929678539280e+03
2.339211980988635844e+02
1.700574724888873789e+03
2.341195856936023176e+02
1.700887038140485629e+03
2.342716456942284253e+02
1.700391678632722005e+03
2.344155439791421998e+02
1.699446796928397816e+03
2.345193196632903607e+02
1.699691944551059578e+03
2.345388586602378780e+02
1.699581864600414292e+03
2.346932192866105709e+02
1.699464067937056598e+03
2.346362695355447272e+02
1.699578741566494500e+03
2.346908703464034431e+02
1.699662312128785061e+03
2.346664702749376659e+02
1.699328116008745383e+03
2.347239092246008454e+02
1.699074348526938820e+03
2.348689202709553001e+02
1.698691983732982635e+03
2.348981873641243965e+02
1.699381198731771292e+03
2.348980094273740065e+02
1.698921328924962381e+03
2.349963671005906178e+02
1.698583971210299296e+03
2.349559557079969920e+02
1.698039946319246383e+03
2.349589299394889679e+02
1.698028618072405152e+03
2.348895189698782531e+02
1.697715640644989890e+03
2.351180934153688611e+02
1.697489651885047579e+03
2.351412588553980640e+02
1.697128819437065204e+03
2.352646142744524980e+02
1.696867084547127433e+03
2.350500714498291188e+02
1.696944168890752508e+03
2.348917536027323649e+02
1.696295833868983209e+03
2.349029000730227779e+02
1.695899073532097191e+03
2.349588125660104083e+02
1.695774716459808360e+03
2.349583972790226198e+02
1.695478743302924158e+03
2.349506726594669033e+02
1.695699246163152566e+03
2.349679868098494353e+02
1.695496611895699516e+03
2.352032032209045553e+02
1.695265248548882028e+03
2.351316146022614930e+02
1.695089547438082946e+03
2.350954678527940587e+02
1.694748594988631794e+03
2.350419700759958346e+02
1.694042418427504799e+03
2.351527912793514759e+02
1.693958714516557848e+03
2.352162079309444778e+02
1.693422774412826129e+03
2.350309000228574803e+02
1.693087061348800717e+03
2.349467917250985067e+02
1.692984101259067984e+03
2.349319183188800366e+02
1.693085421922288106e+03
2.349350147114704725e+02
1.692293709022490702e+03
2.348511662518447736e+02
1.692509912679588297e+03
2.347693892614302342e+02
1.692240933347171222e+03
2.347417345803617934e+02
1.692068864395713490e+03
2.348143972219034197e+02
1.692309112269378147e+03
2.345535516642374034e+02
1.691731851600427035e+03
2.346250910815197983e+02
1.691070301602287145e+03
2.345495161792796921e+02
1.690941037318199051e+03
2.346189800879377572e+02
1.690920086736763324e+03
2.344422213163553295e+02
1.690235595979367645e+03
2.345050452355937125e+02
1.690005327701645456e+03
2.346356030694974493e+02
1.689921615691506531e+03
2.344462670604055745e+02
1.689382228195825746e+03
2.344323076086652122e+02
1.688981109355069748e+03
2.345608473824618443e+02
1.688323232563518332e+03
2.344620270592705822e+02
1.688066657776911370e+03
2.345152746039353246e+02
1.687735071048443842e+03
2.345924172938518382e+02
1.687370365098897310e+03
2.345817493977582160e+02
1.687459663382401459e+03
2.345633919711347346e+02
1.687262057607874567e+03
2.344801231524517675e+02
1.686787349521336409e+03
2.345342724940042558e+02
1.686756089232507975e+03
2.346259341890987855e+02
1.686419852063277858e+03
2.344465776908295993e+02
1.686140573316569089e+03
2.344998789835671005e+02
1.685938709852331840e+03
2.346416738418812713e+02
1.685551389218210488e+03
2.346669006079405051e+02
1.685448817469276946e+03
2.346930325286495531e+02
1.685543305478618322e+03
2.347333102249420165e+02
1.685376576341433292e+03
2.348498956972296696e+02
1.685192256121797300e+03
2.348517140281446416e+02
1.684671957498213715e+03
2.348763184059422429e+02
1.684680707534138037e+03
2.353702882111478516e+02
1.685339401299742804e+03
2.353505080547613773e+02
1.684773837278452675e+03
2.354732693775376049e+02
1.684934048172865459e+03
2.355020408896152730e+02
1.684876064562345846e+03
2.356812775937918047e+02
1.684669160119816297e+03
2.356738696163739348e+02
1.684926442440476876e+03
2.354941395470172267e+02
1.684578341623025608e+03
2.356473578155315636e+02
1.684293417055820328e+03
2.355928591576664246e+02
1.684137966236324246e+03
2.355092447521862482e+02
1.683506277551205358e+03
2.354875303810252660e+02
1.683700010914750919e+03
2.353516906820358940e+02
1.684125774528017701e+03
2.353755396505731881e+02
1.684382649028725382e+03
2.353375332200444348e+02
1.684019408436409321e+03
2.353607089888708970e+02
1.684406850777983436e+03
2.355935681866893674e+02
1.684059212719483639e+03
2.356631400350134982e+02
1.683586962662963515e+03
2.357440518443928852e+02
1.683331114281809960e+03
2.356389665947363312e+02
1.683344105671748139e+03
2.355393742293943546e+02
1.683325301726700900e+03
2.356971316574532977e+02
1.683675972171268086e+03
2.359378435881456824e+02
1.683767995756993514e+03
2.357468270584768675e+02
1.683398435450870466e+03
2.357904250095018028e+02
1.683194806081240813e+03
2.358472937545352579e+02
1.683008426014307588e+03
2.361522416071592545e+02
1.682875913159436550e+03
2.358449928392924164e+02
1.682727328274547290e+03
2.358195715289268719e+02
1.682570800615603503e+03
2.358974627232349235e+02
1.681996868048235683e+03
2.360960574238641527e+02
1.682086996474382659e+03
2.358017413901687007e+02
1.681840585206299693e+03
2.358268497291469714e+02
1.681743270399313360e+03
2.357610165068786046e+02
1.681517918982306128e+03
2.359046723420486558e+02
1.681539223979232020e+03
2.359040808450109523e+02
1.681480578720122594e+03
2.359768683159680336e+02
1.681758627418344304e+03
2.361363511597731417e+02
1.681819650518399840e+03
2.361488764731402625e+02
1.681496862218972410e+03
2.359584219878425131e+02
1.681086574989402834e+03
2.361694724837958006e+02
1.680814760460539219e+03
2.360675037273411192e+02
1.681016223327853140e+03
2.360724395895338716e+02
1.680512475494436330e+03
2.363259882811828732e+02
1.680410514309455039e+03
2.363773916873009853e+02
1.680444685391097210e+03
2.363993700428690943e+02
1.680756375627887110e+03
2.363402124130808204e+02
1.680485888971396207e+03
2.364621609586263560e+02
1.680341047290037977e+03
2.365294925399230692e+02
1.680435855101692596e+03
2.366023943627523352e+02
1.680096308218396416e+03
2.366167886811077210e+02
1.679958076491218890e+03
2.366605020222342830e+02
1.680154297511015102e+03
2.366443988956314683e+02
1.679817409602365160e+03
2.364748576960882076e+02
1.679706000209564536e+03
2.365842378810352500e+02
1.679771762027109617e+03
2.365962697358964988e+02
1.680075629349244082e+03
2.363704700175885591e+02
1.679756955147897088e+03
2.364794230070884566e+02
1.679701587746171981e+03
2.363823903939631919e+02
1.679084892135872906e+03
2.365593497108425538e+02
1.678912978547353987e+03
2.366093745589465414e+02
1.679010545109281338e+03
2.368341737449613049e+02
1.678887319496625423e+03
2.369700729998830582e+02
1.678695584562463637e+03
2.369358144782604541e+02
1.678694877014140729e+03
2.370072747844429841e+02
1.678519210770400150e+03
2.368279398189632161e+02
1.677905041020983845e+03
2.369318221436632257e+02
1.677676494867331030e+03
2.369841614617921550e+02
1.677161746087998381e+03
2.371062163558430029e+02
1.676543444068349572e+03
2.371957733068968821e+02
1.676548558746469780e+03
2.374715892297189725e+02
1.676375698463872823e+03
2.375710978965148001e+02
1.676309580499158301e+03
2.377266994895216499e+02
1.676205671806448890e+03
2.376885396045402956e+02
1.676332657429255050e+03
2.379963975448821429e+02
1.676294055591250981e+03
2.380110412318132944e+02
1.676254800566200174e+03
2.380434296534939733e+02
1.676616806526699975e+03
2.381081077869402236e+02
1.676921813435082868e+03
2.380000024972442532e+02
1.676373932908050165e+03
2.380827671443819042e+02
1.676102093887446472e+03
2.382244331122831511e+02
1.675724314737971554e+03
2.384976574052610943e+02
1.676034446397115971e+03
2.383047050100673232e+02
1.676195542867104677e+03
2.381276579372705271e+02
1.676073018066482064e+03
2.382366672106142289e+02
1.676053620488830120e+03
2.380997617696464204e+02
1.675718708458863603e+03
2.381245198111103036e+02
1.675261583963055955e+03
2.382172331711163622e+02
1.674438586370934217e+03
2.384414474605482326e+02
1.674797755543373114e+03
2.383637750016407892e+02
1.674278600396127558e+03
2.386264197458962713e+02
1.673987394154917411e+03
2.386641080354928306e+02
1.673510294242433019e+03
2.388708332013766551e+02
1.673679171048856688e+03
2.388560127037177381e+02
1.673961664137335902e+03
2.389659637645542034e+02
1.673632189498179741e+03
2.391572940789633037e+02
1.673555772589890921e+03
2.390292387982862010e+02
1.673245263724683355e+03
2.391970686295843791e+02
1.673303377795367624e+03
2.393936380326337314e+02
1.673317168926301747e+03
2.394528773038204292e+02
1.673381574011486919e+03
2.395777614538392584e+02
1.673176012588925460e+03
2.395590821771844787e+02
1.673073159331820534e+03
2.396498385697020694e+02
1.673101737802761591e+03
2.397007188743811241e+02
1.672939411587267386e+03
2.397797355511819433e+02
1.672910540377167081e+03
2.397872758433719014e+02
1.673184783673827951e+03
2.398574833510803899e+02
1.672911759611114121e+03
2.399672283753588715e+02
1.672589535219637355e+03
2.399878621030336490e+02
1.672197761889584626e+03
2.401497117471909064e+02
1.672098588409366812e+03
2.402743218981877078e+02
1.671843055978203665e+03
2.402544116019871012e+02
1.671431702465721401e+03
2.402952290977941914e+02
1.671331534001740010e+03
2.404019249667639997e+02
1.671190327120943039e+03
2.404965634551321898e+02
1.671543012972901352e+03
2.402866164680231975e+02
1.671207719966405421e+03
2.404634405887080106e+02
1.671223537016852333e+03
2.401551082340576215e+02
1.670708187711741175e+03
2.403430831271344630e+02
1.670419596559392858e+03
2.403595898950366063e+02
1.670262787414276318e+03
2.404732290470688554e+02
1.670176369953468338e+03
2.405890150430750225e+02
1.670092044472042289e+03
2.409110566757800882e+02
1.669851730316294152e+03
2.411530531918739086e+02
1.669192806428588256e+03
2.412993187314538375e+02
1.669314556273326389e+03
2.414555870615207311e+02
1.669151607151400640e+03
2.414706030340704501e+02
1.668838840758111246e+03
2.411830304427945748e+02
1.668566295332759410e+03
2.412576276315229507e+02
1.668060362515004272e+03
2.413883055528770001e+02
1.667769412685941006e+03
2.414909916582646474e+02
1.667593126137722493e+03
2.414303447794179078e+02
1.667559694826794384e+03
2.413098786079469278e+02
1.667200395418096832e+03
2.417291548313016278e+02
1.667071552673568021e+03
2.419074871069653625e+02
1.666965571924934011e+03
2.418825353742785467e+02
1.666715878681329059e+03
2.418803290297160231e+02
1.666356735662898245e+03
2.420534786575842077e+02
1.665754748420510396e+03
2.423207741164690106e+02
1.665673414670269722e+03
2.423060666772859975e+02
1.665775407157629161e+03
2.423841222102454651e+02
1.665885819401537219e+03
2.423635937316736602e+02
1.665389869360865305e+03
2.425228142042800243e+02
1.665386073375386331e+03
2.425143025966246171e+02
1.665277713520995576e+03
2.424897887465657789e+02
1.664995032904529808e+03
2.426160142342676238e+02
1.664678099760388477e+03
2.427236368482225544e+02
1.664346047419793422e+03
2.429944713976318837e+02
1.664228738082073733e+03
2.431249118284841018e+02
1.664276928330701139e+03
2.432129325627199137e+02
1.664210535754682269e+03
2.433216461167730529e+02
1.664137428972842599e+03
2.431664311661214128e+02
1.663777678841359602e+03
2.433777883910654793e+02
1.663674301052610190e+03
2.435054410905219413e+02
1.663655569126994806e+03
2.432592755702648617e+02
1.663594547832232593e+03
2.432198690505788932e+02
1.663398503559689061e+03
2.431512326337354182e+02
1.663176264167041154e+03
2.433409930247588022e+02
1.662906057674422755e+03
2.433616322889993455e+02
1.662630628128345279e+03
2.432275047265116541e+02
1.662475525342342507e+03
2.433596999081732406e+02
1.662273995529231797e+03
2.433960593162137513e+02
1.662186065163214153e+03
2.434024866791395425e+02
1.661800221579638674e+03
2.436625148590686365e+02
1.661470416703272349e+03
2.434444617336683052e+02
1.661398133867667411e+03
2.435063624167761134e+02
1.661247687637518766e+03
2.435233567014490745e+02
1.661213154225378275e+03
2.435353249022101636e+02
1.660664928851929290e+03
2.436079777799279782e+02
1.660507465721788776e+03
2.436835538793284854e+02
1.660299733323477767e+03
2.436180256894969034e+02
1.660091553436518325e+03
2.437743414209285788e+02
1.659964834023505091e+03
2.437493045343601636e+02
1.660411036559997001e+03
2.436916762933413168e+02
1.660209759154982976e+03
2.436205081563293788e+02
1.660008921186819180e+03
2.436633556140574512e+02
1.659528304926511510e+03
2.435824021022020531e+02
1.659487949687587616e+03
2.435098144634304163e+02
1.659143195103526068e+03
2.434021885794556113e+02
1.659010791373897518e+03
2.431733893581930488e+02
1.658804056335942960e+03
2.435568793011309481e+02
1.658578536081181028e+03
2.436529631761765984e+02
1.658675257300151770e+03
2.438735105097776170e+02
1.658572912612446999e+03
2.439197299859777672e+02
1.658260217298389762e+03
2.440171035255502829e+02
1.657779705977831327e+03
2.440566378223296340e+02
1.657462608740689348e+03
2.441589317152397030e+02
1.657754942413347862e+03
2.439223936251596285e+02
1.657222524007471520e+03
2.439975964030968498e+02
1.657134164895437152e+03
2.440477747136590665e+02
1.657000400100016350e+03
2.442154899425694907e+02
1.656781497251309020e+03
2.443073048606528914e+02
1.656247777502084091e+03
2.441215993423703594e+02
1.655981357616290552e+03
2.442316712178053137e+02
1.655854138335442030e+03
2.438445583042553153e+02
1.655529142449806614e+03
2.438522173926868106e+02
1.655477100636148180e+03
2.439217404338383517e+02
1.655364095479998696e+03
2.439248838138717588e+02
1.654921869063658733e+03
2.439462761546787704e+02
1.654830955595895148e+03
2.438683899309831418e+02
1.654223969747236424e+03
2.439437149222902406e+02
1.654474160923444060e+03
2.439214500428446684e+02
1.654519815385438960e+03
2.438191388107598243e+02
1.654378390845796957e+03
2.439377532060438227e+02
1.653869387956085120e+03
2.440947583397213805e+02
1.653707525218196224e+03
2.443880641486678940e+02
1.653518373837621994e+03
2.442975424273776071e+02
1.653553176728313929e+03
2.443282752109834064e+02
1.654030965896361749e+03
2.441139820238703066e+02
