2.220446049250313081e-16
2.220446049250313081e-16
2.220446049250313081e-16
1.556019589700849611e-15
2.220446049250313081e-16
2.220446049250313081e-16
2.220446049250313081e-16
2.220446049250313081e-16
2.220446049250313081e-16
2.220446049250313081e-16
2.220446049250313081e-16
2.220446049250313081e-16
2.220446049250313081e-16
2.220446049250313081e-16
2.220446049250313081e-16
2.220446049250313081e-16
2.220446049250313081e-16
2.220446049250313081e-16
2.220446049250313081e-16
2.220446049250313081e-16
2.220446049250313081e-16
2.220446049250313081e-16
2.220446049250313081e-16
2.220446049250313081e-16
2.220446049250313081e-16
2.220446049250313081e-16
2.220446049250313081e-16
2.220446049250313081e-16
2.220446049250313081e-16
2.220446049250313081e-16
2.220446049250313081e-16
1.549876647283992198e-15
2.220446049250313081e-16
2.220446049250313081e-16
1.645037332867792090e-15
2.220446049250313081e-16
2.220446049250313081e-16
2.220446049250313081e-16
2.220446049250313081e-16
2.220446049250313081e-16
2.220446049250313081e-16
2.220446049250313081e-16
2.220446049250313081e-16
2.220446049250313081e-16
1.537323349419412464e-15
2.220446049250313081e-16
2.220446049250313081e-16
2.220446049250313081e-16
2.220446049250313081e-16
1.479831306854375320e-15
2.220446049250313081e-16
2.220446049250313081e-16
2.220446049250313081e-16
2.220446049250313081e-16
2.220446049250313081e-16
2.220446049250313081e-16
2.220446049250313081e-16
2.220446049250313081e-16
2.220446049250313081e-16
2.220446049250313081e-16
2.220446049250313081e-16
2.220446049250313081e-16
2.220446049250313081e-16
2.220446049250313081e-16
2.220446049250313081e-16
2.220446049250313081e-16
2.220446049250313081e-16
2.220446049250313081e-16
2.220446049250313081e-16
2.220446049250313081e-16
2.220446049250313081e-16
2.220446049250313081e-16
2.220446049250313081e-16
2.220446049250313081e-16
2.220446049250313081e-16
2.220446049250313081e-16
2.220446049250313081e-16
2.220446049250313081e-16
2.220446049250313081e-16
2.220446049250313081e-16
2.220446049250313081e-16
2.220446049250313081e-16
2.220446049250313081e-16
2.220446049250313081e-16
1.164490813803642075e-14
2.220446049250313081e-16
2.220446049250313081e-16
2.220446049250313081e-16
2.220446049250313081e-16
2.220446049250313081e-16
2.220446049250313081e-16
2.220446049250313081e-16
2.220446049250313081e-16
2.220446049250313081e-16
2.220446049250313081e-16
2.220446049250313081e-16
2.220446049250313081e-16
2.220446049250313081e-16
2.220446049250313081e-16
2.220446049250313081e-16
2.220446049250313081e-16
2.220446049250313081e-16
2.220446049250313081e-16
1.178812051072757928e-14
2.220446049250313081e-16
2.220446049250313081e-16
2.220446049250313081e-16
2.220446049250313081e-16
2.220446049250313081e-16
2.220446049250313081e-16
2.220446049250313081e-16
1.463178008136475665e-15
2.220446049250313081e-16
2.220446049250313081e-16
2.220446049250313081e-16
2.220446049250313081e-16
2.220446049250313081e-16
2.220446049250313081e-16
2.220446049250313081e-16
2.220446049250313081e-16
2.220446049250313081e-16
2.220446049250313081e-16
2.220446049250313081e-16
2.220446049250313081e-16
2.220446049250313081e-16
2.220446049250313081e-16
2.220446049250313081e-16
2.220446049250313081e-16
2.220446049250313081e-16
2.220446049250313081e-16
1.542607461074863706e-15
2.220446049250313081e-16
1.627773249399067287e-15
1.607302962720471601e-15
2.220446049250313081e-16
1.587779387060851240e-15
2.220446049250313081e-16
2.220446049250313081e-16
2.220446049250313081e-16
1.522086624012986371e-15
2.220446049250313081e-16
2.220446049250313081e-16
2.220446049250313081e-16
2.220446049250313081e-16
1.534898815942035969e-15
2.220446049250313081e-16
2.220446049250313081e-16
2.220446049250313081e-16
1.393701312438451205e-15
2.220446049250313081e-16
2.220446049250313081e-16
2.220446049250313081e-16
2.220446049250313081e-16
2.220446049250313081e-16
2.220446049250313081e-16
1.610149332808253971e-15
1.641536460724742777e-15
2.220446049250313081e-16
2.220446049250313081e-16
2.220446049250313081e-16
2.220446049250313081e-16
2.220446049250313081e-16
2.220446049250313081e-16
2.220446049250313081e-16
2.220446049250313081e-16
2.220446049250313081e-16
2.220446049250313081e-16
2.220446049250313081e-16
2.220446049250313081e-16
2.220446049250313081e-16
2.220446049250313081e-16
1.616509449723892779e-15
1.552546850112699952e-15
2.220446049250313081e-16
2.220446049250313081e-16
2.220446049250313081e-16
1.077528081303367514e-14
1.617672144130144895e-15
1.063700660651958540e-14
2.220446049250313081e-16
2.220446049250313081e-16
1.170920708136950724e-14
2.220446049250313081e-16
7.060832193321402676e-14
1.457550112258631014e-15
1.638421051438520318e-15
2.220446049250313081e-16
2.220446049250313081e-16
2.220446049250313081e-16
2.220446049250313081e-16
2.220446049250313081e-16
1.606491370242953528e-15
2.220446049250313081e-16
2.220446049250313081e-16
1.157453690778339265e-14
1.590514724977196221e-15
1.598194608070938673e-15
2.220446049250313081e-16
1.641470958128283587e-15
2.220446049250313081e-16
2.220446049250313081e-16
1.565334615762563334e-15
2.220446049250313081e-16
1.529288150522391368e-15
2.220446049250313081e-16
2.220446049250313081e-16
2.220446049250313081e-16
1.451201739645020162e-15
2.220446049250313081e-16
2.220446049250313081e-16
1.205162195815723160e-14
2.220446049250313081e-16
1.181082363208217374e-14
2.220446049250313081e-16
8.507744053983235654e-14
1.621453141000681868e-15
2.220446049250313081e-16
2.220446049250313081e-16
1.567131566104472124e-15
2.220446049250313081e-16
2.220446049250313081e-16
1.579067906534501918e-15
2.220446049250313081e-16
2.220446049250313081e-16
2.220446049250313081e-16
1.174492194209421389e-14
1.628750057230506458e-15
4.524932224719293208e-12
2.220446049250313081e-16
2.220446049250313081e-16
2.220446049250313081e-16
1.611259213813415955e-15
2.220446049250313081e-16
1.177419571493866240e-14
1.610522385382921516e-15
2.220446049250313081e-16
1.547463567638927332e-15
1.592195193530555260e-15
2.220446049250313081e-16
2.220446049250313081e-16
8.527623911098194328e-14
1.508677294767257818e-15
2.220446049250313081e-16
1.641153629713429504e-15
2.317834985236359751e-10
1.595947447159428528e-15
2.220446049250313081e-16
2.220446049250313081e-16
2.220446049250313081e-16
6.166778151457029621e-13
1.614420968480811013e-15
2.220446049250313081e-16
1.620333009975445810e-15
2.220446049250313081e-16
2.220446049250313081e-16
6.369260786135781376e-13
1.145957376804828581e-14
2.220446049250313081e-16
1.631397099261420865e-15
2.220446049250313081e-16
2.220446049250313081e-16
2.220446049250313081e-16
1.636493905655885364e-15
1.069018740489002327e-14
1.563708229560651458e-15
8.205878837851764819e-14
2.220446049250313081e-16
2.220446049250313081e-16
2.220446049250313081e-16
1.569856669359639046e-15
1.161994051308017204e-14
9.057634261236888786e-08
1.245910195575022163e-08
2.220446049250313081e-16
3.325252394021330267e-11
2.220446049250313081e-16
2.220446049250313081e-16
5.813346256684117677e-13
1.527538636695393645e-15
1.513076529145571106e-15
2.220446049250313081e-16
8.178553422716216004e-14
2.220446049250313081e-16
8.729458319721274105e-14
2.220446049250313081e-16
2.220446049250313081e-16
1.519777097677253640e-15
2.220446049250313081e-16
8.584706193293841097e-14
2.220446049250313081e-16
8.676953852097837066e-14
1.458490820338861917e-15
2.220446049250313081e-16
1.645435093346880113e-15
2.220446049250313081e-16
1.485939886372107250e-15
1.205756447309944339e-14
1.184056630575536874e-14
8.616400188438720371e-14
2.220446049250313081e-16
2.220446049250313081e-16
1.516071111420390404e-15
2.519768381564054708e-10
2.220446049250313081e-16
6.340458821295550744e-13
2.220446049250313081e-16
2.220446049250313081e-16
1.176988654645926712e-14
2.220446049250313081e-16
1.793131697873516046e-09
4.345710004830015102e-12
4.101946650749802057e-12
4.529039117293374475e-12
4.549259396356660779e-12
1.142627958920672388e-14
2.220446049250313081e-16
2.220446049250313081e-16
2.952157421603106016e-11
2.220446049250313081e-16
2.220446049250313081e-16
1.523167358638914058e-09
3.226248622595472478e-11
1.142682868017243374e-14
5.970539330899408040e-13
2.220446049250313081e-16
1.418065631422975290e-15
2.220446049250313081e-16
2.220446049250313081e-16
2.220446049250313081e-16
1.463960813481821884e-15
1.090047019094668847e-14
6.762496120677184371e-07
1.587040639423182472e-15
1.617147497631521173e-15
1.803254128349158136e-03
8.480223348273466916e-14
1.388749240451456352e-08
2.220446049250313081e-16
6.096560763669746337e-13
3.430888523602387571e-11
1.084483218591038764e-14
1.599974513024184286e-15
2.220446049250313081e-16
6.201903612154498133e-13
2.220446049250313081e-16
1.477119078213959546e-15
2.220446049250313081e-16
3.386356044582431331e-11
1.639112823900329287e-15
8.559402518704641079e-14
2.220446049250313081e-16
9.692470631385452506e-02
2.220446049250313081e-16
1.269200828117678693e-08
3.368123443968746862e-11
8.053346233168845113e-14
2.220446049250313081e-16
1.273826356651258978e-08
1.052702208790154957e-14
1.873342244872731963e-03
2.220446049250313081e-16
2.220446049250313081e-16
1.524986810637161906e-15
8.549006627008140993e-14
3.197048499565574048e-11
2.238964407107922262e-10
2.220446049250313081e-16
3.484228576749467217e-05
8.221380848991946522e-08
1.682589625802392865e-09
2.385158220586959601e-10
4.694633382878014114e-06
2.220446049250313081e-16
4.184165433580165282e-12
2.220446049250313081e-16
3.379274205954754322e-11
2.664146076866656431e-11
2.530027435487036203e-04
1.582379439883339054e-09
7.591654557433705174e-14
1.615708374712094243e-15
6.164653870360617994e-13
2.220446049250313081e-16
7.110477224301898769e-01
1.193308741592627385e-14
8.854666916491325188e-14
2.220446049250313081e-16
2.220446049250313081e-16
7.781478935221555309e-14
3.241404067112411425e-12
2.220446049250313081e-16
3.216431421868671877e-11
3.902893204643020653e+01
5.614039332883722366e+00
1.444928000308845511e-15
9.211468985006873792e-08
1.180820763986559301e-08
1.800950496910454137e-03
9.973777640602736037e-15
5.731372259398379600e-13
1.743935990323568242e-09
9.525588193386830271e-02
9.258881902701869797e-08
7.649934003068181202e-14
1.510491367735399415e-15
1.309176143871462718e-09
9.727056624778302642e-09
3.731912768461444330e+01
2.220446049250313081e-16
2.261749169174086468e-10
7.596972208977768779e-14
2.220446049250313081e-16
3.819408341370788662e+01
2.220446049250313081e-16
1.479809260925640723e-15
1.026302509903367910e-01
3.450540112546975660e-05
1.095050715952167285e-14
7.337922230943888513e-01
6.314060015614110908e-13
5.287522911258444758e+00
2.220446049250313081e-16
3.948885812680906326e+01
2.220446049250313081e-16
2.220446049250313081e-16
2.384313167362640876e-10
7.740498404572183633e-01
6.574395807596951166e-07
1.636442331678936167e-09
7.056615738248608327e-01
4.488137449368333341e-12
1.259918130493973807e-08
1.114905588886145729e-14
5.426471225520772990e+00
1.068008412807925685e-14
8.524507817147966074e-14
6.434140166268774093e-14
3.905435315215802916e+01
1.614642171050619495e-15
5.203948275221247144e+00
5.239006312772723994e+00
3.637542365875182782e+01
3.777859927215065738e+01
6.776052449838625424e-01
3.982894000213151031e+01
2.357304121395639568e-10
3.981313789077289300e+01
1.968432550110216055e-03
1.160936621261389794e-14
2.220446049250313081e-16
4.043527779298572966e+01
1.187864508055038190e-14
4.529697923371774521e-13
1.037111030753077173e-01
1.756462990575665848e-03
2.220446049250313081e-16
2.220446049250313081e-16
3.726683567121882241e-12
7.118413091207607554e-14
4.910675755464362524e+00
2.220446049250313081e-16
3.953913116898561242e+01
3.853391611575685261e+01
1.554836038846518671e-15
1.504875211858238541e-09
8.086088398532186144e-14
4.085628245135350767e+01
3.407129246920641166e-05
3.671613964703682598e+01
1.516693188563359274e-15
5.552495518270518460e+00
4.641426271997061370e+00
4.558160157273131737e-06
3.803301205728914880e+01
2.220446049250313081e-16
2.001171086995555230e-03
2.525879995256093873e-04
7.565361743103102083e-14
5.760156790702692061e-07
5.358968268916854072e+00
8.707895868364076977e-08
8.328707269102325929e-14
6.001038621544785290e-01
2.220446049250313081e-16
3.681249904060735645e+01
9.332099484477207607e-02
3.616102964582955082e+01
1.450247597073735929e-12
4.423419228713391085e-13
1.438401429271292560e-02
2.220446049250313081e-16
3.863861331997566140e+01
3.987585178139492825e+01
2.220446049250313081e-16
1.798883599593199996e-03
1.030491451446097807e-14
5.115832917082156150e+00
6.007351664070795932e-02
3.552691879776427442e+01
3.839824367724645526e+01
5.314873991219529969e+00
3.839761987690283007e+01
7.695861202002119357e-14
9.404938083571982854e-02
2.220446049250313081e-16
5.308927575430253398e+00
2.542375297973262747e-04
3.540772158241163936e+01
3.887454765662662481e+01
3.847557339960901146e+01
3.806571098570064038e+01
3.908363246955332470e-05
3.972841926049810013e+01
2.220446049250313081e-16
2.078771042720770411e-10
1.768539739706307409e-10
4.115766643080508658e+01
2.220446049250313081e-16
7.172114030018985620e-01
5.168352160219340519e+00
3.541068571840129664e+01
2.220446049250313081e-16
1.241182051188087745e-08
3.978417894964512413e+01
3.571749924315394509e+01
1.489131798164190386e-15
3.858732024821026130e+01
3.813822694355204845e+01
3.930371027804977047e+01
3.789064590890357742e+00
9.356913465653921014e-02
1.520082480539498412e-15
3.038395857472333161e-11
4.053811131375280752e+01
4.092568635175153702e+01
9.744144914954823918e-08
3.644546162865454875e+01
1.468070731876641793e-15
3.630889874589307453e+01
1.256744889779106061e-14
3.676400650384101709e+01
3.543243191550725868e+01
2.281891152414971558e+01
2.117511903651759467e-05
3.968790879706757124e+01
3.970391062276825522e+01
3.760414163111781960e+01
3.608123203791566169e+01
4.669750604931718341e-01
3.921435043408602183e+01
3.852739836362509607e+01
3.677802251487297980e+01
4.176706187584546370e+01
4.007702503862326182e+01
3.988649652628941311e+01
2.831061220061521712e-11
5.223517389574199257e-13
3.889390553877544189e-12
3.679215432426811816e+01
4.090287594129915050e+01
1.858266913841859300e-03
3.795909733136886643e+01
3.731008756719899111e+01
3.697954292027708334e+01
3.625648015678568470e+01
3.790149764419013678e+01
3.727624411106536684e+01
5.149067251400603951e+00
2.220446049250313081e-16
9.875287811236229426e-15
3.809647748147992274e+01
1.300008063859382085e-02
3.917960811735903093e+01
2.220446049250313081e-16
9.823391880646351743e-03
3.768317500847210511e+01
8.338289765400593758e-14
3.751595854885244932e-06
3.166994701753830171e-06
3.985316312043044462e+01
3.750987167990869864e+01
3.111403387126664910e+01
3.780953300373856507e+01
6.914917257817193574e-01
2.837004476240101525e+01
3.767698896363921079e+01
3.434683675615158904e+01
3.515391706974307340e+01
3.558199678434851876e+01
3.470614401148476702e+01
2.220446049250313081e-16
3.929419218597363539e+01
3.332380594418201269e+01
3.940512373421428549e+01
3.755167138319567499e+01
5.227261300644320485e+00
3.867373455576425556e+01
3.548234601914646191e+01
3.047593204884601903e+01
3.907272575775834866e+01
4.159873297328554997e+01
2.449339494451619004e+01
3.907851798730404003e-01
3.715766683571906270e+01
4.014537077726971148e+01
3.842558674148722986e+01
3.583650045901699599e+01
4.043953029756470130e+01
3.676485736550506545e+01
4.001250424020643237e+01
3.569555055969358648e+01
3.776647373369070237e+01
3.818756184364056594e+01
2.220446049250313081e-16
3.907683164663584563e+01
3.469124470184782183e+01
4.027231446789101454e+01
3.882740361321039302e+01
3.774897552116854627e+01
4.039631697880820838e+01
3.616957059469298486e+01
3.501033213417498047e+01
3.832611339458090072e+01
4.318675210910806328e+01
4.343994134341730721e-06
4.063699840240084171e+01
3.857066368423644320e+01
3.965798238971655820e+01
2.088341986918527311e-11
4.454576413191223168e-06
1.460430026749998606e-10
3.802707187136741140e+01
3.596189149216964864e+01
3.845226137230641683e+01
3.894085596300998731e+01
3.905705485885577843e+01
7.284866044552276015e-04
3.610568647756024774e+01
3.128355299825969921e-06
3.360855910695075011e+01
1.733756001799455504e+01
4.084547471088050941e+01
4.010606660071992735e+01
3.874937919081322946e+01
3.708658872837232678e+01
3.487356669326384218e+00
4.030586239233524282e+01
3.728899697346839304e+01
3.873252784551581840e+01
3.055861286389596287e+01
5.678689829368227748e+00
3.740686953077553767e+01
3.928851076136590592e+01
1.965637050434530053e+01
3.801342101486812197e+01
2.415766455746759434e+01
3.794880361995635809e+01
3.838302130698339454e+01
3.832056081434809869e+01
3.741096597437862670e+01
4.126615034420155581e+01
5.013164574715313293e+00
3.198408841034287775e+01
3.864231569142255296e+01
3.688635307429522925e+01
3.886091769367201465e+01
3.755315718865009700e+01
4.118289564082699172e+01
3.641440761461291942e+01
3.873043044956773429e+01
3.691356807588420708e+01
3.921291404512384560e+01
3.714350471027917422e+01
3.811930511641936192e+01
2.810590356511612953e+01
3.930707546606414127e+01
3.603925266278749717e+01
3.542408299336678112e+01
2.485755493979326047e+01
3.739763376531220729e+01
3.630838227020000630e+01
3.885336222181091870e+01
3.942710951536854935e+01
3.885744778339720540e+01
4.110665131204268619e+01
3.969262111497119605e+01
3.713561262847324684e+01
3.858955102640314294e+01
3.720352703044938636e+01
3.924079507021981783e+01
3.437166533712308336e+01
3.716879827748312692e+01
4.005083529501941797e+01
3.985453493547583292e+01
2.107900995590393123e+01
3.690767878285169701e+01
3.958321806891343897e+01
3.691188602567607546e+01
3.939841386554390823e+01
1.457625304357005826e-15
4.015067833896383576e+01
4.189772481173538665e+01
3.936072611658400433e+01
3.978063518387834563e+01
3.858760882743653298e+01
1.993811874535744710e+00
6.628876091088364841e-01
3.713310367493433262e+01
4.270452984442672317e+01
1.785567822717489150e+01
3.877003297560954564e+01
4.116096275495894474e+01
2.220446049250313081e-16
3.762766750287481443e+01
3.851867779250972745e+01
3.887248529874777603e+01
3.689747877755419125e+01
1.014959270324747729e-14
3.692990425137034549e+01
3.990831516992040662e+01
7.554120877130476863e-01
3.390619263123878824e+01
3.890783228819068285e+01
3.829287797196145959e+01
2.973284623635469259e+01
2.247956491125015432e+01
1.448846368763719816e+01
3.704656774510784345e+01
3.965430137052434389e+01
3.918285400842348309e+01
3.765271566998117692e+01
3.986412161130434129e+01
3.875037645198381142e+01
3.917656252487127677e+00
4.118934121628878131e+01
3.766049009681326964e+01
3.890737763910556879e+01
1.614219498801291763e+01
3.972173941505179329e+01
2.675418738098842653e+01
3.806784955625087008e+01
4.029862186414911918e+01
3.902130220224832868e+01
1.976306718708395493e+01
3.847962445570903611e+01
3.634130671050044015e+01
4.141182077472778644e+01
2.500021207969927062e+01
4.137482898712171675e+01
2.662213539415854058e+01
3.332560648605890918e+01
3.881460677248846736e+01
3.864560774710034963e+01
3.117594630962350877e+01
3.940942852527777518e+01
3.857395482198590031e+01
3.899019406295430912e+01
3.787270390243185147e+01
3.927333410285016413e+01
3.285298435894770108e+01
4.062008162782891674e+01
3.905022172456880725e+01
3.611109531158166419e+01
2.220446049250313081e-16
3.925936707965209393e+01
3.714018880817581447e+01
3.343998789450287035e+01
3.856122230746058221e+01
3.493362231247810001e+01
2.300676362276366405e+01
3.986254924350458850e+01
3.639401276415009079e+01
3.849666060246941157e+01
4.122003198914583777e+01
3.944924575551497981e+01
3.742606550946999278e+01
3.857564203105307143e+01
3.297716772614286640e+01
2.276248854402532773e-01
3.740274338862899128e+01
3.768498525692491796e+01
4.191588654786585266e+01
3.071861467030553428e+01
3.960369174458953268e+01
3.758390656080673153e+01
3.839007243187857910e+01
2.904881395319226201e+01
3.910353162221062462e+01
3.891595270779830429e+01
3.923287920433642739e+01
3.462767204337907145e+01
3.880798993721001722e+01
1.862833825876677096e+01
3.154235462615569574e+01
3.942995270848203404e+01
3.806158906093672023e+00
3.705030700545494682e+01
1.434374220795253052e+01
3.031070127391000213e+01
3.685410254591695889e+01
3.785649926912321206e+01
3.586988223197307946e+01
3.698398457054071287e+01
3.757585770124868674e+01
3.757319881371403625e+01
3.683938326522218176e+01
3.959200400144408860e+01
3.818408828018134216e+01
4.208143952381611541e+01
3.990631115244020322e+01
3.729724981794778671e+01
4.065181672789612577e+01
3.970093374957290422e+01
4.028971931518473326e+01
3.662462378857808432e+01
6.730090764062734987e-02
3.993327039195021655e+01
3.600692459733125617e+01
4.002258558111438447e+01
3.960721254610658804e+01
3.731970272959774348e+01
3.461506467323481928e+01
3.918858007186238979e+01
3.840339025481801372e+01
3.470211146222472820e+01
3.693271485239151986e+01
3.975789286899630071e+01
3.904410422345679876e+01
3.999968018647047785e+01
3.854392204948475609e+01
3.827003760014672196e+01
3.845187089780900180e+01
1.442880353666941648e-15
3.690965147171026928e+01
3.921212085567605499e+01
3.940635844329540305e+01
3.789425119673936138e+01
2.928124362347744736e+01
4.088704816599044278e+01
3.881997211162740768e+01
3.937706267007035876e+01
3.983756075013133824e+01
3.776679968397824183e+01
3.845070311708415289e+01
3.890770625467089161e+01
2.220446049250313081e-16
3.527739021829480492e+01
3.490165379343880403e+01
3.484154429664138064e+01
3.209024268158044180e+01
1.533611243034115645e+01
3.962294879228758759e+01
3.487067602121803134e+01
3.824639932469557380e+01
4.064589652370731443e+01
4.227226347309366616e+01
3.892771154934158062e+01
3.782942192402555293e+01
3.818211697406530192e+01
3.791982741689216851e+01
3.766295402999295305e+01
3.790046721587928147e+01
4.119155093662891431e+01
4.014766796528581949e+01
3.768788407359430437e+01
4.178014598094044629e+01
1.264495554216938622e+01
3.866847721746431432e+01
1.742901777131700314e+01
3.322519404856915770e+01
3.539794001009507696e+01
3.908193938548143365e+01
3.373994422896450374e+01
3.910554982923230938e+01
4.080410005623134140e+01
3.659846381159345441e+01
3.796047746102372855e+01
3.944131624806087899e+01
3.978255125088740130e+01
4.014146139905640354e+01
3.861722859199110758e+01
3.686672015673146774e+01
3.988619092503044783e+01
3.892018497068896465e+01
3.761392867991486355e+01
2.864615128897934682e+01
3.569706406370935525e+01
3.894330136846686230e+01
3.766982632934335129e+01
3.939783376882476063e+01
3.760714825029820219e+01
3.991768047728545099e+01
3.657970241011953050e+01
3.822124581558698253e+01
1.774807758138487301e+01
4.077671088974063451e+01
3.844837900599022618e+01
3.900890015371263075e+01
3.722596458660247265e+01
3.949128855978182173e+01
3.924840916345196007e+01
4.046297969017840046e+01
3.256176688423612120e+01
4.009420130667749049e+01
3.924689119394334824e+01
2.970054041422171665e+01
3.961397992663468415e+01
3.635657925893016795e+01
4.050106226856721747e+01
3.712125718215853709e+01
4.037452285760787163e+01
3.867547848226907092e+01
3.744708883658400111e+01
3.988003003000061142e+01
3.673546177077351871e+01
3.883808271068769358e+01
3.792560961740050374e+01
3.962953265870639541e+01
3.902210349251296861e+01
4.135836766267202336e+01
4.047270358638669308e+01
3.770000529918245746e+01
3.587498253134801018e+01
3.395362403302025456e+01
3.925010148846114788e+01
4.077669994643625273e+01
3.986532222221025989e+01
4.027671034228389146e+01
3.921441331563155330e+01
3.845382124962473824e+01
3.894800389994547629e+01
3.883992170797265686e+01
3.784096833409698490e+01
3.738192498256705676e+01
3.691337855539590862e+01
2.300596903201719812e+01
3.655393670950588358e+01
3.684557415196172059e+01
3.905909657496275855e+01
3.844427471713118649e+01
3.725254270679203472e+01
3.323599965380766008e+01
1.253734644817975585e+01
3.629521812806090963e+01
2.939248689526643687e+01
3.809895201132041365e+01
2.214448187453790240e+01
3.965731830416265780e+01
3.734813251345040896e+01
3.733213521744926311e+01
4.026183352526201276e+01
3.612932434621485811e+01
3.855261874304971315e+01
3.611561167487137425e+01
3.821086891893947524e+01
3.064477389907673199e+01
3.701585416787742133e+01
3.999845085184753657e+01
3.858505660415359984e+01
4.086108154131567005e+01
3.710223308352462368e+01
3.798964449256313003e+01
3.729774013851339021e+01
4.079220636259389465e+01
3.741701443042492770e+01
3.889898275783385628e+01
3.753496954286338649e+01
3.727181247344784509e+01
3.813699194093069167e+01
4.584765245589951244e-01
3.560660376215111000e+01
3.892726379106549217e+01
4.058520083636575038e+01
3.997315302899491485e+01
3.918332291835923087e+01
3.912137494761650913e+01
3.943157233765641223e+01
2.139752082336763550e+01
3.701571720832631485e+01
3.405615936592215576e+01
3.705736718915441230e+01
3.949597081444803592e+01
3.831855638786122853e+01
3.902363004854657191e+01
3.694484697268517692e+01
3.859922678995957313e+01
3.898918776448382317e+01
4.007698725816917573e+01
3.951177988049691692e+01
3.922376425063696104e+01
3.773389713502117360e+01
3.987442474038744678e+01
3.881850937844642147e+01
3.731256885054197880e+01
3.740527552292946467e+01
3.577133221141619401e+01
3.780331071940376830e+01
3.944990618744702715e+01
4.103841560011066036e+01
3.852153485752326390e+01
3.740711493468710813e+01
