2.220446049250313081e-16
2.220446049250313081e-16
2.220446049250313081e-16
2.220446049250313081e-16
2.220446049250313081e-16
2.220446049250313081e-16
2.220446049250313081e-16
2.220446049250313081e-16
2.220446049250313081e-16
1.570893730380860952e-15
2.220446049250313081e-16
2.220446049250313081e-16
2.220446049250313081e-16
2.220446049250313081e-16
2.220446049250313081e-16
2.220446049250313081e-16
2.220446049250313081e-16
2.220446049250313081e-16
2.220446049250313081e-16
2.220446049250313081e-16
2.220446049250313081e-16
2.220446049250313081e-16
2.220446049250313081e-16
2.220446049250313081e-16
2.220446049250313081e-16
2.220446049250313081e-16
2.220446049250313081e-16
2.220446049250313081e-16
2.220446049250313081e-16
2.220446049250313081e-16
2.220446049250313081e-16
2.220446049250313081e-16
1.551503592346949557e-15
2.220446049250313081e-16
2.220446049250313081e-16
2.220446049250313081e-16
2.220446049250313081e-16
2.220446049250313081e-16
1.609136756193412981e-15
2.220446049250313081e-16
2.220446049250313081e-16
2.220446049250313081e-16
2.220446049250313081e-16
2.220446049250313081e-16
2.220446049250313081e-16
1.566405893348009988e-15
2.220446049250313081e-16
2.220446049250313081e-16
1.646370651022325719e-15
2.220446049250313081e-16
2.220446049250313081e-16
2.220446049250313081e-16
2.220446049250313081e-16
2.220446049250313081e-16
2.220446049250313081e-16
2.220446049250313081e-16
1.627879448930940472e-15
2.220446049250313081e-16
2.220446049250313081e-16
2.220446049250313081e-16
2.220446049250313081e-16
2.220446049250313081e-16
2.220446049250313081e-16
2.220446049250313081e-16
1.642983280415249604e-15
2.220446049250313081e-16
2.220446049250313081e-16
2.220446049250313081e-16
2.220446049250313081e-16
2.220446049250313081e-16
2.220446049250313081e-16
2.220446049250313081e-16
2.220446049250313081e-16
2.220446049250313081e-16
2.220446049250313081e-16
2.220446049250313081e-16
2.220446049250313081e-16
2.220446049250313081e-16
2.220446049250313081e-16
1.617253108600261808e-15
2.220446049250313081e-16
2.220446049250313081e-16
2.220446049250313081e-16
1.622209562857898961e-15
2.220446049250313081e-16
1.611880853398574219e-15
2.220446049250313081e-16
2.220446049250313081e-16
2.220446049250313081e-16
2.220446049250313081e-16
2.220446049250313081e-16
2.220446049250313081e-16
1.646160130692523128e-15
1.628927085764662752e-15
2.220446049250313081e-16
2.220446049250313081e-16
2.220446049250313081e-16
2.220446049250313081e-16
2.220446049250313081e-16
2.220446049250313081e-16
2.220446049250313081e-16
2.220446049250313081e-16
2.220446049250313081e-16
1.637842818907688849e-15
2.220446049250313081e-16
2.220446049250313081e-16
2.220446049250313081e-16
1.543915386103642530e-15
2.220446049250313081e-16
2.220446049250313081e-16
2.220446049250313081e-16
2.220446049250313081e-16
2.220446049250313081e-16
2.220446049250313081e-16
2.220446049250313081e-16
2.220446049250313081e-16
2.220446049250313081e-16
2.220446049250313081e-16
2.220446049250313081e-16
2.220446049250313081e-16
1.591859083421080465e-15
2.220446049250313081e-16
2.220446049250313081e-16
2.220446049250313081e-16
2.220446049250313081e-16
2.220446049250313081e-16
2.220446049250313081e-16
2.220446049250313081e-16
2.220446049250313081e-16
2.220446049250313081e-16
2.220446049250313081e-16
2.220446049250313081e-16
2.220446049250313081e-16
2.220446049250313081e-16
1.634044456774314635e-15
2.220446049250313081e-16
2.220446049250313081e-16
2.220446049250313081e-16
2.220446049250313081e-16
2.220446049250313081e-16
2.220446049250313081e-16
2.220446049250313081e-16
2.220446049250313081e-16
2.220446049250313081e-16
2.220446049250313081e-16
2.220446049250313081e-16
1.488753908240624299e-15
2.220446049250313081e-16
1.585104595807457731e-15
1.633012481053162669e-15
2.220446049250313081e-16
2.220446049250313081e-16
2.220446049250313081e-16
2.220446049250313081e-16
2.220446049250313081e-16
1.598194361806991065e-15
1.627139091122852992e-15
2.220446049250313081e-16
2.220446049250313081e-16
2.220446049250313081e-16
2.220446049250313081e-16
2.220446049250313081e-16
2.220446049250313081e-16
2.220446049250313081e-16
1.631763041153332746e-15
1.170766467460058844e-14
2.220446049250313081e-16
2.220446049250313081e-16
2.220446049250313081e-16
1.476288322011347488e-15
1.186567993559378031e-14
2.220446049250313081e-16
2.220446049250313081e-16
2.220446049250313081e-16
2.220446049250313081e-16
1.585971988092500656e-15
2.220446049250313081e-16
2.220446049250313081e-16
1.473008254177001894e-15
1.586907185440713611e-15
1.582632406700153617e-15
2.220446049250313081e-16
2.220446049250313081e-16
1.510491251291651056e-15
2.220446049250313081e-16
2.220446049250313081e-16
2.220446049250313081e-16
2.220446049250313081e-16
2.220446049250313081e-16
2.220446049250313081e-16
2.220446049250313081e-16
2.220446049250313081e-16
2.220446049250313081e-16
2.220446049250313081e-16
2.220446049250313081e-16
2.220446049250313081e-16
1.504792923552048184e-15
1.166632726589455731e-14
1.177549678381431241e-14
1.134135008752165814e-14
1.645091482461116064e-15
2.220446049250313081e-16
2.220446049250313081e-16
2.220446049250313081e-16
2.220446049250313081e-16
2.220446049250313081e-16
1.604387427518829808e-15
1.632506796934293015e-15
1.573101783348318276e-15
2.220446049250313081e-16
2.220446049250313081e-16
2.220446049250313081e-16
2.220446049250313081e-16
1.203570372507517335e-14
2.220446049250313081e-16
2.220446049250313081e-16
2.220446049250313081e-16
2.220446049250313081e-16
1.625444605777028584e-15
2.220446049250313081e-16
1.157659535577395110e-14
1.582994106164516826e-15
8.644312166729751091e-14
2.220446049250313081e-16
1.195790629696354201e-14
8.563341049196044555e-14
1.161481477173009327e-14
2.220446049250313081e-16
1.534384530610858652e-15
1.393701328382487753e-15
2.220446049250313081e-16
2.220446049250313081e-16
1.589684400426602591e-15
1.196515521365825708e-14
2.220446049250313081e-16
2.220446049250313081e-16
1.102415894915537042e-14
1.625439881967760342e-15
2.220446049250313081e-16
6.405270294836398132e-13
1.442847826824394044e-15
1.522604546449587233e-15
2.220446049250313081e-16
8.728231497253909673e-14
2.220446049250313081e-16
2.220446049250313081e-16
2.220446049250313081e-16
1.138592685467063458e-14
2.220446049250313081e-16
2.220446049250313081e-16
1.624695135125847613e-15
2.220446049250313081e-16
1.639361472486415628e-15
1.181796680109866118e-14
2.220446049250313081e-16
2.220446049250313081e-16
2.220446049250313081e-16
2.220446049250313081e-16
2.220446049250313081e-16
2.220446049250313081e-16
2.220446049250313081e-16
2.220446049250313081e-16
2.220446049250313081e-16
2.220446049250313081e-16
2.220446049250313081e-16
2.220446049250313081e-16
2.220446049250313081e-16
1.628197607696648181e-15
1.602476815492785177e-15
2.220446049250313081e-16
2.220446049250313081e-16
3.388846818189620865e-11
1.138523337987561636e-14
2.220446049250313081e-16
2.220446049250313081e-16
1.709064236551322475e-09
2.220446049250313081e-16
2.220446049250313081e-16
2.220446049250313081e-16
2.220446049250313081e-16
1.532550643763609731e-15
2.220446049250313081e-16
1.578398168413397691e-15
2.220446049250313081e-16
2.220446049250313081e-16
6.382709194815173472e-13
2.220446049250313081e-16
6.083498941632303000e-13
1.296310517779318217e-08
2.220446049250313081e-16
5.898017918348002092e-13
2.220446049250313081e-16
2.220446049250313081e-16
1.624933288261961694e-15
3.279834935348012122e-11
1.584921510271022285e-15
6.092294885371204324e-13
1.054535359308673720e-14
2.220446049250313081e-16
8.716608596738325874e-14
1.500126196149103188e-15
2.220446049250313081e-16
2.220446049250313081e-16
2.220446049250313081e-16
2.220446049250313081e-16
3.281050798076799600e-11
2.220446049250313081e-16
2.220446049250313081e-16
1.639361805877718739e-15
8.916726485439474924e-14
4.587661335469943506e-12
1.158243910393254486e-14
2.220446049250313081e-16
8.706229717810527287e-14
2.220446049250313081e-16
1.548632221419979090e-15
2.220446049250313081e-16
1.126537928239759539e-14
2.220446049250313081e-16
2.220446049250313081e-16
1.447795229074781871e-02
1.597065323862913990e-15
1.551422576391411998e-15
8.578682404525602598e-14
1.333736718090385579e-08
1.638768151481071106e-15
2.220446049250313081e-16
4.683887197202898600e-12
2.220446049250313081e-16
2.220446049250313081e-16
2.220446049250313081e-16
4.164847353230594962e+01
1.072210470506151021e-14
2.220446049250313081e-16
2.220446049250313081e-16
2.220446049250313081e-16
1.204133756521990919e-08
2.220446049250313081e-16
2.220446049250313081e-16
1.173209563623481331e-14
4.590649455282620677e-12
8.516507192358519817e-14
1.621552718803326006e-15
1.600351924658827825e-15
2.220446049250313081e-16
5.911496378730098404e-13
8.141640599938206189e-14
1.175831139713115398e-14
3.254580798604151164e-11
2.220446049250313081e-16
2.220446049250313081e-16
1.195342127937697644e-14
1.734644766804279385e-09
8.860641900807275737e-08
4.775341162647808038e-12
2.447996893245144237e-10
1.019623304600448249e-14
1.636406106751614967e-15
2.220446049250313081e-16
2.220446049250313081e-16
1.636073622156322607e-15
1.176932563552436914e-14
3.209179133194256088e-11
2.220446049250313081e-16
1.601546698184617438e-15
3.748586148611380051e-05
6.339333023067551787e-07
1.339182322283998840e-02
2.220446049250313081e-16
1.029306185385655058e-14
9.346671871905596534e-08
1.586264207748461500e-15
1.415232225273314917e-09
1.491491707208102525e-15
1.167639818158945425e-14
2.646392353047177120e-04
8.533254576043938618e-14
1.510491251291365094e-15
1.361172654074681819e-02
8.119566483473706241e-14
2.220446049250313081e-16
1.557832781269970611e-15
3.305766341540635711e-11
2.220446049250313081e-16
3.163336712659109092e-07
1.762021178266750110e-09
1.528344193965967964e-15
1.485947634739275799e-15
2.220446049250313081e-16
7.400278626716777497e-01
1.177112714722807743e-14
3.694623846600975980e+01
2.356312727430971369e-10
3.855552822024761639e+01
1.189761341297655743e-14
1.508629512168472243e-15
2.373860681457525057e-10
3.267854737561844315e-11
2.435974465617463704e-10
4.494350377827238209e-06
1.832890240449414933e-03
2.220446049250313081e-16
7.396321802247187910e-14
8.366492799794011659e-14
2.220446049250313081e-16
6.363511729923738676e-13
9.376111091863142827e-08
1.540820648883087678e-15
1.288404641307625277e-08
1.037374633525907855e-14
3.926316318507996783e+01
1.970009698298190535e-03
1.063207506322174255e-14
5.702801900731311324e-01
2.220446049250313081e-16
6.856138418380903901e-08
2.220446049250313081e-16
2.220446049250313081e-16
1.556917963329577799e-15
1.165538058211001002e-14
1.424501001316565061e-15
3.841038801911972200e+01
3.578327334519486413e+01
4.615634157993212832e-12
4.915600301506628330e-06
1.209165182986507629e-08
3.685670307315613314e+01
7.555889506003732464e-14
3.821288853865713975e+01
1.196172688368401059e-14
3.695453713304311094e+01
7.707267689651116568e-14
3.777679826616569869e+01
4.316744448155609969e-12
9.396587367959973118e-08
3.908410713276442294e+01
3.917437424846533389e+01
2.610411238162725525e-04
3.624556700033816981e+01
7.515395085995612012e-01
4.785297233465808930e-01
1.249991385577348172e-08
1.252921152876495978e-08
2.993835606154873525e-11
9.808795891405508449e-02
1.362543497922744963e-02
3.932143748922462123e+01
3.941938159149438548e+01
4.863259817993884232e-07
3.930264838774267111e-12
5.908135323821383377e-13
6.300075156612321043e-13
3.795248251917993798e+01
4.074481846410026264e+01
2.220446049250313081e-16
1.661851221441649519e-09
3.251092386940280846e-11
3.813744387140723546e+01
7.202721778050185097e-01
1.066883245024568817e-14
3.728440159124884445e+01
8.744102609121813974e-08
9.060507077203737687e-08
4.886897429629112111e+00
2.220446049250313081e-16
1.350237098323160169e-02
5.197583663746887962e-06
4.202634187796427756e-12
2.220446049250313081e-16
4.622141995997470800e-12
3.906265216418842812e+01
3.800537646606712627e+01
1.243461913802474451e-08
2.220446049250313081e-16
3.941044670346033030e+01
3.817724126384622707e+01
3.689351934104298181e+01
7.068596660397531428e-01
1.706698207999055299e-04
2.220446049250313081e-16
1.957545662235294151e-03
1.411929558640406292e-02
1.009194233968799953e-01
1.872566412466322152e-03
3.823224818957632465e+01
1.435184893997164886e-09
3.927659876113031601e+01
3.339306682832353346e+01
9.498604027385609827e-02
2.408925347419588398e-04
2.292101131871084064e-11
2.220446049250313081e-16
2.220446049250313081e-16
1.033143990325036856e-14
1.026529124419937223e-14
3.846851456164828420e+01
2.817255965018487185e+00
1.842405981194617827e-03
4.004217205533075230e+01
3.219487387437975912e+01
3.798380337118722139e+01
6.452542496685005347e-01
6.256961991737081392e-13
5.311544434587567309e+00
3.657715362625175715e+01
3.864019486030598216e+01
1.493670874193825089e-15
2.220446049250313081e-16
3.941677213151827885e+01
3.711069533860472802e+01
9.888406981749933711e-02
2.220446049250313081e-16
2.812849987214919523e+00
1.450921022757480384e-15
2.636757106723598264e-04
3.768615537399378468e+01
5.052280283864671873e+00
3.144570758255051748e-11
2.220446049250313081e-16
3.754453722590708509e+01
3.765442962292603823e+01
4.421452381323077013e-13
2.220446049250313081e-16
4.166549640663264142e+01
1.505639579794818288e-15
5.200851721239572178e+00
2.004249091886258219e-10
7.847422849960920821e-02
3.215772948529570124e-11
1.388262532953553688e-02
3.880338115529504961e+01
4.005839046787079383e+01
3.661474054020821711e+01
4.076820714661655387e+01
3.388161666306871922e+01
3.732631659235480015e+01
4.011049216200530054e+01
3.371812451159111340e-06
3.757883162004635835e+01
4.100995437041197533e+01
4.015633591160374749e+01
3.616047184215248222e+01
4.365098865123954397e+01
4.017925313359503292e+01
3.849445085578159365e+01
3.412650643553824636e+01
2.560658595544791415e-06
3.766974846039089897e+01
3.775469971784695389e+01
3.661203625857738288e-07
4.550915037932440293e-12
3.997056012190101626e+01
2.503221063596615892e+01
3.753330257846727847e+01
1.846865144840474735e-03
3.493002257697580148e+01
2.220446049250313081e-16
4.017835034275370987e+01
2.220446049250313081e-16
3.597960352602086687e+01
2.920970491682511661e+00
5.976657338479586590e-08
3.940844384222582875e+01
3.565080400434871422e+01
3.948165450296237822e+01
4.233849305463993851e+00
3.406608356412104399e+01
3.327290023482117931e+01
3.029504573027745509e-05
2.146254161703521116e-10
1.045947616441408098e-03
1.232674039997044494e-08
3.940561626686325525e+01
3.962040384860777209e+01
2.354452942401272404e-03
1.810967083860203581e-09
3.881082221130639454e+01
3.382042083717955450e+01
3.868996252578070738e+01
5.226557444733683333e+00
6.895352914443485248e-02
5.746356814435189975e+00
3.835904223546720004e+01
3.476240166500227247e+01
3.361672167274491585e+01
3.748078463580505826e+01
3.874887484875118046e-12
3.739912114858888970e+01
2.729553154219822630e+01
2.376327609988208422e+01
3.909288213305062953e+01
5.208326463477460422e+00
3.304343719271402335e+01
2.471889611639871376e+01
7.153418313814167621e-08
2.220446049250313081e-16
4.026257674948755527e-01
3.864606499083820523e+01
3.647252387950395303e+01
1.094132355716355932e-14
1.493928159739704156e-03
3.828656393573698580e+01
3.727901146778552288e+01
3.833548030000334705e+01
3.608490313846606057e+01
1.573973295506446668e+01
4.059617081490664248e+01
3.597930238712469020e+01
3.659546641362776409e+00
3.918091292877623033e+01
6.838297462720716468e-14
3.906408903781237285e+01
3.508073837598382028e+01
3.392087218325432474e+01
3.351388466771494734e+01
4.773649728297748446e-02
3.789484122580169867e+01
3.466222993841251565e+01
1.434352211071809613e+01
3.541588797741416528e+01
4.080736419522119718e+01
3.840368676867075948e+01
3.973034708157134531e+01
3.246181510437843087e+01
1.057093764144405358e-09
2.220446049250313081e-16
1.484059485506519692e-15
3.332875508062519393e-12
3.608983215614230744e+01
3.767365188929002073e+01
3.921665994044771963e+01
2.124780191004814611e+01
3.856390742288251516e+01
3.534659490587602448e+01
4.007510873394291906e+01
3.435144905973850626e+01
3.769312422070572666e+01
3.934189959128583070e+01
3.014490697936964736e+01
3.424053285189064821e-01
1.198534631653644415e-09
3.715010586850682017e+01
3.641290262987951110e+01
3.657895839873333443e+01
3.818824019606337572e+01
7.315222177156259320e-14
3.952336954534242608e+01
2.845706299931213223e+01
3.897080127676029804e+01
3.640351782856941298e+01
3.956166890832196259e+01
3.856619335418373140e+01
4.005591130784288367e+01
2.220446049250313081e-16
3.944802049120183796e+01
2.008573540076266983e+00
3.633714702841281508e+01
3.958773631987592978e+01
3.687733476403334976e+01
2.793044320782374612e+01
3.247903443200138440e+01
3.699402678820335666e+01
3.829861132383754807e+01
3.666195408680554380e+01
3.775201695067482177e+01
3.739003519815348398e+01
1.524435765766228894e-10
3.977726087900910557e+01
3.727447831155124902e+01
6.022188930551087942e-03
3.980952984935959904e+01
3.744557108996411188e+01
2.383095259285580880e+01
3.669242607411811008e+01
3.605743586221367281e+01
3.912795118791832039e+01
3.873612170430763513e+01
3.839460017985999229e+01
3.800914293519063847e+01
3.796041194868041657e+01
3.720034996246590708e+01
2.220446049250313081e-16
3.361741335421729104e+01
3.888191851492614148e+01
3.806700738075647195e+01
3.130167379760684554e+01
3.762029587323294777e+01
3.269695233731249573e+01
3.890641009367176650e+01
3.603679683420502755e+01
3.672055669538799094e+01
3.799564271283903594e+01
4.017692044893008330e+01
3.733818186589648747e+01
3.859747231490970165e+01
3.763914616511407019e+01
3.415732370386601957e+01
4.163338706761468444e+01
4.120700770763231446e+01
3.854789962933264036e+01
3.885991283645974192e+01
3.759106459395869848e+01
3.889550881211582123e+01
4.091220544400245984e+01
2.648747905437179861e-01
3.560481252204331071e+01
3.005718889880022004e+01
3.022727739015661541e+01
3.753923756165518455e+01
3.926919384922143763e+01
3.881595246177867864e+01
3.700785758050991348e+01
6.712589073821031295e-14
3.932274675884857373e+01
3.433548003280505867e+01
3.836616051074908995e+01
3.077772502498460483e+01
3.879065946747082450e+01
3.648275301234319556e+01
2.220446049250313081e-16
3.772592889384936399e+01
3.687687903462856553e+01
3.657170469976067295e+01
4.040051001124815144e+01
4.037050552650964619e+01
3.979530578506476246e+01
1.421855126453153595e+01
2.220446049250313081e-16
4.065302514482167595e+01
3.484489644806696163e+01
4.058671302906844858e+01
3.883736356742824825e+01
2.055852520189454324e+01
4.117602391876378221e+01
4.043442220821061994e+01
1.895918933189401301e+01
3.981057595113995973e+01
3.749147572682767304e+01
2.616235408164153142e+01
4.039103666192568198e+01
4.017139825323593527e+01
2.939150592341436763e+01
3.767961649834352755e+01
3.496535966041539467e+01
3.825420574528410356e+01
3.449375011835655869e+01
3.297583721380847521e+01
3.554459464421573500e+01
3.943475375234267233e+01
3.585984290775357408e+01
3.894757332103981184e+01
3.786166031039856961e+01
3.674537814210007269e+01
1.432520326427719313e-15
1.832540846043413296e+01
4.038208687342171288e+01
3.641958965808495208e+01
3.781138114509975878e+01
3.992342438387017722e+01
1.433323980580898116e+01
3.697276130998908172e+01
3.842040226446368223e+01
3.884077012325115419e+01
2.193063502082190652e+01
3.985022356574420144e+01
3.937641931092161940e+01
3.862399422098478396e+01
3.791860882414849243e+01
3.889414073688759999e+01
7.160641327373160059e-02
3.774986537657220254e+01
2.507322726382559708e+01
3.623348292162946649e+01
3.914971578606547808e+01
3.749464363171562553e+01
3.860138874588049873e+01
3.772592000471464502e+01
4.100280239362979984e+01
4.080523070924449058e+01
4.104721860848101755e+01
3.950883565312570056e+01
3.701040083947160753e+01
3.977551347409064419e+01
3.775291245123161588e+01
1.651167620729196628e+01
2.546328900995372280e+01
3.851193478377907553e+01
3.723409750223712678e+01
3.664754167988278510e+01
3.965534525610759431e+01
4.027686082470399498e+01
4.030518510841032764e+01
3.728993658073750339e+01
3.923331973938186934e+01
3.852395277243686422e+01
3.864728087187796746e+01
3.861551938123416505e+01
3.908274319334582003e+01
3.901230874707493257e+01
3.581046173908210761e+01
3.674230958992696827e+01
3.895203908773316925e+01
3.920377482680552816e+01
3.903029724678113865e+01
3.853287513586789004e+01
4.250655687661667059e+01
3.853375818542959053e+01
7.006610640770911730e-04
3.685691083758443654e+01
3.927338819844565165e+01
3.776490190661117907e+01
2.201017596439177737e+01
3.961389844119582904e+01
3.854074181798745968e+01
3.941557623754303563e+01
3.879831704548430338e+01
3.855793789180579978e+01
4.162270078317212096e+01
3.389945299156796210e+01
3.893482385699928727e+01
3.490132109687166206e+01
3.839731865261711619e+01
3.906238161635333483e+01
3.882031348135838300e+01
3.600108441081583521e+01
3.907297634780566398e+01
3.429210876694080667e+01
3.552452106093910089e+01
3.978082823367476806e+01
3.804394470650431970e+01
4.095853994762072148e+01
1.474759639947349932e+01
3.714385884385060166e+01
3.922623392730844216e+01
3.754179928589093151e+01
4.142232234166746707e+01
2.254177412552721904e+01
3.895511357926594087e+01
3.828227435193247175e+01
3.855518744485490146e+01
3.808539688445769400e+01
4.039744478153448881e+01
3.763150123563697491e+01
3.541920391766451104e+01
3.974637446177861477e+01
2.770874523605640150e+01
3.964922015467045213e+01
3.723462468844909523e+01
3.001723134204788934e+01
3.947804593007945329e+01
3.788524273661646902e+01
3.876461799851178114e+01
3.825120171101600874e+01
3.841196941241161511e+01
3.823226566850853914e+01
3.847252821554933178e+01
3.578970216041523855e+01
3.841088096529826146e+01
3.813414005821004338e+01
3.808083592602592660e+01
3.544980974378886174e+01
3.734989179631534029e+01
3.810530074721069127e+01
2.889866222256626571e+01
3.965258592239314339e+01
3.927915938181396882e+01
3.993294133877006402e+01
3.758211865181175426e+01
3.762022901855537071e+01
4.032603738561816442e+01
3.777661567873316528e+01
4.094588994525191339e+01
3.721092919258652643e+01
3.707470335046242127e+01
3.931139579542159623e+01
3.793532676415288307e+01
3.832289791203520934e+01
3.561229266250163761e+01
4.082509316336150818e+01
4.005082285680593657e+01
3.746467682219925877e+01
3.842707031036762544e+01
3.876281279182732220e+01
3.795264032275798627e+01
3.559281715256715017e+01
3.873370872907050000e+01
3.748077479959464142e+01
3.949198776006922174e+01
3.656495750467758654e+01
3.826789016985306091e+01
2.024822599963913561e+01
4.131602039101144896e+01
3.804807192190876464e+01
4.087326759574045809e+01
3.933848780712736470e+01
3.430463107607226192e+01
3.755371345474730305e+01
4.238672399075144170e+01
3.983268857292237897e+01
3.676241424616631548e+01
4.183874055841967987e+01
3.813911610349838099e+01
3.724719700128184030e+01
3.966401075798037112e+01
4.049775474042227330e+01
3.999369460951581345e+01
3.958282225063420867e+01
3.791351074961257694e+01
3.769446674841057643e+01
3.910943402834053728e+01
3.641432262437365353e+01
4.054903847598149014e+01
2.803270726881416408e+01
3.922330295123381916e+01
3.932690194376287707e+01
3.135206189354876471e+01
3.850746876736589996e+01
3.801666203839111802e+01
3.796711463673209153e+01
3.840439183427208292e+01
4.115155143397760895e+01
3.923959944566257008e+01
3.919880546104026564e+01
2.796961929872330188e+01
3.791381683522418200e+01
4.062597216487260710e+01
3.737795175684593829e+01
3.813670066927362257e+01
3.501147597632926534e+01
3.838346448147851930e+01
3.792329879828341888e+01
4.155616505871598321e+01
4.056527416927845309e+01
4.191342816195636090e+01
3.720281929872476923e+01
3.915663548902908531e+01
3.588308967233025726e+01
3.960726646622171643e+01
3.987805111098276001e+01
4.048616189030886403e+01
3.751418998973390728e+01
2.504702323297372146e+01
3.947269882105757688e+01
3.720469432451274372e+01
3.907091135722074426e+01
3.885558158404538176e+01
3.834061034958407532e+01
3.669391621626154887e+01
3.758917701770226216e+01
3.924103594399965544e+01
3.973481009212237325e+01
4.008324225380168571e+01
3.945382278677858778e+01
3.934193713301712592e+01
3.946363405544485659e+01
4.074217043010965966e+01
3.978665494478118347e+01
3.856356371355528978e+01
3.777760336824665899e+01
3.894184246142366845e+01
3.871159935777033922e+01
3.835496418868596180e+01
4.161355983998852537e+01
3.819178503227729493e+01
3.767208445716578069e+01
3.692081662137741915e+01
4.085827310581026239e+01
3.898372168160751272e+01
3.991621581154817733e+01
3.943293332666826245e+01
3.712639033642577147e+01
3.834027143660151893e+01
3.949442800120651498e+01
4.112001017433491512e+01
3.678468209343391493e+01
3.878524585116101520e+01
3.606858926830889800e+01
3.943985415839051001e+01
3.678478459296962910e+01
3.689093586106798028e+01
3.919305212993695164e+01
3.771638213190482247e+01
3.624202957141131520e+01
3.562432282724458332e+01
3.908042649955473280e+01
3.099839392551774964e+01
3.813731809444491461e+01
3.787468008871734071e+01
3.717604478364759757e+01
3.908855773098161279e+01
3.856307493414654175e+01
3.966092160806624634e+01
4.053931129621028617e+01
4.053295670582762256e+01
4.085916314612842370e+01
3.939923651381781156e+01
3.882291011206619658e+01
4.232569289222625741e+01
3.654583626962469367e+01
3.786652324468407471e+01
4.143494652612603346e+01
