2.220446049250313081e-16
2.220446049250313081e-16
2.220446049250313081e-16
2.220446049250313081e-16
1.185153178791526781e-14
2.220446049250313081e-16
2.220446049250313081e-16
2.220446049250313081e-16
2.220446049250313081e-16
2.220446049250313081e-16
2.220446049250313081e-16
2.220446049250313081e-16
2.220446049250313081e-16
2.220446049250313081e-16
2.220446049250313081e-16
2.220446049250313081e-16
2.220446049250313081e-16
2.220446049250313081e-16
1.617147685823370495e-15
2.220446049250313081e-16
2.220446049250313081e-16
2.220446049250313081e-16
2.220446049250313081e-16
2.220446049250313081e-16
2.220446049250313081e-16
2.220446049250313081e-16
2.220446049250313081e-16
2.220446049250313081e-16
2.220446049250313081e-16
2.220446049250313081e-16
2.220446049250313081e-16
2.220446049250313081e-16
2.220446049250313081e-16
2.220446049250313081e-16
2.220446049250313081e-16
2.220446049250313081e-16
2.220446049250313081e-16
2.220446049250313081e-16
2.220446049250313081e-16
2.220446049250313081e-16
2.220446049250313081e-16
2.220446049250313081e-16
2.220446049250313081e-16
2.220446049250313081e-16
1.607702842465837347e-15
2.220446049250313081e-16
2.220446049250313081e-16
2.220446049250313081e-16
2.220446049250313081e-16
2.220446049250313081e-16
2.220446049250313081e-16
2.220446049250313081e-16
2.220446049250313081e-16
2.220446049250313081e-16
1.634012792964232603e-15
2.220446049250313081e-16
1.561341098799499488e-15
2.220446049250313081e-16
1.530209684542271869e-15
2.220446049250313081e-16
2.220446049250313081e-16
2.220446049250313081e-16
1.603517781319599893e-15
2.220446049250313081e-16
2.220446049250313081e-16
1.606492352679544909e-15
2.220446049250313081e-16
2.220446049250313081e-16
2.220446049250313081e-16
2.220446049250313081e-16
2.220446049250313081e-16
2.220446049250313081e-16
1.625692087883029652e-15
2.220446049250313081e-16
1.573654652396600838e-15
2.220446049250313081e-16
1.503915950834933863e-15
1.526385752685000420e-15
2.220446049250313081e-16
2.220446049250313081e-16
2.220446049250313081e-16
2.220446049250313081e-16
2.220446049250313081e-16
2.220446049250313081e-16
2.220446049250313081e-16
2.220446049250313081e-16
2.220446049250313081e-16
2.220446049250313081e-16
2.220446049250313081e-16
2.220446049250313081e-16
2.220446049250313081e-16
2.220446049250313081e-16
2.220446049250313081e-16
2.220446049250313081e-16
2.220446049250313081e-16
2.220446049250313081e-16
2.220446049250313081e-16
2.220446049250313081e-16
1.581239272597404172e-15
2.220446049250313081e-16
2.220446049250313081e-16
2.220446049250313081e-16
2.220446049250313081e-16
2.220446049250313081e-16
2.220446049250313081e-16
2.220446049250313081e-16
1.597350086596834132e-15
2.220446049250313081e-16
2.220446049250313081e-16
2.220446049250313081e-16
2.220446049250313081e-16
2.220446049250313081e-16
1.462402159053837335e-15
2.220446049250313081e-16
2.220446049250313081e-16
2.220446049250313081e-16
2.220446049250313081e-16
2.220446049250313081e-16
2.220446049250313081e-16
1.634710965801166066e-15
2.220446049250313081e-16
2.220446049250313081e-16
2.220446049250313081e-16
2.220446049250313081e-16
2.220446049250313081e-16
2.220446049250313081e-16
2.220446049250313081e-16
2.220446049250313081e-16
1.034909290456295191e-14
2.220446049250313081e-16
2.220446049250313081e-16
2.220446049250313081e-16
2.220446049250313081e-16
2.220446049250313081e-16
2.220446049250313081e-16
2.220446049250313081e-16
2.220446049250313081e-16
2.220446049250313081e-16
2.220446049250313081e-16
1.495997738538135888e-15
2.220446049250313081e-16
2.220446049250313081e-16
2.220446049250313081e-16
2.220446049250313081e-16
2.220446049250313081e-16
2.220446049250313081e-16
2.220446049250313081e-16
2.220446049250313081e-16
8.415444706369321082e-14
2.220446049250313081e-16
2.220446049250313081e-16
1.545146002491533355e-15
1.637263189120901810e-15
2.220446049250313081e-16
2.220446049250313081e-16
2.220446049250313081e-16
2.220446049250313081e-16
2.220446049250313081e-16
1.575535007577067047e-15
2.220446049250313081e-16
2.220446049250313081e-16
1.597521522925331609e-15
2.220446049250313081e-16
1.591488476565395494e-15
2.220446049250313081e-16
2.220446049250313081e-16
2.220446049250313081e-16
2.220446049250313081e-16
2.220446049250313081e-16
2.220446049250313081e-16
2.220446049250313081e-16
1.516723715140152424e-15
1.150726252423412442e-14
1.631021468061663203e-15
1.564243383172279230e-15
1.614320663185366347e-15
1.191810670797695646e-14
1.054981301329071157e-14
2.220446049250313081e-16
1.176207442841981599e-14
2.220446049250313081e-16
2.220446049250313081e-16
1.612811632982831165e-15
1.185555364424594134e-14
2.220446049250313081e-16
8.253747156320064398e-14
2.220446049250313081e-16
1.507178318286481973e-15
1.617567781480162573e-15
1.617044846540916774e-15
2.220446049250313081e-16
2.220446049250313081e-16
4.436072616769118312e-12
2.220446049250313081e-16
2.220446049250313081e-16
1.623515276606857465e-15
2.220446049250313081e-16
2.220446049250313081e-16
2.220446049250313081e-16
2.220446049250313081e-16
2.220446049250313081e-16
1.640823760836649330e-15
2.220446049250313081e-16
2.220446049250313081e-16
2.220446049250313081e-16
2.220446049250313081e-16
1.114584826120877135e-14
1.162245573566447875e-14
2.220446049250313081e-16
1.639609034880464902e-15
1.486001177171882844e-15
8.632298957276259859e-14
2.220446049250313081e-16
2.220446049250313081e-16
2.220446049250313081e-16
2.220446049250313081e-16
2.220446049250313081e-16
2.220446049250313081e-16
1.620783710317187760e-15
2.220446049250313081e-16
1.620496472774079908e-15
1.092408620334840085e-14
2.220446049250313081e-16
1.161261199577705127e-14
2.220446049250313081e-16
2.220446049250313081e-16
2.220446049250313081e-16
2.220446049250313081e-16
2.220446049250313081e-16
2.220446049250313081e-16
1.187356718642677475e-14
2.220446049250313081e-16
2.220446049250313081e-16
1.214648615045836348e-14
2.220446049250313081e-16
2.220446049250313081e-16
2.220446049250313081e-16
2.220446049250313081e-16
2.220446049250313081e-16
1.625093519496273759e-15
1.573790806257859750e-15
2.220446049250313081e-16
2.220446049250313081e-16
2.220446049250313081e-16
1.625462568560505080e-15
2.220446049250313081e-16
2.220446049250313081e-16
8.615393034396555963e-14
7.607753282748755392e-14
2.220446049250313081e-16
1.183814858517439303e-14
1.621168748254120163e-15
2.220446049250313081e-16
2.220446049250313081e-16
2.220446049250313081e-16
2.220446049250313081e-16
2.220446049250313081e-16
7.894289660515892783e-14
8.295802517957197004e-14
1.566405893311938929e-15
2.220446049250313081e-16
2.220446049250313081e-16
1.568748438353450851e-15
8.869281553641174926e-14
2.220446049250313081e-16
1.572819830485697929e-15
1.524322226509279135e-15
2.220446049250313081e-16
2.220446049250313081e-16
1.167569402694585506e-14
2.220446049250313081e-16
2.517802535157680945e-10
2.220446049250313081e-16
2.220446049250313081e-16
2.220446049250313081e-16
2.220446049250313081e-16
1.681603872709875675e-09
6.124987403520302417e-13
2.220446049250313081e-16
2.220446049250313081e-16
8.195780597251049697e-14
1.162793788583572847e-14
2.220446049250313081e-16
6.339024778860387814e-13
1.176178611235104578e-14
2.220446049250313081e-16
2.220446049250313081e-16
5.821698206928214086e-13
2.220446049250313081e-16
2.220446049250313081e-16
2.220446049250313081e-16
2.220446049250313081e-16
2.220446049250313081e-16
1.605942163938467178e-15
8.732439590240059318e-14
1.629714301186012163e-15
2.220446049250313081e-16
2.220446049250313081e-16
6.065857233129162684e-13
2.220446049250313081e-16
2.220446049250313081e-16
2.220446049250313081e-16
4.545088016804008980e-12
2.220446049250313081e-16
1.594159623101327095e-15
1.135333266835203461e-14
2.220446049250313081e-16
2.220446049250313081e-16
2.220446049250313081e-16
8.157996940293363203e-14
2.220446049250313081e-16
2.220446049250313081e-16
2.222554412590184403e-10
3.279777533231537223e-11
1.880920243843193610e-09
3.280710104517435071e-11
2.220446049250313081e-16
2.220446049250313081e-16
2.220446049250313081e-16
2.220446049250313081e-16
1.776029754510553883e-09
1.566038232883528420e-15
8.524051964948198125e-14
1.031828045386698435e-14
1.032536104866732760e-14
2.220446049250313081e-16
1.603588268737669322e-15
6.923174092440678623e-14
2.220446049250313081e-16
2.220446049250313081e-16
2.220446049250313081e-16
2.220446049250313081e-16
2.220446049250313081e-16
2.220446049250313081e-16
6.358931775707120942e-13
8.099348171204419431e-14
2.220446049250313081e-16
1.277030876415404084e-08
6.195570174726817064e-13
3.726771219755812426e-12
5.011509646446301501e-06
2.220446049250313081e-16
2.511323838575371866e-10
8.415616045923024047e-14
6.333976779395204791e-13
1.319263479046414656e-08
1.170763439417271889e-14
1.172894894168190904e-14
8.715672353645854175e-08
2.220446049250313081e-16
6.080842300496786260e-13
4.254482143945020035e-12
1.547596357728753301e-15
1.060677490286308239e-14
1.565928877809533628e-15
9.235432201309703295e-08
3.453204495688066481e-11
1.090999772407785353e-08
2.220446049250313081e-16
3.713705728912884485e-05
2.220446049250313081e-16
2.220446049250313081e-16
1.328502309209719963e-02
2.220446049250313081e-16
3.531313694761738220e-05
8.634655839708123410e-14
4.823509773867654550e-13
3.920514888114499996e+01
1.910846500175123539e-10
1.175526842076807452e-14
1.611983225015545911e-15
2.220446049250313081e-16
8.549737535088972403e-14
1.583935984131141687e-15
3.705946079468144957e-05
3.264059585953973477e-11
2.220446049250313081e-16
1.163325807819937802e-14
3.115293666429354933e-11
9.923732474825650283e-15
3.890457037077920432e+01
2.724878762089407661e-04
2.220446049250313081e-16
1.149662262162272530e-14
2.242144934076225304e-10
2.220446049250313081e-16
1.532875062091792164e-15
7.051510817301218484e-08
2.220446049250313081e-16
2.220446049250313081e-16
4.454786727580240855e-12
2.220446049250313081e-16
8.357047222170059520e-08
1.177409919275970397e-14
1.384801807677623481e-02
1.518640886605956917e-15
1.552552075859675347e-15
1.039078124789843212e-14
2.220446049250313081e-16
7.933965966972059096e-14
1.636497226854895164e-15
5.953951617491014563e-13
5.650303992360566943e-13
6.790781426241577767e-01
3.380809691208816618e-11
2.220446049250313081e-16
7.131226446952587563e-08
6.126447224146293290e-13
2.220446049250313081e-16
2.502985604156731585e-04
1.457550106854936772e-15
3.679830648705817421e-12
1.513400398608222197e-15
4.830716369858464244e-06
1.427290103651235320e-02
5.617335040421602699e+00
3.742792021840309502e+01
1.335243672729340483e-02
2.220446049250313081e-16
1.654393890460803161e-09
3.796589565433033897e+01
8.541593222792474090e-08
3.987393182387820190e+01
2.286981295523982846e-11
1.483028148203121289e-15
1.025219778930584668e-08
3.734144734591826165e+01
7.330653394827042533e-14
1.286119164536810541e-08
1.631373645364685126e-15
2.220446049250313081e-16
2.220446049250313081e-16
1.521246652578858046e-09
4.969028186568688343e-06
1.653406006285741078e-09
4.104229933855775414e+01
1.472399891347871254e-15
1.450921659880556218e-15
3.690460473567789990e+01
2.296046926012002539e-10
2.220446049250313081e-16
2.220446049250313081e-16
1.663176660775123655e-10
3.750750513564178590e+01
2.220446049250313081e-16
1.551503174717948786e-15
1.202466209275495832e-14
3.951525198922549009e+01
9.523853307037931371e-02
5.348811324583000903e+00
5.723141400639677576e-13
4.022760945039704694e+01
3.964857944440081639e+01
3.611303144811927268e+01
2.450328411947156715e-04
2.220446049250313081e-16
3.911911346745588247e+01
3.491682554755590309e-05
5.116470308186991339e-06
1.096756971761434746e-14
1.034453095116203564e-01
3.939111849562115708e+01
1.368311334164350364e-02
2.220446049250313081e-16
9.627316811180389070e-09
5.802010565197676048e-13
2.220446049250313081e-16
5.248469498404204181e+00
5.010662841583832214e-06
3.883046071814517575e+01
1.457585701014215461e-15
1.356966199455462161e-03
5.044969534463302097e+00
8.506660433643519626e-08
1.379038055578655012e-02
1.870170559063202625e-03
1.107352392981643858e-14
4.091518858521755675e+01
1.975646803561289296e-03
1.766481429786466700e-03
1.454147430150382059e-02
3.736984647747162569e+01
7.395396618192268008e-14
2.220446049250313081e-16
6.075552469729196970e-13
8.650727414971531161e-14
2.307489568527699258e-11
2.001573285909400302e-03
3.783721229139632669e+01
7.131553354693493940e-01
3.725716027599718672e+01
3.737794963913736979e+01
4.023104980016856302e+01
3.116777621317406267e-11
9.994766323813485120e-02
4.033655528330780271e+01
3.677878305432103900e+01
4.136581078791560628e+01
3.877519249754526243e+01
2.220446049250313081e-16
2.481076291259924904e+00
7.170096067443041218e-14
9.528799505362114952e-02
3.780306558912839421e+01
3.841706692438081916e+01
3.388878474828565857e+01
3.855703130896127107e+01
1.240565252198624902e-02
3.407084181475637441e-06
2.220446049250313081e-16
3.817755249249776028e+01
6.803516146948445317e-07
3.861711781500640228e+01
4.940988944804414196e+00
2.501014210838084750e+01
3.670008549124503361e+01
2.049330334029905032e+01
3.681726293613238710e+01
3.720164129439621803e+01
3.433154927201911022e+01
3.323974331394857984e+01
5.061003516105450295e+00
3.936556206413685999e+01
3.845318327634196010e+01
1.316987651740811045e-04
3.707565496417347362e+01
8.220438447344823149e-09
2.466963201815833798e-11
2.220446049250313081e-16
3.839306271277201432e+01
3.859093563136649152e+01
1.025225819809519851e-14
3.839822284789187989e+01
3.754875444587888467e+01
2.715015525840453847e+01
8.095087400866545196e-05
3.867513765837222195e+01
3.782870453188697013e+01
3.863475952645009670e+01
3.047101144543922757e+01
3.751640969961762551e+01
6.514880319886633909e-08
2.923426429744583643e+01
3.782553737610743383e+01
3.555366254775148604e+01
1.790577419221856204e+01
1.985936766374043572e+01
1.504947392024476624e-15
3.817530520863977017e+01
3.923813118880277528e+01
4.086035559035988740e+01
3.851543015185411178e+01
3.929521907759562538e+01
3.473911327054311471e+01
3.875996846902124560e+01
4.623753680332636784e-01
3.969593057055690366e+01
1.815568951391922968e-03
3.774726847375072936e+01
3.670403499830855765e+01
3.624268220182177203e+01
3.760669713410000270e+01
2.026939974305100745e-03
4.240931574124710224e+00
1.853236919652799235e-05
3.802111330982925352e+01
3.866835442053032068e+01
3.966287170987413191e+01
3.952006310858246962e+01
2.220446049250313081e-16
3.701256142301166108e+01
4.091476110918289777e+01
2.220446049250313081e-16
1.026432992779906082e-14
3.486727879761169646e+01
4.572666418745572336e+00
6.960895513114324640e-01
3.611130927455515405e+01
8.484901748661675958e-02
3.770169257914498928e+01
3.895378570415535080e+01
4.045028773691236523e+01
5.410886885345672859e+00
3.713336512574075954e+01
2.220446049250313081e-16
1.515015035143602034e-10
1.894299955852643894e-03
3.850886065994290419e+01
3.980849253493585849e+01
3.635926012581305855e+01
2.220446049250313081e-16
3.923997354476426835e+01
1.106826468379225393e-09
1.847099492786859127e-09
3.345066357763079168e+01
4.084631784242970554e+01
3.607202886500774497e+01
2.812479003972494596e+01
3.949615859538035778e+01
3.467766220087428763e+01
4.009862253858921122e+01
3.966679838783700518e+01
3.916649696322265584e+01
2.727138062023055642e+00
3.904076144027155948e+01
2.161535293406086903e-11
3.222604613161148990e+01
4.042226442685165466e+01
3.911455035611411546e+01
1.977902592069897187e-10
3.389084207863846387e+01
4.032096844280042092e+01
4.043055052829569007e+01
3.427219725342243350e+01
3.790642685671955547e+01
4.027671749493654119e+01
3.973476889810010704e+01
3.913931591898341367e+01
3.895688937688544229e+01
3.575568713031450612e-05
3.775506901705849572e+01
3.445159595589917245e+01
3.725652636089412084e+01
3.676085548263483105e+01
4.034393454300877835e+01
3.932684918633481885e+01
4.338863962796803771e-12
1.993501088652714515e+01
3.256557432510133765e+01
3.834616526294234973e+01
3.847453003040315167e+01
3.922523064562273731e+01
3.455081303880623267e+01
3.947936279903360912e+01
4.102858019049619287e+01
4.071857437963144122e+01
3.912360998388870570e+01
4.046533519477401342e+01
6.743446593859495369e-14
3.656856408318534335e+01
3.606057212824886449e+01
3.834605537310223866e+01
4.029929386406374192e+01
3.871452111177381994e+01
3.888102932241658038e+01
3.809719018228543774e+01
6.830312324630699584e-14
3.563381841290073027e+01
4.075156586146094639e+01
3.982787211362864355e+01
4.107009527081198286e+01
3.941503460064460285e+01
4.081053096436659899e+01
3.502684348189407615e+01
3.892563041929810908e+01
3.627676282643093231e+01
3.911371576495198354e+01
3.675783565289670207e+01
3.836969965922311587e+01
1.939919834450327230e+01
2.971236277644227286e+01
4.039665732413740074e+01
3.817455510876140323e+01
3.540200402184948558e+01
3.911327610941661703e+01
3.982233452280890162e+01
3.744558955211147833e+01
3.928641586618653037e+01
5.329715774309222849e-08
3.965216877764598280e+01
4.023484201507007896e+01
3.813858704436731983e+01
3.793659239750951429e+01
3.925801561285753394e+01
3.732125120544910146e+01
3.866296863341100476e+01
3.999161481533937490e+01
4.223101368159770885e+01
3.877843668071680838e+01
3.625533243816737894e+01
1.751646018780330413e-04
2.261596431255771478e+01
3.772884826421448423e+01
4.000607466188356653e+01
3.542672491370761179e-07
3.930200826658273883e+01
3.349583147557346052e+01
3.918034050845107430e+01
3.718607978847257556e+01
3.636267467586050373e+01
3.716056540148552756e+01
3.843118385244132895e+01
1.265522142458047838e+01
3.035908400886878056e+01
3.340125687734256132e+01
1.498651042188343396e+01
2.597502263133896605e+01
4.002277460742203630e+01
4.084716365469628840e+01
3.949994495801382044e+01
3.671725862971376131e+01
3.643971957743278267e+01
3.431546841141850024e+01
3.980483944530314488e+01
3.900693351348854776e+01
4.045954096166397562e+01
3.810164702158012773e+01
3.687345300941858994e+01
3.735935188976115029e+01
3.952512436911810312e+01
3.609853404352619322e+01
3.902777331789366855e+01
3.849536432865482283e+01
2.525081751076516667e+01
3.673953128045711480e+01
3.742142556945054821e+01
3.996901068628300635e+01
3.585775474162026200e+01
1.988379395231265390e+00
3.783244915672908348e+01
4.127504058349216365e+01
3.983292038384972500e+01
3.890582995507890018e+01
3.977962971471367837e+01
2.982323406591009629e+01
3.715847872401882768e+01
3.937800265832349567e+01
3.862314187215764605e+01
3.922690325165574166e+01
3.889143157741538204e+01
3.694492372746899633e+01
3.936897088189964222e+01
3.987076467931767354e+01
3.901420136878591194e+01
3.934057989621285145e+01
3.812823362271254268e+01
3.868716032863645182e+01
3.665606818133228018e+01
3.906172610982820004e+01
3.932001433523602429e+01
4.109947158384744625e+01
3.948380590386236833e+01
2.001438248339181314e-05
3.198774248748904014e+01
3.556551978148633708e+01
3.914713953377595601e+01
2.086543429715587550e+01
3.895716579059197215e+01
2.028337493047758855e+01
3.849817805013901051e+01
3.947793922211199202e+01
3.882056903789398916e+01
3.848332686362410726e+01
3.733822204968839742e+01
3.786941226970586172e+01
3.830461550719086023e-12
3.787338790482913709e+01
3.787205280262875817e+01
4.093385627790839010e+01
1.471725061599577522e+01
3.845222332136746957e+01
3.828992920574545877e+01
3.843692728011793491e+01
3.939301918301899974e+01
3.742417245372921997e+01
4.042941520558427726e+01
3.912918575697528212e+01
3.975002237505101021e+01
3.847929020256206911e+01
1.558355792471911450e+01
3.876376601726192206e+01
3.667540710619116595e+01
4.039058603583355733e+01
3.763074076414302027e+01
3.792082747937565301e+01
3.415120349129238519e+01
2.567509084722805923e+01
3.820903941052281283e+01
5.502914961950181212e-03
4.156918595870513400e+01
3.893190026823891969e+01
4.065140029288907897e+01
6.968490718236443965e-14
4.023605427297557213e+01
3.445714309512067075e+01
4.156171643218601730e+01
2.015980817474990161e+01
3.984203740798489690e+01
3.609288213762089015e+01
3.905080165909173928e+01
3.905159919157384962e+01
3.808347321330305846e+01
3.790988031928630875e+01
3.559955828534369005e+01
3.191144858767271941e+01
3.912189866215472023e+01
3.759278504604627358e+01
4.184742299671691512e+01
3.642024271106417643e+01
3.626286233826082395e+01
3.520595435138917395e+01
3.874801457224724288e+01
1.134379137143306298e-08
3.260540087032911316e+01
3.727719707612587285e+01
3.859320929630445107e+01
3.654709420821841803e+01
3.902224569959473399e+01
3.891999394469731754e+01
3.482279277570845011e+01
3.223734733316139511e+01
3.891981758552149984e+01
3.538249721299974482e+01
3.676818272944858279e+01
3.807899918549494345e+01
3.987857762511080750e+01
4.134356998347585233e+01
2.311629605937962850e+01
3.991628830863776756e+01
3.718366730074589555e+01
3.850346367949001092e+01
3.850257067483335049e+01
3.880511804625280092e+01
3.853987642086303822e+01
3.958130552256808699e+01
3.779136133196151093e+01
1.626056934513425745e+01
3.882716185451251079e+01
3.885500331583087075e+01
3.802467803237739474e+01
3.703509328268961553e+01
3.870871635223807772e+01
1.731704906718732317e+01
4.189469628114724031e+01
3.963756832310748734e+01
3.914124608456175736e+01
3.891504698726586042e+01
3.799402614393918753e+01
2.220446049250313081e-16
3.023199439609733830e+01
3.741580802233043812e+01
3.773933060186669053e+01
3.526143372700395417e+01
3.559588513664022713e+01
3.983731222933453608e+01
3.614953750993440451e+01
1.287867226538205401e+01
3.379831763644991582e+01
3.779124792683883527e+01
3.845736950262606513e+01
3.717853367900845996e+01
3.777598951927929249e+01
3.831849021528788768e+01
3.287007358762081566e+01
3.925171916331770205e+01
3.853058335297217241e+01
4.125925047986471839e+01
4.118055394829069371e+01
3.694182516782906589e+01
3.503292548401116591e+01
3.563042671641000680e+01
3.166494993384580781e+01
2.857728305755419385e+01
3.845392825837059547e+01
3.957272910941626520e+01
2.501006112796623526e+01
3.549207902109564827e+01
3.858966391368468152e+01
4.096284719823661646e+01
3.762863626885468449e+01
3.883261189299299332e+01
3.696624086616662197e+01
3.656721675974802110e+01
3.556676744841596616e+01
4.022903615285628121e+01
4.063837529353958899e+01
3.711929160158280894e+01
3.865632404631922014e+01
3.779784113443443516e+01
3.029508057205189075e+01
3.928041231801611133e+01
2.019649951391869180e+01
3.946133985085505458e+01
4.062761161220839057e+01
3.799812733572215251e+01
3.643169865644979666e+01
3.781707955677446620e+01
3.904701593091100875e+01
4.012126052302203760e+01
3.982267892490685313e+01
3.771517485948312043e+01
3.839541846913148504e+01
3.768324748991457085e+01
3.824980940356249448e+01
3.695997213190316444e+01
3.850291822944683418e+01
1.437346041607668923e+01
3.765853732366333873e+01
3.913649698957539158e+01
3.954279591310709208e+01
3.764376665242895115e+01
3.997578369536664411e+01
4.002002128903802003e+01
3.866454001425276488e+01
3.908903783268807075e+01
3.891813132312118029e+01
4.006423840396238489e+01
3.844641693072298949e+01
4.130865516675576998e+01
4.107827471442983835e+01
3.552398408121451467e+01
3.726006173822869982e+01
3.795264873329773536e+01
3.885489591899460038e+01
3.709542386379565215e+01
3.540879503699242292e+01
3.748189844359227152e+01
3.357092328146041638e+01
2.171176895293218223e+01
3.747016556724985747e+01
3.957440462177203244e+01
3.677338792710958870e+01
3.671961216467786215e+01
3.849474812648998068e+01
3.671590239008825307e+01
3.817462367334634621e+01
3.998457733766145594e+01
3.910013362334957066e+01
3.873303746932999303e+01
3.362499018183594757e+01
3.755064088868493855e+01
3.791474907048796439e+01
3.459522664490700805e+01
3.830202836661194965e+01
3.949933623947639916e+01
3.740139599739379861e+01
3.740002432895921913e+01
4.084452097530086689e+01
3.935421655237237104e+01
3.653040666116557844e+01
3.490196921727415003e+01
3.879433257192391693e+01
4.119868030284226990e+01
3.746267540313095168e+01
3.458695306696684924e+01
4.097656794132812763e+01
3.619847907009629751e+01
3.885444141679883501e+01
3.968281315017213728e+01
3.867770942868382633e+01
3.954310336152533978e+01
3.972069009646860138e+01
3.817376077744883389e+01
3.830047125444282585e+01
4.226742933526843871e+01
4.043984800750948949e+01
4.082846967484705658e+01
3.877572342972635511e+01
3.938289023270700540e+01
3.825512942153975615e+01
4.036066223054076119e+01
3.909496685288996787e+01
3.885653819260743802e+01
3.898101011372357050e+01
3.761049087281323722e+01
3.703968125174247916e+01
3.959715068023954387e+01
3.858458143470999602e+01
3.677545304750016442e+01
3.958909782055371096e+01
3.763938675769063735e+01
3.813571198058177458e+01
3.673627906946011024e+01
3.813636784048924966e+01
3.831479614436164383e+01
3.644068293206312603e+01
3.737986712987112980e+01
3.865046175853484556e+01
3.852669194176622369e+01
3.652594794378513399e+01
3.764887649634464850e+01
3.977798971071658229e+01
3.325510800384483900e+01
3.921255090603532523e+01
4.249428672219794834e+01
3.909272007781596159e+01
4.051355607957737703e+01
3.909357644204285265e+01
3.847622382728645363e+01
3.878272175397606247e+01
3.927651194880968433e+01
3.893659696604726150e+01
3.701169931752125564e+01
3.882891597356153568e+01
3.734881364196697007e+01
3.781336653396233061e+01
3.693369784367193631e+01
3.623149252566566503e+01
4.233387450660841722e+01
3.883302978413509976e+01
3.987060620070482742e+01
