2.220446049250313081e-16
2.220446049250313081e-16
2.220446049250313081e-16
2.220446049250313081e-16
2.220446049250313081e-16
2.220446049250313081e-16
2.220446049250313081e-16
2.220446049250313081e-16
2.220446049250313081e-16
2.220446049250313081e-16
2.220446049250313081e-16
1.635261618929074951e-15
2.220446049250313081e-16
2.220446049250313081e-16
2.220446049250313081e-16
2.220446049250313081e-16
2.220446049250313081e-16
1.619307199733181199e-15
1.608621082814150936e-15
1.606555214470452753e-15
2.220446049250313081e-16
1.631695919147993356e-15
2.220446049250313081e-16
2.220446049250313081e-16
2.220446049250313081e-16
2.220446049250313081e-16
2.220446049250313081e-16
2.220446049250313081e-16
2.220446049250313081e-16
2.220446049250313081e-16
2.220446049250313081e-16
2.220446049250313081e-16
2.220446049250313081e-16
2.220446049250313081e-16
2.220446049250313081e-16
2.220446049250313081e-16
2.220446049250313081e-16
1.184597640769651345e-14
2.220446049250313081e-16
1.549876755715977104e-15
2.220446049250313081e-16
2.220446049250313081e-16
2.220446049250313081e-16
2.220446049250313081e-16
1.620492565534651821e-15
2.220446049250313081e-16
2.220446049250313081e-16
2.220446049250313081e-16
2.220446049250313081e-16
1.591348501734703146e-15
2.220446049250313081e-16
2.220446049250313081e-16
2.220446049250313081e-16
2.220446049250313081e-16
2.220446049250313081e-16
2.220446049250313081e-16
2.220446049250313081e-16
2.220446049250313081e-16
2.220446049250313081e-16
2.220446049250313081e-16
2.220446049250313081e-16
2.220446049250313081e-16
2.220446049250313081e-16
2.220446049250313081e-16
2.220446049250313081e-16
2.220446049250313081e-16
2.220446049250313081e-16
2.220446049250313081e-16
2.220446049250313081e-16
2.220446049250313081e-16
2.220446049250313081e-16
2.220446049250313081e-16
2.220446049250313081e-16
2.220446049250313081e-16
1.418062798471284103e-15
1.630563748175823576e-15
2.220446049250313081e-16
2.220446049250313081e-16
1.620594471296832853e-15
2.220446049250313081e-16
2.220446049250313081e-16
2.220446049250313081e-16
2.220446049250313081e-16
2.220446049250313081e-16
2.220446049250313081e-16
2.220446049250313081e-16
2.220446049250313081e-16
2.220446049250313081e-16
2.220446049250313081e-16
2.220446049250313081e-16
2.220446049250313081e-16
2.220446049250313081e-16
2.220446049250313081e-16
2.220446049250313081e-16
2.220446049250313081e-16
2.220446049250313081e-16
2.220446049250313081e-16
2.220446049250313081e-16
2.220446049250313081e-16
2.220446049250313081e-16
2.220446049250313081e-16
2.220446049250313081e-16
2.220446049250313081e-16
2.220446049250313081e-16
2.220446049250313081e-16
2.220446049250313081e-16
2.220446049250313081e-16
2.220446049250313081e-16
1.606899164271452730e-15
2.220446049250313081e-16
2.220446049250313081e-16
2.220446049250313081e-16
2.220446049250313081e-16
2.220446049250313081e-16
1.598467341890490373e-15
2.220446049250313081e-16
2.220446049250313081e-16
2.220446049250313081e-16
2.220446049250313081e-16
1.629164337982352983e-15
2.220446049250313081e-16
2.220446049250313081e-16
2.220446049250313081e-16
1.635193198916598615e-15
2.220446049250313081e-16
2.220446049250313081e-16
2.220446049250313081e-16
2.220446049250313081e-16
2.220446049250313081e-16
2.220446049250313081e-16
2.220446049250313081e-16
1.607034204852230414e-15
2.220446049250313081e-16
2.220446049250313081e-16
2.220446049250313081e-16
2.220446049250313081e-16
2.220446049250313081e-16
2.220446049250313081e-16
2.220446049250313081e-16
2.220446049250313081e-16
2.220446049250313081e-16
2.220446049250313081e-16
2.220446049250313081e-16
2.220446049250313081e-16
2.220446049250313081e-16
2.220446049250313081e-16
2.220446049250313081e-16
1.152681142043091584e-14
2.220446049250313081e-16
2.220446049250313081e-16
1.168379795557507549e-14
2.220446049250313081e-16
2.220446049250313081e-16
2.220446049250313081e-16
2.220446049250313081e-16
2.220446049250313081e-16
2.220446049250313081e-16
2.220446049250313081e-16
2.220446049250313081e-16
2.220446049250313081e-16
2.220446049250313081e-16
2.220446049250313081e-16
2.220446049250313081e-16
2.220446049250313081e-16
2.220446049250313081e-16
2.220446049250313081e-16
2.220446049250313081e-16
2.220446049250313081e-16
2.220446049250313081e-16
2.220446049250313081e-16
1.571551095145246320e-15
2.220446049250313081e-16
2.220446049250313081e-16
2.220446049250313081e-16
2.220446049250313081e-16
2.220446049250313081e-16
2.220446049250313081e-16
2.220446049250313081e-16
2.220446049250313081e-16
2.220446049250313081e-16
2.220446049250313081e-16
2.220446049250313081e-16
1.476283076923756670e-15
2.220446049250313081e-16
2.220446049250313081e-16
2.220446049250313081e-16
2.220446049250313081e-16
2.220446049250313081e-16
2.220446049250313081e-16
1.633488742373713500e-15
2.220446049250313081e-16
2.220446049250313081e-16
6.086971721294236761e-13
1.495994891376859271e-15
2.220446049250313081e-16
2.220446049250313081e-16
2.220446049250313081e-16
2.220446049250313081e-16
2.220446049250313081e-16
1.646370650497287906e-15
1.600057695774986057e-15
2.220446049250313081e-16
2.220446049250313081e-16
2.220446049250313081e-16
2.220446049250313081e-16
2.220446049250313081e-16
2.220446049250313081e-16
2.220446049250313081e-16
2.220446049250313081e-16
1.523355037167985083e-15
1.630487610486428033e-15
2.220446049250313081e-16
1.518416296695187741e-15
2.220446049250313081e-16
2.220446049250313081e-16
2.220446049250313081e-16
2.220446049250313081e-16
1.479805136880954191e-15
2.220446049250313081e-16
2.220446049250313081e-16
2.220446049250313081e-16
2.220446049250313081e-16
2.220446049250313081e-16
2.220446049250313081e-16
1.138342426823879379e-14
2.220446049250313081e-16
2.220446049250313081e-16
6.312256127305448080e-13
2.220446049250313081e-16
2.220446049250313081e-16
2.220446049250313081e-16
1.177897957173563957e-14
1.101079111929919312e-14
1.579764691357784235e-15
2.220446049250313081e-16
1.566070276552199571e-15
1.555473081460276443e-15
2.220446049250313081e-16
2.220446049250313081e-16
2.220446049250313081e-16
8.530295546361764790e-14
4.532114528710994305e-12
2.220446049250313081e-16
2.220446049250313081e-16
2.220446049250313081e-16
8.671274560041982702e-14
2.220446049250313081e-16
1.630411810780918921e-15
2.220446049250313081e-16
1.557873458827937069e-15
1.591677624463963586e-15
2.220446049250313081e-16
2.220446049250313081e-16
1.538286736620856716e-15
2.220446049250313081e-16
2.220446049250313081e-16
1.619206878724360942e-15
2.220446049250313081e-16
1.641670415212076217e-15
2.220446049250313081e-16
8.553926676630433050e-14
1.167969891449029197e-14
2.220446049250313081e-16
8.667466345066277840e-14
2.220446049250313081e-16
2.220446049250313081e-16
1.430545479103405316e-15
2.220446049250313081e-16
7.320164817574398470e-14
2.220446049250313081e-16
2.220446049250313081e-16
2.220446049250313081e-16
2.220446049250313081e-16
2.220446049250313081e-16
2.220446049250313081e-16
3.315785498962801560e-11
2.220446049250313081e-16
1.005885249565808916e-14
8.689385188213856104e-14
2.220446049250313081e-16
8.119895045901548907e-14
1.145416336049636166e-14
2.220446049250313081e-16
6.754722462410486832e-07
2.220446049250313081e-16
2.220446049250313081e-16
2.220446049250313081e-16
2.220446049250313081e-16
1.134801165775242965e-14
2.220446049250313081e-16
4.428889061553660938e-12
2.220446049250313081e-16
1.195473319314480378e-14
2.220446049250313081e-16
1.517380305053878175e-15
1.620378291952828549e-15
2.437067970157955924e-10
8.664569601680372861e-14
6.200565110905427928e-13
1.498218930843022036e-15
6.264393897432894403e-13
2.220446049250313081e-16
1.511973890066117078e-15
1.185501119699736654e-14
1.168616506842822899e-14
2.516541267170953020e-10
8.640187139762706901e-14
1.574650358903690410e-15
1.645521879067652811e-15
1.639978041143703394e-15
7.424939361424320024e-14
2.220446049250313081e-16
1.182248220756091778e-14
2.220446049250313081e-16
1.632579784995627181e-15
8.621413276910302577e-14
3.317586700610441275e-11
9.203855412045908785e-08
8.516658168126664716e-14
1.172625190197946916e-08
1.134007934713972484e-14
1.511973583489858660e-15
4.707747436322162591e-06
6.399078933478438526e-13
1.162818056081857202e-14
2.220446049250313081e-16
2.220446049250313081e-16
1.364452276479950245e-02
4.452399427078039623e-12
2.220446049250313081e-16
2.220446049250313081e-16
1.191015474156168783e-14
1.198325548752793869e-08
1.737960867964563710e-09
1.752585693415036950e-09
5.029754753712592542e-13
2.220446049250313081e-16
2.220446049250313081e-16
2.220446049250313081e-16
2.220446049250313081e-16
3.467461864457020264e-11
1.179458407157513209e-14
2.220446049250313081e-16
1.165819278678196787e-14
6.326606394746016110e-13
2.220446049250313081e-16
7.195855231967460961e-14
1.156661705086236532e-14
1.382963188172576380e-02
2.220446049250313081e-16
4.602755572406316159e-12
3.247415908679974083e-11
1.483027639457851390e-15
2.220446049250313081e-16
8.276364452290351217e-14
1.161677200779422585e-14
4.412528902528542652e-12
1.631851285879018483e-15
2.512300284072449996e-04
3.641580282776943989e+01
1.644804516178223913e-15
1.509559537452114076e-15
2.220446049250313081e-16
2.220446049250313081e-16
2.220446049250313081e-16
5.794972625417684199e-13
1.488715782160792207e-15
8.470903675652404159e-14
1.150159429882771484e-14
1.044776218174578665e-14
9.257476257334337077e-08
5.446797366624140041e-13
4.814389710522638982e-06
1.552039905366547857e-15
5.016299549390040564e-06
1.573364601100803872e-15
6.323473958688453903e-13
4.674511081636115287e-12
5.776887002001085328e-13
8.514736247011464233e-14
7.483721148263144120e-14
1.836300912880833120e-03
2.220446049250313081e-16
5.298761807242860833e+00
3.659070078986813712e+01
1.073035784878732898e-14
1.694023445758378056e-09
2.562135940656468081e-04
1.019605925089205056e-01
1.163628642612500110e-14
1.282330739618064118e-02
3.602135057819937086e-05
2.918711566903467843e-11
2.220446049250313081e-16
2.333385195608499332e-10
4.905975042727985466e-13
2.220446049250313081e-16
2.220446049250313081e-16
2.220446049250313081e-16
2.220446049250313081e-16
4.922900229986177569e-13
6.951641828328177786e-01
1.460403728082896368e-15
2.220446049250313081e-16
2.220446049250313081e-16
2.220446049250313081e-16
3.898128799495614771e+01
4.312649322454629768e-12
2.220446049250313081e-16
1.377809290652804060e-02
3.477026392356113860e+01
2.220446049250313081e-16
2.220446049250313081e-16
1.880354098574507800e-10
1.641535805352714909e-15
2.462687389442003560e-10
1.505870276250500042e-15
2.328971761572651968e-10
2.712374161304623014e-04
4.807217017858806395e-06
9.803237853706264771e-02
6.539211912070596400e-07
4.900714431854201262e-06
1.571116772071210554e-10
3.969270374618474051e+01
4.806558294657430102e-06
3.744972925889775439e+01
1.115043067337967691e-03
8.501367347966875114e-14
1.446763619973963008e-02
5.254254782369015331e+00
3.971996278820257942e+01
3.907170946765285890e+01
2.391917852047974794e-10
1.648624082755786144e-09
2.220446049250313081e-16
2.220446049250313081e-16
1.613979390802610908e-15
3.821768432079742439e+01
1.021998564684370503e-14
2.170374256150385324e-11
9.596680645788496777e-02
8.172853375174054559e-14
3.805828357526502259e+01
4.605477525501311908e-12
2.483120751671988273e-10
1.488753676707295874e-15
7.898781888468414354e-14
5.727128160803094531e-02
3.987151479510563234e+01
3.259132468855471505e-11
3.540611944304588832e+01
2.334247684333251431e-05
7.084637319827517797e-07
5.467946103700215943e+00
2.403331364443137106e-04
4.793429004336218184e-06
1.622850722465465445e-15
6.799134464489572255e-07
1.190659819735718046e-14
1.185984423890633180e-14
3.548918425262301213e+01
2.587425014235619704e-04
1.447030656867284999e-09
1.070047802815550231e-01
3.700252444792438666e+01
1.855249594293907926e-03
4.255413960151465602e+01
2.220446049250313081e-16
3.812678933617451094e+01
4.651565578939297024e-12
3.735094705793720493e+01
3.883962954042965521e+01
1.008045242633978655e-01
1.056908817347779375e-14
2.220446049250313081e-16
2.254007823867832606e-10
1.874079260526354245e-03
3.774548493084088108e+01
3.984735086060462805e+01
6.256847689035607916e-13
1.457475109015236685e-02
3.916192723193134384e+01
3.393634934718787743e+00
1.109103320997425484e-14
9.998899884450193976e-15
1.383053897545063853e-02
4.949668180329584472e-13
1.077101922214335459e-14
3.728818516380848536e+01
1.224401607159218003e-02
3.787303080842219316e+01
3.498286631384668510e+01
1.834824337254629262e-03
2.220446049250313081e-16
3.931377777587996190e-12
3.562761765138322545e+01
3.903156351750411801e+01
4.667751963616280086e+00
3.142463031609857023e-11
3.280113612190624263e-12
3.191409449116735431e+01
3.905715081013483569e+01
3.544732066263515955e-06
3.977585941011659543e+01
1.588421421435524134e-15
3.836857159403068351e+01
1.432510534166801545e-15
2.196806182236182481e-11
1.584350240574483570e-15
4.783592330616491883e-13
3.885517352113862444e+01
6.405517419426880778e-07
2.729505651693020854e-04
3.950026826352933540e+01
3.076618862138121428e-11
1.472399813074108569e-15
2.220446049250313081e-16
3.592862198775265625e+01
2.220446049250313081e-16
2.891278646486688331e+01
2.913193347961095525e-01
3.605764167415046018e+01
3.683901695835663759e+01
4.033466935647889073e+01
2.498579344455920243e-10
3.851305799282256004e+01
3.493925112958112322e+01
3.927986561433442603e+01
3.928394432044285622e+01
2.783844705258774394e-04
6.489160356963350473e-01
3.085534059809813456e+01
3.643213757772756622e+01
4.024382034118507789e+01
3.909333870900409380e+01
3.903943073063623359e+01
3.949263951526154627e-12
3.805842132325241067e+01
3.763353366183690696e+01
3.731611754549051341e+01
2.743363543640801083e+01
4.519955079070706207e-06
9.550269015506676618e-02
3.877482842256561213e+01
1.970660009847218282e-10
2.449240935065608808e-04
3.928408250777390975e+01
8.592845215603099496e-09
3.806283375111333100e+01
3.693566309660080549e+01
3.493672941509891067e-05
3.820634660897247414e+01
3.558712496159741789e+01
3.533875527217841750e+01
3.724626949406930265e+01
3.598739472662179395e+01
3.900693046948696718e+01
3.934938093888727906e+01
3.717168409414109931e+01
1.849063603857139550e-04
2.010656401903927915e+01
3.674007851567975536e+01
3.967237130489399277e+01
1.056825586674660927e-14
4.113020545423971441e+01
2.851256433575219873e+01
3.927240721969704396e+01
2.220446049250313081e-16
3.216101653609042188e+01
4.000568906372571121e+01
1.697209501934888465e+01
2.610977146167068952e+01
2.461339185784654524e-10
3.756116215045046403e+01
4.452403851209883813e-12
3.830660764608169444e+01
3.312700068332767955e+01
3.844572618039686773e+01
1.489599177227919277e-02
3.677903852757325609e+01
1.000127273698455514e-14
4.531002586479957017e+00
3.911075609478851334e+01
3.787494692590759371e+01
4.015005649658384357e+01
3.821563341623107846e+01
3.826734900834820507e+01
4.665819493333506762e-01
8.153512180677839206e-08
3.843661289741165632e+01
4.042886426841521086e+01
3.754263395836331085e+01
3.904886968199650710e+01
3.503265993025960512e+01
3.860607863171711074e+01
5.147141939543923961e+00
3.838628229507564527e+01
3.740442032008095197e+01
3.739765037090675293e+01
7.043462042603595402e-14
4.174512442123242550e+01
3.677274360438299539e+01
4.019201701797134518e+01
4.025699608281304620e+01
3.857729080249374221e+01
3.993604920236856515e+01
3.918854362956371062e+01
3.726692366819852253e+01
3.684285997372980859e+01
5.214414638305742145e-02
2.757797971386581537e+01
3.898683988584959792e+01
3.913830735211586642e+01
1.432510262922938537e-15
4.273442287267663886e+01
3.766287675742011487e+01
3.858691903795018163e+01
3.618051195737200487e+01
4.102590393208873110e+01
3.794651282344367615e+01
2.875256412175034380e-11
3.855799179275987143e+01
3.743199870319764955e+01
3.856044592868128973e+01
2.977905449267723981e+01
3.875332015458756985e+01
4.024083019236014991e+01
3.950506608033914802e+01
3.740269224072453369e+01
3.613632218284963926e+01
2.420829806977624798e+01
1.105874577656869480e-02
3.611755388242531950e+01
2.007972030861753865e+01
3.961040784157184928e-12
4.019805409740433788e+01
3.650932944051812967e+01
3.742833447269834579e+01
3.740021991935933698e+01
2.470205857329797539e+01
9.255676292048528597e-03
3.370415054015459488e-12
3.794936173447078431e+01
3.734740608783015148e+01
1.692737037935173990e-05
5.725273376474733222e-01
3.960388002747227887e+01
4.044181759993555403e+01
3.649214386087545847e+01
3.908517783843297622e+01
3.795765348384737337e+01
2.753120077872043581e+01
4.200478913119599156e+01
3.941164414717819398e+01
3.955855657474804588e+01
3.815614128584746823e+01
3.624628646802788978e+01
3.513518857565699705e+01
3.906526434320537078e+01
3.459156731929315498e+01
4.049694336449545773e+01
4.039231025693261756e+01
3.881842394597710211e+01
2.085222068472196355e+01
3.256817981868687895e+01
3.696089750518203232e+01
3.509799743341602607e+01
3.737520265762852745e+01
3.887775180067455949e+01
2.020735516682075783e+01
6.254853078859586718e-03
4.026609110086666021e+01
2.220446049250313081e-16
3.689953564228386540e+01
4.174325616578705933e+01
2.186951384384222319e+00
3.377040130409884711e+01
2.807921084748744889e+01
3.995049882517714934e+01
3.947104593878229650e+01
3.982721228214162323e+01
3.747777267007499091e+01
3.798461166795269861e+01
3.784676854330979978e+01
3.649463689913358166e+01
1.489075599701208612e-15
4.027984425557860249e+01
4.228115117021984641e-06
4.203230242165868447e+01
3.393706726414799846e+01
3.622236058727737174e+01
3.230902232298384291e+01
3.921061396873346894e+01
4.083438080727193409e+01
3.115770558387466949e+01
3.870832079418205041e+01
3.865700559237301093e+01
1.754592649971947438e+01
4.026368427672089467e+01
2.220446049250313081e-16
3.231153045860644824e+01
3.925632617957595016e+01
3.643079211927137351e+01
3.741935122966414440e+01
3.907483573337558624e+01
3.918794588706145277e+01
3.875539408996213098e+01
3.731712218058805064e+01
1.609247102959158679e-05
2.969793998258261425e+01
1.406167678412608169e+01
3.777311349541894714e+01
3.849550761032759283e+01
4.201571543051313995e+01
3.965251719633263150e+01
1.428430984643206142e-15
3.663944793926565069e+01
3.793957921177330661e+01
3.851198687014633748e+01
3.705839310590165070e+01
3.895818293133779520e+01
3.386367493148351571e+01
4.157567390792736296e-08
4.002683326162554067e+01
3.815038001490666630e+01
3.849699033768158074e+01
3.768458004796819694e+01
3.913887428629396936e+01
3.968354818180159072e+01
3.901088531554066208e+01
3.965739210808720117e+01
3.837981046458914136e+01
3.528414791034319364e+01
3.952231116237340558e+01
3.789120168241718289e+01
3.697671960456597873e+01
3.638936011040223661e+01
3.557126734701004978e+01
3.990186452976698916e+01
1.672668870283332554e+00
2.378501071569797887e+01
1.479795156955196082e-15
3.953163267768396594e+01
3.842480760295335074e+01
3.555971522390797901e+01
3.683622749913477179e+01
3.122820998900520117e-01
3.792095498812555832e+01
4.114791806174530109e+01
3.753763747961809116e+01
3.883854941359127366e+01
3.943605373304338713e+01
3.645224954570057463e+01
3.849958602076205239e+01
3.895801602495509997e+01
3.715165728074281049e+01
3.849111215271280173e+01
3.695356079766980173e+01
3.874617046863424008e+01
3.802033991753452824e+01
3.393535374491070655e+01
3.741030856944312433e+01
4.071355154835352153e+01
3.519972427057475528e+01
3.652442011960786772e+01
3.996157155771442859e+01
3.900531682055524385e+01
3.815538546743273685e+01
3.845296486298082783e+01
3.824934522047081487e+01
3.875107581180822791e+01
2.322955718608644204e+01
3.941249153427962426e+01
1.730725290839449926e+01
3.701523354078705097e+01
4.166493814850075950e+01
3.697177663776659529e+01
3.897705816557830616e+01
2.519420479625442866e+01
3.912705064657462373e+01
3.725375429935657934e+01
3.536987464802769665e+01
3.808463055159602817e+01
3.851892752188167179e+01
3.842852185093310879e+01
3.672674678516000313e+01
3.447086182017701361e+01
3.770384005813207295e+01
3.898220170455056177e+01
3.895844634315945854e+01
4.092824779756985976e+01
3.932523469567543373e+01
3.603625750247411474e+01
4.035991730364527541e+01
3.592370741517865440e+01
3.912383078077366605e+01
3.788653906828469786e+01
3.966046485251284537e+01
1.366493486063894558e+01
3.360734505218292156e+01
3.792518282275017327e+01
3.959487640380055495e+01
3.092285253122046029e+01
3.303962755762155723e+01
3.852032467425700446e+01
3.794476121843979399e+01
3.854491379263545525e+01
3.878232783078859569e+01
3.264357503207054378e+01
3.668827123436606286e+01
3.317180700645668168e+01
3.698128905503894970e+01
1.849330681465900028e+01
3.581448079556081154e+01
3.459895578138062433e+01
3.760815175968077995e+01
2.768305484100720903e+01
3.975041792883590119e+01
3.684257832006477429e+01
3.707267236919989983e+01
3.719470401687366490e+01
3.870697884539561784e+01
3.476081840059374173e+01
3.718618676421856151e+01
3.934323053961678340e+01
3.206898880483327474e+01
3.808614503064977441e+01
3.729937555740684729e+01
3.636903685953640775e+01
3.864582262691595815e+01
3.745079510994034422e+01
3.756762822838454241e+01
3.967646783720913106e+01
3.761327344505284742e+01
4.129445274037128399e+01
3.805336363027176816e+01
3.413036075618428811e+01
3.911928489661132602e+01
3.530283039090348751e+01
3.921859198937018220e+01
3.681658150033671006e+01
3.924442936075067223e+01
3.780121991107832713e+01
4.063114632222016098e+01
3.903996582450648845e+01
3.720215492918407563e+01
3.947713813547319006e+01
3.783332183184695907e+01
4.059215744975580975e+01
1.456854145203421038e-15
4.211766709771885786e+01
3.244776397182832284e+01
3.987043774158146192e+01
3.755057205238166773e+01
3.903809944789629327e+01
3.843635413914778098e+01
3.970150728515272931e+01
3.781496096606411328e+01
2.779254651997587189e+01
3.404508848477612304e+01
4.002369305388521070e+01
3.950651452766994254e+01
3.832185181690621079e+01
3.751611704368382050e+01
3.832772940483816626e+01
3.796240198042594471e+01
3.004789247871750391e+01
4.022839545851390852e+01
3.907524708460164220e+01
3.911330595505143748e+01
3.770081626736473623e+01
4.033812690962676584e+01
3.720521481595582003e+01
4.003037973440706310e+01
1.714011522145550970e+01
3.719748797261938478e+01
3.855262297693314366e+01
3.752960101941837934e+01
3.787399126463471077e+01
3.707415524069770640e+01
3.799660072516478238e+01
3.909802522209415798e+01
3.816134123874856954e+01
3.994252868966896841e+01
3.853767812081195387e+01
3.927301384384392691e+01
3.643058626812971568e+01
3.591662491008104752e+01
3.733206271523706477e+01
3.935040298354755350e+01
3.736283161485877713e+01
3.696264532293541549e+01
3.848862809486789871e+01
3.888778245340646578e+01
3.932612759524749180e+01
3.276027544726596119e+01
3.878466320442073112e+01
4.006169220157931932e+01
3.680626476337869946e+01
3.872647216902659295e+01
3.592778493524767214e+01
3.713057277632461961e+01
3.785852375509003309e+01
4.295640450700094704e+01
3.696822254675703334e+01
3.738846059083522277e+01
3.851385940635297800e+01
3.803862325969458169e+01
3.907949558529504230e+01
4.014974252396012133e+01
4.022450012189043633e+01
3.537525849979308390e+01
3.708067845889547698e+01
3.776080208024377072e+01
3.671544228733961290e+01
1.086870142278213081e+01
3.371649460768316686e+01
3.056966361316889191e+01
3.851058031063563902e+01
3.982672900610576505e+01
1.429635574061217973e+01
3.912513429813481736e+01
3.733668788046378495e+01
3.855815543620272479e+01
3.717730686405003127e+01
3.849810766244528537e+01
3.876079248246379905e+01
3.916844430553990719e+01
3.435323921176278361e+01
3.793723656665503796e+01
3.987605184125580138e+01
3.351156443486420500e+01
3.801120716224602347e+01
3.933542303923026395e+01
1.596659937340721669e+01
3.850059447291986459e+01
3.992108610472828190e+01
3.912445057216073252e+01
3.589244378189251705e+01
3.810205980872905940e+01
3.656781493271230232e+01
3.796924098854781704e+01
3.799399545132657607e+01
4.046695056389193468e+01
3.620871745636755890e+01
3.862237086330426905e+01
3.645390768045295715e+01
3.149525806225234703e+01
3.956789287640464892e+01
4.049365470737473061e+01
3.115951907766838502e+01
3.926616348668938627e+01
1.993886232716491591e+01
3.866136317364635033e+01
3.709068314435511127e+01
3.932477558797497608e+01
3.908787642620127656e+01
3.959941812750213330e+01
4.058403281762033998e+01
3.945508695063553262e+01
3.874829870262313136e+01
3.917090818245424799e+01
3.735944548366466478e+01
3.937237947759678036e+01
3.474649009844444691e+01
4.134423734667158357e+01
3.765166289896158958e+01
3.869439486788693472e+01
3.975883702240492568e+01
4.029449256704032933e+01
3.910628847713847023e+01
3.528897877566402030e+01
3.812715000230959106e+01
3.697872919580978390e+01
3.230480574038459451e+01
3.943722477769623680e+01
3.624892305352265254e+01
3.601464849652786882e+01
4.133548047891526522e+01
3.853752543166820743e+01
3.862344458412086112e+01
4.140484337705501616e+01
3.929609499267073147e+01
3.926006090029635232e+01
3.886549524799979594e+01
4.150156876492719249e+01
3.927361567469177572e+01
3.851160290873588110e+01
4.186603272650454244e+01
4.122277201851322559e+01
3.664447712262037271e+01
3.822025543052199481e+01
3.768281532634875219e+01
3.756358379479657827e+01
3.803512916857881976e+01
3.843811170169146152e+01
3.895093414072581339e+01
3.874133156261189015e+01
3.741559211813811459e+01
3.858845933932435912e+01
