2.220446049250313081e-16
2.220446049250313081e-16
2.220446049250313081e-16
2.220446049250313081e-16
2.220446049250313081e-16
2.220446049250313081e-16
2.220446049250313081e-16
2.220446049250313081e-16
2.220446049250313081e-16
2.220446049250313081e-16
2.220446049250313081e-16
2.220446049250313081e-16
2.220446049250313081e-16
2.220446049250313081e-16
2.220446049250313081e-16
2.220446049250313081e-16
2.220446049250313081e-16
2.220446049250313081e-16
2.220446049250313081e-16
2.220446049250313081e-16
2.220446049250313081e-16
2.220446049250313081e-16
2.220446049250313081e-16
2.220446049250313081e-16
2.220446049250313081e-16
2.220446049250313081e-16
2.220446049250313081e-16
2.220446049250313081e-16
2.220446049250313081e-16
2.220446049250313081e-16
2.220446049250313081e-16
2.220446049250313081e-16
2.220446049250313081e-16
2.220446049250313081e-16
2.220446049250313081e-16
2.220446049250313081e-16
1.631892968572165938e-15
2.220446049250313081e-16
2.220446049250313081e-16
2.220446049250313081e-16
2.220446049250313081e-16
2.220446049250313081e-16
2.220446049250313081e-16
2.220446049250313081e-16
2.220446049250313081e-16
2.220446049250313081e-16
2.220446049250313081e-16
2.220446049250313081e-16
2.220446049250313081e-16
2.220446049250313081e-16
2.220446049250313081e-16
2.220446049250313081e-16
2.220446049250313081e-16
2.220446049250313081e-16
2.220446049250313081e-16
2.220446049250313081e-16
2.220446049250313081e-16
2.220446049250313081e-16
2.220446049250313081e-16
2.220446049250313081e-16
2.220446049250313081e-16
2.220446049250313081e-16
2.220446049250313081e-16
2.220446049250313081e-16
2.220446049250313081e-16
2.220446049250313081e-16
2.220446049250313081e-16
2.220446049250313081e-16
2.220446049250313081e-16
2.220446049250313081e-16
2.220446049250313081e-16
2.220446049250313081e-16
2.220446049250313081e-16
2.220446049250313081e-16
1.617358265076076989e-15
2.220446049250313081e-16
2.220446049250313081e-16
1.476283323874961674e-15
2.220446049250313081e-16
2.220446049250313081e-16
2.220446049250313081e-16
2.220446049250313081e-16
2.220446049250313081e-16
2.220446049250313081e-16
2.220446049250313081e-16
2.220446049250313081e-16
1.418062798486812436e-15
7.919926057702777103e-14
2.220446049250313081e-16
2.220446049250313081e-16
2.220446049250313081e-16
2.220446049250313081e-16
2.220446049250313081e-16
2.220446049250313081e-16
2.220446049250313081e-16
2.220446049250313081e-16
2.220446049250313081e-16
2.220446049250313081e-16
2.220446049250313081e-16
2.220446049250313081e-16
1.598194609468189619e-15
2.220446049250313081e-16
2.220446049250313081e-16
2.220446049250313081e-16
2.220446049250313081e-16
2.220446049250313081e-16
2.220446049250313081e-16
2.220446049250313081e-16
2.220446049250313081e-16
2.220446049250313081e-16
2.220446049250313081e-16
2.220446049250313081e-16
2.220446049250313081e-16
2.220446049250313081e-16
2.220446049250313081e-16
2.220446049250313081e-16
2.220446049250313081e-16
2.220446049250313081e-16
2.220446049250313081e-16
2.220446049250313081e-16
2.220446049250313081e-16
2.220446049250313081e-16
1.614533554136316997e-15
2.220446049250313081e-16
2.220446049250313081e-16
2.220446049250313081e-16
2.220446049250313081e-16
2.220446049250313081e-16
2.220446049250313081e-16
2.220446049250313081e-16
2.220446049250313081e-16
2.220446049250313081e-16
2.220446049250313081e-16
2.220446049250313081e-16
2.220446049250313081e-16
2.220446049250313081e-16
2.220446049250313081e-16
2.220446049250313081e-16
2.220446049250313081e-16
2.220446049250313081e-16
2.220446049250313081e-16
2.220446049250313081e-16
2.220446049250313081e-16
2.220446049250313081e-16
2.220446049250313081e-16
2.220446049250313081e-16
2.220446049250313081e-16
2.220446049250313081e-16
2.220446049250313081e-16
2.220446049250313081e-16
2.220446049250313081e-16
2.220446049250313081e-16
2.220446049250313081e-16
2.220446049250313081e-16
2.220446049250313081e-16
1.596487454975923668e-15
2.220446049250313081e-16
2.220446049250313081e-16
1.393701328383562773e-15
2.220446049250313081e-16
2.220446049250313081e-16
2.220446049250313081e-16
2.220446049250313081e-16
2.220446049250313081e-16
2.220446049250313081e-16
2.220446049250313081e-16
2.220446049250313081e-16
2.220446049250313081e-16
2.220446049250313081e-16
2.220446049250313081e-16
1.432510277417882370e-15
2.220446049250313081e-16
2.220446049250313081e-16
2.220446049250313081e-16
2.220446049250313081e-16
2.220446049250313081e-16
2.220446049250313081e-16
2.220446049250313081e-16
2.220446049250313081e-16
2.220446049250313081e-16
2.220446049250313081e-16
2.220446049250313081e-16
2.220446049250313081e-16
2.220446049250313081e-16
2.220446049250313081e-16
2.220446049250313081e-16
2.220446049250313081e-16
2.220446049250313081e-16
1.585103163833302216e-15
2.220446049250313081e-16
2.220446049250313081e-16
2.220446049250313081e-16
2.220446049250313081e-16
2.220446049250313081e-16
2.220446049250313081e-16
1.612734909358941042e-15
2.220446049250313081e-16
2.220446049250313081e-16
2.220446049250313081e-16
1.623307175041862935e-15
2.220446049250313081e-16
2.220446049250313081e-16
1.539079259152474161e-15
2.220446049250313081e-16
2.220446049250313081e-16
1.617253102397139079e-15
2.220446049250313081e-16
2.220446049250313081e-16
1.539138909273132122e-15
2.220446049250313081e-16
2.220446049250313081e-16
1.601068520447769354e-15
2.220446049250313081e-16
1.629401741443557172e-15
2.220446049250313081e-16
1.600233752205973877e-15
2.220446049250313081e-16
1.618497784461110948e-15
2.220446049250313081e-16
2.220446049250313081e-16
1.644601651131912886e-15
2.220446049250313081e-16
2.220446049250313081e-16
1.457461063418905441e-15
2.220446049250313081e-16
1.479779781603719113e-15
1.608607145884233442e-15
2.220446049250313081e-16
2.220446049250313081e-16
8.661168874184577526e-14
2.220446049250313081e-16
2.220446049250313081e-16
2.220446049250313081e-16
2.220446049250313081e-16
1.185049880267094241e-14
2.220446049250313081e-16
2.220446049250313081e-16
2.220446049250313081e-16
1.631327151457736407e-15
1.185321190028012651e-14
2.220446049250313081e-16
8.469596642117710533e-14
2.220446049250313081e-16
1.613556566157331287e-15
2.220446049250313081e-16
2.220446049250313081e-16
1.138519503567718404e-14
3.250993176565037391e-11
2.220446049250313081e-16
1.616288946536470965e-15
4.570668990919261500e-12
2.220446049250313081e-16
8.446095072432651061e-14
2.220446049250313081e-16
1.599836700155470662e-15
1.594524669080637314e-15
1.060648786942501950e-14
1.621264286716969623e-15
1.158733975031480471e-14
2.220446049250313081e-16
1.119628564965989242e-14
2.220446049250313081e-16
2.220446049250313081e-16
1.251331146344856227e-08
1.599344610408167903e-15
2.466185590703167359e-10
2.220446049250313081e-16
2.220446049250313081e-16
1.137332213782535937e-14
1.636004997746258755e-15
8.514115386584688037e-14
2.220446049250313081e-16
2.220446049250313081e-16
1.634153274808086452e-15
8.192965923319161519e-14
1.095110853257480338e-14
1.613278259571662111e-15
2.220446049250313081e-16
3.165279102347071092e-11
2.220446049250313081e-16
1.591293021420079513e-15
3.246977481587029817e-11
2.220446049250313081e-16
2.349362798088448062e-10
1.604245530429814811e-15
2.753391441851495679e-11
1.617071610082918128e-15
8.659856936311708316e-14
2.220446049250313081e-16
2.220446049250313081e-16
2.220446049250313081e-16
2.220446049250313081e-16
3.162189752101148268e-11
2.220446049250313081e-16
2.220446049250313081e-16
2.220446049250313081e-16
1.645895193527520182e-15
1.502088302133436679e-15
1.646370651022326114e-15
2.220446049250313081e-16
4.565794536348736112e-12
2.344522969019119698e-10
1.037447648033139687e-14
2.220446049250313081e-16
4.814700461523668503e-06
8.650348915477748241e-14
2.220446049250313081e-16
1.621168629473826348e-15
1.565647572625375590e-15
1.094177366358302638e-14
1.633516663622211806e-15
2.220446049250313081e-16
2.220446049250313081e-16
2.220446049250313081e-16
9.617041220548172850e-08
5.991198622565700931e-13
1.633800818557596917e-15
2.865934232548039995e-11
2.558112805473138642e-11
1.643339236008370855e-15
2.220446049250313081e-16
8.673792637760114575e-14
1.615091700736880366e-15
6.160628098184330364e-13
4.603294157390911118e-12
2.220446049250313081e-16
2.220446049250313081e-16
1.260741462748650019e-08
5.860290713357182743e-13
2.220446049250313081e-16
6.146542784201824682e-13
2.220446049250313081e-16
2.220446049250313081e-16
2.220446049250313081e-16
1.742880358153888004e-09
1.639423501116718483e-15
1.639488121752692427e-15
2.220446049250313081e-16
3.883908433521069270e+01
1.553574043233580670e-15
1.925432382740166414e-10
6.538324898212423838e-07
1.171596811018570071e-14
1.773976347924797594e-09
1.060986081222983353e-14
2.220446049250313081e-16
1.192453211206220482e-14
2.220446049250313081e-16
1.186753087963540311e-14
5.565018156904456572e-13
1.530223686248072193e-15
1.563764301758405478e-15
2.310465065498794586e-10
2.220446049250313081e-16
6.029098665914862550e-13
2.220446049250313081e-16
4.779579074982353333e-12
2.220446049250313081e-16
1.084864450720953420e-14
1.725996597187075741e-09
2.220446049250313081e-16
5.808457634305134357e-13
6.157715461870981393e-13
8.250254108043883893e-14
6.063267189430123031e-13
2.220446049250313081e-16
2.500957488399962883e-04
2.220446049250313081e-16
1.153878995309606360e-14
6.464625976354410500e-13
1.476226790995580835e-15
1.643827205552434204e-15
4.575135213852981820e-12
2.220446049250313081e-16
4.502901885946592783e-12
2.220446049250313081e-16
5.320591355149673518e+00
6.765806565916435518e-07
2.220446049250313081e-16
1.611471830532014893e-15
1.902976324288934047e-03
1.183133537590948279e-14
2.220446049250313081e-16
7.484220737894097253e-01
6.629654714616604275e-07
7.962151541292187389e-14
5.331381618195276673e+00
2.220446049250313081e-16
1.735147683583600725e-09
4.801366332823977068e+00
8.167401101315306075e-14
3.464753935780719642e-12
2.220446049250313081e-16
5.183877323772841272e+00
6.953561046485374230e-08
1.118890665681147670e-14
2.220446049250313081e-16
6.213851457827601707e-13
2.220446049250313081e-16
4.880621268372867420e-13
3.927331022546957229e+01
1.101704057349220473e-14
2.726863641353598970e-04
4.140781198477643699e+01
2.220446049250313081e-16
2.220446049250313081e-16
5.972244867201820603e-13
2.220446049250313081e-16
7.121764158555040636e-01
5.625873462814821708e-13
3.299898551920422734e-11
2.220446049250313081e-16
2.220446049250313081e-16
3.062147829955536135e-05
3.248252832423631718e-11
2.523117828054864287e+00
6.947421545944774920e-07
2.220446049250313081e-16
1.329538488254076826e-02
1.864311179194320630e-03
6.622266718248503875e-07
4.868698750549710116e-12
6.317138865948611122e-13
4.662965248533735078e-12
5.071595065327612950e+00
8.556222345111996709e-14
1.495997102847311575e-15
1.204897196278336344e-14
8.488625198930332184e-14
5.597459231349091453e-13
3.269834708754807195e+01
2.220446049250313081e-16
1.009637698271057019e-14
2.882420187119909727e+01
3.766205459805948408e+01
2.220446049250313081e-16
3.741308864977104776e+01
4.050466379809860484e+01
1.100496606864723543e-14
1.204883989133509397e-08
3.941275474502389642e+01
4.482381556066079158e-12
2.407783933586138067e-04
2.220446049250313081e-16
5.092692870420314044e+00
1.285087294413390577e-02
1.683751033456789785e-09
3.242921249510123616e+00
3.539341715939268014e-05
1.887799068369706715e-03
3.668953408677661798e+01
1.172949586619628009e-14
4.722953511450542763e+00
7.571754697850625881e-02
1.924876509175024904e-03
3.367394576954849111e-11
4.766926213686957529e-13
3.787227079666699581e+01
8.094646118100272236e-09
1.450629298264468927e-15
3.695314583157283295e+01
1.728187497082000514e-03
3.858708282981995552e+01
3.869538270692254400e+01
1.406619689670413065e-02
2.220446049250313081e-16
3.880098288109678606e+01
2.220446049250313081e-16
2.706984593283777852e-04
1.296365536980278787e-08
1.404307493016565371e-02
3.937921530624428357e+01
4.732277869015385519e-12
3.616048327748998759e+01
3.817931312730016202e+01
5.606423324107997708e+00
3.686008077969746211e+01
3.767428117454812764e+01
3.757805678681524486e-01
4.031111771279270073e+01
3.756792086168183431e+01
5.469375822329456405e+00
3.893871597384060124e+01
6.078308929538023167e-14
5.388984255963005232e+00
8.227041518866653469e-01
2.220446049250313081e-16
1.024228042671500843e-14
3.739792755086285325e+01
2.220446049250313081e-16
1.286427745225288489e-09
2.220446049250313081e-16
3.623678479064106028e+01
9.732866854283335707e-08
4.887267880598495040e+00
2.445565283614239860e+01
2.113067424753232743e-04
4.451077451835937664e-12
3.887295744046986101e+01
2.331365532311284637e-11
2.521877621074062272e-11
3.249133536062126419e-07
4.118374838357378565e+01
3.762406404900548296e+01
8.483876901824827137e-08
7.122830882065531721e-01
3.334647606668676190e+01
7.355143288438270588e-01
1.362603047646706970e-02
3.570069904098359359e+01
3.834592679746274513e+01
1.476234042840599561e-15
3.864013304756709033e+01
8.580788116494393537e-15
3.991064131335540566e+01
1.345304010576085071e-08
3.855358912335708510e+01
3.680761836710634327e+01
8.621945501006790307e-04
6.585194579126616809e-07
5.295123156055546509e+00
6.519720544977498644e-01
3.965125400961907332e+01
3.781219248675524369e+01
3.028770801118112439e-11
7.261649550158761783e-14
2.220446049250313081e-16
3.551815112616280601e+01
2.220446049250313081e-16
2.182447775833286515e-04
4.148421626297305904e-12
4.998906574381071996e-13
3.908946654446366864e+01
1.176060260806101832e-14
1.530591275000691294e-15
3.704611908275919063e+01
1.500141336927503833e-15
3.912636310561470054e+01
3.797143320500686769e+01
4.173835369801778228e+01
3.783859227304608908e+01
2.848107261753912434e-11
3.733688050924772028e+01
3.470584917517040680e+01
4.036562783097057405e+01
2.220446049250313081e-16
1.486456368573116640e-15
3.657763806443803389e+01
3.935386571513668486e+01
3.951676636743903970e+01
3.185329843394270810e+01
1.331181329499184861e-08
3.135096821983086499e-05
3.843665061071314426e+01
2.220446049250313081e-16
4.866218935351227515e+00
3.552253773938785031e+01
3.732459471959416675e+01
3.842414414395008748e+01
4.107475770457707398e+01
1.715795627574002741e-03
3.953458983526734727e+01
3.638868592839917682e+01
4.014989461867074994e+01
7.190172138168594638e-09
4.077219791961505990e+01
3.380545291350432535e+01
4.040121007526433061e+01
3.944598074437705293e+01
1.393805619351171433e-15
1.690276047951751182e-03
5.220711633992374701e+00
3.639920103159835918e+01
1.539175351159273053e-15
3.899987041639791840e+01
3.655716677545402149e+01
3.479538091280701906e+01
2.985499310630629566e+01
3.677052156251662751e+01
1.003856545367982911e-01
2.198305091773568165e+01
3.639865173952326671e+01
2.220446049250313081e-16
3.791437810434163680e+01
3.743837390238145701e+01
3.606205117148878969e+01
3.795569919958645499e+01
2.220446049250313081e-16
3.754946126857067412e+01
3.768566684556206026e-01
3.878540190503687768e+01
3.899478271898756532e+01
3.755812514935965396e+01
3.506462665829320713e+01
2.830937789174567598e+01
2.220446049250313081e-16
3.639594735800653069e+01
3.668811203501864071e+01
3.701611856848293769e+01
5.913798623827513923e-02
2.353414304655178313e+01
4.059798158117848743e+01
3.693066639072925028e+01
3.808650896161627486e+01
2.419295269971400231e+01
1.405027434247371154e+01
2.866415270563442164e+01
3.814836637295306332e+01
2.691155567408635463e+01
3.455665502546313608e-07
3.694988731150288430e+01
4.022304846341619111e+01
4.497996296120812532e-02
1.000597722194932405e-14
5.736390281173821145e-13
3.797703974643670932e+01
2.091099198813248705e+01
3.430095029821103481e+01
3.718353405353925467e+01
3.773971802724714308e+01
1.023968320789362813e-01
3.297932514665426851e+01
3.306546257977543490e+01
3.734058590983083548e+01
4.017907502796182939e+01
4.077176681860986918e+01
3.821080054018541716e+01
8.249662542041687274e-09
3.605735773797896826e+01
4.004747061381943496e+01
2.220446049250313081e-16
3.648585779718525293e-04
4.035682170138343139e+01
3.703165597185966362e+01
3.396391458627139315e+01
1.627919198119620603e+01
3.068966061051140670e+01
1.599428151269809995e+01
3.694946808652495918e+01
4.028566838253571092e+01
3.802293987833350286e+01
2.206541571317880090e-11
3.815221466375510317e+01
3.905698076604074487e+01
3.700010029527442157e+01
3.645424476861095858e-05
5.209301582821471932e+00
2.220446049250313081e-16
3.957373700502021308e+01
3.997706436775760608e+01
3.778706755726572197e+01
3.552189337762587940e+01
3.847805474539148918e+01
3.394597992641743645e+01
3.689619696145934569e+01
3.845163781141213377e+01
3.728187903499483014e+01
3.232629436888161223e+01
3.658928100799737848e+01
3.104394278706418575e+01
3.744298622615995242e+01
3.708870024200763282e+01
2.220446049250313081e-16
1.541773237349873682e+01
3.788882751377624203e+01
3.833758720430720501e+01
3.569332709266002013e+01
3.536368869988085351e+01
3.641712162139540254e+01
3.646475852929397377e+01
3.647420064519324967e+01
4.045487324281081953e+01
3.659512043864791764e+01
3.455280289936128924e+01
3.591396909059307063e+01
3.707965902948225079e+01
2.396854179193744727e+01
3.723200486451124647e+01
3.985136941272457278e+01
6.320932157219361081e-01
2.610079206443925059e+01
4.057905383337337213e+01
3.579912387674925611e+01
3.443930082964616446e+01
3.716323470900783121e+01
3.841961241648054681e+01
3.670490411450354173e+01
3.885138190040692052e+01
3.675825313692759977e+01
3.854631274683291053e+01
3.739594840786295293e+01
3.363552462661733244e+01
3.942605997157473752e+01
3.908990935777709552e+01
3.993692142749972618e+01
3.812084816590351011e+01
4.017408855981113192e+01
3.619816585936846565e+01
2.220446049250313081e-16
3.715727678494248210e+01
3.951263095633969868e+01
3.773114988635217770e+01
4.057563003820644809e+01
2.957256938345847530e+01
4.047701721896316229e+01
3.922279228955672892e+01
1.432510487657811812e-15
1.991841102320069723e+01
3.205632114933552401e+01
4.141825343879220611e+01
4.037058620497948169e+01
3.690749261029185391e+01
4.066198929129290462e+01
3.949410547464716359e+01
3.592851104726664602e+01
3.793924159568110355e+01
3.729213646008656013e+01
3.636353626828333319e+01
3.881763964715321436e+01
3.807958661941466261e+01
2.220446049250313081e-16
3.536055110878168506e+01
3.644662359245344874e+01
3.602401264061127506e+01
2.539797122397021312e+01
3.021806974407374113e+01
3.596020734820004350e+01
3.826783530665436928e+01
2.790979917881618633e+01
3.962227870926365370e+01
3.857519484422509493e+01
3.864874997396643863e+01
3.706786174712615178e+01
3.437633261308775445e+01
1.325958875143304523e-02
3.840961049726628573e+01
3.924564437849273446e+01
4.013203006133257844e+01
3.665731266501300212e+01
3.941812921125667657e+01
3.344283700672008308e+01
4.006415456406730158e+01
3.973284675395135679e+01
3.959286431336315104e+01
3.769866680390784808e+01
3.605249328664498165e+01
3.705595707958691776e+01
3.532395556513048263e+01
1.627774473939421895e+01
3.503131599914834737e+01
4.076042850445804788e+01
3.787261521832112265e+01
3.863243975043074840e+01
2.625148408216011120e+01
3.989934739016265297e+01
3.840934237912473748e+01
3.848949372358844556e+01
4.064826373895541423e+01
3.926324909896725757e+01
3.984479594204513830e+01
3.656738099405727382e+01
4.017413691444436807e+01
3.970986636376112955e+01
3.781528920185724019e+01
4.101387805108668516e+01
3.760088679883179452e+01
3.811903720014595365e+01
3.883003651627959840e+01
1.823972858167028832e+01
3.583972739786605644e+01
3.943970641121107690e+01
3.656221782864860614e+01
3.804721596270920259e+01
3.942590006328438079e+01
8.382783654069861899e-05
3.801105350034011110e+01
1.291729483720336269e+01
3.832521582851665443e+01
1.615554098799139027e+01
4.127923538735380049e+01
1.269353220899602164e+01
4.014355434893099073e+01
3.855081021828819843e+01
3.739847307037457824e+01
3.726211834886220942e+01
3.906358209398008796e+01
4.035381867829668323e+01
3.124404114960502810e+01
4.009103608538892871e+01
4.001772254451991273e+01
3.901249704954268793e+01
3.888477272134372953e+01
1.177221137736954759e+01
1.671401446517244693e+01
3.686215297399436963e+01
3.915999345672000231e+01
4.028133044782671135e+01
3.877320771990774517e+01
3.951746234952410219e+01
3.824204464114510671e+01
4.068917290505888928e+01
3.519439602970625458e+01
3.658161245638446246e+01
3.852682556588979423e+01
3.997033939014833237e+01
3.834119030555245189e+01
3.924400824002147203e+01
3.365890787996346489e+01
3.727420554751341086e+01
3.863145920746402595e+01
3.902030418084607533e+01
3.860539235410877268e+01
3.882228359127896766e+01
2.537815320452741830e+01
1.317086075772568243e+01
3.575362466794887695e+01
3.752029600490403283e+01
3.919129413586816213e+01
3.640777720545135310e+01
3.755226654992038959e+01
4.046137725287813680e+01
3.373627915364632912e+01
1.575923078337471495e+01
4.037619849280284257e+01
2.220446049250313081e-16
3.953855080198879079e+01
3.656709950998503444e+01
3.782066116956392676e+01
2.670270980671377004e+01
3.946534811827331879e+01
2.381582502940807800e+01
3.188431028274119683e+01
3.889533845423243008e+01
4.036585720311826719e+01
3.840897185101484013e+01
4.019570562968568339e+01
3.613898934485118275e+01
4.049679622696744019e+01
4.020282808867548141e+01
3.815407446831941485e+01
3.780206165938310647e+01
3.669682452704773823e+01
3.862304135402087724e+01
3.971173583019233178e+01
3.862973559057297024e+01
3.841186940178712916e+01
3.728537287141801215e+01
3.700150690476731796e+01
3.820072354650736202e+01
3.695796311939715650e+01
3.564149903149107956e+01
3.765948826210711786e+01
3.497701170345641231e+01
4.070428674479530429e+01
3.249701742520095848e+01
3.892642753961123248e+01
3.840295355632523666e+01
3.018065205483808455e+01
3.895951232283437093e+01
3.692391503836428512e+01
3.891680936324788576e+01
1.733563981165406531e+01
3.610331519656931931e+01
3.688136142304976062e+01
3.863196430976694273e+01
3.885463341757986200e+01
3.834041669014030163e+01
4.338682534882057951e+01
3.876955688109655540e+01
3.960308242521026756e+01
3.939820128017372269e+01
3.702401182438906346e+01
3.905843876723108110e+01
3.850028630124607076e+01
4.018582372538952541e+01
2.315714051927069406e+01
3.832530660535144307e+01
3.360824279951280147e+01
3.793993017034232906e+01
3.901140339025360504e+01
3.718830926519667202e+01
3.886206475392987159e+01
3.955596940355822255e+01
3.680390346884001218e+01
3.682282526745172646e+01
3.832581069827224240e+01
3.838042573197770224e+01
4.001168529430555054e+01
3.933477299647979208e+01
3.818755980898295377e+01
3.775227062548005819e+01
3.881136267357052816e+01
3.912960607041069494e+01
3.639147061762488988e+01
4.031420679693300002e+01
3.724362447194694425e+01
3.960417951555582761e+01
4.078707150428693495e+01
3.663667883526190394e+01
3.678655044379559058e+01
3.972450589938470955e+01
3.765981273449925482e+01
3.919113521282559987e+01
3.389640090834303265e+01
3.607600449260015552e+01
3.875818818567015711e+01
3.834371886730304624e+01
4.025855249377718792e+01
3.890692806289831651e+01
3.688895038514471025e+01
4.180633489776739964e+01
3.409416551621457359e+01
3.979084162300834038e+01
3.532958748336065469e+01
3.806065985276972441e+01
3.836489888339629317e+01
3.816881691395147413e+01
4.092601513922478773e+01
3.820448633955376749e+01
3.714731295791240484e+01
4.009666580886847953e+01
3.743849326896154395e+01
3.617145098449364582e+01
3.812175105847870782e+01
3.785471813550448417e+01
3.582382578623327163e+01
4.188370325713768239e+01
4.016755874291727935e+01
3.819772321940671844e+01
1.282691367480493660e+01
3.707207795331641620e+01
3.848213795975029683e+01
3.775342107706299544e+01
3.865271522617430122e+01
2.568211142455882978e+01
1.222406166882484335e+01
4.070345934128948784e+01
4.079734481024984660e+01
3.989324428601780426e+01
3.910654589903697342e+01
4.014229694200354714e+01
3.787381368441316454e+01
3.807644976952128246e+01
3.690037338553277380e+01
3.814731787236782168e+01
3.915613720556039112e+01
4.004135851169667859e+01
3.910372872850938109e+01
3.828581674487321607e+01
3.773585985933569020e+01
3.912017140527408543e+01
3.832775118821412264e+01
3.554944439483012530e+01
3.897919797389457131e+01
3.784651426030332289e+01
3.810198647739793643e+01
3.913340237281736478e+01
3.041715750386057948e+01
3.793645989262428486e+01
3.301599607212686749e+01
3.652030777830590580e+01
3.637453925042369463e+01
4.032150755516059348e+01
3.973346459939274666e+01
3.628080671913716060e+01
4.186468635496134283e+01
3.623200945656240890e+01
3.813065271237196185e+01
3.733888097822971730e+01
3.673839144174492333e+01
2.432363421880633680e+01
3.915262410662869996e+01
3.734960285932296387e+01
3.741632608984082253e+01
4.031570862386350029e+01
3.917568810793343204e+01
3.807930776197684963e+01
3.797676672368636019e+01
3.682042513615838430e+01
3.802541120462072399e+01
3.717518647605137261e+01
3.681799958904402104e+01
3.887503016973957415e+01
3.806056091692880727e+01
3.737894596911934997e+01
3.886257714203757985e+01
4.008997846567417866e+01
3.833960776054144759e+01
3.896179037223321728e+01
3.873103756509532047e+01
3.648869234247884208e+01
3.775277545382485300e+01
3.583166328485686591e+01
3.864185437606700191e+01
3.685808266273038214e+01
3.818119719279285817e+01
3.626869566978620441e+01
3.756817529351350515e+01
3.821703531147976918e+01
3.814897669071478958e+01
3.641496420450733495e+01
