2.220446049250313081e-16
2.220446049250313081e-16
2.220446049250313081e-16
2.220446049250313081e-16
2.220446049250313081e-16
2.220446049250313081e-16
2.220446049250313081e-16
1.543915430570371170e-15
2.220446049250313081e-16
2.220446049250313081e-16
2.220446049250313081e-16
2.220446049250313081e-16
2.220446049250313081e-16
2.220446049250313081e-16
2.220446049250313081e-16
2.220446049250313081e-16
2.220446049250313081e-16
2.220446049250313081e-16
2.220446049250313081e-16
2.220446049250313081e-16
2.220446049250313081e-16
2.220446049250313081e-16
2.220446049250313081e-16
2.220446049250313081e-16
2.220446049250313081e-16
2.220446049250313081e-16
2.220446049250313081e-16
2.220446049250313081e-16
2.220446049250313081e-16
2.220446049250313081e-16
2.220446049250313081e-16
2.220446049250313081e-16
2.220446049250313081e-16
2.220446049250313081e-16
2.220446049250313081e-16
2.220446049250313081e-16
2.220446049250313081e-16
2.220446049250313081e-16
2.220446049250313081e-16
2.220446049250313081e-16
2.220446049250313081e-16
2.220446049250313081e-16
2.220446049250313081e-16
2.220446049250313081e-16
2.220446049250313081e-16
2.220446049250313081e-16
2.220446049250313081e-16
2.220446049250313081e-16
2.220446049250313081e-16
1.524323961350725669e-15
2.220446049250313081e-16
2.220446049250313081e-16
2.220446049250313081e-16
2.220446049250313081e-16
1.606403667128650988e-15
2.220446049250313081e-16
2.220446049250313081e-16
2.220446049250313081e-16
2.220446049250313081e-16
2.220446049250313081e-16
2.220446049250313081e-16
2.220446049250313081e-16
1.547598543684044729e-15
2.220446049250313081e-16
2.220446049250313081e-16
2.220446049250313081e-16
2.220446049250313081e-16
1.646370651022324339e-15
1.493088785612332168e-15
2.220446049250313081e-16
2.220446049250313081e-16
2.220446049250313081e-16
1.598194609468182913e-15
2.220446049250313081e-16
2.220446049250313081e-16
2.220446049250313081e-16
2.220446049250313081e-16
2.220446049250313081e-16
2.220446049250313081e-16
2.220446049250313081e-16
2.220446049250313081e-16
2.220446049250313081e-16
2.220446049250313081e-16
2.220446049250313081e-16
2.220446049250313081e-16
2.220446049250313081e-16
2.220446049250313081e-16
2.220446049250313081e-16
2.220446049250313081e-16
2.220446049250313081e-16
2.220446049250313081e-16
2.220446049250313081e-16
2.220446049250313081e-16
2.220446049250313081e-16
2.220446049250313081e-16
2.220446049250313081e-16
2.220446049250313081e-16
2.220446049250313081e-16
2.220446049250313081e-16
2.220446049250313081e-16
2.220446049250313081e-16
2.220446049250313081e-16
2.220446049250313081e-16
1.616078433926914393e-15
2.220446049250313081e-16
2.220446049250313081e-16
2.220446049250313081e-16
1.152283657953661041e-14
2.220446049250313081e-16
2.220446049250313081e-16
2.220446049250313081e-16
2.220446049250313081e-16
2.220446049250313081e-16
2.220446049250313081e-16
2.220446049250313081e-16
2.220446049250313081e-16
2.220446049250313081e-16
2.220446049250313081e-16
2.220446049250313081e-16
2.220446049250313081e-16
1.602776934964433362e-15
2.220446049250313081e-16
2.220446049250313081e-16
2.220446049250313081e-16
2.220446049250313081e-16
2.220446049250313081e-16
2.220446049250313081e-16
1.605802612175843944e-15
2.220446049250313081e-16
2.220446049250313081e-16
1.630223893586122411e-15
2.220446049250313081e-16
2.220446049250313081e-16
2.220446049250313081e-16
2.220446049250313081e-16
2.220446049250313081e-16
2.220446049250313081e-16
2.220446049250313081e-16
1.189583495959104086e-14
2.220446049250313081e-16
1.599510656170385113e-15
2.220446049250313081e-16
2.220446049250313081e-16
1.519842199617395025e-15
2.220446049250313081e-16
2.220446049250313081e-16
2.220446049250313081e-16
2.220446049250313081e-16
2.220446049250313081e-16
2.220446049250313081e-16
2.220446049250313081e-16
2.220446049250313081e-16
2.220446049250313081e-16
2.220446049250313081e-16
2.220446049250313081e-16
2.220446049250313081e-16
1.629322189572498346e-15
2.220446049250313081e-16
2.220446049250313081e-16
1.579690547462689184e-15
2.220446049250313081e-16
2.220446049250313081e-16
2.220446049250313081e-16
2.220446049250313081e-16
1.174568862124051416e-14
2.220446049250313081e-16
1.512123988843043459e-15
2.220446049250313081e-16
2.220446049250313081e-16
2.220446049250313081e-16
2.220446049250313081e-16
2.220446049250313081e-16
2.220446049250313081e-16
2.220446049250313081e-16
2.220446049250313081e-16
2.220446049250313081e-16
2.220446049250313081e-16
2.220446049250313081e-16
2.220446049250313081e-16
2.220446049250313081e-16
1.146453604963485191e-14
2.220446049250313081e-16
2.220446049250313081e-16
2.220446049250313081e-16
2.220446049250313081e-16
2.220446049250313081e-16
1.603195007561172032e-15
2.220446049250313081e-16
2.220446049250313081e-16
2.220446049250313081e-16
1.636408511888123166e-15
2.220446049250313081e-16
8.601036965721533742e-14
2.220446049250313081e-16
2.220446049250313081e-16
2.220446049250313081e-16
1.622762486024626888e-15
2.220446049250313081e-16
1.635123508412908289e-15
2.220446049250313081e-16
2.220446049250313081e-16
1.157098529190273799e-14
2.220446049250313081e-16
2.220446049250313081e-16
2.220446049250313081e-16
2.220446049250313081e-16
2.220446049250313081e-16
2.220446049250313081e-16
2.220446049250313081e-16
2.220446049250313081e-16
2.220446049250313081e-16
1.497400352849974957e-15
1.599833008367495010e-15
2.220446049250313081e-16
2.220446049250313081e-16
2.220446049250313081e-16
2.220446049250313081e-16
1.186007726557759186e-14
2.220446049250313081e-16
2.220446049250313081e-16
1.135169982911445184e-14
1.463119789437318963e-15
1.508949217883623984e-15
2.220446049250313081e-16
2.220446049250313081e-16
2.220446049250313081e-16
2.220446049250313081e-16
1.551503579403275648e-15
8.669154728197916370e-14
2.220446049250313081e-16
2.220446049250313081e-16
1.484045217453058436e-15
1.646160274099459327e-15
2.220446049250313081e-16
2.220446049250313081e-16
2.220446049250313081e-16
1.631150681353291243e-15
1.623407125854810476e-15
2.220446049250313081e-16
2.220446049250313081e-16
9.086232053323116174e-08
1.603954153047205992e-15
2.220446049250313081e-16
1.645356595697295058e-15
2.220446049250313081e-16
2.220446049250313081e-16
3.354403366440898391e-11
2.220446049250313081e-16
1.534293474300033952e-15
1.497155047520400692e-15
2.220446049250313081e-16
1.437073413170699083e-15
3.212294760176331318e-11
2.220446049250313081e-16
2.282924166936919506e-04
1.589450438942379057e-15
1.617569433992653493e-15
2.220446049250313081e-16
1.628603299324447796e-15
2.220446049250313081e-16
1.574947222940782332e-15
2.220446049250313081e-16
1.186672252671997080e-14
1.618595234170316906e-15
1.560908830778863641e-15
2.220446049250313081e-16
2.220446049250313081e-16
2.220446049250313081e-16
2.220446049250313081e-16
1.534680910418083811e-15
1.549341686784847634e-15
2.220446049250313081e-16
2.220446049250313081e-16
1.559209470760551690e-15
2.220446049250313081e-16
2.220446049250313081e-16
2.220446049250313081e-16
8.558395210190364587e-14
1.610149173039346266e-15
1.615835011419580003e-15
4.504969299199926454e-12
2.220446049250313081e-16
2.220446049250313081e-16
1.643208394875590349e-15
2.220446049250313081e-16
2.220446049250313081e-16
8.426034812172699258e-14
2.220446049250313081e-16
8.727905966551241206e-14
2.220446049250313081e-16
1.620101513785926265e-15
2.220446049250313081e-16
1.141167093286765231e-14
1.178540471145199642e-14
8.286247225972117834e-14
2.220446049250313081e-16
1.126174570752081411e-14
2.220446049250313081e-16
8.924872778766752311e-14
1.575542467889371397e-15
1.952394901055133592e-03
1.626368905786541889e-15
2.220446049250313081e-16
8.686986774734384228e-14
1.635609717504262431e-15
2.220446049250313081e-16
4.572540092809345067e-12
1.173246527116529624e-14
2.117876976556391813e-10
1.133933442814250590e-14
2.220446049250313081e-16
2.220446049250313081e-16
2.220446049250313081e-16
2.220446049250313081e-16
2.220446049250313081e-16
2.220446049250313081e-16
9.046205183256475701e-08
7.789745295604744157e-01
8.532195050868510164e-14
2.309773284403525416e-10
2.220446049250313081e-16
2.476542183118674709e-10
8.549830444928836159e-14
1.259722371233979767e-02
1.630868975291819568e-15
4.527994470010344090e-12
3.196128477132782581e-12
6.198645888186658152e-13
2.220446049250313081e-16
1.457508328429223318e-15
1.611313738003308901e-15
2.809602832742476124e-04
2.220446049250313081e-16
2.220446049250313081e-16
2.220446049250313081e-16
6.098111329464792287e-13
1.114892309310856158e-14
1.183298779954966319e-14
2.220446049250313081e-16
3.057254314686229745e-11
2.220446049250313081e-16
2.220446049250313081e-16
2.220446049250313081e-16
1.935521189968001342e-03
1.393336483770143680e-15
2.220446049250313081e-16
1.548760690850673896e-15
1.205526166877991052e-14
1.170421965881886456e-14
8.182549450660476346e-14
2.220446049250313081e-16
8.280975099888594230e-14
1.077599043810803399e-14
5.733380398837365519e-13
1.153734391845809634e-14
3.321161681053924104e-11
9.529290525468835924e-08
2.285325689547951366e-10
4.427117833901156254e-12
1.151477067983958102e-14
1.617355459184294498e-15
2.220446049250313081e-16
4.800932266496242727e-06
9.064617559798490821e-08
4.509703867479540720e-12
2.220446049250313081e-16
1.163097911157921481e-14
2.220446049250313081e-16
3.898287044600007789e+01
8.514098083182235453e-08
2.220446049250313081e-16
1.321779571624315778e-08
3.181908885098346809e-11
1.042868938791762214e-14
6.328228277355114673e-13
1.014331269339823760e-01
1.073616770329342397e-14
2.377717161937424808e-10
6.196272491151104979e-13
2.386017082262309111e-10
2.220446049250313081e-16
2.220446049250313081e-16
1.526450615674528998e-15
4.047877003188112206e-12
2.395190966088436133e-10
3.296739527626354419e-11
1.034358242267191391e-01
8.242848899451775378e-14
5.046692592507067587e+00
2.220446049250313081e-16
1.155973418839030108e-03
2.220446049250313081e-16
2.220446049250313081e-16
1.753922578475567750e-09
1.612337602532632142e-15
2.220446049250313081e-16
2.220446049250313081e-16
1.245139998540874103e-08
2.220446049250313081e-16
3.620058057068192880e+01
8.179199769093245514e-14
1.250568177135289153e-08
1.079868225126792289e-14
1.242533734252002534e-08
1.067847667964292973e-14
2.220446049250313081e-16
2.281527536875008923e-10
1.312820900948696683e-02
6.045412681506991565e-13
5.300208107167103222e+00
4.010639611413696315e+01
2.411719001801662874e-10
2.220446049250313081e-16
1.633014815035637782e-15
4.850452709922172367e+00
3.411404087241820120e-05
1.046040140631378790e-01
2.220446049250313081e-16
2.941525961085221279e-11
5.401441121152920743e+00
3.914514997909339655e+01
2.784641542276341045e-04
1.542751025189180565e-15
4.937054967296418795e+00
1.772666110663234000e-03
2.220446049250313081e-16
1.535211855748472029e-15
3.534356607818431939e-12
1.112020190770948658e-08
1.521014778789785772e-15
6.887274155679610210e-01
9.427800370620772753e-08
2.220446049250313081e-16
3.933940967975806302e+01
4.971898772384430123e-06
9.900815661092139675e-02
2.220446049250313081e-16
1.875631485464432976e-03
4.662205709715785720e-12
3.838204350598108050e+01
1.739693749501478896e-09
1.129227930630520381e-04
2.670671473577846755e-04
2.466742816139560130e-10
2.220446049250313081e-16
1.214676096397455104e-14
3.803038456050924054e+01
3.912728676089903956e+01
3.766676407345577360e+01
2.220446049250313081e-16
7.807502728414052835e-14
5.042649144272375317e+00
1.491323953209705045e-15
2.340990091292338349e+01
3.066471539158267663e-06
6.534612243040511803e-01
6.960599812764524386e-02
1.592979754458612203e-15
4.045259032024235779e+01
3.540527103821365965e-05
3.580046201720956641e-12
1.535636806781336570e-09
1.175438180928441676e-14
2.220446049250313081e-16
4.857336525239662528e+00
7.442981196875531058e-01
1.624874105196138771e-09
5.386738911863958812e+00
1.226825560342565128e-09
5.089096835387269202e+00
3.746134983979638038e-06
7.260181570302571830e-01
2.220446049250313081e-16
1.051261263392607609e-14
3.769013070271969923e+01
5.806018119921093252e-08
1.586759303426434992e-15
3.808290408732803767e-12
1.356765876836754647e-02
3.945766258124885439e+01
3.760918728139666456e+01
1.201861374593644199e-02
3.861281850298573914e+01
2.220446049250313081e-16
3.915565861212429155e+01
3.145245274217469245e+00
1.661822022884834323e-10
6.850930998284077145e-02
5.466690417045987793e+00
1.176928967754345721e-14
2.220446049250313081e-16
3.766348314274802789e+01
1.604055032344949843e-09
8.956211775736878482e-08
9.896257429308605297e-15
3.788340253327825735e+01
3.852759728856524646e+01
2.633890860009902872e-11
5.211205612809010290e+00
5.409172634394277424e+00
1.516421282494337635e-09
6.335386264256104310e-07
5.366549271976707836e+00
1.009108203300001887e-02
3.794655763781412361e+01
3.795480148754505478e+01
3.788087469813373787e+01
3.940444029598467068e+01
3.039301185022864094e-11
2.688786197990911475e+01
3.860573333437900345e+01
3.604510180940078357e+01
3.824555106779700964e+01
3.699116064131841597e+01
5.137569374868012240e+00
3.066307902082384128e-05
6.756559547511168818e-14
3.715633528205503922e+01
4.031173618163852979e+01
2.220446049250313081e-16
2.220446049250313081e-16
3.878363194575031514e+01
4.381930542486858648e+00
3.786155811043296637e+01
6.671485753782402936e-07
3.240259413347223116e+00
3.511604566550452233e+01
3.822220914186668494e+01
6.525220724896518213e-08
8.673506531849423458e-09
3.946811876608162351e+01
3.694361577831602972e+01
4.132972279308376784e+01
2.220446049250313081e-16
3.806780900580810822e+01
3.848310427283882262e+01
2.155013134067508779e-04
3.795102471436169367e+01
2.368915413984329632e+01
3.644045333258756614e+01
4.049997723703204855e+01
3.744488064310172604e+01
6.889124272993814024e-01
3.728854507979558264e+01
3.720751752203791085e+01
3.875463930061471984e+01
2.921420462565124469e-11
3.996913141543903691e+01
3.840770753453559649e+01
3.873262818168606003e+01
2.220446049250313081e-16
4.151246674654721147e+01
2.220446049250313081e-16
3.641420200950088315e+01
2.220446049250313081e-16
2.258677628047380637e+01
3.235994651092520513e+01
3.802092156186888161e+01
2.220446049250313081e-16
3.391446390125089749e+01
5.074563073739050800e+00
3.775243483346751816e+01
3.372073711386035910e+01
3.572243071341129195e+01
3.977425486705543989e+01
3.651233913464006520e+01
3.427217482320350683e+01
3.749981371540042119e+01
3.760846485395976657e+01
3.420640090059160343e+01
4.060299518141162878e+01
3.960257442448192933e+01
3.798591569681483548e+01
3.703873951672145637e+01
3.961925452323853847e+01
3.296411378149738880e+01
4.475538772880091898e+01
3.613543326660698796e+01
3.670712004244813187e+01
3.869740279505190017e+01
3.595103191082760219e+01
3.566970646846015569e+01
3.692913691897090445e+01
5.770662331172134371e-07
2.690528307938370848e-04
3.987769733033267272e+01
3.767935913198833475e+01
1.923290606570734340e+01
3.777497627685087878e+01
8.795594171114452797e-02
3.909190559501256246e+01
4.083155041221487380e+01
3.980430578549142240e+01
4.029718134914223526e+01
3.290556981209501686e+01
4.075470979998886634e+01
3.770861740029386766e+01
3.775447586684857981e+01
2.220446049250313081e-16
3.948185930564807933e+01
3.821233864713733652e+01
3.604671509026832155e+01
2.220446049250313081e-16
4.382256243376092897e+01
3.532200748143776536e+01
4.048035490264813063e+01
3.932423326855140999e+01
3.250402539323590645e+01
3.943523712600357811e+01
4.078986094637208026e+01
3.582813222482200644e+01
3.673003508735438771e+01
4.160342842183967349e+01
2.227966581625347594e-11
3.679184206851237349e+01
3.628800676323874796e+01
3.808020188126913297e+01
3.873760404571051907e+01
2.220446049250313081e-16
3.769729972705838605e+01
3.829561969308957714e+01
3.932310817270836623e+01
4.068707364583861619e+01
1.175615444874652992e-14
6.530372569788344256e-07
3.322395771195287040e+01
3.608677131586468789e+01
4.089110978616458425e+01
3.608246723651349441e+01
3.895047275894291516e+01
3.536758398108474211e+01
3.945664874071412953e+01
4.145610350918666853e+01
3.838909147636370989e+01
2.216751799293693095e-10
2.220446049250313081e-16
3.717486318904032316e+01
3.636752936040713280e+01
3.266102505091744490e+01
3.698770654907113453e+01
3.962370084206921206e+01
4.083622802319361256e+01
3.454666270558495000e+01
2.220446049250313081e-16
4.010595433521838515e+01
3.996609670672939529e+01
3.839710179166085879e+01
3.503087972375209347e+01
3.954472707155522926e+01
3.876884780662395258e+01
3.809507078238689814e+01
3.429887339960374959e+01
3.906085589529204327e+01
3.785459813881640656e+01
3.783092134249287852e+01
6.539631013429151631e-03
3.407249509683391864e+01
4.022565827427330021e+01
3.928201469524791634e+01
3.984784177397928318e+01
3.876337664313636822e+01
3.785713010909256582e+01
2.121717681999676941e+01
3.648133665764048317e+01
4.046747559796147442e+01
1.574524951988746231e-10
4.055565633925828806e+00
3.826041964363501791e+01
4.016698743087395940e+01
3.864925981206057060e+01
4.039635006458690469e+01
3.006386718331594210e+01
3.812139737598280220e+01
2.687603769984459845e+01
3.955050420245729015e+01
3.924446956668109721e+01
3.796509018750322895e+01
3.781317696776617510e+01
3.874245479711406404e+01
4.052385564415057928e+01
4.026783673326961832e+01
3.664738045771101582e+01
1.605167462313594484e+01
3.816270099227035217e+01
3.488190032831105469e+01
3.995044657719596159e+01
3.913158188468367626e+01
3.258280895779981989e+01
3.685197964865798781e+01
3.694081747598350773e+01
3.353884789491120699e+01
2.009228632619215915e+01
4.098282100819069740e+01
3.559981695290596804e+01
2.220446049250313081e-16
3.937068790782526406e+01
3.844697175143983259e+01
3.321928984090895653e+01
3.769973018970041778e+01
3.825519106796452462e+01
4.057759730514626995e+01
3.916920246653366178e+01
3.777785140049542889e+01
3.588021029056583444e+01
4.009374892123895506e+01
3.764761710443734444e+01
3.818550749281145329e+01
3.842006773987250057e+01
2.626614053969243656e+01
4.872846566342201254e-13
3.963826147537764655e+01
3.206580110837361985e+01
3.997768466196660597e+01
3.663990007264739290e+01
3.935644573406092661e+01
4.003778607231630815e+01
4.038090744356941286e+01
3.740237391525454314e+01
1.787616578526715960e+00
4.008756221772196682e+01
3.982288219089755188e+01
4.053076318657377186e+01
3.874881531341441132e+01
3.346694104695817629e+01
3.645548355862772638e+01
3.775813586983796455e+01
3.573803142298800850e+01
3.393437620238319141e+01
3.612800459087314664e+01
3.834959974057142063e+01
3.831993932777076850e+01
3.985354652717403212e+01
3.759231277395651460e+01
3.787777016322841206e+01
3.738508497864174984e+01
3.825625763989400951e+01
3.729010888702428161e+01
3.182987255040577068e+01
3.764656465195565005e+01
3.652005587771670747e+01
4.008075085075110167e+01
4.049557920881915152e+01
3.794918881947785394e+01
3.639471700535933962e+01
4.054563460280553500e+01
3.283772902320771436e+01
3.836011193902417915e+01
3.968792706083409882e+01
3.725379484754063242e+01
3.870401242064821901e+01
3.741688953195976097e+01
3.871242767125208672e+01
3.828342820869223573e+01
3.060436196000331677e+01
5.862371920238904945e-03
3.760752143084499721e+01
3.888375341453346579e+01
3.997635078431670053e+01
3.956937199174301867e+01
3.776308067960982839e+01
3.562990749533093293e+01
3.383911047628330238e+01
2.102080788074436413e+01
3.791740507031857277e+01
3.789483536272643960e+01
3.757898041364763486e+01
3.621596991254263997e+01
3.921230118604803749e+01
4.082750408677846821e+01
3.213022247723463920e+01
4.045501489649569749e+01
3.968142578192931325e+01
3.517429387603797153e+01
3.928764533177744056e+01
3.808058543652580852e+01
3.846372994521026101e+01
3.619455661233368460e+01
3.974798639164001202e+01
3.444410110043287432e+01
3.441433346844814878e+01
3.940699904023468747e+01
3.812976149577110618e+01
3.874692722329038475e+01
3.223921466538244829e+01
3.952396285104014595e+01
3.927244192425916935e+01
3.912626767606352729e+01
3.748634561086516470e+01
3.822663411179932780e+01
3.185133545435980124e-02
3.757237367364118086e+01
2.892153376293408229e+01
3.603340910805118824e+01
4.037392293091393469e+01
3.421254791968331688e+01
3.986402639301978468e+01
3.724132732497660214e+01
3.570766521351490042e+01
3.912269756971380730e+01
2.220446049250313081e-16
3.946837529760129826e+01
3.431534961290844166e+01
4.164298810182163635e+01
1.452449546004620753e-10
2.553393650391878822e+01
3.082346735893340650e+01
2.377748839086591914e+01
4.067965654895194660e+01
3.863087533784631233e+01
3.708585969741424293e+01
3.679768503296792659e+01
4.074517775462361868e+01
3.812905438917959344e+01
3.708071306422456814e+01
3.891137666812474549e+01
3.861576673072462995e+01
3.727943592396368189e+01
1.580234317489514240e+01
3.911891449992769054e+01
4.090783244709939481e+01
3.553272083838129447e+01
3.319846182686372771e+01
3.643059260880875172e+01
3.773817263887321616e+01
2.149333110688958470e+01
2.012541958940937192e+01
3.507850334138058912e+01
8.921237337649148055e-05
3.791004736391974461e+01
4.010453868581696213e+01
3.537586946621846806e+01
3.971817596338257061e+01
4.173132918283765491e+01
4.279885252340817914e+01
3.784820484085750536e+01
3.910556353383961437e+01
3.863507266969473619e+01
3.727791711370137051e+01
3.853258694638960691e+01
3.734246582589958052e+01
3.749331138530970264e+01
3.617689767781045163e+01
3.721111202785389338e+01
3.809210633978034366e+01
3.819654086654461622e+01
3.864257427497405217e+01
3.823928342263640445e+01
3.831017217543908515e+01
4.002042365304422589e+01
3.859733447082477653e+01
3.938255074850216886e+01
3.784054908307957277e+01
3.766174718615396699e+01
6.796961304407680686e-07
3.563293701789551449e+01
3.889524090594301953e+01
3.059555633176650602e+01
4.027136834804685606e+01
3.836746869747526034e+01
3.844287349480172367e+01
3.671713516150763468e+01
4.066189471173302650e+01
4.030378711072236086e+01
3.647636077105571673e+01
1.154583666360614735e+01
3.905841697995449380e+01
3.867364769056299423e+01
3.857413189639659379e+01
2.850536885478536320e+01
4.054021285125564589e+01
4.080136227003418981e+01
3.793297419456170871e+01
4.226626819466063267e+01
1.241593633708458810e+01
3.787327449075009156e+01
3.867503058700350493e+01
3.655548217018974100e+01
3.610202164323640517e+01
4.081087443232330259e+01
3.860157779103430187e+01
3.806617272047997602e+01
3.865559524280387649e+01
3.841813003865951970e+01
3.956637226719350053e+01
3.723884808174798167e+01
4.096121812611854551e+01
4.292092072694250504e+01
3.855249099873616814e+01
3.795329585106900083e+01
4.138985360616781861e+01
3.965558540456814285e+01
3.662895830466890601e+01
4.024000962246762469e+01
3.974085194039881230e+01
2.705561711555950942e-16
4.069017625336687871e+01
1.716515817483895034e+01
3.661907850663614283e+01
3.893943304271208206e+01
3.948550700311128736e+01
3.782214017676277962e+01
3.852884547060794773e+01
3.665576183224087004e+01
4.021206099614992979e+01
3.423522051300025026e+01
2.330490147220450581e+01
3.754411133944147849e+01
3.310223483277197687e+01
3.778812907046823710e+01
3.725668549074986657e+01
3.720955347781555389e+01
3.348287609893944250e+01
3.877172753427648644e+01
3.939131064457041731e+01
3.554027621605435172e+01
3.537310100039201899e+01
1.401079282744464294e+01
3.980395990482388413e+01
3.754783436516279238e+01
3.868370727124548125e+01
4.091823356276225354e+01
4.144548050931179972e+01
3.912895192287123081e+01
3.996509275257084681e+01
3.910296677858569581e+01
3.848657034557070489e+01
3.825242713547247320e+01
3.621231525984998711e+01
3.936803541457834399e+01
3.812973971224206338e+01
3.406907473951569187e+01
3.844178170077839951e+01
4.063119106508973744e+01
4.039208776853853777e+01
3.869266869571090695e+01
3.711645638421308036e+01
3.947163791746257289e+01
3.977126724654517176e+01
3.844488206074333903e+01
2.718269570262037149e+01
3.804216084535882914e+01
3.803383866071509800e+01
3.777293853257123857e+01
3.974900514306666111e+01
3.810954660373052150e+01
3.610960446050460604e+01
3.800179519230219682e+01
3.920818850333127870e+01
3.848624093871197971e+01
3.943977116303141628e+01
3.727821197644113482e+01
4.000435104998763336e+01
4.123436318511235754e+01
3.829014506671497031e+01
3.698529078139867465e+01
3.959434318026978872e+01
3.820102572390440798e+01
3.875719244994558466e+01
3.740455230991450719e+01
3.651397240041013248e+01
3.829233673119676951e+01
3.677325494202553813e+01
3.826530942080133713e+01
3.675609891513958871e+01
3.768281317445920564e+01
3.709866669052767918e+01
4.154882175784315734e+01
3.844865578711272747e+01
3.755085839909899192e+01
3.958956748891056776e+01
3.849433413031361795e+01
4.035719757452703504e+01
3.889122572089934238e+01
3.810014508163545344e+01
3.765595051939423143e+01
4.072389615811324859e+01
3.828190600650284381e+01
3.606640785128409732e+01
3.971415966670868869e+01
3.980412195466256264e+01
3.974600708329049326e+01
3.843013954638892216e+01
3.886837801819011418e+01
3.771552328827198863e+01
3.985600399832178198e+01
3.794094340292917877e+01
3.761986079002389260e+01
3.946976868194906984e+01
3.736087860924992299e+01
3.914693058081519439e+01
3.894953060284597512e+01
4.121589929950723530e+01
3.842269004979525704e+01
4.004454613327501988e+01
3.791049323980458752e+01
3.928400868664274981e+01
3.811005990776801156e+01
3.755839463150924473e+01
3.865058670131428187e+01
3.827851063436514067e+01
3.844935605047603389e+01
