2.220446049250313081e-16
2.220446049250313081e-16
2.220446049250313081e-16
2.220446049250313081e-16
2.220446049250313081e-16
2.220446049250313081e-16
2.220446049250313081e-16
2.220446049250313081e-16
2.220446049250313081e-16
2.220446049250313081e-16
2.220446049250313081e-16
2.220446049250313081e-16
2.220446049250313081e-16
2.220446049250313081e-16
2.220446049250313081e-16
2.220446049250313081e-16
2.220446049250313081e-16
2.220446049250313081e-16
2.220446049250313081e-16
2.220446049250313081e-16
2.220446049250313081e-16
1.587994387751489639e-15
2.220446049250313081e-16
2.220446049250313081e-16
2.220446049250313081e-16
1.619106309927749481e-15
2.220446049250313081e-16
2.220446049250313081e-16
2.220446049250313081e-16
2.220446049250313081e-16
2.220446049250313081e-16
2.220446049250313081e-16
2.220446049250313081e-16
2.220446049250313081e-16
2.220446049250313081e-16
2.220446049250313081e-16
2.220446049250313081e-16
2.220446049250313081e-16
2.220446049250313081e-16
2.220446049250313081e-16
2.220446049250313081e-16
2.220446049250313081e-16
2.220446049250313081e-16
2.220446049250313081e-16
2.220446049250313081e-16
2.220446049250313081e-16
2.220446049250313081e-16
2.220446049250313081e-16
2.220446049250313081e-16
2.220446049250313081e-16
2.220446049250313081e-16
2.220446049250313081e-16
2.220446049250313081e-16
2.220446049250313081e-16
2.220446049250313081e-16
2.220446049250313081e-16
2.220446049250313081e-16
2.220446049250313081e-16
2.220446049250313081e-16
2.220446049250313081e-16
2.220446049250313081e-16
2.220446049250313081e-16
2.220446049250313081e-16
2.220446049250313081e-16
2.220446049250313081e-16
2.220446049250313081e-16
2.220446049250313081e-16
2.220446049250313081e-16
2.220446049250313081e-16
2.220446049250313081e-16
2.220446049250313081e-16
2.220446049250313081e-16
2.220446049250313081e-16
2.220446049250313081e-16
2.220446049250313081e-16
2.220446049250313081e-16
2.220446049250313081e-16
2.220446049250313081e-16
2.220446049250313081e-16
2.220446049250313081e-16
2.220446049250313081e-16
2.220446049250313081e-16
2.220446049250313081e-16
2.220446049250313081e-16
2.220446049250313081e-16
2.220446049250313081e-16
2.220446049250313081e-16
2.220446049250313081e-16
2.220446049250313081e-16
2.220446049250313081e-16
2.220446049250313081e-16
2.220446049250313081e-16
2.220446049250313081e-16
1.635179966529428026e-15
2.220446049250313081e-16
2.220446049250313081e-16
2.220446049250313081e-16
2.220446049250313081e-16
2.220446049250313081e-16
2.220446049250313081e-16
2.220446049250313081e-16
2.220446049250313081e-16
1.628446453666980192e-15
2.220446049250313081e-16
2.220446049250313081e-16
2.220446049250313081e-16
2.220446049250313081e-16
2.220446049250313081e-16
2.220446049250313081e-16
2.220446049250313081e-16
2.220446049250313081e-16
2.220446049250313081e-16
2.220446049250313081e-16
2.220446049250313081e-16
2.220446049250313081e-16
2.220446049250313081e-16
2.220446049250313081e-16
2.220446049250313081e-16
2.220446049250313081e-16
2.220446049250313081e-16
2.220446049250313081e-16
2.220446049250313081e-16
2.220446049250313081e-16
2.220446049250313081e-16
2.220446049250313081e-16
2.220446049250313081e-16
2.220446049250313081e-16
2.220446049250313081e-16
2.220446049250313081e-16
2.220446049250313081e-16
2.220446049250313081e-16
2.220446049250313081e-16
2.220446049250313081e-16
2.220446049250313081e-16
1.626966902905919673e-15
2.220446049250313081e-16
2.220446049250313081e-16
2.220446049250313081e-16
2.220446049250313081e-16
2.220446049250313081e-16
2.220446049250313081e-16
1.519842075628116772e-15
2.220446049250313081e-16
2.220446049250313081e-16
1.617463146052061668e-15
2.220446049250313081e-16
2.220446049250313081e-16
2.220446049250313081e-16
2.220446049250313081e-16
2.220446049250313081e-16
2.220446049250313081e-16
2.220446049250313081e-16
2.220446049250313081e-16
2.220446049250313081e-16
2.220446049250313081e-16
2.220446049250313081e-16
2.220446049250313081e-16
1.639670449211312443e-15
2.220446049250313081e-16
2.220446049250313081e-16
2.220446049250313081e-16
1.152878120072707351e-14
2.220446049250313081e-16
2.220446049250313081e-16
2.220446049250313081e-16
2.220446049250313081e-16
1.631472000743180038e-15
2.220446049250313081e-16
2.220446049250313081e-16
2.220446049250313081e-16
2.220446049250313081e-16
2.220446049250313081e-16
2.220446049250313081e-16
2.220446049250313081e-16
1.206277812357678320e-14
2.220446049250313081e-16
2.220446049250313081e-16
2.220446049250313081e-16
2.220446049250313081e-16
2.220446049250313081e-16
1.194197037357597216e-14
2.220446049250313081e-16
2.220446049250313081e-16
2.220446049250313081e-16
2.220446049250313081e-16
2.220446049250313081e-16
2.220446049250313081e-16
2.220446049250313081e-16
2.220446049250313081e-16
2.220446049250313081e-16
1.259183827295136860e-08
2.220446049250313081e-16
2.220446049250313081e-16
5.941988372257516283e-13
1.157370667802829096e-14
1.207936504398885446e-14
1.083668488321898155e-14
1.626469373614376760e-15
1.636274739962197387e-15
1.600470696738618497e-15
2.220446049250313081e-16
2.220446049250313081e-16
2.220446049250313081e-16
2.220446049250313081e-16
2.220446049250313081e-16
2.220446049250313081e-16
2.220446049250313081e-16
2.220446049250313081e-16
2.220446049250313081e-16
2.220446049250313081e-16
2.220446049250313081e-16
2.220446049250313081e-16
1.152204006620307338e-14
1.610149168552729844e-15
2.220446049250313081e-16
2.220446049250313081e-16
8.480530998820640866e-14
2.220446049250313081e-16
1.489390123979601819e-15
1.170943073007908775e-14
1.118246284191168544e-14
1.448975137895782183e-15
2.220446049250313081e-16
2.220446049250313081e-16
1.173943754444441331e-14
1.191873109299086447e-14
2.220446049250313081e-16
4.710950228583789856e-12
1.393701328383563562e-15
6.268397350199065692e-13
2.220446049250313081e-16
1.630864374962038869e-15
8.516427718845582212e-14
1.418062793095075747e-15
2.220446049250313081e-16
8.781965684495406248e-14
2.220446049250313081e-16
1.319711162228498668e-08
6.270574290864430579e-13
1.644874465708805553e-15
2.220446049250313081e-16
1.550426464046393262e-15
1.479804802484977750e-15
2.220446049250313081e-16
1.564914606028389823e-15
2.220446049250313081e-16
1.621417892620101126e-15
6.152284267817643003e-13
2.220446049250313081e-16
8.048593136045354458e-14
2.220446049250313081e-16
1.104444630973106677e-14
2.220446049250313081e-16
6.274608870109094109e-13
1.185991151046924562e-14
1.581502501172500830e-15
1.625874564179705844e-15
2.220446049250313081e-16
2.220446049250313081e-16
1.155698665227526248e-14
4.288849521072134855e-12
2.220446049250313081e-16
2.220446049250313081e-16
2.220446049250313081e-16
1.626299575700492408e-15
6.182792383337965741e-13
8.635392952438607164e-14
1.613521324840418364e-15
8.370896415720687799e-14
1.600470696718683390e-15
2.220446049250313081e-16
2.220446049250313081e-16
1.646212856726716198e-15
6.137262430179308233e-13
1.631546778419670850e-15
1.717627454308196726e-09
2.220446049250313081e-16
4.457084348005247000e-12
2.220446049250313081e-16
1.261664713823463521e-08
1.060104365435089776e-14
8.517965144980099337e-14
2.220446049250313081e-16
2.220446049250313081e-16
1.514821988056189998e-15
2.220446049250313081e-16
8.579798704637001455e-14
2.220446049250313081e-16
2.220446049250313081e-16
8.696141093162943261e-14
6.216548256606912687e-13
1.162430890304170008e-14
2.220446049250313081e-16
1.139132819161825821e-14
2.220446049250313081e-16
2.220446049250313081e-16
2.220446049250313081e-16
1.563014547923748567e-15
2.220446049250313081e-16
2.220446049250313081e-16
2.220446049250313081e-16
4.557915220819964045e-12
1.184836908645444243e-14
6.157501062122377079e-13
2.337065949190422233e-10
1.549057743775349239e-15
2.620426271442606050e-04
1.505582251539205767e-15
2.220446049250313081e-16
1.196036802816107874e-14
2.220446049250313081e-16
2.220446049250313081e-16
1.204265263849838165e-14
1.629713533766828932e-15
2.220446049250313081e-16
1.051966335118534360e-14
4.724045825393372307e-12
2.220446049250313081e-16
1.047957057925684718e-14
2.331733076149204423e-10
1.627781950294740562e-15
7.716730041956483057e-14
8.722411298825406693e-14
2.220446049250313081e-16
1.468115046334614784e-15
6.247866170406818254e-13
1.582488892516960121e-15
1.627551889162641351e-15
1.138300909915189773e-14
2.220446049250313081e-16
1.943547502618298006e-03
8.513918183362491899e-08
2.220446049250313081e-16
3.000375043349810697e-11
4.146053832224895844e-12
2.220446049250313081e-16
2.220446049250313081e-16
1.189254890721530103e-14
6.353624135282307480e-13
6.354500337859576409e-13
2.220446049250313081e-16
1.625032759032542955e-15
2.220446049250313081e-16
1.393694859335568379e-15
1.168724322636695275e-14
1.205603111695901634e-14
2.220446049250313081e-16
1.470789388334171541e-02
3.507521066102354723e+01
2.220446049250313081e-16
2.358803002608069542e-10
1.194980105614277945e-14
3.588066484042185347e-05
4.929900387318971261e-06
1.638673882971182627e-15
2.220446049250313081e-16
1.178871445511725294e-14
5.510439736934101776e-13
2.461207947758726204e-10
2.220446049250313081e-16
4.485140192697424709e-12
5.951500187522574339e-13
2.832145397196828180e-11
1.514795320082222318e-15
2.220446049250313081e-16
2.220446049250313081e-16
1.253297249668839167e-02
4.520506733319956497e-12
1.062320632682835775e-01
2.384278587542346194e-10
2.220446049250313081e-16
1.429756848220706856e-09
1.614777953697851122e-15
2.220446049250313081e-16
1.552038573777646944e-15
4.537626693523282065e-12
1.893523456121742193e-03
1.611380011161723668e-15
2.220446049250313081e-16
2.220446049250313081e-16
8.203011878448036319e-14
4.445064738113912966e-12
3.542035858966389951e-05
7.960870117769897303e-14
2.220446049250313081e-16
1.024745689898177298e-01
9.652287928404015860e-08
6.014968688934170043e-13
1.951060174584638272e-10
1.619411592323835654e-15
6.599862136240742842e-07
2.702375919650950733e-11
4.267256754120359735e-02
4.395653281263765036e-12
3.859466503740615195e+01
3.820118076763412063e+01
1.226524180458853990e-08
1.087551618782307479e-14
9.334371853207800115e-08
2.220446049250313081e-16
2.220446049250313081e-16
2.338476249498124937e-04
5.252839557105178692e+00
3.317448612912019080e-11
1.393430793809383668e-09
5.249704982039683721e+00
5.283279197574877628e+00
5.506508906931208180e-13
7.124401754489134192e-14
2.220446049250313081e-16
7.184741918633472668e-01
1.522147308014848674e-15
2.220446049250313081e-16
5.229878687956047045e+00
3.728667112348758650e+01
1.125161649670180277e-14
4.552624830292369818e-12
1.141607704102936217e-14
2.220446049250313081e-16
2.220446049250313081e-16
1.617039654197321144e-09
2.220446049250313081e-16
3.185834520260312599e-11
2.220446049250313081e-16
9.150831382441904535e-08
1.602905104206847831e-15
1.880162460228615093e-03
3.868632727985188606e-06
4.598223955580579282e-12
1.855421114615755311e-04
2.024789452063012821e-03
6.382108332392424438e-07
3.913259322047587574e+01
3.298980282338385450e+01
3.580970885757536217e-05
2.220446049250313081e-16
4.903570011512608777e-06
3.522948546301414297e+01
3.721006603916855937e+01
5.119940975583678764e-13
5.253090368830814150e+00
1.047735924074692867e-14
7.065022707228655330e-01
1.046601455714586820e-01
1.532917126085525650e-15
2.220446049250313081e-16
1.132912444382371192e-14
6.821995840328909053e-07
2.058840301592884003e+01
4.873058810298403223e-13
3.989228385643180985e+01
5.808968981470569703e-13
7.707427820385092793e-08
2.916282545804402797e-11
4.576295691350755703e-12
1.949899639324229571e-03
1.024396329623141338e-01
4.852647309164549227e+00
5.886845571306673007e-08
1.733447675399069491e-09
4.881530906253241531e-06
4.856620677066626257e+00
8.931658481539890512e-08
5.078740967765775771e+00
3.345119014469111180e-05
6.728620662641845550e-08
5.394783852127561609e-13
3.509637013745654349e-05
6.863792011998087750e-01
1.419432292935424726e-09
1.488745406968639487e-15
6.826167760579626882e-07
1.233395562370846917e-02
4.150524781682069373e-06
1.624128937966619333e-09
3.194465332641544552e-06
2.220446049250313081e-16
6.315373471758699286e-02
7.114203228475005636e-01
7.282101169027346277e-01
2.220446049250313081e-16
1.725016086834227315e-03
1.215055654703731750e-14
6.622716282766767930e-14
3.847290956922979888e+01
3.667150119265830455e+01
3.782427739178569936e+01
1.248082126222115756e-02
1.135925349136264549e-14
2.220446049250313081e-16
4.661842513781471264e-06
1.392840422860680723e-02
1.643283632991630181e-09
2.593292958279012852e-11
5.317654113321958143e+00
5.066180533122860652e+00
2.220446049250313081e-16
3.991989570377106133e+01
6.211206706880439244e-08
3.793606931222517886e+01
4.475703976090565827e-06
2.816308814030152969e-05
1.045895389671710849e-09
3.963332271069549506e+01
3.881381727702869711e+01
2.220446049250313081e-16
2.220446049250313081e-16
4.548441211374972676e-02
8.623573210341204625e-14
5.329550928080503347e+00
3.809627225728824129e+01
2.220446049250313081e-16
1.448029143859569222e-09
3.985963147012682839e+01
3.518543714581409176e+01
2.220446049250313081e-16
3.706829379973858352e+01
3.830765574683893249e+01
5.217999263783239527e+00
3.679527614201578700e+01
1.993438351968675713e-03
2.422044867820233804e+01
1.302119955503372607e-08
3.969119546617010741e+01
1.644436279648863450e-15
3.696735855009090699e+01
3.763950780783630989e+01
3.475029889612027034e+01
1.241508381915501394e-04
3.926821183943359017e+01
2.220446049250313081e-16
3.827400967162255796e+01
2.220446049250313081e-16
3.586762578015144953e+01
2.220446049250313081e-16
4.180854049111037267e-06
3.845678056172072701e+01
4.997212405501430066e-13
3.302226293136536128e+01
3.833733133060684395e+01
4.002721683122991436e+01
2.133072173679737560e+01
3.831149544227812243e+01
3.971219681626644871e+01
3.451429648772415671e-12
4.665236642748052747e-12
3.612237263119740760e+01
6.185184528540612486e-02
3.959215136459282292e+01
2.220446049250313081e-16
7.198245294859602073e-01
3.992675680351371170e+01
3.691558235994705939e+01
5.037746162182205723e+00
3.824021943618773633e+01
3.643509552187971678e+01
3.745740446737213603e+01
3.810518657150468869e+01
3.672954907736677654e+01
3.912786740478694725e+01
1.839371630972508418e-03
7.093970980116039993e-01
3.969861656497614177e+01
1.548654009384960550e-15
4.318205869073800329e+01
3.396950329031063376e+01
2.631438695275407724e+01
3.688246625213844965e+01
3.737000574250799900e+01
5.170372230912465561e+00
3.423289073662630955e+01
3.907557346651793750e+01
3.861471426113023853e+01
1.295386105320569213e-02
3.895502920499779265e+01
2.220446049250313081e-16
3.996872130463774653e+01
3.834397505793677396e+01
2.291587762456789856e-04
3.828567270932897060e+01
3.579915970075271048e+01
8.261439387644671673e-14
2.933932836020292712e+01
3.958593639886132820e+01
1.200041997062105245e-09
7.125078585979491841e-01
3.821154708265199673e+01
3.827015952786511832e+01
3.465859436496275237e+01
3.868854404251307955e+01
3.777496354282232716e+01
3.866746346698879222e+01
1.190405913284550699e-02
4.102198981885472762e+01
2.220446049250313081e-16
3.463825663743384808e+01
3.834300853788386831e+01
3.632372002083072715e+01
3.838775835104282663e+01
1.953593759115270245e+01
3.832015490388054246e+01
3.332007407128818244e+01
3.600909040089209867e+01
3.800269426979671294e+01
3.906215798723933119e+01
3.499510469553603542e+01
3.986443486690799887e+01
3.695294845742785839e+01
3.707258714981745129e+01
4.103988550169137569e-12
2.497384187684017220e+01
4.009024453110370700e+01
3.922027629060865905e+01
2.339277998664208980e+01
3.736140318975707686e+01
3.924505186070863516e+01
3.163091360680914477e+01
3.843525064385099910e+01
1.704334828196268603e+01
3.565607859081691799e+01
1.906201735323378443e+01
3.689711713893920830e+01
3.491212352758975612e+01
4.058107987426707552e+01
3.982678333262525427e+01
3.588081105059673348e+01
3.691589237474781982e+01
3.838943340000385973e+01
3.595900968955187404e-01
3.667795907081572437e+01
3.394513975886850687e+01
3.794581907427718903e+01
3.567575715117163071e+01
2.235867274776205704e+01
3.905062075863536108e+01
3.861819796043143072e+01
3.663582687273567018e+01
1.262873785795107749e-02
2.220446049250313081e-16
3.401552985684234898e+01
3.650127225914998519e+01
1.917968061180338690e+00
2.220446049250313081e-16
3.983136464710187852e+01
3.757701638115929654e+01
4.003675136035278825e+01
3.791127714191119935e+01
3.828454657364395786e+01
2.072407302921023486e+01
3.987446519297456149e+01
3.804385888176536668e+01
2.766219256219372724e+01
3.988175945400205791e+01
3.755269872238558548e+01
3.695817217217470585e+01
3.716224762764176148e+01
4.080111069671561097e+01
3.890957884630331876e+01
3.583651408126103632e+01
3.120185730448866579e+01
3.739354669039666845e+01
3.959901824215371136e+01
3.687651374769491497e+01
3.725111381150958323e+01
3.771688659570076396e+01
3.647087026533251475e+01
4.033195878542874624e+01
3.851561649256048980e+01
2.772538561707879268e+01
3.280177056842441630e+01
3.955753875398886521e+01
3.790131725698408616e+01
3.975070115943637461e+01
3.592319529354560359e+01
3.804794575309993832e+01
4.116970349935073870e+01
3.425961047687450645e+01
3.654714556423666494e+01
9.487246542335638385e-15
3.668774819324759306e+01
2.729140481083191361e+01
3.924440154782512735e+01
4.208641147529625925e+01
3.759495693500638680e+01
3.994188447404592068e+01
4.048197949738929680e+01
4.040208373832614086e+01
3.770659159504378266e+01
3.793275184805408884e+01
3.769807524357817385e+01
3.809220218646354539e+01
3.916114381961526902e+01
1.229210212435145528e-09
1.861315427919659982e+01
4.014956414597440215e+01
4.432018951212932656e-01
2.871772941894472098e+01
3.929828022147653144e+01
3.516596627363027494e+01
3.989981744247283757e+01
4.080264281347097466e+01
4.052022549950428498e+01
1.487019597454065345e-15
3.794741857150180664e+01
4.081826958854395571e+01
3.859338512644343666e+01
3.754428009491233098e+01
3.988271117944500332e+01
3.847065307187766336e+01
3.673362971997919857e+01
3.709880941164708190e+01
4.133332522945323717e+01
2.220446049250313081e-16
3.878644259122412308e+01
3.912042182828587045e+01
3.697795218683491214e+01
3.500839400443137350e+01
3.585324147212168100e+01
1.528184376265942204e-15
3.872811182914104222e+01
2.986833283632702774e+01
3.971290835080806403e+01
3.810088877833237575e+01
3.870274689566711857e+01
3.996284807491934288e+01
3.856748235120463875e+01
3.383666164370609408e+01
3.883999855937634749e+01
3.881813614343003138e+01
1.516079821270881353e-15
3.550451046207378880e+01
1.949980176147047217e+01
4.072812745976185766e+01
4.133999536425983479e+01
1.351721250976196664e+01
3.630863391988840050e+01
3.815973038743155143e+01
2.971277032804153251e+01
3.648509246797002703e+01
3.775992147239952601e+01
3.785175425886507838e+01
3.622397341538770377e+01
3.749999550349494370e+01
3.516831740873578838e+01
3.878841725182045508e+01
3.398796015708074947e+01
3.915596357280922746e+01
3.815133046768153946e+01
3.242970383867950801e+01
3.796415324664089042e+01
3.912227267141057041e+01
3.710743501189587334e+01
2.938705698634162644e+01
3.555155135328518412e+01
3.844860873271240820e+01
4.029501420006324253e+01
3.382265738230837115e+01
3.974433994505373846e+01
3.855140991184043031e+01
4.090521772791235833e+01
4.120346622869493558e+01
3.708947274092464141e+01
3.618443439398951966e+01
3.827116173578158254e+01
3.891260278666024419e+01
3.816268454581724257e+01
4.087992225610456387e+01
4.005394430713323572e+01
2.211148570238679767e+01
3.645510371138153261e+01
3.364857476627276611e+01
3.743982118640696655e+01
3.911310361941032454e+01
3.945209662632706227e+01
3.906075460653894993e+01
3.773402123168788336e+01
3.964194838445109781e+01
3.520494837162129897e+01
3.612657391593909040e+01
4.089975601848907871e+01
3.985079724997176953e+01
3.774433385020900289e+01
3.902351728554538113e+01
3.854143626501205233e+01
3.528786624938883421e+01
4.052816867620981611e+01
3.726048251134718470e+01
3.935015817066182109e+01
3.352155897798137829e+01
3.630424903473443266e+01
3.805674555831065220e+01
3.904300566628732838e+01
3.646354961871267619e+01
3.973036506391395051e+01
3.664160163585160745e+01
3.863265766377916322e+01
4.007955226340960309e+01
4.195586674460993493e+01
3.709534429411223044e+01
3.956560275085288225e+01
3.935288949116768009e+01
3.768428772162702955e+01
3.427154841595488222e+01
3.122492265274306789e+01
3.955637464833122863e+01
3.599655513870452950e+01
1.679509119455391541e+01
3.709372504982665220e+01
3.639234905683653665e+01
2.643318491658583014e+01
3.968647490395972710e+01
3.786973730898160539e+01
4.090231557555370046e+01
3.706644718360379187e+01
3.845368755094421687e+01
3.879892152871737210e+01
1.690125220344918944e+01
3.728333451450679092e+01
3.702876347785828415e+01
4.005712934649077539e+01
3.877821549062127104e+01
3.657132429039258881e+01
4.140142786178397216e+01
3.503362993764719135e+01
3.916997514524553026e+01
1.879198981301965077e+01
3.973868011717520687e+01
3.958758127505088709e+01
3.876977474032488402e+01
3.777429578560530388e+01
3.859744503010863781e+01
3.793404947436669516e+01
3.784631438365013878e+01
3.701295216591042703e+01
3.898492593253600091e+01
3.888964027079340013e+01
2.953678024358755749e+01
4.012005072038397913e+01
2.372969202009391765e+01
3.698332879074327906e+01
2.904466102497721991e+01
4.021683288665421685e+01
3.933605375627170275e+01
3.374009692587595310e+01
3.644566783341564786e+01
3.836111133595569811e+01
3.934111772705350774e+01
4.132727430045598993e+01
3.890440706932314185e+01
3.355427136994499193e+01
3.826888683048925799e+01
1.498834843207345058e+00
3.409373058047193439e+01
3.821934575381433064e+01
3.852071208370856681e+01
3.882062696237277066e+01
3.853813859003185627e+01
1.997344374147518664e+01
3.734846041278220952e+01
3.853441642316503390e+01
3.620699632063811180e+01
2.615616800519635632e+01
2.722181343343789806e+01
3.933231142771144562e+01
3.786728861087737386e+01
3.824811529012962552e+01
3.803405274748605081e+01
3.784353296964282976e+01
3.739498898872666643e+01
3.336469541497751834e+01
3.837072850134924096e+01
3.837727965590685386e+01
3.772490523357253522e+01
4.120841526389556009e+01
3.800073936129409446e+01
4.023595400396714439e+01
4.135677255588652201e+01
3.900314751935657398e+01
3.972875135198269447e+01
3.891751809858490674e+01
3.832685660666664518e+01
2.267826785320474769e+01
3.770369751849011664e+01
3.573959757417363647e+01
3.872625145114232481e+01
3.482456768785120005e+01
3.933142087407257748e+01
4.031533833288585811e+01
2.423095606672746527e+01
3.460931692556597028e+01
3.909945633915639718e+01
3.894210136940571942e+01
3.689995182647347605e+01
3.498993952978867128e+01
3.830945163831297151e+01
3.910729678990788472e+01
3.893884610153858006e+01
3.927725816612930032e+01
3.710362035778474876e+01
3.768407354127947428e+01
3.697036925335200408e+01
3.969089854103155801e+01
3.681050598984868572e+01
1.217935589388407536e+01
3.915429341116185213e+01
3.790024419827685875e+01
3.389725885982605291e+01
3.956557383782318738e+01
3.837053575940247896e+01
4.075849492773198079e+01
3.682623706077189496e+01
3.912486902809297362e+01
3.744096398477675791e+01
3.945987410499719061e+01
3.983109671221451720e+01
4.212324489657753901e+01
3.738595087432502595e+01
3.916772744401399819e+01
4.065667572858900058e+01
3.844724554395566685e+01
3.808242035547732485e+01
4.014469089456866868e+01
3.906960281215859254e+01
4.004090367636616321e+01
3.756475849094623953e+01
3.777162536513497315e+01
3.862971463483941648e+01
4.149476283197489579e+01
3.661619374311202080e+01
3.856092783818818504e+01
3.970340419140335797e+01
4.088331676235972623e+01
3.827331261296992437e+01
4.008752324412346013e+01
3.865639468235757192e+01
3.986194133494780090e+01
3.802706827962737179e+01
3.917228884384778098e+01
3.913866061976737853e+01
3.847196558668683508e+01
3.631002803722734740e+01
3.800762811224726789e+01
3.209865075488640684e+01
4.021093013352483325e+01
3.776023807800717691e+01
3.743455733760175264e+01
3.934564080050890311e+01
3.764619156422200064e+01
4.022198310408296607e+01
3.718901843064292478e+01
3.799032328911136602e+01
3.931216283704025471e+01
3.786646439456157509e+01
3.818568988821980525e+01
3.704675724279076832e+01
3.958997674835060110e+01
3.915295946109907277e+01
3.797715158630504106e+01
3.993663463278009118e+01
3.942399793743544478e+01
3.841584261198163830e+01
3.990996907604264976e+01
3.896104314782575528e+01
3.940287087692029644e+01
3.892823624580260855e+01
3.957014904517698994e+01
3.801267631659337098e+01
3.894914529085790633e+01
2.356403390892883820e+01
3.822798691937416748e+01
3.750269526621045912e+01
3.808820242978057280e+01
3.879646854101765285e+01
3.844728559598480189e+01
3.584965381804850892e+01
3.800667076194132932e+01
3.799511281733887813e+01
3.908380444159028144e+01
3.829750912600517410e+01
4.148935981951623830e+01
3.828763719551652400e+01
3.737876252624636209e+01
4.040833898705703575e+01
3.652726652561522513e+01
3.736019231840232635e+01
3.700210106801857535e+01
3.963626054903212292e+01
3.720976538379783705e+01
3.993794075302677271e+01
3.694838631638799598e+01
3.784307568555693280e+01
3.527242458457691043e+01
3.894806721275312356e+01
3.986446165398119490e+01
3.822373122918619970e+01
3.925717693650663165e+01
4.152816786941286153e+01
3.891871157210683663e+01
3.801862223599911061e+01
3.735306282973549230e+01
3.701698097551103928e+01
