2.220446049250313081e-16
2.220446049250313081e-16
2.220446049250313081e-16
2.220446049250313081e-16
2.220446049250313081e-16
2.220446049250313081e-16
2.220446049250313081e-16
2.220446049250313081e-16
2.220446049250313081e-16
2.220446049250313081e-16
2.220446049250313081e-16
2.220446049250313081e-16
2.220446049250313081e-16
2.220446049250313081e-16
2.220446049250313081e-16
2.220446049250313081e-16
1.638610981931021487e-15
2.220446049250313081e-16
2.220446049250313081e-16
2.220446049250313081e-16
2.220446049250313081e-16
2.220446049250313081e-16
2.220446049250313081e-16
2.220446049250313081e-16
2.220446049250313081e-16
2.220446049250313081e-16
2.220446049250313081e-16
2.220446049250313081e-16
2.220446049250313081e-16
2.220446049250313081e-16
2.220446049250313081e-16
2.220446049250313081e-16
2.220446049250313081e-16
2.220446049250313081e-16
2.220446049250313081e-16
2.220446049250313081e-16
2.220446049250313081e-16
2.220446049250313081e-16
2.220446049250313081e-16
2.220446049250313081e-16
2.220446049250313081e-16
2.220446049250313081e-16
2.220446049250313081e-16
2.220446049250313081e-16
2.220446049250313081e-16
2.220446049250313081e-16
2.220446049250313081e-16
2.220446049250313081e-16
2.220446049250313081e-16
2.220446049250313081e-16
2.220446049250313081e-16
2.220446049250313081e-16
2.220446049250313081e-16
2.220446049250313081e-16
1.587982467358215238e-15
2.220446049250313081e-16
2.220446049250313081e-16
2.220446049250313081e-16
2.220446049250313081e-16
2.220446049250313081e-16
2.220446049250313081e-16
2.220446049250313081e-16
2.220446049250313081e-16
2.220446049250313081e-16
2.220446049250313081e-16
2.220446049250313081e-16
2.220446049250313081e-16
2.220446049250313081e-16
2.220446049250313081e-16
2.220446049250313081e-16
2.220446049250313081e-16
2.220446049250313081e-16
2.220446049250313081e-16
2.220446049250313081e-16
2.220446049250313081e-16
2.220446049250313081e-16
2.220446049250313081e-16
2.220446049250313081e-16
2.220446049250313081e-16
1.418062798486812633e-15
2.220446049250313081e-16
2.220446049250313081e-16
2.220446049250313081e-16
2.220446049250313081e-16
2.220446049250313081e-16
2.220446049250313081e-16
2.220446049250313081e-16
2.220446049250313081e-16
2.220446049250313081e-16
1.483027440046692902e-15
2.220446049250313081e-16
2.220446049250313081e-16
2.220446049250313081e-16
2.220446049250313081e-16
2.220446049250313081e-16
2.220446049250313081e-16
2.220446049250313081e-16
2.220446049250313081e-16
2.220446049250313081e-16
2.220446049250313081e-16
2.220446049250313081e-16
2.220446049250313081e-16
2.220446049250313081e-16
2.220446049250313081e-16
2.220446049250313081e-16
2.220446049250313081e-16
2.220446049250313081e-16
2.220446049250313081e-16
2.220446049250313081e-16
2.220446049250313081e-16
2.220446049250313081e-16
2.220446049250313081e-16
2.220446049250313081e-16
2.220446049250313081e-16
2.220446049250313081e-16
2.220446049250313081e-16
2.220446049250313081e-16
2.220446049250313081e-16
2.220446049250313081e-16
2.220446049250313081e-16
2.220446049250313081e-16
2.220446049250313081e-16
1.612221392921539797e-15
2.220446049250313081e-16
2.220446049250313081e-16
2.220446049250313081e-16
2.220446049250313081e-16
2.220446049250313081e-16
2.220446049250313081e-16
1.605835695515592451e-15
2.220446049250313081e-16
2.220446049250313081e-16
2.220446049250313081e-16
2.220446049250313081e-16
1.615618942695126524e-15
2.220446049250313081e-16
2.220446049250313081e-16
2.220446049250313081e-16
2.220446049250313081e-16
2.220446049250313081e-16
2.220446049250313081e-16
2.220446049250313081e-16
2.220446049250313081e-16
2.220446049250313081e-16
2.220446049250313081e-16
2.220446049250313081e-16
2.220446049250313081e-16
2.220446049250313081e-16
2.220446049250313081e-16
2.220446049250313081e-16
2.220446049250313081e-16
2.220446049250313081e-16
2.220446049250313081e-16
2.220446049250313081e-16
2.220446049250313081e-16
2.220446049250313081e-16
2.220446049250313081e-16
1.455781265005939857e-15
2.220446049250313081e-16
6.242964894267623096e-13
2.220446049250313081e-16
2.220446049250313081e-16
2.220446049250313081e-16
2.220446049250313081e-16
2.220446049250313081e-16
2.220446049250313081e-16
2.220446049250313081e-16
2.220446049250313081e-16
1.589262174247955545e-15
2.220446049250313081e-16
2.220446049250313081e-16
2.220446049250313081e-16
1.178709774224910219e-14
2.220446049250313081e-16
1.510206548514129377e-15
2.220446049250313081e-16
2.220446049250313081e-16
1.483027132005440502e-15
2.220446049250313081e-16
1.610522505363556734e-15
2.220446049250313081e-16
1.168689674636522126e-14
2.220446049250313081e-16
2.220446049250313081e-16
1.591291032184645635e-15
1.442850099586636243e-15
1.646318112229680089e-15
2.220446049250313081e-16
2.220446049250313081e-16
2.220446049250313081e-16
2.220446049250313081e-16
2.220446049250313081e-16
2.220446049250313081e-16
1.163707244880812893e-14
8.441091206007046110e-14
1.633310737303393749e-15
1.615103106909221859e-15
2.220446049250313081e-16
2.220446049250313081e-16
2.220446049250313081e-16
1.603799430990604837e-15
1.641418538410017342e-15
1.194443296123773950e-14
2.220446049250313081e-16
1.562557580914656151e-15
2.220446049250313081e-16
1.526382401268171930e-15
2.220446049250313081e-16
2.220446049250313081e-16
8.511030471866466524e-14
1.473364376285352352e-15
2.220446049250313081e-16
2.220446049250313081e-16
2.220446049250313081e-16
2.220446049250313081e-16
1.556957278683049432e-15
2.220446049250313081e-16
1.579690550579269178e-15
1.617358262830116431e-15
2.220446049250313081e-16
2.220446049250313081e-16
2.220446049250313081e-16
2.220446049250313081e-16
2.220446049250313081e-16
4.396700435808883649e-12
1.139681375823371047e-14
1.177112871118852020e-14
2.220446049250313081e-16
2.220446049250313081e-16
2.220446049250313081e-16
2.220446049250313081e-16
2.220446049250313081e-16
1.607167228448200896e-15
1.615968115267631171e-15
1.609923916858496953e-15
1.590491464213840024e-15
1.642749749809986843e-15
2.220446049250313081e-16
2.220446049250313081e-16
2.220446049250313081e-16
2.220446049250313081e-16
2.220446049250313081e-16
2.220446049250313081e-16
1.599666823817588615e-15
2.220446049250313081e-16
1.575242185891136855e-15
1.749624051053584342e-09
2.220446049250313081e-16
2.220446049250313081e-16
2.220446049250313081e-16
2.220446049250313081e-16
1.184715308119169379e-14
6.127337860224046269e-13
2.220446049250313081e-16
8.669493236470899116e-14
2.220446049250313081e-16
2.220446049250313081e-16
2.220446049250313081e-16
1.632676289211615383e-15
2.220446049250313081e-16
6.289573134974680821e-13
2.220446049250313081e-16
2.220446049250313081e-16
4.544090196080874391e-12
2.220446049250313081e-16
1.529594007989950405e-15
1.035491703549885708e-14
2.220446049250313081e-16
1.132541922426991503e-14
2.220446049250313081e-16
1.521011598945502951e-15
1.646312496988245289e-15
1.064416322443949539e-14
2.220446049250313081e-16
9.998075940381667560e-15
2.220446049250313081e-16
2.220446049250313081e-16
2.220446049250313081e-16
2.220446049250313081e-16
2.220446049250313081e-16
2.220446049250313081e-16
2.220446049250313081e-16
2.220446049250313081e-16
8.649890913567260074e-14
2.220446049250313081e-16
5.890429308290494403e-13
1.542020347039282251e-15
8.774332166180561540e-08
2.220446049250313081e-16
1.186254369107198841e-14
1.173869432180142763e-14
2.220446049250313081e-16
2.220446049250313081e-16
2.220446049250313081e-16
1.766689220749051404e-09
2.220446049250313081e-16
3.338359811107478978e-11
2.220446049250313081e-16
2.220446049250313081e-16
2.220446049250313081e-16
1.161159588045394245e-14
2.220446049250313081e-16
1.059294089925243868e-14
2.220446049250313081e-16
2.220446049250313081e-16
1.642008709928971820e-15
2.220446049250313081e-16
2.220446049250313081e-16
1.576617208245803771e-15
1.576328706341800093e-15
2.220446049250313081e-16
2.220446049250313081e-16
3.998820545130428158e-12
2.220446049250313081e-16
1.272104259804058009e-08
2.220446049250313081e-16
2.220446049250313081e-16
2.220446049250313081e-16
8.670108049213784957e-14
2.220446049250313081e-16
2.220446049250313081e-16
2.220446049250313081e-16
2.220446049250313081e-16
1.486522621081623226e-15
7.890897572797214287e-14
2.220446049250313081e-16
2.220446049250313081e-16
4.384119035295369447e-13
2.220446049250313081e-16
2.220446049250313081e-16
1.040527830526591914e-14
8.191970651563304463e-14
2.220446049250313081e-16
4.626736550132691565e-12
1.685165102007837186e-09
2.547062624637369392e-04
8.353529918916542197e-14
8.266876937034732776e-14
6.430022834754104812e-13
2.220446049250313081e-16
1.564899094298290883e-15
2.220446049250313081e-16
1.537683994093091821e-15
1.812430818054162028e-03
1.609968067761598268e-15
5.587469716083768138e-13
2.220446049250313081e-16
4.355134164476790636e-12
2.220446049250313081e-16
8.468178129185353104e-14
2.220446049250313081e-16
4.476357382442006870e-12
3.204236012857167346e-11
1.485997542567498032e-15
1.566007825918598722e-15
6.168537007490176560e-13
8.298021254956765196e-14
3.723278253680124994e-12
1.559209496452841027e-15
3.872981677171677006e+01
8.007413075115511566e-14
1.137350107109197649e-14
2.220446049250313081e-16
2.220446049250313081e-16
6.921817563771476787e-07
1.550798490621103275e-15
2.235612396474681792e-10
6.030284922398214903e-13
2.220446049250313081e-16
1.672393081016846428e-09
2.220446049250313081e-16
2.220446049250313081e-16
2.220446049250313081e-16
5.580882096677585346e-07
6.320725940486442448e-13
3.402080036245002545e-11
1.153903690628146156e-14
1.643267469024165885e-15
8.155931325365187438e-14
4.155069884455848846e-12
3.830656334751240166e+01
3.980103868988613414e+01
1.405036226205503766e-02
3.726123375718926667e+01
7.735415295965398980e-14
2.220446049250313081e-16
1.483687025053571740e-15
4.966816802749804083e+00
2.220446049250313081e-16
1.171511595982290554e-14
8.519144539265569188e-14
1.262494695930094390e-08
4.583068254168953915e-12
5.286192818378214753e+00
3.914142090756426029e+01
1.202384467203332458e-14
3.430232491758273904e-05
3.912983454896573932e+01
5.193250688655205449e-01
2.220446049250313081e-16
3.755211530547310863e-12
2.294134449730964628e-04
4.131755115659048160e-12
9.823363774805693449e-02
2.220446049250313081e-16
1.062011822228128380e-14
4.580387191237060266e-12
5.382565816479836348e-07
1.515876339592610890e-15
1.969877235786837624e-04
4.296056591729831907e-12
1.034154196891927639e-14
3.890247886477358463e+01
2.326075959321637131e-10
2.220446049250313081e-16
3.190165983158854396e-11
4.317188899020639436e-12
1.799152205424658124e-09
2.220446049250313081e-16
1.864219430036509472e-10
2.220446049250313081e-16
2.220446049250313081e-16
2.527119179480727365e-10
2.220446049250313081e-16
3.785143191651539496e+01
1.387067859439829014e-02
1.497573404841468515e-15
1.084091422539589587e-14
3.739301901362839686e+01
1.557427101594757337e-15
2.004061486352209064e-03
1.156975993729452312e-14
1.152701057138639249e-14
1.104113473059820428e-08
1.414302525797032396e-02
2.220446049250313081e-16
1.481729051288815597e-15
3.671512007475729656e-05
7.729438489862866376e-14
4.907059157677624625e-06
3.594040672368063127e+01
2.220446049250313081e-16
3.791612529074162252e-05
1.308748428684676420e-09
3.123097505632858826e-11
1.540560079382288499e-15
1.442857575343743756e-15
3.315377603112946190e-12
1.759084095615199897e-09
6.661158839715043412e-01
8.358298214169645202e-06
1.357095545762862683e-02
2.220446049250313081e-16
3.954335056792134395e+01
3.039303374286369240e-05
3.726103752859569340e+01
2.879956745949034089e-11
2.220446049250313081e-16
5.539275165618648522e+00
1.457501875035824811e-02
2.631857088542675612e-11
3.426293074184817396e-11
1.449665285957181353e-02
4.219279757786051732e+01
5.214127500487336420e+00
2.911883656184961509e-11
7.267221699619064168e-01
3.656524671625561318e-05
3.590861969691759015e+01
2.220446049250313081e-16
1.536885828546173699e-15
3.837803505629981147e-12
4.092180319626750418e+01
4.368367439429113658e-12
1.468070630194483495e-15
3.756209380588587976e+01
2.220446049250313081e-16
8.172350747181963611e-14
3.740521576516282209e+01
3.649365750845316825e+01
3.605071134082731987e+01
5.116805369012301874e+00
1.519840270189024495e-15
9.905063698930917747e-15
3.837628291201910713e+01
3.617396147078368318e-01
3.993746500591995385e+01
7.573993556827645079e-01
3.973986907994541440e+01
3.664900751975805093e+01
3.667841338048967259e+01
3.396457686895366294e-05
3.794435031172299944e+01
5.356594613676036509e+00
2.220446049250313081e-16
2.220446049250313081e-16
8.314151026614362575e-14
1.702445896050480153e-09
1.687993890025268537e-04
1.563758628073048918e-15
1.051554234902104891e-14
4.154431821063196395e+01
1.133012266105280342e-14
3.973357630546946950e+01
3.787213775004664740e+01
3.883699200513228789e+01
7.792701925544751607e-01
1.560580433084412741e-15
3.734130089024555588e+01
5.590040312943417966e+00
4.589019867108213191e+00
4.170910631703953940e-12
3.342757998150972483e-12
1.827603797050913706e-09
1.764517201272829735e-03
3.921417613485736098e+01
6.934867754438316378e-01
3.756683952086383727e+01
3.697545531048209710e+01
3.764893880561731976e+01
5.633742924157125429e-13
3.483091239055277535e-05
3.763377399752069152e+01
3.797046293896258362e+01
8.873321510951137791e-09
3.112852127552407566e+01
5.446704543319159875e+00
3.826945668843831783e+01
1.513456633084900286e-15
5.417866960928861886e+00
3.719688995292954559e+01
1.043485023557930592e-03
4.751590299049095224e-13
4.445340754647046618e-06
3.683157034108345584e+01
2.220446049250313081e-16
1.244577780040423713e-03
4.376596772693098595e-12
1.280214185519411296e-02
3.809833061834652312e+01
3.798800901060089075e+01
1.859987555765875911e+01
4.079054521062978722e+01
3.848556290443365668e+01
2.326603390260302362e+01
3.484218373708812777e+01
3.915085065996545666e+01
3.741158122829222066e+01
1.498428003918472278e-10
3.820094491666718994e+01
4.052813678918841589e+01
2.949518324104781097e+00
3.661218424696782137e+01
3.784396467602213221e+01
3.869286722738435458e+01
9.755313313010069716e-15
3.054979459311672585e+01
1.795855440087509034e-03
4.515654057410685627e-12
3.850734056547261019e+01
3.704575187898245048e+01
1.216190344578692272e-14
3.834711411155392113e+01
3.604467058158432735e+01
3.695337433236577596e+01
2.220446049250313081e-16
5.470829244880348163e+00
3.398583575135620549e+01
3.935662994807493931e+01
1.404205198196883768e-02
3.379545723110595645e+01
3.654308783863601207e+01
5.424543956803288935e+00
3.745741345714142767e+01
5.958177209971904988e-13
3.653776270517755620e+01
3.628786029162648674e+01
1.271118752848661351e-03
5.606867351227109886e+00
6.354661199488372825e-01
2.552377534955944682e+01
3.757571654061410271e+01
3.754491079798818731e+01
3.600617690589321995e+01
2.220446049250313081e-16
3.815798898010922358e+01
3.893605290620723736e+01
3.936688863081101175e+01
5.140361675645901407e+00
3.772526478091162261e+01
3.470227801004003965e+01
3.649264519619210745e+01
9.018187197930391252e-02
3.667170071729507441e+01
4.021984306062409331e+01
3.129293216137428502e+01
2.033583139274050211e+01
3.913231030446757330e+01
3.756573717081970898e+01
3.644808026014119662e+01
2.526191963959971698e+00
4.011431378264699532e+01
3.786743700444135641e+01
3.667212820638388848e+01
3.449421311665087586e+01
3.785439298701057709e+01
2.305939787005002461e+00
3.492923152165176504e+01
3.405128753894397420e+01
3.724488146377209574e+01
3.232210938425077273e+01
3.499884797143233328e+01
3.903232754847590513e+01
3.681785215204659778e+01
3.745369976560210290e+01
3.753240470726730393e+01
3.151703969098547375e+01
4.044514820943122402e+01
8.378555349638687606e-14
3.786366076523784585e+01
4.345541842482420947e+01
4.257245807645590219e+01
3.868504872879741896e+01
4.039755357422360049e+01
3.926143017968461635e+01
2.479287293943221471e+01
2.281921867126584906e-04
3.473372527874978033e+01
3.916584038174348592e+01
3.947580273847081145e+01
3.816815934133179411e+01
3.908770869190836805e+01
2.140596934390304185e+01
3.789363400623384592e+01
3.294329241857838042e+01
3.804618787163318672e+01
3.907715257244433360e+01
3.130654033936020397e+01
3.898861852811918283e+01
3.824981284622393218e+01
4.129154634744303110e+01
3.447944339282705783e+01
1.773929694373331500e+01
2.505007189718003957e+01
3.964289333696442696e+01
3.867765903169801334e+01
3.869163507912019639e+01
3.837692177430226792e+01
3.908656443276552039e+01
3.719963438158499969e+01
3.899375649850490788e+01
3.774231475858131546e+01
3.908459315069264051e+01
2.220446049250313081e-16
3.695141923283514984e+01
6.485976247073144130e-02
2.220446049250313081e-16
3.909211026537432332e+01
1.035784037087212067e-14
6.220972677693805477e-14
3.799364231164271644e+01
3.719951173672677669e+01
3.818171211009212840e+01
3.752300272533712189e+01
4.025777817639504974e+01
3.628582517341359903e+01
2.976343429157851261e+01
2.984524260815288343e+01
4.070864385177139155e+01
3.411710050285864781e+01
3.863281088662428431e+01
2.018010775471890028e+01
3.495307226315175342e+01
3.920882297353941937e+01
4.486929509795060295e-12
3.869258263056133984e+01
3.746297375896126880e+01
3.806056510875772148e+01
3.830609871043861148e+01
3.661016982239492989e+01
3.490352647874802727e+01
3.828107438570547316e+01
3.874463499316301096e+01
3.876695927691451971e+01
3.669854592218089806e+01
3.890535406256861961e+01
2.220446049250313081e-16
3.612728686387325894e+01
3.820267503678599041e+01
3.452822802267010616e+01
3.734383916992393182e+01
4.052630350877551280e+01
3.883270092421023634e+01
3.812185003298468189e+01
3.913259710399299962e+01
2.568948710315646977e+01
1.786494826489400367e+01
3.475639478029462737e+01
3.878662715304356823e+01
4.102653505824367386e+01
4.048391798183870094e+01
3.722709555545279869e+01
3.620906370612450331e+01
3.977392971409698674e+01
4.100646282143296872e+01
3.874564556021268658e+01
3.788592400697347529e+01
4.005997336864813008e+01
3.696509531205957444e+01
3.724952056268526945e+01
3.736907592457388461e+01
3.819710576840419236e+01
3.669578429389540730e+01
3.719089784749431971e+01
3.556197108820008879e+01
3.457780063934323778e+01
3.773234983795726549e+01
3.379988753095626919e+01
3.938880020845441976e+01
3.769700301982360457e+01
4.054472814306024020e+01
3.655448630154466372e+01
3.820516942926886372e+01
4.069983810710316874e+01
3.748217393072685866e+01
3.862386148801651586e+01
3.710420229120172309e+01
4.031450839851173384e+01
4.073546050198688562e+01
2.220446049250313081e-16
3.872567825946546805e+01
3.993087928507493700e+01
4.020401597844787034e+01
3.796133806400255395e+01
2.735961406806709917e+01
3.837612680182024860e+01
3.660875131618512057e+01
3.538098175232109810e+01
4.006934994502638148e+01
3.373179382564997297e+01
2.916136470023714722e+01
3.575142847864521656e+01
3.538643176304945115e+01
3.851608634402303011e+01
3.587449682317151911e+01
3.963399544099794980e+01
3.005250777509751003e+01
3.928800158352149197e+01
3.850781424981163781e+01
3.757322544437565170e+01
4.291649561299791369e-13
2.443788867888645555e+01
3.637824456516199234e+01
3.808257749923107127e+01
3.962090771082308294e+01
3.702202054497216466e+01
3.978574689502858064e+01
3.793631673950422822e+01
3.860747534977159034e+01
3.935387356452628183e+01
2.469750467955983453e+01
3.627942564505990930e+01
3.867831103772162038e+01
3.897903086191094957e+01
3.585552116848139548e+01
1.405110625908557776e-10
3.693125234820675473e+01
3.876694639526971997e+01
3.733780145890435875e+01
3.723792357174682621e+01
3.780608158299514088e+01
3.862800763757786626e+01
3.895742040946243634e+01
3.991940038505236288e+01
4.043183733211978392e+01
3.721248135065675200e+01
3.566732943867924632e+01
4.104858631735645247e+01
2.672345164919661187e+01
3.865400354491433177e+01
2.577953364064640596e+01
3.800308839580709730e+01
3.898103711085667555e+01
3.740206587382991898e+01
3.583551531271888990e+01
3.936783302508970195e+01
3.763138570467299360e+01
3.582721455909048558e+01
3.972060638205203276e+01
4.130697224255963107e+01
3.132496211094552763e+01
4.093836363797795030e+01
3.383071374308686075e+01
3.606286477028019988e+01
3.429588906689405547e+01
3.935024041511228177e+01
3.808945047314980314e+01
3.813882184712540635e+01
3.756058704314416730e+01
2.247187004897760687e+01
2.088276201159104417e+01
3.923699881477389795e+01
2.374924833590743134e+01
3.898812153841489447e+01
3.573475543484706662e+01
3.673831133034102692e+01
3.847352358861513721e+01
3.529820214686066038e+01
3.996646903465691736e+01
4.033026504096867626e+01
3.906186699445034805e+01
3.855116498435572936e+01
3.904090688993577629e+01
4.024518434733963801e+01
3.868405839664348633e+01
3.856334747709586708e+01
3.690450558618039167e+01
3.740380032036994606e+01
3.875101790496022147e+01
3.775924753196954953e+01
3.824390550877470929e+01
3.551521605051154751e+01
3.735515250350929506e+01
3.305162719277743832e+01
3.785243757820695976e+01
3.813145141006836525e+01
3.926192948512658631e+01
3.918178323262109330e+01
3.624849218919571570e+01
3.772447416468390458e+01
3.435302665442561931e+01
3.939468952478220842e+01
3.955835481001812326e+01
3.834303872733580221e+01
3.694785989592633513e+01
3.975105033610349636e+01
3.912563506847809691e+01
3.911250792164275936e+01
3.706642665808488601e+01
3.933241231936096938e+01
4.128600329770700483e+01
3.836397447339370359e+01
1.334143607452064106e-10
3.804508773377513364e+01
3.714979171131557223e+01
3.888080447105369331e+01
3.581674129472875023e+01
3.765816711060527666e+01
3.810312566692152103e+01
3.838724378149436234e+01
3.609808551923464393e+01
4.003953698101899050e+01
3.176336265883866616e+01
3.564259337296366681e+01
3.553866988219007794e+01
3.814881511230196764e+01
3.978296905314394394e+01
3.814838247375135438e+01
3.651622381066883349e+01
3.780411878673633908e+01
3.909786828982256424e+01
4.147659062836191168e+01
4.064293224390439008e+01
3.870253642924804893e+01
3.959717637121608647e+01
2.168403487751773540e+01
3.523440099511293511e+01
3.852671465729355305e+01
3.718988903010924219e+01
3.882100897437756259e+01
4.029656810323794502e+01
3.921530125076279916e+01
3.928516086538078156e+01
1.831103671258289367e+01
3.757892654729247539e+01
4.080085750095261687e+01
3.918085135084621839e+01
3.895638844870181572e+01
4.057051672690089106e+01
3.222319576008468545e+01
3.942146213647102826e+01
3.763481838661930112e+01
3.839696342267432527e+01
3.825089158591479332e+01
3.681694226196647435e+01
1.393768658252008884e-15
3.184051293076646516e+01
4.148957628580937751e+01
3.795507317267826153e+01
3.783985540105351930e+01
3.740036229423048297e+01
3.899693870671417528e+01
3.779416998495877777e+01
3.813636638871961537e+01
3.678604557444860745e+01
3.981273672518695150e+01
3.957623989507155216e+01
3.745998312134108232e+01
3.519893368464126127e+01
3.658866661413257049e+01
3.787819942616046376e+01
3.810305051535345200e+01
3.837301227515308000e+01
3.913922481535491471e+01
3.865216892438366614e+01
3.870088305929427008e+01
3.890309177581960398e+01
4.036116016777216942e+01
3.668338523049182953e+01
3.811748527511964113e+01
4.012918321564409752e+01
3.923499750662737995e+01
3.535572394835731558e+01
3.839105796028214712e+01
1.808924106236628049e+01
3.907633358672850221e+01
3.987093041595998244e+01
3.780376529061702939e+01
3.859890811989883730e+01
3.851126372387852115e+01
3.801025436662439461e+01
3.808825132105981481e+01
3.879546052437893167e+01
3.743324671112974045e+01
3.836655383902907346e+01
3.754015717044793377e+01
3.828732201860900375e+01
3.803045590931621689e+01
3.775644260557999132e+01
3.939192562273292708e+01
3.882362165895830231e+01
3.619811672262439117e+01
4.117576688256318818e+01
3.813859664925067250e+01
3.866799722446767618e+01
3.817619887363864706e+01
3.867008455544070955e+01
4.227716383677250178e+01
3.679257934434668442e+01
3.726587662480385887e+01
3.850876211860646237e+01
4.007760554163375843e+01
3.619572254571517789e+01
3.620688870897306089e+01
3.832227540264533872e+01
4.005429032287258906e+01
3.771393933121311903e+01
3.814611728942536217e+01
3.725251872057430091e+01
2.401700032360724890e+01
3.828415227535555942e+01
3.655098526734322917e+01
3.576673522380031756e+01
2.890879410600926391e+01
3.705192046940597095e+01
3.959925424089961865e+01
3.627243018060050161e+01
3.829011648332210882e+01
3.793823003085272205e+01
3.832638733955548105e+01
4.117496929737093581e+01
4.014609735510522626e+01
3.802161865251471795e+01
3.949938834301727297e+01
3.885005726911616364e+01
3.919472488905233121e+01
2.846936739295914265e+01
4.069222604021938849e+01
3.716024132178772277e+01
3.700772559006034612e+01
3.806858902820182777e+01
3.955516644310353058e+01
3.739583216820604150e+01
3.930210451504459002e+01
3.796201277371267224e+01
3.920190669231504899e+01
3.848687236344318308e+01
4.037807563730853389e+01
3.737204710281428532e+01
3.786473521672663622e+01
3.811947867116695221e+01
3.884172583754014596e+01
3.985312142963372395e+01
3.773344504100890617e+01
3.804503537060043072e+01
3.800276557166749569e+01
3.798915069074369910e+01
3.940591393921197039e+01
3.994891268232341730e+01
3.911986317818317360e+01
3.862507508523701460e+01
3.720620497174825658e+01
3.857310227468548192e+01
3.811385914794634289e+01
3.765646207942987900e+01
3.836690106555138158e+01
3.689586463401963101e+01
3.742313719108811654e+01
3.976411839827099470e+01
4.005053601443206190e+01
3.877506240627565859e+01
