2.220446049250313081e-16
2.220446049250313081e-16
2.220446049250313081e-16
2.220446049250313081e-16
2.220446049250313081e-16
2.220446049250313081e-16
2.220446049250313081e-16
2.220446049250313081e-16
2.220446049250313081e-16
2.220446049250313081e-16
2.220446049250313081e-16
2.220446049250313081e-16
2.220446049250313081e-16
2.220446049250313081e-16
2.220446049250313081e-16
2.220446049250313081e-16
2.220446049250313081e-16
2.220446049250313081e-16
2.220446049250313081e-16
2.220446049250313081e-16
2.220446049250313081e-16
2.220446049250313081e-16
2.220446049250313081e-16
1.582244014413529363e-15
2.220446049250313081e-16
2.220446049250313081e-16
2.220446049250313081e-16
2.220446049250313081e-16
2.220446049250313081e-16
2.220446049250313081e-16
2.220446049250313081e-16
2.220446049250313081e-16
2.220446049250313081e-16
2.220446049250313081e-16
2.220446049250313081e-16
2.220446049250313081e-16
1.434375706131317881e-15
2.220446049250313081e-16
2.220446049250313081e-16
2.220446049250313081e-16
2.220446049250313081e-16
2.220446049250313081e-16
2.220446049250313081e-16
2.220446049250313081e-16
2.220446049250313081e-16
2.220446049250313081e-16
2.220446049250313081e-16
2.220446049250313081e-16
2.220446049250313081e-16
2.220446049250313081e-16
2.220446049250313081e-16
2.220446049250313081e-16
2.220446049250313081e-16
2.220446049250313081e-16
2.220446049250313081e-16
2.220446049250313081e-16
2.220446049250313081e-16
2.220446049250313081e-16
2.220446049250313081e-16
2.220446049250313081e-16
2.220446049250313081e-16
2.220446049250313081e-16
2.220446049250313081e-16
2.220446049250313081e-16
2.220446049250313081e-16
2.220446049250313081e-16
2.220446049250313081e-16
2.220446049250313081e-16
2.220446049250313081e-16
2.220446049250313081e-16
2.220446049250313081e-16
2.220446049250313081e-16
2.220446049250313081e-16
2.220446049250313081e-16
2.220446049250313081e-16
2.220446049250313081e-16
2.220446049250313081e-16
2.220446049250313081e-16
1.510490943466663690e-15
2.220446049250313081e-16
2.220446049250313081e-16
2.220446049250313081e-16
2.220446049250313081e-16
2.220446049250313081e-16
2.220446049250313081e-16
2.220446049250313081e-16
2.220446049250313081e-16
2.220446049250313081e-16
2.220446049250313081e-16
2.220446049250313081e-16
2.220446049250313081e-16
2.220446049250313081e-16
2.220446049250313081e-16
2.220446049250313081e-16
2.220446049250313081e-16
2.220446049250313081e-16
1.558053623902391443e-15
2.220446049250313081e-16
2.220446049250313081e-16
2.220446049250313081e-16
2.220446049250313081e-16
2.220446049250313081e-16
2.220446049250313081e-16
2.220446049250313081e-16
2.220446049250313081e-16
2.220446049250313081e-16
2.220446049250313081e-16
2.220446049250313081e-16
2.220446049250313081e-16
2.220446049250313081e-16
2.220446049250313081e-16
2.220446049250313081e-16
2.220446049250313081e-16
2.220446049250313081e-16
2.220446049250313081e-16
2.220446049250313081e-16
1.598361448704828975e-15
2.220446049250313081e-16
2.220446049250313081e-16
2.220446049250313081e-16
2.220446049250313081e-16
2.220446049250313081e-16
2.220446049250313081e-16
2.220446049250313081e-16
2.220446049250313081e-16
2.220446049250313081e-16
2.220446049250313081e-16
2.220446049250313081e-16
2.220446049250313081e-16
2.220446049250313081e-16
2.220446049250313081e-16
2.220446049250313081e-16
2.220446049250313081e-16
2.220446049250313081e-16
2.220446049250313081e-16
2.220446049250313081e-16
2.220446049250313081e-16
2.220446049250313081e-16
2.220446049250313081e-16
2.220446049250313081e-16
2.220446049250313081e-16
1.561754637117268492e-15
2.220446049250313081e-16
2.220446049250313081e-16
1.178011384737048495e-14
1.199946154797329806e-14
2.220446049250313081e-16
2.220446049250313081e-16
2.220446049250313081e-16
2.220446049250313081e-16
2.220446049250313081e-16
2.220446049250313081e-16
2.220446049250313081e-16
2.220446049250313081e-16
2.220446049250313081e-16
2.220446049250313081e-16
2.220446049250313081e-16
2.220446049250313081e-16
1.186923689723120485e-14
1.572216920108383472e-15
2.220446049250313081e-16
2.220446049250313081e-16
2.220446049250313081e-16
2.220446049250313081e-16
2.220446049250313081e-16
2.220446049250313081e-16
1.638984301916487945e-15
2.220446049250313081e-16
2.220446049250313081e-16
1.157870474438180453e-14
2.220446049250313081e-16
2.220446049250313081e-16
2.220446049250313081e-16
2.220446049250313081e-16
4.498464453859482913e-12
2.220446049250313081e-16
1.598857851928638995e-15
1.621072824043410321e-15
2.220446049250313081e-16
1.560502034422371634e-15
1.165868967763686321e-14
2.220446049250313081e-16
1.603108310049726478e-15
1.561752030232254076e-15
1.600942191313859215e-15
2.220446049250313081e-16
2.220446049250313081e-16
2.220446049250313081e-16
2.220446049250313081e-16
2.220446049250313081e-16
2.220446049250313081e-16
2.220446049250313081e-16
2.220446049250313081e-16
1.195963507606879817e-14
2.220446049250313081e-16
1.625368578731645062e-15
2.220446049250313081e-16
8.723598951222449966e-14
2.220446049250313081e-16
1.622396038765345729e-15
2.220446049250313081e-16
2.220446049250313081e-16
1.635192824372160925e-15
2.220446049250313081e-16
2.220446049250313081e-16
2.220446049250313081e-16
1.641644173323026694e-15
2.220446049250313081e-16
2.220446049250313081e-16
1.175382458954698688e-14
2.220446049250313081e-16
2.220446049250313081e-16
2.220446049250313081e-16
2.220446049250313081e-16
2.220446049250313081e-16
1.634502829968098976e-15
2.220446049250313081e-16
2.220446049250313081e-16
2.220446049250313081e-16
2.220446049250313081e-16
2.220446049250313081e-16
2.220446049250313081e-16
1.565954522512113659e-15
9.857812041855092766e-15
2.220446049250313081e-16
2.220446049250313081e-16
1.630282832415960498e-15
2.220446049250313081e-16
1.581950319952722126e-15
2.220446049250313081e-16
1.087619097122311104e-14
2.220446049250313081e-16
2.220446049250313081e-16
2.220446049250313081e-16
2.220446049250313081e-16
2.220446049250313081e-16
2.220446049250313081e-16
2.220446049250313081e-16
1.418061578051986016e-15
2.220446049250313081e-16
2.220446049250313081e-16
2.220446049250313081e-16
2.220446049250313081e-16
2.220446049250313081e-16
1.189519085470383378e-14
4.547485306256479675e-12
2.220446049250313081e-16
1.488754460409457236e-15
4.649964480815237496e-12
6.433830157102473185e-13
1.180973791695756747e-14
2.220446049250313081e-16
2.220446049250313081e-16
8.611201848042421907e-14
2.220446049250313081e-16
1.172777758137401926e-14
2.220446049250313081e-16
2.220446049250313081e-16
1.179077964616611819e-14
2.220446049250313081e-16
1.600656906533679140e-15
1.164959543863030066e-14
2.220446049250313081e-16
3.378544101903803239e-11
2.220446049250313081e-16
1.090515384261465996e-14
1.629642623926523712e-15
2.220446049250313081e-16
2.220446049250313081e-16
1.575825727103975052e-15
2.220446049250313081e-16
1.608057865261772578e-15
2.421049208477409293e-10
2.449229459798635290e-10
6.311005915298314297e-13
6.343158716765414857e-13
6.350407177274985371e-13
2.220446049250313081e-16
3.549649865937867544e-05
2.220446049250313081e-16
2.220446049250313081e-16
2.220446049250313081e-16
4.309642898661453606e-12
2.220446049250313081e-16
1.606763682122906175e-15
2.220446049250313081e-16
2.220446049250313081e-16
2.220446049250313081e-16
2.220446049250313081e-16
4.614360843609948409e-12
2.220446049250313081e-16
2.220446049250313081e-16
2.220446049250313081e-16
2.220446049250313081e-16
2.473419821430706218e-10
1.799373759705822480e-09
1.595249210441864444e-15
8.872205601117804090e-14
2.220446049250313081e-16
1.193606149441957889e-14
6.394442820916708107e-13
2.220446049250313081e-16
2.220446049250313081e-16
2.220446049250313081e-16
1.146371339848289864e-14
2.220446049250313081e-16
1.044861709276435350e-14
6.785586680552101848e-07
7.740859978020536069e-14
8.732296334753080726e-14
4.336558157990157584e-12
2.220446049250313081e-16
1.612281659043099038e-15
2.220446049250313081e-16
2.220446049250313081e-16
1.591528677496332674e-15
2.393023046380707640e-10
1.743010272920377619e-09
1.767237962847326069e-09
2.601951594108458635e-04
2.220446049250313081e-16
9.026204979939618183e-08
1.978111957275703429e-03
5.089351596841778055e-06
1.516650307679245218e-15
1.206940485754761679e-14
1.450921659993028456e-15
2.220446049250313081e-16
1.191402511542856618e-14
6.311077822721698176e-13
2.220446049250313081e-16
2.220446049250313081e-16
1.150681501352291278e-14
1.113480533276508846e-14
2.220446049250313081e-16
1.118690737197554502e-14
3.394511768729376802e-11
9.080240955052314418e-08
3.404818651962789546e-11
1.640282640344911898e-15
1.152789394143582282e-14
4.298436208279860066e-12
2.220446049250313081e-16
4.359933924767197758e-12
2.220446049250313081e-16
6.196758273870553895e-13
3.263294512339387477e-11
2.220446049250313081e-16
2.220446049250313081e-16
1.265064964812170965e-08
2.220446049250313081e-16
3.588691026725047305e-05
9.335137324436677161e-08
2.220446049250313081e-16
1.616829768366113391e-15
4.974632722017696163e-13
8.721620302004653035e-08
4.111916872034738375e-12
2.220446049250313081e-16
2.220446049250313081e-16
2.220446049250313081e-16
2.220446049250313081e-16
1.568766955229306488e-15
6.258345651047877891e-13
3.737312485210699009e+01
2.220446049250313081e-16
1.491299043629093428e-15
1.528463100852613513e-15
4.387290429649460470e-12
2.220446049250313081e-16
1.451633539737578751e-15
2.220446049250313081e-16
2.457114206002134545e-11
2.220446049250313081e-16
1.604243515084684583e-15
6.161023375017055617e-13
1.344289957428770541e-02
1.155942217196284528e-14
1.220168492586464815e-14
8.454268996247066224e-14
1.178200415757755035e-14
9.576536959341501658e-08
2.220446049250313081e-16
5.543509317984776835e-13
2.220446049250313081e-16
9.304727948171481596e-08
3.556794472207860870e-05
2.220446049250313081e-16
1.510491276848048058e-15
4.543974006178552440e-12
2.220446049250313081e-16
8.405276630895301864e-14
2.220446049250313081e-16
8.593671310010274077e-14
2.220446049250313081e-16
1.522739863842223947e-15
1.439351730085688727e-15
1.944428329258482673e-03
9.267328074753914900e-09
2.220446049250313081e-16
9.878010219381540280e-02
8.936617808709594258e-08
9.723305226401829371e-02
5.445310830320644627e-07
2.220446049250313081e-16
3.914013287753505210e+01
7.098385035360513876e-14
8.007312286286757730e-08
1.107752510846590936e-14
7.924156111457511867e-14
1.428675090255252780e-15
6.496351421245442070e-01
6.417074621125155032e-01
8.831595309093444313e-02
2.220446049250313081e-16
2.220446049250313081e-16
6.455449625138145755e-07
2.305150764035418976e-04
1.873666415725192946e-03
2.220446049250313081e-16
8.017408916726724566e-02
2.499285847317052484e-10
4.530872146860207065e-12
7.097232789936229747e-01
6.134043134205738243e-13
4.653393847479108949e-12
2.220446049250313081e-16
2.220446049250313081e-16
5.298907619865306451e+00
4.905906354570040339e-06
9.299788297241088863e-09
4.360827478636310206e-02
3.408222408691712957e+01
2.220446049250313081e-16
9.523692466295136105e-02
1.518585969226019601e-15
1.371027751475088936e-02
3.963464539547527465e+01
1.108847898742004073e-14
7.342944481694591377e-14
1.665599193857997702e-09
8.220219473081708974e-14
4.877965089832640610e-06
3.896159642587785754e+01
3.759391790709081960e+01
2.220446049250313081e-16
1.474252264725071644e-09
2.220446049250313081e-16
7.089237725956213376e-01
3.481707043710570817e-05
2.220446049250313081e-16
2.115908841699873052e-05
2.437494845016268782e-10
2.220446049250313081e-16
3.828567372890488940e+01
3.874529371704995384e+01
7.557213510062201117e-14
7.335684575096681481e-01
7.663028600437046811e-02
9.874137737417246208e-02
3.704610035641857024e+01
9.480658426483834500e-02
3.958091427129782147e+01
1.428177350731415357e-02
5.450092210264666726e+00
7.365520283158278878e-14
2.220446049250313081e-16
3.088920313029522969e-11
1.185360677975797938e-14
4.696589206729370582e-12
1.546491581562627472e-04
6.189808144895966796e-07
3.723612380260779275e+01
2.220446049250313081e-16
2.635930276143265686e-11
3.957864244284219524e+01
2.220446049250313081e-16
6.228542714573299917e-13
3.810532917680943399e+01
1.199375187224804310e-14
4.424664558504822626e-02
5.025294154160204178e-13
7.909228231855225171e-08
4.288092216576580140e-12
4.095547014714323808e+01
3.681097042687965626e+01
3.812155175786314487e+01
2.300982205458553193e-05
3.054203260822704280e+01
1.746208770868104765e-09
4.555816032747734899e-13
3.782268287359146086e+01
3.917600588598430278e+01
3.717625700246801301e+01
3.831045972753653217e+01
2.348107854700321254e-05
1.632799940958969045e-03
3.651524988628811741e+01
1.606395231367463428e-03
3.784241228826688541e+01
2.220446049250313081e-16
2.282095738186946916e-05
4.706387227806225327e-06
4.472179708477290163e-06
9.619238350036259982e-15
3.726250810327474738e+01
3.604516383743916208e+01
2.220446049250313081e-16
3.819458313104206582e+01
2.196885581529629908e-05
7.541382805908335559e-14
6.260106843364996160e-13
2.467669323316353859e-04
1.007520563455602813e-01
7.515084608760834206e-14
7.276073746351584611e-14
3.996133808422001721e+01
6.472924452491944955e-07
1.505670097676982178e-15
1.550969081190221899e-15
4.048403180875896368e+01
3.830507491680169352e+01
6.960905785023752001e-14
3.917100861847377757e+01
3.630866927841110936e+01
3.642093234469984964e+01
3.769652362767639886e+01
3.917356723910013727e+01
1.318933966545989336e-02
3.252012011777996716e-05
3.802499538349510289e+01
3.649762690360550010e+01
3.817908360369478515e+01
2.777448640673305618e-11
3.869690339968407500e+01
1.405431048584554254e+00
1.604597069814992610e-15
5.510924027532779385e-13
3.728218153691111780e+01
3.937303605724097366e+01
4.170483521977610053e+01
5.391633330214685493e+00
2.220446049250313081e-16
4.846068259307118736e-02
2.959696680364857678e-12
3.636723740593814114e+01
3.471566363190519411e+01
4.894542714966447696e-06
5.178276270917351439e-07
2.220446049250313081e-16
5.031774866768602195e+00
7.297447698445959067e-14
5.069832024752896515e+00
3.704478937486383927e+01
3.908669874391159027e+01
3.434911451032944996e+01
6.842129199441557909e-14
3.437554727629743212e+01
3.635733384186587358e+01
1.603841039961186614e-09
1.456317059802515874e-15
3.849445092630799792e+01
4.079772252681703293e+01
9.661743925182206261e-02
3.528635559902437535e+01
3.807373835871106849e+01
3.950169003838869486e+01
7.341727465814437692e-02
3.014126891672151711e-05
4.008976997042841361e+01
3.735335964570280964e+01
4.559663919615028993e-13
3.743054431601303378e+01
3.648399945987500104e+01
3.884077774068409639e+01
6.866036986484157500e-01
3.774252586260093523e+01
4.041090396077359514e+01
3.934313671567050363e+01
3.811001288689983113e+01
4.004847837435055169e+01
4.079584212401466203e+01
3.819198003365966088e+01
3.652717697205785186e+01
3.912295914697787680e+01
3.670003981769404788e+01
3.762444753011302367e+01
3.243758491334679750e+00
1.492384283848545513e-15
3.676986130387309970e+01
4.033702216353292158e+01
4.044430893683733075e+01
3.849558925347920280e+01
3.844941564367229603e+01
3.682457912036809944e+01
3.939476187057413625e+01
3.532349206955766086e-05
4.022311379323522829e+01
3.474456642820638308e+01
4.086482771345357179e+01
1.065764955382407504e-14
6.191850855438518070e-02
4.966702974062967013e-02
5.265058364219084908e+00
3.925849545453731082e+01
3.741016986486882701e+01
3.815809194911783919e+01
3.819487566406180434e+01
3.836074085683674184e+01
3.381982061254591088e+01
2.220446049250313081e-16
3.224053476246798035e-12
3.900116692203441460e+01
3.581316405847319118e+01
3.313098476698768025e+01
2.220446049250313081e-16
4.024472900825756483e+01
2.029870834752702891e+01
3.613118501371596381e+01
2.422169599129387052e+01
3.751413191357822541e+01
3.679728706328895527e+01
3.702343805342430016e+01
3.710296647590872965e+01
3.947994565738924422e+01
3.793211540046657149e+01
3.757014041160748263e+01
4.016353974623766021e+01
3.721153140106485324e+01
3.844896280603201433e+01
3.131292557002001686e+01
3.671368956348570123e+01
3.911678421643466663e+01
3.750141667187715200e+01
3.847952598350421738e+01
3.795175834830791217e+01
3.475256656040803449e+01
3.814070844930957094e+01
3.578759090761271722e+01
3.257858946673649569e+01
1.828090374268150953e+01
3.957491252603477250e+01
4.071924849077057473e+01
3.978847248671831949e+01
3.472084261384049597e+01
3.981343423033282392e+01
2.706871014459169089e+01
2.363281607606364076e+01
3.935560286310917633e+01
3.973158363576663277e+01
3.643904616685009756e+01
3.667504437358660141e+01
3.792774617715443952e+01
4.012812842028011318e+01
2.840338930299192199e+01
2.726467183659720916e+01
3.976403618706009269e+01
4.062006417264563396e+01
3.967599845374562051e+01
3.986790253792191407e+01
3.515743395453797859e+01
3.888498285745769323e+01
3.833484721232503034e+01
3.971382038972190287e+01
1.047025981904558470e-14
4.042293491892059620e+01
3.760848379605467073e+01
3.702752619708155635e+01
3.682820049464320533e+01
3.660873245151627486e+01
4.047649136280929127e+01
3.713230116825241112e+01
2.668743507719964825e+01
3.806747801838880463e+01
3.753023653978021201e+01
3.503777604880790619e+01
2.770707932857746414e+01
3.696195399305776164e+01
3.896147572378824719e+01
3.570572368830805488e+01
3.872607732550230963e+01
3.727803660815607856e+01
3.473734283117774169e+01
3.800152851370341978e+01
3.974910607219950265e+01
1.467634501482842779e+01
3.786482286342000947e+01
2.878697933350312586e-05
3.839756277108645577e+01
3.470271615528773168e+01
3.741268825869028802e+01
3.855440941895184181e+01
3.669026032356689626e+01
3.788089204682043487e+01
3.710163280377653905e+01
3.592291310692882433e+01
4.192671129167317190e+01
5.029360256518413230e+00
3.746501570838157136e+01
3.926310342005081111e+01
3.549738846904641321e+01
4.037627516882966461e+01
3.572402452676351459e+01
3.745231794509077616e+01
3.668348596406470818e+01
3.019458173546429691e+01
3.662362080337047132e+01
3.265969778558358172e+01
3.220648532300807572e-05
3.957411082421693038e+01
4.024639881692519339e+01
3.820355057335342508e+01
3.802968838398771823e+01
3.633391817306582539e+01
3.909588361449328175e+01
3.620773300786720483e+01
1.494817122398454497e-15
3.615637400553251268e+01
3.669099737962372387e+01
2.864483593869243450e+01
3.759442973834296708e+01
3.822373968532301802e+01
4.018063802412792285e+01
4.069462880449635378e+01
2.213646934708972225e+01
3.942042096611795188e+01
2.277004514492442411e+01
3.881494912085305771e+01
3.955502725753989779e+01
4.151504810190788675e+01
3.703956279237496574e+01
3.616637637004038908e+01
3.638308888780417050e+01
3.642476525410108223e+01
3.747826468808921163e+01
3.929036777801415070e+01
3.841934937896103008e+01
3.965093060057906627e+00
3.928957296742643734e+01
3.788088329172386182e+01
3.717353560623356401e+01
3.871798271526994029e+01
4.106779657793994431e+01
3.869514427565704295e+01
3.883650803452168532e+01
3.703919661809429442e+01
2.427071475949867363e+01
4.024512140583723863e+01
2.770377786887414118e+01
3.983447871434710663e+01
3.615965726743404929e+01
3.950338743653363593e+01
3.565265607853083907e+01
4.017729328233919261e+01
3.759789048373659170e+01
3.834345213254081131e+01
3.778863828894079546e+01
3.926221061663866152e+01
3.943709263912634810e+01
3.862637218041988518e+01
3.693848335065668209e+01
2.010983399584283404e+01
4.006507184360222595e+01
4.091001302631944014e+01
3.879355301566608460e+01
4.005497454004330393e+01
3.487728283506343274e+01
3.828652036027587968e+01
4.133468708154546789e+01
3.393371977775415615e+01
3.977840013744660297e+01
3.956112103014645953e+01
2.330104464247378004e+01
3.906652050578735214e+01
3.676602898403219655e+01
3.366807587274684010e+01
1.996534757536950977e+01
3.815056506269350933e+01
3.505024778816903108e+01
4.051876405817436932e+01
3.977175835367430778e+01
4.082195385013099553e+01
3.992057117108560504e+01
4.114944591235558136e+01
3.239908165532074236e+01
3.647725959472840884e+01
4.114238443639646903e+01
3.888953575833555476e+01
3.516227985100864828e+01
3.741207845620317585e+01
3.959211805512209992e+01
3.639431111583764533e+01
1.866449596097298880e+01
3.781377711120382656e+01
3.816066797733822824e+01
3.984750942230240867e+01
3.723283061087207102e+01
3.793099644119497071e+01
3.879299836309962046e+01
3.389846429723262844e+01
3.987319235228080316e+01
1.635873139757026031e-15
2.828483600881711268e+01
3.876621158372930154e+01
4.044305442414477625e+01
4.116631215875054295e+01
4.034545798547376450e+01
3.835239841207636147e+01
3.258757547349078010e+01
4.027088843352228764e+01
4.055207050162127302e+01
3.679444265925278756e+01
3.533084450319630321e+01
3.822620231886150322e+01
3.015795405586862898e+01
3.878816403713769745e+01
3.669144210276762408e+01
3.894437497546780236e+01
3.916898399890581572e+01
3.926935430506391356e+01
3.710579197495699333e+01
3.964070875666142513e+01
3.679764171049342281e+01
3.781480723797182009e+01
3.614532352148889771e+01
3.940547486120498633e+01
3.873571474355330224e+01
3.743027753842583394e+01
4.022674466976155117e+01
3.829670230339196024e+01
3.825672319721020642e+01
3.795278302574532603e+01
3.849873017487112037e+01
3.779915156029530721e+01
3.896596135296346830e+01
4.085294424372095534e+01
3.856069186782858083e+01
3.764744727282599257e+01
3.755679894503050065e+01
3.706913392554105258e+01
1.822206990909048940e+01
3.795911150681832424e+01
3.985213727538418738e+01
3.562841442536936398e+01
3.927334151418019559e+01
3.755655366916153071e+01
3.820093671132415380e+01
3.612890821087241022e+01
3.751189901130683779e+01
3.597812344073122404e+01
3.831054021557422118e+01
3.821486421322798321e+01
3.721406301561668784e+01
4.131066882830395315e+01
4.055182460132623845e+01
3.938884742405610950e+01
3.634267418404444783e+01
3.836976820702091828e+01
3.716322209650839881e+01
3.717860553405579793e+01
2.303217281807828343e+01
3.783331567149013352e+01
2.725545625114684967e+01
3.789916363709352254e+01
3.705907701489748973e+01
3.869060609011174989e+01
3.763559540554266647e+01
4.008843932483590322e+01
3.799499006356889197e+01
4.033573458468009676e+01
3.928397192274984917e+01
3.857347227946042523e+01
1.677965715407122715e+01
3.860949455937910102e+01
3.848521940997910207e+01
3.560543094358204996e+01
3.710725718917883853e+01
3.715259514982310662e+01
3.849604789237681501e+01
3.988933452283568926e+01
3.628413032213980216e+01
3.776219554788937671e+01
4.328353130469331944e+01
3.728171250822728666e+01
3.901262769973334343e+01
3.856518261812362880e+01
3.811656881098242167e+01
3.944175628083692686e+01
3.794393560538139099e+01
3.967719004728144938e+01
4.037052109985387460e+01
3.695694687013337187e+01
3.738224490051249660e+01
3.951151349294581649e+01
3.918472714774995325e+01
3.854907645145539163e+01
3.743338921550746790e+01
3.884983210103938944e+01
3.726872834414118785e+01
3.886427683329339544e+01
3.785848846056416761e+01
3.345038321402953585e+01
3.990612858168739763e+01
3.889885717486470895e+01
3.716286941043625802e+01
3.642432686883304882e+01
3.683429394698399051e+01
3.721275761903263657e+01
3.592042183073620976e+01
4.025023712875588444e+01
3.896585684252178794e+01
3.824055534980123383e+01
3.891125890546882005e+01
3.843646849702181356e+01
3.978810668262922690e+01
3.761518850109087708e+01
4.013281728633867118e+01
4.052624187124722965e+01
3.554882717326558605e+01
3.954221776792125809e+01
4.147261716095380990e+01
3.814771472522568985e+01
3.980023283666885447e+01
3.756525413665681157e+01
4.037095448577000667e+01
3.634120594718220332e+01
3.995404866035477909e+01
3.631144770810247024e+01
3.694005873785317107e+01
3.892025335672364861e+01
3.537147568574430778e+01
3.026484092086765898e+01
2.856638365110125832e+01
4.065017585511802167e+01
3.888235508849316346e+01
3.830103494901940309e+01
3.938450159955625196e+01
3.979998717380757967e+01
3.912744305403517586e+01
3.818241404343839207e+01
3.790610318821671854e+01
3.760334389273170785e+01
3.988440191641174692e+01
3.853628652653822684e+01
3.858707474901605394e+01
3.963586757770512037e+01
3.795636256127134089e+01
3.605678828985099926e+01
3.419032208171885401e+01
3.675681523784482607e+01
3.374400473356178765e+01
3.768958633060676533e+01
3.678945224050661977e+01
3.707688544057585744e+01
3.472804646999600919e+01
3.863119126528373215e+01
3.752444852503221284e+01
3.854887604290212266e+01
3.921414025515259993e+01
3.771057873348489409e+01
3.965264790678972417e+01
3.854875379779906552e+01
3.759253838710895224e+01
3.823309519616022101e+01
3.844367013009122047e+01
3.949322673905852810e+01
3.808443022548184587e+01
3.488078608316127571e+01
3.934746865846705788e+01
3.728580132291921956e+01
3.698893110281155572e+01
3.686182944389558713e+01
3.768353667492898751e+01
4.094513942063208845e+01
3.734949389031503841e+01
3.752845760116601070e+01
3.972989682492136865e+01
3.680253901279698425e+01
3.879336210999392165e+01
3.595037439219008490e+01
3.105396585878666826e+01
4.081638466125135523e+01
3.617180561084465751e+01
3.703654147623886672e+01
3.628584702829451203e+01
3.754564790176183919e+01
3.634247872568029436e+01
3.415317537281905658e+01
3.910592351265226085e+01
3.838699488951543515e+01
3.546255874022693177e+01
4.011164511429542046e+01
4.013511289597461484e+01
2.499928882173195532e+01
3.893886698491220955e+01
3.906056275141470024e+01
3.818188702291021031e+01
3.779163395755852406e+01
3.704418820512450594e+01
4.093033887551704453e+01
3.982987878333015175e+01
