2.220446049250313081e-16
2.220446049250313081e-16
2.220446049250313081e-16
2.220446049250313081e-16
2.220446049250313081e-16
2.220446049250313081e-16
2.220446049250313081e-16
2.220446049250313081e-16
2.220446049250313081e-16
2.220446049250313081e-16
2.220446049250313081e-16
2.220446049250313081e-16
2.220446049250313081e-16
2.220446049250313081e-16
2.220446049250313081e-16
2.220446049250313081e-16
2.220446049250313081e-16
2.220446049250313081e-16
2.220446049250313081e-16
2.220446049250313081e-16
2.220446049250313081e-16
2.220446049250313081e-16
2.220446049250313081e-16
2.220446049250313081e-16
2.220446049250313081e-16
2.220446049250313081e-16
2.220446049250313081e-16
2.220446049250313081e-16
2.220446049250313081e-16
2.220446049250313081e-16
2.220446049250313081e-16
2.220446049250313081e-16
2.220446049250313081e-16
2.220446049250313081e-16
2.220446049250313081e-16
2.220446049250313081e-16
2.220446049250313081e-16
2.220446049250313081e-16
2.220446049250313081e-16
2.220446049250313081e-16
2.220446049250313081e-16
2.220446049250313081e-16
2.220446049250313081e-16
2.220446049250313081e-16
2.220446049250313081e-16
2.220446049250313081e-16
2.220446049250313081e-16
2.220446049250313081e-16
2.220446049250313081e-16
2.220446049250313081e-16
2.220446049250313081e-16
2.220446049250313081e-16
1.476283323874825201e-15
2.220446049250313081e-16
2.220446049250313081e-16
2.220446049250313081e-16
2.220446049250313081e-16
2.220446049250313081e-16
2.220446049250313081e-16
2.220446049250313081e-16
2.220446049250313081e-16
2.220446049250313081e-16
2.220446049250313081e-16
2.220446049250313081e-16
2.220446049250313081e-16
2.220446049250313081e-16
2.220446049250313081e-16
2.220446049250313081e-16
2.220446049250313081e-16
2.220446049250313081e-16
2.220446049250313081e-16
2.220446049250313081e-16
2.220446049250313081e-16
2.220446049250313081e-16
2.220446049250313081e-16
2.220446049250313081e-16
2.220446049250313081e-16
2.220446049250313081e-16
2.220446049250313081e-16
2.220446049250313081e-16
2.220446049250313081e-16
2.220446049250313081e-16
2.220446049250313081e-16
2.220446049250313081e-16
2.220446049250313081e-16
1.155541767149713331e-14
2.220446049250313081e-16
2.220446049250313081e-16
2.220446049250313081e-16
1.615202725257674511e-15
2.220446049250313081e-16
2.220446049250313081e-16
2.220446049250313081e-16
2.220446049250313081e-16
2.220446049250313081e-16
2.220446049250313081e-16
2.220446049250313081e-16
2.220446049250313081e-16
2.220446049250313081e-16
2.220446049250313081e-16
2.220446049250313081e-16
2.220446049250313081e-16
2.220446049250313081e-16
2.220446049250313081e-16
2.220446049250313081e-16
2.220446049250313081e-16
2.220446049250313081e-16
2.220446049250313081e-16
2.220446049250313081e-16
1.627879407593665247e-15
2.220446049250313081e-16
2.220446049250313081e-16
1.604533041469886011e-15
2.220446049250313081e-16
2.220446049250313081e-16
2.220446049250313081e-16
2.220446049250313081e-16
2.220446049250313081e-16
2.220446049250313081e-16
2.220446049250313081e-16
2.220446049250313081e-16
2.220446049250313081e-16
2.220446049250313081e-16
1.530209678283377463e-15
1.528344336045202548e-15
2.220446049250313081e-16
1.603810191589213431e-15
2.220446049250313081e-16
2.220446049250313081e-16
2.220446049250313081e-16
2.220446049250313081e-16
2.220446049250313081e-16
2.220446049250313081e-16
2.220446049250313081e-16
2.220446049250313081e-16
2.220446049250313081e-16
2.220446049250313081e-16
2.220446049250313081e-16
2.220446049250313081e-16
2.220446049250313081e-16
1.534512927369001587e-15
2.220446049250313081e-16
1.637637332340018820e-15
2.220446049250313081e-16
2.220446049250313081e-16
2.220446049250313081e-16
2.220446049250313081e-16
2.220446049250313081e-16
2.220446049250313081e-16
2.220446049250313081e-16
1.545797169651783888e-15
8.463455317726052477e-14
2.220446049250313081e-16
2.220446049250313081e-16
2.220446049250313081e-16
2.220446049250313081e-16
2.220446049250313081e-16
2.220446049250313081e-16
2.220446049250313081e-16
2.220446049250313081e-16
2.220446049250313081e-16
2.220446049250313081e-16
1.552404880738278208e-15
8.585431207906691145e-14
2.220446049250313081e-16
2.220446049250313081e-16
8.074383988092618719e-14
2.220446049250313081e-16
1.160043657674484065e-14
2.220446049250313081e-16
2.220446049250313081e-16
2.220446049250313081e-16
1.621264445812498756e-15
2.220446049250313081e-16
1.641654070843598602e-15
1.567843815121553561e-15
2.220446049250313081e-16
1.602007992473906591e-15
2.220446049250313081e-16
2.220446049250313081e-16
2.220446049250313081e-16
1.610810542207400386e-15
2.220446049250313081e-16
2.220446049250313081e-16
2.220446049250313081e-16
1.615642858194334699e-15
2.220446049250313081e-16
2.220446049250313081e-16
2.220446049250313081e-16
1.517391843840774278e-15
2.220446049250313081e-16
2.220446049250313081e-16
2.220446049250313081e-16
2.220446049250313081e-16
2.220446049250313081e-16
2.220446049250313081e-16
2.220446049250313081e-16
1.178152292502917923e-14
2.220446049250313081e-16
2.220446049250313081e-16
2.220446049250313081e-16
2.220446049250313081e-16
2.220446049250313081e-16
1.615091935351321006e-15
2.220446049250313081e-16
2.220446049250313081e-16
1.624570097236865260e-15
2.220446049250313081e-16
1.617128383587484009e-15
2.220446049250313081e-16
2.220446049250313081e-16
2.220446049250313081e-16
1.145964449192473872e-14
2.220446049250313081e-16
2.220446049250313081e-16
2.220446049250313081e-16
1.171264436244073579e-14
1.569204672801500947e-15
2.220446049250313081e-16
1.146102915933712347e-14
2.220446049250313081e-16
2.220446049250313081e-16
2.220446049250313081e-16
2.220446049250313081e-16
1.187412465228787304e-14
2.220446049250313081e-16
2.220446049250313081e-16
2.220446049250313081e-16
2.220446049250313081e-16
2.220446049250313081e-16
2.220446049250313081e-16
2.220446049250313081e-16
1.608181494997680709e-15
2.220446049250313081e-16
1.611501892982127636e-15
2.220446049250313081e-16
2.220446049250313081e-16
2.220446049250313081e-16
2.220446049250313081e-16
2.220446049250313081e-16
1.595606793516456046e-15
2.220446049250313081e-16
2.220446049250313081e-16
1.599972021474834109e-15
2.220446049250313081e-16
1.606351043432161601e-15
2.220446049250313081e-16
2.220446049250313081e-16
1.182747167406070349e-14
1.173692535720213799e-14
2.220446049250313081e-16
1.179645099090255237e-14
1.617983455329993615e-15
1.191884096825436446e-14
2.220446049250313081e-16
1.457550104865472167e-15
8.393267860753170865e-14
1.637262088476157707e-15
1.535349974573931290e-15
2.487993561194843520e-10
2.220446049250313081e-16
1.639424226291638595e-15
2.220446049250313081e-16
2.220446049250313081e-16
2.220446049250313081e-16
3.238975208223772432e-11
2.220446049250313081e-16
2.220446049250313081e-16
5.947042346702716730e-13
1.498136988071585610e-15
4.598879299003709308e-12
6.195489757648888582e-13
2.220446049250313081e-16
2.418438702858253200e-10
1.600280000822745679e-15
2.220446049250313081e-16
2.220446049250313081e-16
1.106928547078730496e-14
2.220446049250313081e-16
2.220446049250313081e-16
1.181145486368929635e-14
8.430168326291138369e-14
1.157067419026891160e-14
8.180815971005636780e-14
2.220446049250313081e-16
1.829237636159071214e-09
2.220446049250313081e-16
2.220446049250313081e-16
1.627968993216279282e-15
1.061702307572889657e-14
1.654479908573087667e-09
2.220446049250313081e-16
1.617736321934368396e-15
2.220446049250313081e-16
8.508144736937548579e-14
3.597584966779711921e-05
1.420086215246756274e-02
8.371541512639361107e-14
8.692243367009640116e-14
8.768443790370224194e-14
1.585104594652539333e-15
2.220446049250313081e-16
2.220446049250313081e-16
1.639784225904088262e-15
9.635192713738888092e-15
2.220446049250313081e-16
2.220446049250313081e-16
2.220446049250313081e-16
1.572584150577470488e-15
1.573746379287962555e-15
2.220446049250313081e-16
8.566621961009631985e-08
1.616514067928043588e-15
2.220446049250313081e-16
2.220446049250313081e-16
4.539776056207902862e-12
1.457627022993911064e-15
1.064158527043942184e-14
2.220446049250313081e-16
1.529562627632619420e-15
3.888479184019669077e+01
1.154714246435276770e-14
4.367032323478965458e-12
9.386925942014091979e-08
1.499260586920683944e-15
8.674299048109963045e-14
3.499141430866405280e-12
2.220446049250313081e-16
6.239916769243070615e-13
2.220446049250313081e-16
2.373794302281682134e-10
1.510257208902547280e-15
2.220446049250313081e-16
1.562145841744718450e-15
5.255233856301973053e-13
7.951974606316736800e-14
2.220446049250313081e-16
1.849376397179376859e-03
1.621555859528682254e-15
7.896933793372110207e-14
2.220446049250313081e-16
6.099550454621439354e-13
8.541294822906560368e-14
2.220446049250313081e-16
2.566861578113704728e-04
3.575168841070849429e-05
2.220446049250313081e-16
1.160343627148251946e-14
1.625867404706955336e-15
2.220446049250313081e-16
2.220446049250313081e-16
2.220446049250313081e-16
1.129462374267867564e-14
2.220446049250313081e-16
6.326662237643414158e-13
2.220446049250313081e-16
4.665735491626687844e-12
4.536392570128596544e-12
1.625485082232771800e-15
4.544218402924951927e-12
1.019736086983501219e-08
1.188746895645697330e-14
5.963378348841349413e-13
2.220446049250313081e-16
1.585104595808503563e-15
1.484984226854888239e-15
8.805737029751171785e-08
2.406024826076690047e-10
3.811701270333985573e-12
1.397902234963288472e-15
1.316040934717750988e-08
3.426836948421738809e-11
1.619492319921478747e-15
2.220446049250313081e-16
2.220446049250313081e-16
6.082963553431550483e-13
4.318856742963124626e-12
2.220446049250313081e-16
1.183911914930196927e-14
8.444252891525235437e-14
2.417202951086340844e-10
1.605941291337295529e-15
2.220446049250313081e-16
1.619535654163818758e-15
3.716494074825376259e+01
2.220446049250313081e-16
5.229526430774762424e+00
1.435625592425339861e-15
1.555533193150284937e-15
1.173555492386481837e-14
2.378691779500218044e-10
6.822464787493790947e-07
1.308622947686109893e-08
8.674987527231451938e-14
6.951627411129579583e-14
1.488445716576795629e-15
5.271234831093763340e+00
6.915750319939109257e-07
8.508356770767214583e-14
2.220446049250313081e-16
7.821289851634090102e-14
5.054990324466125173e+00
5.025953617354481651e+00
1.310452458098866277e-02
3.537359116716554184e-05
1.615946587112262226e-15
3.685081700771385016e+01
2.220446049250313081e-16
5.300291728189200358e-01
6.595195041311020850e-08
2.220446049250313081e-16
2.220446049250313081e-16
1.872425359447547509e-03
4.552229428946762190e-12
3.941442215817226469e+01
5.660715109527094847e-13
1.236826150691176663e-08
3.524073714578484129e+01
2.220446049250313081e-16
3.641749183702813655e-05
1.320354037833104330e-02
6.118638244457535141e-13
1.826725932766195193e-03
1.583442342048649014e-15
3.546727929686567649e+01
1.207476428572176238e-08
1.733159182299818019e-09
1.298375675989410678e-02
1.995193632384247972e-03
3.576743019295337778e+00
1.305504920053280607e-03
1.027941298958673764e-14
9.436429733328478842e-02
3.170991323429212410e-11
5.126987039798960311e+00
1.369744211066657204e-02
1.184091105977225740e-14
2.416882836153145760e-10
1.133791443422886920e-14
2.931342260291386026e+01
3.719500374360048767e+01
8.654725783635777714e-02
1.706508995334534437e-03
4.013865132122955970e+01
2.220446049250313081e-16
4.527182348987594691e-13
4.202707903144155678e-06
3.892879468683327815e+01
7.709875263704943762e-14
1.101735642801324709e-03
2.220446049250313081e-16
9.957520817057116669e-02
1.605668109261604980e-09
3.811474948224209669e+01
3.867262619255781431e+01
3.902437270031082051e+01
1.288471663627270272e-09
1.733725896263747046e+01
5.299617242810905182e+00
2.875098315094420217e-11
1.705498190866444142e-09
6.210079589910971471e-13
5.045977795110196062e+00
4.538655461222030481e-07
3.869839189625538722e+01
2.220446049250313081e-16
5.448976436432084292e+00
3.877921883019917004e+01
4.663733243972929543e+00
3.786480905411357867e+01
8.519489056243055391e-14
3.629835322463247849e+01
4.016745546264235855e+01
4.735192031775603923e-06
2.970964712242723150e-11
3.710922960333054021e+01
7.268663396368343355e-01
3.611147203209558398e+01
1.075772916106406285e-14
7.955283856957917158e-08
3.776644617837908413e+01
3.930375565637220348e+01
2.220446049250313081e-16
5.234759155534449704e+00
3.828453550341439637e+01
2.220446049250313081e-16
3.678188128086080155e+01
2.003651551062301216e-03
3.862886332168758940e+01
1.529942052841526278e-15
5.021957572109852747e-06
3.212669995508720559e-11
2.220446049250313081e-16
3.114554439871979643e-05
6.617312905967095430e-08
3.812035691568389950e+01
3.842447030835683108e+01
4.635670082679980375e+00
3.374690813535470824e+01
3.657860277674340210e+01
3.741586758145218283e+01
3.907706716868498376e+01
3.888319033140837178e+01
3.900741892818005851e+01
3.449996969049846030e+01
1.250492985669323792e-09
8.687186787111718353e-08
2.220446049250313081e-16
3.931113303232996969e+01
9.023253035871388328e-02
1.339643703929071670e-03
5.352424128001509018e+00
8.202554189409537270e-14
2.220446049250313081e-16
2.406586817545531076e+01
1.819278550110411561e-04
7.935485588219711073e-14
3.284208824363639137e-11
2.220446049250313081e-16
1.725989317534063603e-05
2.519551093925693614e-11
4.031998141659477852e+01
5.105343025181088734e+00
8.442181903063779302e-02
1.657947159663158618e-04
3.949283192029315614e+01
2.220446049250313081e-16
3.490449643782783795e+01
2.559084616998987403e-11
1.749088398706090908e-09
1.440953561579891597e-15
3.913010608464556128e+01
3.650556781580758070e+01
1.681434391842051958e-03
3.951407037471840056e+01
3.780679405995022080e+01
3.950685198738247550e+01
4.010147836204773597e+01
3.929909005589398419e+01
3.641247452926302230e+01
1.486038552569894307e-15
3.793778143910807188e+01
3.743598083277010602e+01
3.694847028532922195e+01
3.673806126640472058e+01
3.328090942511723682e+01
4.021463790045075370e+01
2.096809036801821691e+01
3.677453148189513733e-12
3.969572422683495461e+01
3.871999667457543381e+01
3.813456997676102844e+01
3.900808485728910568e+01
3.898949879826372467e+01
5.011383435597466907e+00
3.922235220440949632e+01
3.781194128703562285e+01
1.987662175966901401e+01
3.795283303818645493e+01
3.850914640708324299e+01
3.945941006580864752e+01
4.053363679663172547e+01
4.685254525588411617e-12
3.913814593287450805e+01
2.917917473782794345e-12
1.749114144971239782e+01
3.793020835195141416e+01
3.668149404112359235e+01
6.938609140870333203e-01
3.561891537368875049e+01
2.756013525514578788e+01
2.374477809455708766e+01
8.075060319415566574e-14
4.032737218262580825e+01
2.777981458155134309e+00
8.301495748722879930e-02
4.185381373536488780e+01
3.050047421728984917e-06
3.657543516124903960e+01
3.765646272130789640e+01
3.668322054621702222e+01
3.781551996060180443e+01
3.826994432859748940e+01
2.220446049250313081e-16
3.747935069822086263e+01
3.802985226351110981e+01
3.981009864873258408e+01
3.913658502009356255e+01
2.164366860253957014e+01
3.896357557608292410e+01
3.625695847543219230e+01
3.909776732214991313e+01
3.971762234742546127e+01
3.187761921754781369e+01
4.964474984021133075e+00
7.017363507870884032e-01
3.949073835063796878e+01
2.546473637546243322e-05
3.666358205112963020e+01
3.481777271096571980e+01
3.503300348007189058e+01
5.775966449171699990e-01
6.209887865806284799e-08
3.858364052322878024e+01
4.096893233230289155e+01
2.359974441931670341e+01
3.776325478115266066e+01
3.639458084569987761e+01
2.220446049250313081e-16
3.979935891225246536e+01
1.079022205148547596e-02
4.011066328375994772e+01
4.315869702372401467e-06
3.269989464867900608e+01
3.662654072137947736e+01
3.699619309577981596e+01
3.613249651278224661e+01
3.765447347501602593e+01
3.689726877619413159e+01
3.991646553157214328e+01
2.646302051354282625e+01
3.145230408925344179e+01
2.509327947884818499e+01
3.840730879310486756e+01
3.598981389601078007e+01
1.130513230667769191e-08
3.957360160025447726e+01
3.103599716672418296e+01
4.042882312772638187e+01
3.882745470398972287e+01
3.869711600484344416e+01
3.802071791768887721e+01
3.796153388531556061e+01
3.568157277335201627e+01
3.854195569730151050e+01
3.795449989888492581e+01
3.868288434628017569e+01
3.785956011096014606e+01
3.964611273691392768e+01
3.861643994337701713e+01
9.886582988036455062e-15
3.720241290754226071e+01
1.536941214180287988e-15
4.125618494431370920e+01
3.877816446579355159e+01
3.579364542112402603e+01
3.019852962338611135e+01
2.843911710071078502e+01
2.409835053877059428e-10
3.917559003131550810e+01
3.750266984125458691e+01
3.847575223005940614e+01
4.052096026946482255e+01
3.932674815344589803e+01
3.702646876012077870e-01
2.571071947288022841e+01
3.634519835740415772e+01
3.739072261266650798e+01
3.514425106411734134e+01
4.541712122783496368e-07
3.937529306281384578e+01
2.220446049250313081e-16
3.720509986493441801e+01
3.620435843406202991e+01
3.913729989332247783e+01
4.434058427470311882e-13
3.930167935840638194e+01
2.304183788713555359e+01
3.740003542376215506e+01
3.992250464549606903e+01
3.888537990469448147e+01
3.538426871585667755e+01
3.795589706807768948e+01
3.900141023201651080e+01
3.642169690194970144e+01
2.497544707052164981e+01
3.882000071934906771e+01
3.970757423904588990e+01
3.987884811627392878e+01
3.791283877708260519e+01
3.458004180736392641e+01
3.970194988114510437e+01
3.550658326524757058e+01
3.682287424108463370e+01
5.067950156986561950e-08
3.915136382036209284e+01
3.694416897774198816e+01
3.081427747709333765e-12
3.647212746049069665e+01
3.846661098071764684e+01
3.841315019428713384e+01
3.834591981208712497e+01
1.261012049822407377e+01
3.267421145639609392e+01
3.860352463778155396e+01
3.645011175879555054e+01
3.115960313161986051e+01
3.858376152987989371e+01
4.009213460317435107e+01
3.839987494476143581e+01
4.249278547121310368e+01
4.121361908993646495e+01
3.898666540228568067e+01
3.727802104868365518e+01
4.099986981008245834e+01
3.903532232445822103e+01
3.121848230356860654e+01
3.498017791674945443e+01
3.709722518131651015e+01
3.645991270237989568e+01
3.316488171691604236e+01
3.831740709899834485e+01
3.819464895893542433e+01
3.763345716012981512e+01
3.934382583780548970e+01
3.722547792138367129e+01
3.951398105802410043e+01
3.380388368170999058e+01
3.694001353135229948e+01
3.624582141977844429e+01
4.056835529693717035e+01
3.680094498599929409e+01
4.147544660394979132e+01
6.703064802945044730e-09
2.344421362405915943e+01
3.855741684418845239e+01
3.789583311536929244e+01
3.529216941833403354e+01
3.790764013144396927e+01
3.991777259144409129e+01
3.515310341555633755e+01
3.902953717435815406e+01
3.806802665296417132e+01
3.870509870094574723e+01
3.501372650514800000e+01
3.903042121381489693e+01
3.579063090531505509e+01
3.689717482546365090e+01
9.935312478899813229e-15
3.907609626959469296e+01
9.752637660074887626e-15
3.922792902261883086e+01
3.923151644471108312e+01
3.655453734057942938e+01
3.417619415707486752e+01
3.802364947346033830e+01
3.824201419811392810e+01
3.937937642566146934e+01
3.633723115371371648e+01
1.506420167055862436e+01
3.798926807302515130e+01
3.321009822055801664e+01
3.816473087670185294e+01
3.681976168732170862e+01
3.544075167603757848e+01
3.906292752870490403e+01
3.809495760496852768e+01
3.839880127781144381e+01
3.601758747322411125e+01
4.022363060209373486e+01
3.794649793248218117e+01
3.949928855939923267e+01
3.410932400403814313e+01
2.065807059011644498e+01
3.786862489326944825e+01
3.851949262781920424e+01
3.699448808354967611e+01
3.747007357839993347e+01
3.856982331641987827e+01
4.041765724864711018e+01
3.767157255262102211e+01
4.011427918293131256e+01
3.960126283363437949e+01
1.152938173387061660e+01
4.106044359639660257e+01
3.884898207454002517e+01
3.905480560125230483e+01
3.798453241378192757e+01
3.842120776374619595e+01
3.631675878074488395e+01
3.805444935323779987e+01
3.774466598590458233e+01
3.771253868206981252e+01
4.114704904094482885e+01
3.893803231515106233e+01
4.052146960975940715e+01
1.505979824642302312e+01
3.930220321429203523e+01
3.834506522422289265e+01
3.504605499812790015e+01
3.887022953559420557e+01
2.960391373279839655e+01
3.852240712250808485e+01
3.999282716119038383e+01
3.759779144919785665e+01
3.482397469397073309e+01
3.756805997132725139e+01
4.007555036967606554e+01
3.792697435597868605e+01
3.579711224827630645e+01
3.823657352064454784e+01
3.497347555394777885e+01
4.058131406772528038e+01
3.765916521425096164e+01
3.758366927195713458e+01
3.524758029835972195e+01
3.742696434916283010e+01
4.124209941537889534e+01
3.827862654918935448e+01
3.669767837987830461e+01
3.734628385628897718e+01
3.481232640936205058e+01
4.073534286377271485e+01
4.013014887514794538e+01
3.728295631412955657e+01
3.911670721782824955e+01
3.878517472733226867e+01
3.828855830327892562e+01
3.507338645615895700e+01
3.742048368834716143e+01
3.773406513404263762e+01
3.717599507793745062e+01
3.906320044332610308e+01
4.015054105686145647e+01
3.648270850475054772e+01
3.810687828918199216e+01
3.616815452447975332e+01
3.964929351110823319e+01
3.408888510034086750e+01
1.932662960162093313e+01
3.985652197983809941e+01
3.684861573952415625e+01
3.865869756531682100e+01
3.870325112496798425e+01
3.992422588739477618e+01
1.038384112048782626e+01
3.812924971232378368e+01
3.676420078443383943e+01
3.974473122157251481e+01
3.798453071123763181e+01
3.652048065210951222e+01
3.972666793817288777e+01
3.960065757803144493e+01
3.379909453080507120e+01
3.987339826982027802e+01
3.777756417951780321e+01
4.002375977630713777e+01
4.064826245455844145e+01
3.359807197118720978e+01
3.871344230736818304e+01
3.794000737495896658e+01
3.833888972121025773e+01
3.857442329958621485e+01
3.890820385900142497e+01
3.877261621138059411e+01
3.819692663938077715e+01
3.676621574207970156e+01
3.826396173742303120e+01
3.903856819141834933e+01
3.625849619963819492e+01
3.875239583238798957e+01
3.935366756873886374e+01
3.734059650543443354e+01
3.884869761453349923e+01
3.813003027453874694e+01
3.599108542827818269e+01
2.220446049250313081e-16
3.726310213495292345e+01
4.085557443210442585e+01
3.954298927861253077e+01
4.009998263412114738e+01
3.723082010336038650e+01
3.857600639456755687e+01
3.976405212833655156e+01
3.796601862332028787e+01
3.795683663320368595e+01
3.872057333658322875e+01
3.709378691233614944e+01
3.749455129843141776e+01
3.955709976549293572e+01
3.399997424640886834e+01
3.991529756735173606e+01
3.992689717465377441e+01
4.015395510920815525e+01
3.973412633355528811e+01
3.553856012439686651e+01
4.014528629202737875e+01
4.082625790045840120e+01
4.000517308498941560e+01
3.918684297377427583e+01
3.287910720193824687e+01
3.657774816277626684e+01
3.882671876320448945e+01
4.058724703768735509e+01
3.652439062441899154e+01
3.890458517527075344e+01
4.127589273422223215e+01
3.690857099104484007e+01
1.638072554059831631e+01
3.983713349175388885e+01
3.894686292760008683e+01
4.174440411560007647e+01
4.045980433032683266e+01
3.707598474399017618e+01
3.968482120934941548e+01
4.017840176949975728e+01
3.539965806850324981e+01
3.711791758764393734e+01
3.807712618032886098e+01
3.768849748270523747e+01
3.785240365014296060e+01
3.901859423912870994e+01
3.709456323500992880e+01
3.894712218104159263e+01
3.426442488308399703e+01
3.243436914062070997e+01
3.861657513477996417e+01
3.816741685731311406e+01
3.812699560030701207e+01
4.055901667507666986e+01
4.005830309114277554e+01
3.486462716970639519e+01
3.956338955338671326e+01
3.637450742669382464e+01
3.634795669228513759e+01
4.064245691279784722e+01
4.080007925220570542e+01
3.654760931990281136e+01
3.909563668605960629e+01
3.915042636379246233e+01
3.137353558656838359e+01
4.169430428059722260e+01
4.112041343985169561e+01
3.679645262426490149e+01
2.853435133469087503e+01
3.842435012253707782e+01
3.929960065640825206e+01
4.042681863899821337e+01
3.998826449982413322e+01
1.677078620945267318e+01
3.701906533747771277e+01
3.703898950406627222e+01
3.636396235923258047e+01
3.943615399286093748e+01
3.920714025652753776e+01
3.997642850885398502e+01
3.589483597800641235e+01
3.894664412375504980e+01
3.838650652169706490e+01
3.813674069157987390e+01
3.688074832547827242e+01
3.959591955099256211e+01
3.544019296933576157e+01
3.835479068305556183e+01
4.164867591173668160e+01
3.989265698990323017e+01
3.635735254363549274e+01
3.966923825671650405e+01
3.525907688674213603e+01
3.719476169953709643e+01
3.844326929506048884e+01
3.922964401636740917e+01
3.639940919268127573e+01
3.864144579153015968e+01
4.032550778277926185e+01
3.663487096664966458e+01
3.823844482211038098e+01
3.881455603412558730e+01
3.826912586890423285e+01
3.952841718757901646e+01
4.011099851992693743e+01
3.921352927060063820e+01
3.768544524349461255e+01
3.964982881648628421e+01
3.812237084572915080e+01
3.703054679157595075e+01
3.808304834683347906e+01
3.730998748189205827e+01
3.642933242828888041e+01
3.690646744055909778e+01
4.044842965692424741e+01
3.770666671379630230e+01
2.543564214882382402e+01
4.066675150305368902e+01
3.948762843192406535e+01
4.217985850361459654e+01
3.822969287186979415e+01
3.594653503322184207e+01
3.868465373738536073e+01
3.939160647075843258e+01
3.900540918725074135e+01
4.044916495739752804e+01
3.866321611179694173e+01
3.708085030537530713e+01
3.813681176897368630e+01
3.818335212311210114e+01
4.018245063641025894e+01
4.245217694822387244e+01
3.907831642547025552e+01
3.957058880638391685e+01
4.060144652115063479e+01
