2.220446049250313081e-16
2.220446049250313081e-16
2.220446049250313081e-16
2.220446049250313081e-16
2.220446049250313081e-16
2.220446049250313081e-16
2.220446049250313081e-16
2.220446049250313081e-16
2.220446049250313081e-16
2.220446049250313081e-16
2.220446049250313081e-16
2.220446049250313081e-16
2.220446049250313081e-16
2.220446049250313081e-16
2.220446049250313081e-16
2.220446049250313081e-16
2.220446049250313081e-16
2.220446049250313081e-16
2.220446049250313081e-16
2.220446049250313081e-16
2.220446049250313081e-16
2.220446049250313081e-16
2.220446049250313081e-16
2.220446049250313081e-16
2.220446049250313081e-16
2.220446049250313081e-16
2.220446049250313081e-16
2.220446049250313081e-16
2.220446049250313081e-16
1.607569980145562204e-15
2.220446049250313081e-16
2.220446049250313081e-16
2.220446049250313081e-16
2.220446049250313081e-16
2.220446049250313081e-16
2.220446049250313081e-16
2.220446049250313081e-16
2.220446049250313081e-16
2.220446049250313081e-16
2.220446049250313081e-16
2.220446049250313081e-16
2.220446049250313081e-16
2.220446049250313081e-16
1.418062798482141590e-15
2.220446049250313081e-16
2.220446049250313081e-16
2.220446049250313081e-16
2.220446049250313081e-16
2.220446049250313081e-16
2.220446049250313081e-16
2.220446049250313081e-16
2.220446049250313081e-16
2.220446049250313081e-16
2.220446049250313081e-16
2.220446049250313081e-16
2.220446049250313081e-16
2.220446049250313081e-16
2.220446049250313081e-16
2.220446049250313081e-16
2.220446049250313081e-16
2.220446049250313081e-16
2.220446049250313081e-16
2.220446049250313081e-16
2.220446049250313081e-16
2.220446049250313081e-16
2.220446049250313081e-16
2.220446049250313081e-16
2.220446049250313081e-16
2.220446049250313081e-16
2.220446049250313081e-16
2.220446049250313081e-16
2.220446049250313081e-16
1.516104480216074431e-15
1.628523788232105314e-15
2.220446049250313081e-16
2.220446049250313081e-16
2.220446049250313081e-16
1.585334338402325012e-15
2.220446049250313081e-16
2.220446049250313081e-16
2.220446049250313081e-16
1.618008803844865509e-15
2.220446049250313081e-16
2.220446049250313081e-16
2.220446049250313081e-16
2.220446049250313081e-16
2.220446049250313081e-16
2.220446049250313081e-16
2.220446049250313081e-16
2.220446049250313081e-16
1.603529649362518258e-15
2.220446049250313081e-16
2.220446049250313081e-16
2.220446049250313081e-16
2.220446049250313081e-16
2.220446049250313081e-16
2.220446049250313081e-16
2.220446049250313081e-16
2.220446049250313081e-16
2.220446049250313081e-16
2.220446049250313081e-16
2.220446049250313081e-16
2.220446049250313081e-16
2.220446049250313081e-16
2.220446049250313081e-16
2.220446049250313081e-16
2.220446049250313081e-16
2.220446049250313081e-16
2.220446049250313081e-16
1.624660759865873055e-15
2.220446049250313081e-16
2.220446049250313081e-16
2.220446049250313081e-16
2.220446049250313081e-16
2.220446049250313081e-16
2.220446049250313081e-16
2.220446049250313081e-16
2.220446049250313081e-16
2.220446049250313081e-16
2.220446049250313081e-16
2.220446049250313081e-16
2.220446049250313081e-16
2.220446049250313081e-16
2.220446049250313081e-16
2.220446049250313081e-16
2.220446049250313081e-16
1.081815976255863711e-14
2.220446049250313081e-16
1.553574103358332503e-15
2.220446049250313081e-16
2.220446049250313081e-16
2.220446049250313081e-16
1.602475993815180313e-15
1.519842075628116575e-15
2.220446049250313081e-16
2.220446049250313081e-16
2.220446049250313081e-16
2.220446049250313081e-16
1.595784626781677483e-15
2.220446049250313081e-16
2.220446049250313081e-16
2.220446049250313081e-16
2.220446049250313081e-16
2.220446049250313081e-16
2.220446049250313081e-16
1.614412335738530900e-15
1.450921654711708825e-15
2.220446049250313081e-16
2.220446049250313081e-16
2.220446049250313081e-16
1.604100995009751102e-15
2.220446049250313081e-16
2.220446049250313081e-16
1.637717182946938247e-15
8.659033473917779215e-14
2.220446049250313081e-16
2.220446049250313081e-16
1.582976268474765857e-15
1.600100803945514404e-15
1.581993298940683944e-15
2.220446049250313081e-16
2.220446049250313081e-16
2.220446049250313081e-16
1.511973420345191302e-15
1.491323960191025843e-15
2.220446049250313081e-16
1.623588160018028190e-15
2.220446049250313081e-16
2.220446049250313081e-16
2.220446049250313081e-16
1.622766489688195608e-15
2.220446049250313081e-16
1.599234996179089139e-15
2.220446049250313081e-16
2.220446049250313081e-16
2.220446049250313081e-16
1.431813163407806251e-15
2.220446049250313081e-16
2.220446049250313081e-16
2.220446049250313081e-16
2.220446049250313081e-16
2.220446049250313081e-16
2.220446049250313081e-16
2.220446049250313081e-16
2.220446049250313081e-16
2.220446049250313081e-16
1.573769930708835251e-15
2.220446049250313081e-16
2.220446049250313081e-16
2.220446049250313081e-16
2.220446049250313081e-16
2.220446049250313081e-16
2.220446049250313081e-16
1.550709157284706706e-15
2.220446049250313081e-16
1.639172241751534256e-15
2.220446049250313081e-16
2.220446049250313081e-16
2.220446049250313081e-16
2.220446049250313081e-16
1.181855393479850718e-14
1.622150793883795144e-15
2.220446049250313081e-16
1.586717206422184853e-15
2.220446049250313081e-16
1.571872593234710108e-15
1.603804543278617467e-15
2.220446049250313081e-16
1.547598546169977366e-15
2.220446049250313081e-16
2.220446049250313081e-16
1.186424418496311101e-14
8.763482471379079725e-14
1.170003215843532647e-14
2.220446049250313081e-16
2.220446049250313081e-16
2.220446049250313081e-16
2.220446049250313081e-16
2.220446049250313081e-16
1.159390259652052273e-14
2.220446049250313081e-16
2.220446049250313081e-16
1.600632961260825142e-15
1.646370651022326114e-15
1.619507128669939972e-15
2.220446049250313081e-16
2.220446049250313081e-16
2.220446049250313081e-16
1.530209738357530772e-15
2.220446049250313081e-16
2.220446049250313081e-16
2.220446049250313081e-16
2.220446049250313081e-16
1.516064355985772057e-15
1.630640444269485541e-15
2.220446049250313081e-16
1.628524443539338317e-15
1.201387847535616021e-14
2.405009919868040917e-10
2.220446049250313081e-16
1.639961458898157606e-15
1.637718064790208427e-15
1.538342505411931143e-15
2.220446049250313081e-16
2.220446049250313081e-16
2.220446049250313081e-16
2.220446049250313081e-16
2.220446049250313081e-16
2.220446049250313081e-16
1.180415747707479822e-14
2.220446049250313081e-16
2.220446049250313081e-16
1.132187712541986945e-14
1.593594985294967139e-15
1.573038261586508671e-15
2.220446049250313081e-16
1.600789735341119601e-15
1.018167155579905472e-14
4.287719644670154650e-12
2.220446049250313081e-16
1.468060746754242750e-15
2.220446049250313081e-16
1.167712628937038838e-14
2.220446049250313081e-16
2.220446049250313081e-16
2.220446049250313081e-16
1.151447004847562995e-14
2.220446049250313081e-16
2.220446049250313081e-16
8.449658407241684040e-14
2.381524962655735664e-10
2.220446049250313081e-16
8.407898231398879170e-14
1.544552957112637625e-15
1.562968937461128315e-15
2.220446049250313081e-16
1.746846753288571109e-09
8.473866072505512337e-14
1.189220458376908374e-14
2.220446049250313081e-16
1.106574202525698668e-14
2.220446049250313081e-16
6.012251558853351093e-13
8.448899662856408451e-14
2.220446049250313081e-16
4.624655731339527727e-12
2.220446049250313081e-16
2.220446049250313081e-16
2.220446049250313081e-16
1.858391447970798603e-14
2.220446049250313081e-16
1.117844343522561386e-14
2.407712538529558566e-11
2.220446049250313081e-16
2.220446049250313081e-16
2.220446049250313081e-16
2.220446049250313081e-16
2.220446049250313081e-16
2.220446049250313081e-16
2.220446049250313081e-16
1.634022471942325653e-15
1.040429512314093170e-14
2.220446049250313081e-16
6.429519459915972731e-13
1.199555606422277670e-14
1.177875247160368510e-14
1.637716416193313215e-15
2.220446049250313081e-16
2.220446049250313081e-16
1.192400464325702962e-14
1.457550100693537882e-15
2.220446049250313081e-16
2.220446049250313081e-16
2.220446049250313081e-16
6.074316889753605648e-13
1.507374967729287126e-15
3.301441677208840053e-11
1.077762945363832122e-14
1.536073046104937723e-15
2.220446049250313081e-16
2.397929359440472755e-10
2.220446049250313081e-16
6.275801038045317981e-13
2.220446049250313081e-16
2.220446049250313081e-16
2.220446049250313081e-16
2.220446049250313081e-16
1.450967780442677968e-15
2.220446049250313081e-16
6.000263801966078558e-13
1.073892423664378635e-14
1.523250794792251613e-15
6.621459977280182217e-07
2.457290530051394576e-10
1.604094225052960402e-15
6.354967298903025816e-13
1.192194200635551121e-02
8.881445970127395710e-08
1.043985850296036884e-14
1.606597606131819517e-15
1.149350428775880230e-14
2.220446049250313081e-16
6.509202923107884065e-01
1.495997612165900336e-15
2.220446049250313081e-16
1.164082784037903727e-14
6.737605846893840503e-14
4.328071809652828975e-12
2.220446049250313081e-16
2.220446049250313081e-16
5.549405436529916334e-13
6.870974148205387655e-01
1.521010661557487842e-15
7.153757703611157703e-01
2.220446049250313081e-16
2.303043585306727242e-10
8.111448741507591531e-14
2.220446049250313081e-16
9.331865280492877834e-02
3.597740948652164731e-05
2.220446049250313081e-16
9.597643133290695086e-08
1.496943414050724822e-15
6.080188381877377761e-13
3.923013703098810367e+01
2.220446049250313081e-16
1.634782912210389617e-15
6.619915261290789041e-14
2.220446049250313081e-16
6.170039892871269203e-13
9.093130726899219252e-02
4.912894250948089650e-12
2.220446049250313081e-16
4.887852821936224768e-06
6.959770587445559542e-01
3.370496528567512933e-11
1.321208080232932115e-08
2.220446049250313081e-16
6.617533916286862487e-07
2.220446049250313081e-16
2.220446049250313081e-16
3.581191826723326144e-05
9.428004433568718591e-08
6.598733751343369961e-07
7.039417254040530869e-01
1.583083296451318563e-15
1.828780600473098880e-03
1.200205236431668189e-02
1.423899133645385095e-15
8.296778613333394535e-14
1.129696896272681095e-14
9.074887599205390554e-08
9.471717014172402471e-02
1.670330071444320279e-09
7.548401430135550016e-14
3.399011888902132079e-11
1.855139631383022694e-03
2.220446049250313081e-16
2.220446049250313081e-16
3.580254003706767043e-05
2.220446049250313081e-16
2.220446049250313081e-16
3.050220960396782436e-11
1.624472225099372158e-15
7.439907932687995151e-14
3.349197399981933313e-11
8.027522939265170632e-02
2.220446049250313081e-16
3.966653357218943654e+01
1.697552534817732217e-09
3.856204060672001788e+01
4.939962656367045051e-13
4.630718043711043110e-12
1.649187673014019019e-09
3.817970038843603930e+01
6.768378133059374203e-08
4.066950197878961859e+01
1.786970539585681578e-09
1.092259275962017073e-14
2.220446049250313081e-16
1.034221481054023312e-01
3.401580805227562992e-11
1.227577139412384306e-08
1.147094126427709334e-14
1.375913258819057988e-02
2.220446049250313081e-16
3.911124111885379762e+01
1.562172158130392462e-15
1.240172348108149135e-08
3.266063707592499511e-11
3.538712770933229781e-05
7.701177998200754652e-14
1.299106593047275222e-02
4.057290761926005018e+01
1.450921670735689326e-15
6.792669496608956214e-07
2.220446049250313081e-16
5.054079157127635114e+00
6.521682475555214660e-07
5.907269607562352239e-13
1.225873471859600841e-08
5.778545019591433324e-13
3.829068433792914306e+01
3.612603844932672814e+01
8.815867083982550041e-08
2.195658448233934687e-04
5.236087428889250717e+00
4.280968132340478643e-07
3.669532606178479761e-05
1.760360491592486275e-09
4.090450605466941426e-12
2.220446049250313081e-16
1.530179089653816590e-15
1.772151326697501108e-09
3.984908826051646002e+01
2.256123863588753053e+01
2.220446049250313081e-16
6.965976634597976780e-01
2.805734147304161397e+01
3.060389526414155182e-11
1.632789996398887687e-15
1.188002267400399548e-02
3.989655888838895947e+01
6.043748847870097363e-01
3.953391784287008903e+01
3.816396879942653442e+01
2.547591266795178598e-04
1.789412594117715844e-04
2.220446049250313081e-16
2.220446049250313081e-16
3.857176324894179942e+01
3.723827233006705484e+01
1.809863753950933793e-10
1.526078263712346936e-15
3.989596014230789933e+01
1.646001547245606007e-15
6.970149472697296394e-08
3.823721376538545513e+01
3.481515664273554478e+01
3.884079759433777213e+01
6.233892915739376474e-13
3.652773390517053569e-12
2.220446049250313081e-16
6.462155996533160843e-07
2.424631266347259523e-04
5.325155830123064149e+00
3.788985111629470026e+01
5.272791950405201433e+00
2.220446049250313081e-16
3.985692488568377456e+01
7.213249524869770565e-14
4.646557692779895690e-12
6.104762475445190900e-07
6.639935342139006158e-01
2.508561913755699645e-05
8.721546042209910114e-08
4.143434235784585695e+01
1.305924171603584788e-02
1.769643180094269356e-03
1.636871069989302569e-15
5.113609660431820414e-01
3.901538060731115110e+01
3.811098603387369366e+01
3.641400012472816883e+01
3.587522578732276912e+01
2.329588104183374063e-05
2.220446049250313081e-16
3.574593660308896403e+01
3.516605364788401289e+01
3.374785061869783931e+01
3.654321823856320583e-12
1.441899518304606676e-15
4.031430750398957485e+01
1.039596610903862380e-14
3.864248691003550817e+01
4.096068993985458206e+01
3.822265899865009686e+01
1.638215518461626096e-09
1.031706850793775637e-14
4.170623402351598941e+01
3.861026790233182027e+01
4.720144399521487344e+00
4.063828308420610114e+01
3.751334472254914942e+01
5.850184759380131145e-13
2.962393891324608575e+01
3.220754880833316491e+01
3.863105860739295139e+01
3.952946175424476394e+01
1.524855874583481486e-15
2.220446049250313081e-16
1.864681076253303779e-03
3.547854355689673866e+01
5.647113262455103259e-13
3.676601012781627986e+01
3.521548625328620830e+01
6.292709261481105670e-13
5.692466003002411012e-02
3.759446329463055747e+01
4.054989629614806290e+01
3.952591149890569255e+01
2.220446049250313081e-16
2.220446049250313081e-16
3.134581082452879386e+01
3.508505521753046708e+01
5.609664899075675670e+00
3.897601520424184685e+01
4.146107021517206448e+01
3.809983154978906583e+01
3.798507168077522067e+01
3.652064805043054463e+01
3.747714241716921890e+01
5.203416555671266153e+00
3.855919631683256910e+01
3.455033268373990296e+01
3.336308572978682463e+01
9.893848672164062662e-10
2.220446049250313081e-16
3.495347969651069064e+01
4.065769675022932006e+01
3.501691883013279494e+01
3.482808921876019781e+01
4.027820043791959392e+01
1.864400425398747476e-03
4.126318864252316132e+01
3.722111817174633330e+01
1.513400050656743161e-15
3.921025561259653358e+01
2.315487815157638819e-06
2.220446049250313081e-16
3.505870937370352269e-01
4.964189179812786011e-13
2.701470140813284360e+01
2.220446049250313081e-16
3.858219867572768891e+01
7.198358935780498902e-01
3.457206692783262980e+01
3.909786464270663942e+01
7.951927820010609022e-03
3.434508794846689472e+00
3.950894681804550856e+01
3.687237762176874156e+01
3.966496395247784079e+01
1.476153053381572304e-09
3.722061857866989243e+01
3.908466153858270076e+01
3.896545368699490098e-06
5.190429018939965111e+00
5.632282099247595042e+00
3.512881359702394946e+01
4.082030672114832726e+01
3.463643773978349987e-07
1.037567361073942159e-14
3.794083509369232132e+01
3.864474071867006902e-12
3.144836128514404550e+01
1.022490492794891121e-14
3.671458024889910376e+01
1.515320616707464212e-15
3.851892478848714774e+01
3.837069669052331022e+01
3.900518996882735934e+01
3.707837539472276944e+01
3.611471611662290115e+01
3.659082019763015836e+01
3.860899735023050994e+01
3.624796497429261422e+01
1.725064879133602957e+01
3.488761558525180106e+01
3.852072008897405908e+01
2.584951495990772941e+01
3.581679821923606966e+01
3.625166640068461987e+01
3.888030275965777349e+01
1.368560148986086666e+01
3.989157678269899066e+01
3.840987099056828669e+01
4.041764239374193579e+01
3.553807420992683319e+01
3.851740810929601366e+01
3.734696117550363681e+01
3.758802946971576375e+01
8.207537355236399074e-08
3.730483075017988170e+01
3.942432633539791453e+01
3.521933806634913111e+01
3.684834247799263807e+01
3.837709192118212798e+01
2.220446049250313081e-16
3.746262480785967597e+01
8.876139246853228023e-09
3.583617143641374958e-01
3.365108737108375436e+01
3.941212907175400204e+01
1.417489230502026174e-15
3.580523812186408605e+01
3.856517207734572850e+01
4.201604806669562819e+00
6.327244125534952975e-14
3.893184643367491304e+01
3.939421130224182832e+01
3.907298111159596488e+01
3.848976065798017032e+01
3.864127390366888193e+01
3.764078122575666185e+01
3.797888860324285076e+01
2.568331935352820850e+01
3.743013968587791140e+01
2.613016848689001392e+01
2.220446049250313081e-16
3.514857418300782399e+01
3.817510867454838319e+01
3.359962761969259759e+01
3.922048434899834035e+01
3.536628421100088104e+01
3.915760527744132702e+01
3.772308974179040320e+01
3.794679973147103169e+01
3.649032382750480963e+01
1.536797952895359526e-03
3.554108101727018720e+01
3.623206641481296231e+01
3.916584011080445293e+01
3.890547309390949238e+01
3.822447262559802539e+01
3.696528757728827941e+01
3.217701645304297386e+01
3.547378593362027743e+01
3.525193371941316656e+01
3.403071290500651003e+01
1.347167596663993372e+01
3.795369407285730290e+01
4.062322645409745547e+01
1.951004165233424459e+00
3.653187729996670896e+01
4.734154532167061366e-08
3.691018055591682412e+01
2.709481202589437743e+01
1.996256275641676936e+01
1.872263633306634389e+01
3.774695288336067733e+01
3.865833059987508591e+01
3.730071785633965931e+01
1.582253279642880078e-05
3.957039953206918170e+01
3.662099216426328496e+01
3.400287302839754489e+01
3.810935797242460410e+01
3.926680643623612355e+01
3.676718742219161840e+01
2.088849197135540336e+01
3.994442042847430940e+01
3.798501738450035248e+01
3.788073140541680317e+01
3.959258623686643830e+01
4.080006392591612752e+01
1.546161610135739874e-10
6.289390353436450365e-01
3.726554269246098983e+01
3.486155034572615818e+01
3.687849707214011374e+01
2.413122048284254979e-04
2.220446049250313081e-16
3.745231901423188958e+01
4.032947769491334356e+01
3.817851575472817416e+01
3.924641416365973612e+01
3.960096111756711679e+01
3.719601114630754068e+01
4.019904267514592533e+01
3.609106167422645228e+01
3.944768918704437510e+01
3.645844352682826184e+01
3.480807332463520254e+01
3.605883591013505196e+01
1.658294003035240394e+01
3.146978711623558571e-12
3.726960366567900707e+01
3.975219326327427893e+01
3.460130386719670526e+01
3.716515945837015522e+01
3.823013229861227558e+01
3.691416368301040762e+01
2.807202040056021630e+01
3.837732032552951722e+01
3.816995067201048641e+01
3.944172707040264214e+01
3.710251922446992978e+01
3.989600504714083939e+01
3.484945071059769583e-01
3.510894233365685579e+01
3.816976662680948351e+01
3.817767826400578457e+01
4.108813526915771064e+01
3.852875290836232125e+01
3.763111242622932906e+01
4.007328944065091036e+01
3.817040362402975262e+01
3.527933751385808847e+01
3.870407317251474666e+01
2.220446049250313081e-16
3.791052101306254940e+01
3.555885843204680441e+01
3.926394729022334218e+01
4.030406078904966449e+01
3.935200028060778976e+01
3.711889135483239244e+01
6.179075066892692793e-03
3.782725547365019025e+01
4.258823388431400758e+01
3.801043376905583671e+01
3.635827206478459317e+01
3.629612995157556554e+01
3.723310368543740623e+01
4.152937513266250846e+01
3.722780115505779008e+01
2.001092121487397790e+01
4.068457783322029542e+01
3.845609381894617229e+01
3.854508343675968973e+01
3.838391845787213441e+01
3.696380618775599913e+01
2.897734137304627811e-01
3.943168301561875921e+01
3.916145837580005207e+01
3.676696496830366812e+01
3.701212197829514849e+01
3.831770513910258558e+01
1.430696202499846592e+01
2.864696597067257500e+01
3.970559045215597394e+01
3.918737637113619598e+01
3.938365685247827486e+01
3.814282714154589371e+01
3.676082469559815991e+01
3.984640187688570734e+01
3.951335973323343609e+01
3.859975280145523158e+01
3.767599657384326406e+01
3.831802638755889490e+01
4.025746026486641682e+01
1.811410413080983872e+01
4.038808326311538366e+01
3.811444154774129345e+01
3.405557495146928204e+01
3.387882260355502240e+01
1.879085389824175323e+01
3.560762701228131988e+01
3.707090752174860171e+01
3.372019829719546635e+01
5.558915180892780583e-01
3.709535531243417239e+01
3.715445985012868135e+01
3.908742512884774101e+01
4.122420237172033808e+01
3.884619030377638893e+01
3.539665823142377121e+01
3.832458418263544786e+01
4.068232898641766582e+01
3.942133963861530788e+01
3.761486022926271033e+01
4.108260487482206003e+01
4.014674102257384192e+01
3.968727348243045583e+01
3.987435445988415950e+01
3.875032505295131813e+01
3.841116072043195828e+01
4.107398663354810964e+01
1.480603516505959449e+00
3.784922650833161129e+01
4.093220158493004845e+01
3.767238384516237204e+01
3.925569277874521390e+01
3.777520036828394012e+01
3.810645852043185755e+01
3.839000179463257467e+01
3.992312069280443154e+01
3.218735477853642379e+01
3.914102560148181453e+01
3.783254996286333238e+01
3.794990400625977855e+01
3.831753767691331092e+01
4.046457008969836266e+01
3.971772252124136315e+01
3.863696341821805902e+01
1.874716278416418547e+01
4.006298539526719793e+01
3.909608252575828402e+01
3.822500868774488936e+01
3.710298655160428183e+01
4.068789499242491559e+01
2.471770533544627213e+01
3.927108878286827576e+01
3.589108735943736406e+01
3.739772683368951789e+01
3.847334491486022046e+01
3.804307597793177820e+01
3.987586637194299044e+01
3.807232662501976250e+01
3.844156641228040883e+01
3.988501531958861079e+01
3.781127563582895590e+01
3.649340000409084439e+01
1.937371446678582387e+01
3.829827746804109978e+01
3.866773992799272008e+01
3.719276787584606581e+01
3.682225954431937254e+01
3.778877406711597331e+01
3.973660373715262750e+01
4.131202205855169041e+01
3.628452083043293186e+01
3.922272930473474162e+01
1.448900206022346815e+01
3.804330424042041159e+01
3.770819160853456964e+01
3.942828664196211008e+01
4.215124388270424305e+01
3.824694860626131288e+01
3.987707494477378134e+01
3.512230919598180634e+01
4.065096089926913692e+01
3.815187113559033349e+01
1.323977629024078695e+01
3.629688635641532812e+01
4.043009017221368850e+01
3.698520360518622141e+01
3.983232422754593927e+01
4.111547826735569089e+01
3.590744294681801563e+01
3.988465191817744682e+01
4.032481647569117911e+01
4.148544187304061381e+01
3.731940745925922442e+01
3.108924525216164980e+01
3.888725273443862562e+01
3.994152087972842224e+01
3.732192815490009963e+01
3.900779353946123962e+01
3.627771135380459810e+01
3.740752688128679182e+01
4.013398029696724478e+01
3.992927427729884471e+01
3.915411544842984881e+01
4.035282088184852256e+01
3.938568648789469506e+01
3.750634808720005964e+01
3.896237622564773062e+01
4.190884439411399853e+01
2.303880866326872834e+01
3.828450318206231628e+01
3.912577401185059500e+01
3.759948964247566749e+01
3.830925546016306527e+01
3.712403154796963634e+01
3.769061243069111811e+01
3.856493754656840878e+01
3.719014535844036118e+01
3.786136269619008488e+01
3.573943112909334729e+01
4.039018880977309323e+01
3.838183608276994363e+01
3.696592158598700451e+01
3.958333384362261853e+01
3.943358694036922429e+01
4.026021295334448524e+01
3.754988357771694751e+01
3.889172650422554511e+01
3.796598353706750828e+01
1.719723458907694535e+01
3.938916004953119909e+01
3.661441816733685783e+01
4.040516630751969984e+01
4.176494065146609103e+01
4.093188912650482791e+01
3.976913200021844119e+01
4.042686653521818840e+01
3.767561739599033643e+01
4.021244594178526910e+01
3.921658596757399096e+01
3.763706934768222112e+01
3.837472288907856921e+01
3.587507326386397466e+01
3.885662824280935013e+01
3.638577208799078733e+01
3.764440128553454201e+01
3.493833783934177006e+01
4.019909227660197359e+01
3.938985075602621322e+01
3.914544382885181051e+01
3.927365575567729650e+01
3.803406305240461904e+01
4.033226514192685386e+01
3.969518176782430174e+01
3.700852313353247069e+01
3.893697278869811385e+01
3.746169499674520864e+01
3.956762997018783778e+01
4.089336901745841857e+01
3.783871811975262034e+01
3.811107525591248191e+01
1.281204921734554425e+01
3.786348463626971039e+01
4.008211657483882817e+01
3.957559227947965041e+01
4.112430037056527965e+01
3.705589627058061097e+01
3.810299212513509559e+01
3.900545225569185703e+01
3.981307095734080548e+01
3.946619186210961061e+01
3.888058676503054301e+01
4.024892143390472654e+01
3.922598804044850596e+01
3.900821549390244058e+01
3.953198670706813544e+01
3.936106497090420220e+01
3.902873261095047752e+01
3.627148843851489346e+01
3.699486304095790246e+01
2.650562642673496327e+01
3.686307442043639782e+01
3.628565888953519902e+01
4.015575872848830130e+01
3.780184960269326666e+01
3.924041700284104195e+01
3.712598101719796517e+01
3.866634107481646510e+01
3.929985587560649662e+01
3.856461345582313527e+01
3.512782620574603243e+01
3.686275032106895111e+01
4.095124045971724769e+01
3.948991811317746681e+01
3.754994866818860544e+01
4.048003728496993148e+01
3.744103398194340571e+01
3.881017187756046383e+01
3.942898197141897043e+01
3.964477455827208274e+01
3.952939119303681537e+01
3.701244567048194511e+01
3.584407562371683298e+01
4.097772782774418943e+01
3.646302153723441108e+01
3.900658034405865493e+01
3.902185007145886431e+01
3.907294814463696753e+01
3.689502643087639200e+01
3.649397484912375234e+01
3.637754770649758029e+01
2.118039803295211954e+01
3.764580128667186187e+01
3.705736492133040372e+01
2.722617290522470412e+01
3.726457690026579428e+01
3.714308297097357325e+01
3.743438450934961281e+01
4.076423127695898785e+01
3.819990834788206513e+01
3.860048639977744500e+01
