2.220446049250313081e-16
2.220446049250313081e-16
2.220446049250313081e-16
2.220446049250313081e-16
2.220446049250313081e-16
2.220446049250313081e-16
2.220446049250313081e-16
2.220446049250313081e-16
2.220446049250313081e-16
2.220446049250313081e-16
2.220446049250313081e-16
2.220446049250313081e-16
2.220446049250313081e-16
2.220446049250313081e-16
2.220446049250313081e-16
2.220446049250313081e-16
2.220446049250313081e-16
2.220446049250313081e-16
2.220446049250313081e-16
2.220446049250313081e-16
2.220446049250313081e-16
2.220446049250313081e-16
2.220446049250313081e-16
2.220446049250313081e-16
2.220446049250313081e-16
2.220446049250313081e-16
2.220446049250313081e-16
2.220446049250313081e-16
2.220446049250313081e-16
2.220446049250313081e-16
2.220446049250313081e-16
2.220446049250313081e-16
2.220446049250313081e-16
2.220446049250313081e-16
2.220446049250313081e-16
2.220446049250313081e-16
2.220446049250313081e-16
2.220446049250313081e-16
2.220446049250313081e-16
2.220446049250313081e-16
2.220446049250313081e-16
2.220446049250313081e-16
2.220446049250313081e-16
2.220446049250313081e-16
2.220446049250313081e-16
2.220446049250313081e-16
2.220446049250313081e-16
2.220446049250313081e-16
2.220446049250313081e-16
2.220446049250313081e-16
2.220446049250313081e-16
2.220446049250313081e-16
2.220446049250313081e-16
2.220446049250313081e-16
2.220446049250313081e-16
2.220446049250313081e-16
2.220446049250313081e-16
2.220446049250313081e-16
1.635804993467742377e-15
2.220446049250313081e-16
2.220446049250313081e-16
2.220446049250313081e-16
2.220446049250313081e-16
2.220446049250313081e-16
2.220446049250313081e-16
2.220446049250313081e-16
2.220446049250313081e-16
2.220446049250313081e-16
2.220446049250313081e-16
2.220446049250313081e-16
2.220446049250313081e-16
2.220446049250313081e-16
2.220446049250313081e-16
2.220446049250313081e-16
2.220446049250313081e-16
2.220446049250313081e-16
2.220446049250313081e-16
2.220446049250313081e-16
2.220446049250313081e-16
2.220446049250313081e-16
2.220446049250313081e-16
2.220446049250313081e-16
2.220446049250313081e-16
2.220446049250313081e-16
2.220446049250313081e-16
2.220446049250313081e-16
2.220446049250313081e-16
2.220446049250313081e-16
2.220446049250313081e-16
2.220446049250313081e-16
2.220446049250313081e-16
1.623848940044050725e-15
2.220446049250313081e-16
2.220446049250313081e-16
2.220446049250313081e-16
2.220446049250313081e-16
2.220446049250313081e-16
2.220446049250313081e-16
2.220446049250313081e-16
2.220446049250313081e-16
1.618589981103517742e-15
2.220446049250313081e-16
1.585334222975013477e-15
2.220446049250313081e-16
2.220446049250313081e-16
2.220446049250313081e-16
2.220446049250313081e-16
1.622209061600235859e-15
2.220446049250313081e-16
2.220446049250313081e-16
2.220446049250313081e-16
2.220446049250313081e-16
2.220446049250313081e-16
2.220446049250313081e-16
2.220446049250313081e-16
2.220446049250313081e-16
2.220446049250313081e-16
2.220446049250313081e-16
2.220446049250313081e-16
1.616609776428729153e-15
1.530209684542631392e-15
2.220446049250313081e-16
2.220446049250313081e-16
2.220446049250313081e-16
1.488753909050111747e-15
2.220446049250313081e-16
1.458034121629772230e-15
2.220446049250313081e-16
2.220446049250313081e-16
1.429211440760947794e-15
2.220446049250313081e-16
2.220446049250313081e-16
1.183953003423121256e-14
2.220446049250313081e-16
2.220446049250313081e-16
2.220446049250313081e-16
2.220446049250313081e-16
8.442625499394866563e-14
2.220446049250313081e-16
2.220446049250313081e-16
2.220446049250313081e-16
1.613053126856676122e-15
2.220446049250313081e-16
2.220446049250313081e-16
2.220446049250313081e-16
1.634009641109803015e-15
2.220446049250313081e-16
2.220446049250313081e-16
2.220446049250313081e-16
2.220446049250313081e-16
2.220446049250313081e-16
2.220446049250313081e-16
2.220446049250313081e-16
2.220446049250313081e-16
2.220446049250313081e-16
2.220446049250313081e-16
2.220446049250313081e-16
2.220446049250313081e-16
2.220446049250313081e-16
2.220446049250313081e-16
2.220446049250313081e-16
1.155211170814387376e-14
2.220446049250313081e-16
2.220446049250313081e-16
1.515064860803915254e-15
1.183634244195456749e-14
2.220446049250313081e-16
2.220446049250313081e-16
2.220446049250313081e-16
1.573130329258391000e-15
2.220446049250313081e-16
2.220446049250313081e-16
2.220446049250313081e-16
2.220446049250313081e-16
1.190723663474541684e-14
2.220446049250313081e-16
2.220446049250313081e-16
2.220446049250313081e-16
2.220446049250313081e-16
2.220446049250313081e-16
2.220446049250313081e-16
1.174843809999213900e-14
2.220446049250313081e-16
2.220446049250313081e-16
2.220446049250313081e-16
2.220446049250313081e-16
1.151739211017351192e-14
6.876089488080753333e-14
2.220446049250313081e-16
2.220446049250313081e-16
2.220446049250313081e-16
1.519790861782076064e-15
1.591880519477297657e-15
2.220446049250313081e-16
8.704339482694080695e-14
2.220446049250313081e-16
1.537674826540132505e-15
1.626889057063613258e-15
2.220446049250313081e-16
2.220446049250313081e-16
2.220446049250313081e-16
1.588632277849804714e-15
2.220446049250313081e-16
1.628424410720566197e-15
1.488613066763391845e-15
2.220446049250313081e-16
2.220446049250313081e-16
8.337170991026202058e-14
1.537655212354334957e-15
8.329282835412103590e-14
2.220446049250313081e-16
2.220446049250313081e-16
2.220446049250313081e-16
1.602732195815489607e-15
1.560826099243671595e-15
2.220446049250313081e-16
6.282430582340262268e-13
2.220446049250313081e-16
2.220446049250313081e-16
2.220446049250313081e-16
1.575824793529113188e-15
2.220446049250313081e-16
2.220446049250313081e-16
2.220446049250313081e-16
2.220446049250313081e-16
2.220446049250313081e-16
2.220446049250313081e-16
2.220446049250313081e-16
2.220446049250313081e-16
2.220446049250313081e-16
1.107334136353723962e-14
1.622254197421361727e-15
2.220446049250313081e-16
1.123510441175787780e-14
2.220446049250313081e-16
2.220446049250313081e-16
2.220446049250313081e-16
1.634849248868748088e-15
2.220446049250313081e-16
2.220446049250313081e-16
2.220446049250313081e-16
1.485998250494593115e-15
2.220446049250313081e-16
2.220446049250313081e-16
2.220446049250313081e-16
1.632799946665388353e-15
2.220446049250313081e-16
2.220446049250313081e-16
1.609136789701437189e-15
2.220446049250313081e-16
7.553454181005496367e-14
1.568232634060625976e-15
2.220446049250313081e-16
4.580779346137561943e-12
2.220446049250313081e-16
1.562180506859777827e-15
2.220446049250313081e-16
2.220446049250313081e-16
2.220446049250313081e-16
2.220446049250313081e-16
2.423968329372287644e-10
2.220446049250313081e-16
2.220446049250313081e-16
2.220446049250313081e-16
2.220446049250313081e-16
1.534509846970936421e-15
2.220446049250313081e-16
2.220446049250313081e-16
2.220446049250313081e-16
2.220446049250313081e-16
2.220446049250313081e-16
2.220446049250313081e-16
2.220446049250313081e-16
1.201213527485923610e-14
1.175951623600592044e-14
1.579678426857251074e-15
1.166543331409864764e-14
2.220446049250313081e-16
2.220446049250313081e-16
4.413744196902709977e-12
1.584432281376806210e-15
1.186985331518325829e-14
5.031254117653360461e-06
2.220446049250313081e-16
1.577822596545484610e-15
2.220446049250313081e-16
2.220446049250313081e-16
7.603540615521216080e-14
1.798910710192859645e-09
2.220446049250313081e-16
1.634103239839802541e-15
1.160521357242799952e-14
2.220446049250313081e-16
2.220446049250313081e-16
2.220446049250313081e-16
1.284176969789554614e-08
2.220446049250313081e-16
2.220446049250313081e-16
3.294908277288333971e-11
2.220446049250313081e-16
1.581045419015745901e-15
4.987741891499427709e-06
1.174549519577936749e-14
6.212504242102931798e-13
8.758637597093374928e-14
8.483308663810837735e-14
1.553210350689044545e-15
1.287581509897189349e-08
2.220446049250313081e-16
1.372074100394187098e-02
8.723111895334828535e-14
1.610023956210962387e-15
2.220446049250313081e-16
1.181347140178578900e-14
3.415930505691998555e-11
1.610506844505543946e-15
3.247684772439675511e-11
1.322472744361703692e-08
2.220446049250313081e-16
8.898892407482071573e-08
2.220446049250313081e-16
2.220446049250313081e-16
2.220446049250313081e-16
2.220446049250313081e-16
2.220446049250313081e-16
6.230282705422331411e-13
7.196817679170479499e-07
5.151550227192944787e-13
4.330903352742739433e-12
2.220446049250313081e-16
1.024750671735203034e-14
1.793398382593241677e-03
1.179296410584266584e-14
5.734955300717018920e-13
1.589469406413652823e-15
2.220446049250313081e-16
7.113757062825995685e-07
1.596156666462934557e-15
3.683061739065493517e-05
2.220446049250313081e-16
9.613292519571185660e-08
2.220446049250313081e-16
2.220446049250313081e-16
2.220446049250313081e-16
2.220446049250313081e-16
4.367137170534326012e-12
2.406584783236426731e-10
8.342766444824796523e-14
8.560611377508938811e-14
1.537299912689068629e-15
3.771626751679239220e+01
8.649802092151889839e-14
6.767918217698070498e-07
2.220446049250313081e-16
1.236000485417278892e-08
1.564510797827233022e-15
6.233080843473159063e-13
8.609021718943317761e-14
1.736494434697300156e-09
2.220446049250313081e-16
2.220446049250313081e-16
1.554311452522438302e-15
1.167204164872760753e-14
1.663078518089176424e-09
5.661618663270505107e-13
1.254495499699541007e-08
2.220446049250313081e-16
1.611093284567228654e-15
1.633027348334208295e-15
4.619176966441888392e-12
2.220446049250313081e-16
4.101996024945505326e+01
1.024529306397674866e-01
5.688466111545313453e+00
6.639510434110683562e-07
1.739417620901483065e-09
1.088336523442477136e-14
6.424608111480492103e-07
6.196835759795774169e-13
1.119566591035864131e-14
1.420613281357284323e-09
1.577807894313906844e-15
2.220446049250313081e-16
1.639305614442243202e-15
7.263482998236044240e-14
5.371096706469280946e+00
8.538958189518396538e-14
4.691523732269383586e-06
9.111791215060536386e-08
7.090825247447447426e-14
2.220446049250313081e-16
2.452447806921181657e-10
5.165671947343954074e+00
4.654377199850647657e-12
4.620408742111524171e-06
2.220446049250313081e-16
4.412723920657477526e-12
9.267464985612755557e-02
1.703823859223163094e-09
1.900843155587976681e-03
1.714172990557206405e-09
1.270707433278568550e-08
2.220446049250313081e-16
6.062222501639149484e-13
4.003708454373587955e+01
1.591802906001133929e-15
1.475347908279520072e-03
2.220446049250313081e-16
2.220446049250313081e-16
3.526602096374290539e-05
7.342735185811769223e-14
1.017373667440673808e-14
5.784244013950293883e-13
3.973887981960783122e+01
7.574027875218836137e-01
3.718789931081680275e-05
3.609672328186731249e+01
1.683785002929305345e-09
2.417097018455129673e-04
2.006812485299440082e-10
2.765670399997865471e-05
2.220446049250313081e-16
8.623643021727025976e-14
1.633094672968779828e-15
2.718836507424347142e-11
1.504591206673791895e-15
3.365036992255564566e-05
3.704447143405879928e+01
2.612177906254795553e-11
1.255097659126008923e-08
4.814986848828816335e+00
5.248824270527056690e+00
6.548983126079484600e-14
6.264697381779789599e-07
1.632064303181075046e-15
6.802161844318230788e-01
1.191315103744566631e-08
1.048509747938876357e-01
2.220446049250313081e-16
2.220446049250313081e-16
1.495840980272091228e-15
2.310874647475552859e-10
6.025068977304423363e-07
5.210655884114056668e+00
8.547252788394860705e-08
2.220446049250313081e-16
3.733907032803024606e+01
3.710405480522091182e+01
1.614758026524919991e-15
3.898598810812467974e+01
7.222914233913464432e-01
3.623428906190803644e+01
5.047115198291951714e-06
3.805491817852592362e+01
3.600174934770558771e-06
2.220446049250313081e-16
7.780298977780210692e-03
2.357404299989794217e-10
5.337900267862349502e+00
1.643379586536038567e-15
2.563168410032688467e-04
2.220446049250313081e-16
4.065320632024658920e+01
4.263617947558633325e+00
3.893972267383660579e+01
2.220446049250313081e-16
5.364585392842922573e+00
5.414434817976078568e-13
4.148622768194897115e-12
5.199239261831971604e+00
2.515420313586986696e-05
5.531936570039216683e+00
1.274039410490960221e-02
7.130602791162204968e-01
3.440865072390436672e-05
5.613539623483497749e-13
3.647518287956987137e+01
9.950447691183783038e-15
3.890041873648773674e+01
2.220446049250313081e-16
1.511973041222411994e-15
3.704774353003590903e+01
6.418990559518814587e-01
1.761831653189939483e-10
2.756494115776078030e-11
4.603537743430461404e+00
9.975699958541553934e-15
3.658155853645487099e+01
3.791817424051058083e+01
3.965645430276850902e+01
3.640841573105731754e+01
1.830736807134066956e-03
1.350496209403405021e-02
7.188601048166683993e-01
3.943216376996126371e+01
3.392794234998047391e-05
5.720076693174120486e+00
1.588831617226631424e-15
2.438893224357376344e-10
4.299793077411540310e+01
3.927758163899174804e+01
2.348058750944841122e-04
1.126501050696836006e-08
2.220446049250313081e-16
2.239955102152931943e+01
7.004005357115937747e-01
4.690056911865096617e-12
2.253554356433657979e+00
5.589277316435813797e-02
2.220446049250313081e-16
3.760581996975599139e+01
3.614616835143645091e+01
2.220446049250313081e-16
3.803575726690591807e+01
3.756726185950914498e+01
1.189402228622172262e-14
3.664737768704179643e+01
1.934232300292176247e-03
4.087212354684438509e+01
1.312410186649371420e-08
3.713145254032694709e+01
2.220446049250313081e-16
2.933999923688993405e+01
8.688927656534345054e-03
3.698473311805283714e+01
3.741361306865162817e+01
3.647424146207685425e+01
3.977593120367724566e+01
2.220446049250313081e-16
2.220446049250313081e-16
1.246338038259536982e-08
3.828293001982770960e+01
4.025667903339653009e+01
5.015708120206036291e+00
3.906863314464119696e+01
3.965805911628677904e+01
2.220446049250313081e-16
5.342501386206845559e+00
3.566591188681746871e+01
5.936619701940914917e-13
4.258360583780131492e+01
1.193246599304405522e-14
3.886634668240788670e+01
3.835030313527169454e+01
5.304436644725821992e+00
2.517014710965817059e+01
5.957032247679446497e-07
3.495562896715257750e+01
7.164025596414584918e-01
7.845506648258544991e-14
4.291653561261227878e+00
7.122539081800204341e-01
3.769986083326591597e+01
8.480345554062959470e-14
3.696893478694175883e+01
3.728148863411372815e+01
3.369835696253140611e+01
3.894498095759551859e+01
3.903381416777828150e+01
2.158133497099852960e+01
3.956448408402757622e+01
3.480475112094998735e+01
4.032988444546223405e+01
4.011386586894805362e+01
3.912904762475937304e+01
3.885215023259751632e+01
2.234620009244902050e+01
3.887322388913484872e+01
3.665086523255065742e+01
8.454787171505089008e-14
4.068094949306294694e+01
2.220446049250313081e-16
3.957001344470999982e+01
3.803391012758816458e+01
6.601788226524555129e-14
3.784332380041381327e+01
3.707264182800084029e+01
2.220446049250313081e-16
1.869972928416419933e+01
1.692993824013470716e-05
3.777915045449509535e+01
3.919749497990885345e+01
5.289168681028136199e+00
3.936800081957149189e+01
3.846920749192112510e+01
4.056511468030321055e+01
3.002269548304516533e+01
4.534162838370205072e-12
4.763940824934092433e+00
3.957019986611405926e+01
2.876933117435586797e-05
3.662878469868318376e+01
3.216168949894668704e-11
3.990183974581756843e+01
2.898836858320399103e-11
2.770008650608511402e+01
1.084319548630367364e-01
2.179354358819373161e+01
6.636268182113727935e-14
2.775411049329014190e+01
6.394214309331340829e-01
3.556002429419894639e+01
4.218433058730131080e+01
3.476543096855319703e+01
3.784491410836053404e+01
3.844734115067769409e+01
3.824556412950490625e+01
3.802511047021666712e+01
2.887902479741916650e+01
5.163614839980234628e+00
3.425683522797547909e+01
3.681626675413024685e+01
3.470005578166513516e+01
4.002672576095181256e+01
5.849441450717252078e-01
3.823710645456399959e+01
3.615196279311057737e+01
4.137704303807549877e+01
3.555387994976889132e+01
3.598813055963341156e+01
5.053924291354000564e-01
3.616497690381772401e+01
3.888667693974532824e+01
1.463178503256692062e-15
3.745228416707256969e+01
3.883338019632233795e+01
1.020050324571981915e-09
3.781031480738698036e+01
3.793760428194661927e+01
3.927144958482399772e+01
1.673220549545710156e+01
3.802833466336856816e+01
8.873348875546502745e-09
3.650099247447243300e+01
1.342690913808187508e-09
3.712386305529331310e+01
3.928595942503814342e+01
4.053730028271510122e+01
2.220446049250313081e-16
3.953679575136796842e+01
3.897821670424604434e+01
3.721240458376461646e+01
3.822544126165368539e+01
3.914565527623957308e+01
3.750945213930001643e+01
3.827679982854537144e+01
1.965000316794406032e+01
3.741053598761261156e+01
3.245337329466499500e-12
3.870552347119541992e+01
3.662021296949006910e+01
3.888293786756186421e+01
5.046924978670741524e+00
4.062430927964904015e+01
3.752884038084081908e+01
4.841111543687543595e+00
3.864744958947662212e+01
3.559478367530714848e+01
3.959074779453301574e+01
3.821676976844030094e+01
3.927346424001395775e+01
3.906328452086613368e+01
2.235589734886506008e+01
3.824358445340719470e+01
3.931888666414330658e+01
3.972651463299440877e+01
3.900347760558847909e+01
1.649256713338506097e-09
3.498688107757418919e+01
3.680005723892647751e+01
3.972965000831386106e+01
9.559584594749733284e-09
3.930235432622013292e+01
3.720741854909890378e+01
3.928967490418334307e+01
3.883745954426287739e+01
3.682025498014830589e+01
3.728503839281809462e+01
2.220446049250313081e-16
3.745735097823649795e+01
3.314393213696528306e+01
9.792145032749418002e-10
3.718173493780151517e+01
3.854448376091171014e+01
3.843765579166553437e+01
2.220446049250313081e-16
1.788972973337431682e+01
1.673095291737525399e-05
3.544647798515541126e+01
4.049691141908625269e+01
3.554009080783198726e+01
2.877672100784242204e+01
6.343258978708144500e-14
3.979212036705924760e+01
3.762958703689150752e+01
3.615810989749071780e+01
3.746843725489157606e+01
3.808572386805541043e+01
3.814716229595069308e+01
3.880245185919062578e+01
1.622348815516100018e+01
3.875788437465222813e+01
3.645102199436907853e+01
4.790919084919177173e+00
4.118714249089502744e+01
1.750371862379697774e+01
3.876909119861932140e+01
3.892980305523631301e+01
1.539610690766640108e-05
3.939214571649677055e+01
3.601392967243662468e+01
3.741635683897184350e+01
2.951293574757344729e+01
4.058344722377854197e+01
3.874394777452263838e+01
4.060049878410655566e+01
3.428422142181986487e+01
3.798670761331634083e+01
3.602463347556241757e+01
3.959873109083314091e+01
3.777860528387296313e+01
3.906611790817802188e+01
3.769927224650176356e+01
4.050886354589176364e+01
3.707759171026334144e+01
3.882851136968236005e+01
3.317948724640066160e+01
3.464265195419675081e+01
3.791327370881370484e+01
3.898761683210950935e+01
4.036177804602326091e+01
4.063235558543360071e+01
3.659089466753852804e+01
3.857439187983690942e+01
3.390161448608287742e+01
2.717655038898064035e+01
3.602519853878870038e+01
3.924483893617299657e+01
4.022227102542759525e+01
1.173101989768823117e+01
2.334079014701180910e+01
3.812616712431378829e+01
3.776753747811071094e+01
1.945752438838456655e+01
3.769480425186961270e+01
4.105837768295815238e+01
4.257951889962057379e+01
3.847997966059814701e+01
3.929904883066323862e+01
3.771208899497820966e+01
2.227118819443837694e+01
3.968453751169567312e+01
3.967757581595866156e+01
3.750673874632283855e+01
3.178683319543680952e+01
4.228484433121197997e-03
3.291282945088146050e+01
3.869365909728080766e+01
1.450781456318154834e-15
3.786428302947749813e+01
1.952242182079932675e+01
3.698154985443830611e+01
3.737973073876723618e+01
4.152605486676687718e+01
2.712742285022636324e+01
3.748509376027418227e+01
3.552418600197835730e+01
3.518014124641502605e+01
3.750185803671421780e+01
3.827654924612733822e+01
3.810372512342511442e+01
3.876742607022903542e+01
3.737840753200355692e+01
3.756956513837024403e+01
4.175369739490464838e+01
3.830337689165551041e+01
3.935397965461591951e+01
4.112797022266996549e+01
3.856457390940828844e+01
4.046028346786805230e+01
3.836286284480968334e+01
1.940463552038800543e+01
3.849916522265916541e+01
3.620085351487136194e+01
3.775985376851762254e+01
3.766744324320859505e+01
3.603096970400062560e+01
3.993135671296617062e+01
3.182877417090909233e+01
3.851166417417545063e+01
3.742005031175386165e+01
3.823683271075010737e+01
3.792000347830331464e+01
3.794652143843116932e+01
3.807466573045595482e+01
3.813299466676132710e+01
3.303086352899018863e+01
3.655945111046234786e+01
3.561545063541495182e+01
3.902142411263581323e+01
3.950001041825538550e+01
1.920661858614213457e+01
4.329207401433357205e+01
3.701958609812861312e+01
3.958606623926951329e+01
3.808489907132352670e+01
4.026014919000923697e+01
2.563496638220123458e+01
3.844970811818767942e+01
3.687900420140866942e+01
3.954899398746569261e+01
3.696521934669263487e+01
3.946884344128706346e+01
3.890464154715593992e+01
3.896981452852760697e+01
3.859960852311823487e+01
2.741714736540828667e+01
3.785617793966456901e+01
3.963978330811157491e+01
3.671324882536092815e+01
1.418062023279492238e-15
3.824999190587939069e+01
3.957795900560140012e+01
4.054157848556137367e+01
4.027682569989271144e+01
3.938199837868070574e+01
2.416637602484104974e+01
3.398478216599792034e+01
3.906208351066056395e+01
3.842371619196654109e+01
9.296707152852979661e+00
3.549020186604683857e+01
4.058963190942240118e+01
3.626797429854981658e+01
3.996852284896850449e+01
3.835196185967603100e+01
3.886679057449139663e+01
1.722487585727904857e+01
4.118792224377536826e+01
3.844908852345007233e+01
3.944146836685892055e+01
4.116920215316041975e+01
3.803895382946323878e+01
4.005234126962304941e+01
3.923455615362733084e+01
3.960952789142496755e+01
1.689462989598965947e+01
3.913711325291195919e+01
3.939916341852811144e+01
3.880466929918262764e+01
3.648009897833183146e+01
3.798447957553874232e+01
3.803158170027916185e+01
3.803938250275254518e+01
3.865533582057381778e+01
3.850989801768624687e+01
3.708071495004747220e+01
3.715714901120254154e+01
3.909466703759720474e+01
4.063095836767441682e+01
3.881358912791069571e+01
3.635635944215789550e+01
3.906008583792910827e+01
3.789929283821876993e+01
2.707914751902704964e+01
3.843848375922971883e+01
1.429337657460748942e-10
3.626188531870181464e+01
3.603101964354119247e+01
3.813646814173741006e+01
3.999368424848533721e+01
3.909490997927623823e+01
3.687714595579852528e+01
3.678435396421978254e+01
3.534318158712824953e+01
1.643818319047809595e+01
3.996360106766892528e+01
3.373291500882891114e+01
4.049270626608963397e+01
3.837779003012926182e+01
3.044291827496034131e+01
3.878687388675443515e+01
3.958091231649827790e+01
3.907024848199096567e+01
4.105455429567083314e+01
3.875446032973366073e+01
3.712875918230648153e+01
3.752562548084728178e+01
3.969843836770593271e+01
3.734205751921853533e+01
3.880805242886710715e+01
3.811878897668285759e+01
3.924258764660982735e+01
4.230947635413291152e+01
3.916692356836268374e+01
3.871773923418466268e+01
3.829886887193224254e+01
3.548990942068107302e+01
3.972833557400401361e+01
3.624630619290944367e+01
2.062936536885413474e+01
3.879659045065822198e+01
4.055021546381782827e+01
3.895008830774096253e+01
3.871375174336854741e+01
4.171398443598146599e+01
3.975396614144587204e+01
3.736644528187714087e+01
3.738386507413817839e+01
3.529582097502436966e+01
3.513063766228052742e+01
3.887961662722496925e+01
4.085639602585144559e+01
3.744916422149361779e+01
4.039287192448766461e+01
4.089424236717976413e+01
3.670200025654380482e+01
2.520709452058003563e+01
3.891877989137122285e+01
3.819074639263447324e+01
3.907196593063189027e+01
3.527185229828909030e+01
3.905333493502343600e+01
3.997270637850322572e+01
4.036013798318430901e+01
3.978444669642284737e+01
3.887723169558137215e+01
3.884861829898174790e+01
3.975214865475860648e+01
3.804363691627824551e+01
3.029348739563623738e+01
3.841808903936956909e+01
3.905035401133228135e+01
3.744079902023366913e+01
4.113622703842484185e+01
3.799184264901894181e+01
3.737236164976187780e+01
2.633297024865309055e+01
3.666763363848816226e+01
2.404754026381879228e+01
3.919801363966506358e+01
3.890300871047089970e+01
4.141474857230575424e+01
3.553066238383861020e+01
4.000424352702211195e+01
3.916683868673550961e+01
3.664392413049763064e+01
3.638735890580744581e+01
3.984925947658607726e+01
3.998788372257708801e+01
4.014527656779642228e+01
3.731199494737159483e+01
3.701056699931613991e+01
3.693341652138460773e+01
3.992459700693817837e+01
3.968324888352360347e+01
3.731489670939369319e+01
4.081582972930022635e+01
3.679277679258482436e+01
3.782303506977920904e+01
3.961061446472334779e+01
2.283772179072828479e+01
3.813923061359159306e+01
3.943746202450101634e+01
4.007978050380471302e+01
3.876087849111473105e+01
3.951744162468099120e+01
3.817675304631413979e+01
3.710918060022557796e+01
3.620730940506280859e+01
2.306799601922753951e+01
3.993628369474302531e+01
4.078143799334264941e+01
3.877669954148487363e+01
3.965613054395698356e+01
4.115698986135533488e+01
3.888193343467770546e+01
3.780299900668099866e+01
3.806321371619335281e+01
3.864742271312356792e+01
3.982162621222548182e+01
3.965152209437768960e+01
3.900364831856717274e+01
3.922807813381964337e+01
3.672972669025789827e+01
3.851999364081869714e+01
4.096473431552404776e+01
3.847217126539027277e+01
4.015640296456851388e+01
3.944527930169915919e+01
3.907272639829178473e+01
3.774054286403377745e+01
3.882308227859097371e+01
3.654613343735801578e+01
3.821798739125240729e+01
3.887110865185170638e+01
3.755686087132468742e+01
3.855158444693850583e+01
3.819133402642341935e+01
3.839487868265005233e+01
3.970659645374548319e+01
