2.220446049250313081e-16
2.220446049250313081e-16
2.220446049250313081e-16
2.220446049250313081e-16
2.220446049250313081e-16
2.220446049250313081e-16
2.220446049250313081e-16
2.220446049250313081e-16
2.220446049250313081e-16
2.220446049250313081e-16
2.220446049250313081e-16
2.220446049250313081e-16
2.220446049250313081e-16
2.220446049250313081e-16
2.220446049250313081e-16
2.220446049250313081e-16
2.220446049250313081e-16
2.220446049250313081e-16
1.517391806019139916e-15
2.220446049250313081e-16
2.220446049250313081e-16
2.220446049250313081e-16
2.220446049250313081e-16
2.220446049250313081e-16
2.220446049250313081e-16
2.220446049250313081e-16
2.220446049250313081e-16
2.220446049250313081e-16
2.220446049250313081e-16
2.220446049250313081e-16
2.220446049250313081e-16
2.220446049250313081e-16
2.220446049250313081e-16
2.220446049250313081e-16
2.220446049250313081e-16
2.220446049250313081e-16
2.220446049250313081e-16
2.220446049250313081e-16
2.220446049250313081e-16
2.220446049250313081e-16
2.220446049250313081e-16
2.220446049250313081e-16
2.220446049250313081e-16
2.220446049250313081e-16
2.220446049250313081e-16
2.220446049250313081e-16
2.220446049250313081e-16
2.220446049250313081e-16
2.220446049250313081e-16
2.220446049250313081e-16
2.220446049250313081e-16
2.220446049250313081e-16
2.220446049250313081e-16
2.220446049250313081e-16
2.220446049250313081e-16
2.220446049250313081e-16
2.220446049250313081e-16
2.220446049250313081e-16
2.220446049250313081e-16
2.220446049250313081e-16
2.220446049250313081e-16
2.220446049250313081e-16
2.220446049250313081e-16
2.220446049250313081e-16
2.220446049250313081e-16
2.220446049250313081e-16
2.220446049250313081e-16
2.220446049250313081e-16
2.220446049250313081e-16
1.619880324443326444e-15
1.604818572176482990e-15
2.220446049250313081e-16
2.220446049250313081e-16
2.220446049250313081e-16
2.220446049250313081e-16
1.619407288425959719e-15
2.220446049250313081e-16
2.220446049250313081e-16
2.220446049250313081e-16
2.220446049250313081e-16
2.220446049250313081e-16
2.220446049250313081e-16
2.220446049250313081e-16
2.220446049250313081e-16
1.495992280103536477e-15
2.220446049250313081e-16
2.220446049250313081e-16
1.555059331399634284e-15
2.220446049250313081e-16
2.220446049250313081e-16
1.559643816837381630e-15
2.220446049250313081e-16
2.220446049250313081e-16
2.220446049250313081e-16
2.220446049250313081e-16
2.220446049250313081e-16
2.220446049250313081e-16
2.220446049250313081e-16
1.495997738538258753e-15
2.220446049250313081e-16
2.220446049250313081e-16
2.220446049250313081e-16
2.220446049250313081e-16
2.220446049250313081e-16
2.220446049250313081e-16
2.220446049250313081e-16
2.220446049250313081e-16
2.220446049250313081e-16
2.220446049250313081e-16
1.511985206611747173e-15
2.220446049250313081e-16
2.220446049250313081e-16
2.220446049250313081e-16
1.193744599039811431e-14
1.166669786566033300e-14
2.220446049250313081e-16
2.220446049250313081e-16
2.220446049250313081e-16
1.476283323875348807e-15
2.220446049250313081e-16
2.220446049250313081e-16
2.220446049250313081e-16
2.220446049250313081e-16
2.220446049250313081e-16
1.611258753212749143e-15
2.220446049250313081e-16
2.220446049250313081e-16
2.220446049250313081e-16
2.220446049250313081e-16
2.220446049250313081e-16
2.220446049250313081e-16
1.598681486042569720e-15
2.220446049250313081e-16
2.220446049250313081e-16
2.220446049250313081e-16
2.220446049250313081e-16
2.220446049250313081e-16
2.220446049250313081e-16
2.220446049250313081e-16
2.220446049250313081e-16
2.220446049250313081e-16
2.220446049250313081e-16
1.611982999620398227e-15
2.220446049250313081e-16
2.220446049250313081e-16
2.220446049250313081e-16
2.220446049250313081e-16
2.220446049250313081e-16
2.220446049250313081e-16
2.220446049250313081e-16
2.220446049250313081e-16
2.220446049250313081e-16
2.220446049250313081e-16
2.220446049250313081e-16
2.220446049250313081e-16
1.182609109564359005e-14
2.220446049250313081e-16
2.220446049250313081e-16
2.220446049250313081e-16
2.220446049250313081e-16
2.220446049250313081e-16
1.635665998946799440e-15
1.151405553505421446e-14
1.060638263780040150e-14
2.220446049250313081e-16
2.220446049250313081e-16
1.182740514979394512e-14
2.220446049250313081e-16
1.463175748922788168e-15
2.220446049250313081e-16
2.220446049250313081e-16
1.630690815324556634e-15
1.169412144709421166e-14
2.220446049250313081e-16
1.487689804294232532e-15
2.220446049250313081e-16
2.220446049250313081e-16
2.220446049250313081e-16
2.220446049250313081e-16
2.220446049250313081e-16
2.220446049250313081e-16
1.645414949580148253e-15
2.220446049250313081e-16
1.620884717023449483e-15
2.220446049250313081e-16
2.220446049250313081e-16
2.220446049250313081e-16
2.220446049250313081e-16
2.220446049250313081e-16
2.220446049250313081e-16
2.220446049250313081e-16
1.171877580873268928e-14
1.561754607680182087e-15
1.126115905251217521e-14
2.220446049250313081e-16
2.220446049250313081e-16
2.220446049250313081e-16
1.638288692063625696e-15
2.220446049250313081e-16
2.220446049250313081e-16
2.220446049250313081e-16
1.612471659879829314e-15
4.458203069864487017e-12
1.594312488809203628e-15
2.220446049250313081e-16
2.220446049250313081e-16
2.220446049250313081e-16
2.220446049250313081e-16
1.591291005663477859e-15
1.613967301183246558e-15
2.220446049250313081e-16
2.220446049250313081e-16
1.615641858349271894e-15
2.220446049250313081e-16
2.220446049250313081e-16
1.636607080989552362e-15
2.220446049250313081e-16
2.220446049250313081e-16
1.552031087621475211e-15
1.179685328424622624e-14
2.220446049250313081e-16
2.220446049250313081e-16
2.220446049250313081e-16
1.585567453062135094e-15
1.624034934543040865e-15
4.514530957190982264e-12
2.220446049250313081e-16
7.368711916890827243e-15
1.587349613352819498e-15
2.220446049250313081e-16
1.491323960194162946e-15
1.627419670359675200e-15
4.616627335659455653e-12
2.220446049250313081e-16
2.220446049250313081e-16
2.220446049250313081e-16
2.220446049250313081e-16
2.220446049250313081e-16
2.220446049250313081e-16
2.220446049250313081e-16
2.220446049250313081e-16
1.606627744548022390e-15
2.220446049250313081e-16
2.220446049250313081e-16
2.220446049250313081e-16
2.220446049250313081e-16
2.220446049250313081e-16
2.220446049250313081e-16
2.220446049250313081e-16
2.220446049250313081e-16
2.220446049250313081e-16
1.168239410185808628e-14
9.168367341678385270e-08
2.220446049250313081e-16
2.220446049250313081e-16
1.472400043937223726e-15
2.220446049250313081e-16
4.536071316128128497e-12
8.534643096548582326e-14
2.220446049250313081e-16
1.018093249976256539e-14
2.220446049250313081e-16
8.671221041603076125e-14
5.151417692012310382e-13
1.642004872775010883e-15
2.220446049250313081e-16
6.058694463582392142e-13
2.220446049250313081e-16
8.444763886680552979e-14
2.220446049250313081e-16
2.220446049250313081e-16
8.617265003655150059e-14
2.220446049250313081e-16
4.612941138682619659e-12
2.220446049250313081e-16
3.310906147254521666e-11
1.590084696723402467e-15
2.220446049250313081e-16
1.587809500892500613e-15
2.220446049250313081e-16
8.692740327780183181e-14
8.757759983260282668e-14
1.082422063776386064e-14
2.220446049250313081e-16
2.220446049250313081e-16
2.220446049250313081e-16
2.220446049250313081e-16
3.515432923901629891e+01
2.220446049250313081e-16
2.220446049250313081e-16
2.220446049250313081e-16
2.220446049250313081e-16
2.220446049250313081e-16
2.220446049250313081e-16
1.603518025376691764e-15
6.368217355085749941e-13
2.220446049250313081e-16
2.220446049250313081e-16
2.220446049250313081e-16
6.081947960946591953e-13
1.491311782536619952e-15
9.784994401752927544e-09
2.220446049250313081e-16
2.220446049250313081e-16
1.594540318919740398e-15
2.220446049250313081e-16
8.596445287343127153e-08
1.632506838455313271e-15
2.220446049250313081e-16
1.421621356989743040e-15
8.445652756738131569e-14
1.138995501637291805e-14
1.181719769224903143e-14
2.220446049250313081e-16
3.212939127824495988e-11
8.575710740903259834e-14
1.946874314320719756e-03
2.220446049250313081e-16
1.442494144747270403e-15
1.418059475845202049e-15
1.168847591168111161e-14
8.663293867141899847e-14
2.220446049250313081e-16
2.220446049250313081e-16
2.220446049250313081e-16
1.056654804265572632e-14
1.521991407809051889e-15
1.624284955050031964e-09
2.220446049250313081e-16
2.220446049250313081e-16
2.220446049250313081e-16
1.178939459993427647e-14
2.510166080524578957e-04
1.089194440084980676e-14
2.220446049250313081e-16
2.220446049250313081e-16
1.290936585354388160e-08
6.397319814732367553e-13
1.238598041936668041e-09
7.131403713429951754e-14
2.429642553527998088e-10
2.220446049250313081e-16
4.616034980494482309e-12
2.220446049250313081e-16
2.220446049250313081e-16
3.120125862644323457e-11
8.661463517953554209e-14
1.505671676754478485e-15
8.330030076602124823e-08
2.220446049250313081e-16
2.220446049250313081e-16
2.220446049250313081e-16
2.220446049250313081e-16
2.220446049250313081e-16
8.134815031567461282e-14
5.276040315142354467e-07
1.084590329578418216e-14
2.220446049250313081e-16
4.973592924803215372e-06
1.187171141530168045e-14
3.311473589763236955e-11
2.220446049250313081e-16
2.220446049250313081e-16
2.220446049250313081e-16
1.525379680762290696e-15
1.160909899650948793e-14
1.645650014307552911e-15
1.594706692565693611e-15
6.383550501301946017e-13
2.220446049250313081e-16
3.894485114028085349e+01
1.159203479270080165e-14
2.220446049250313081e-16
9.745472407578767426e-02
4.195297249164996850e-12
2.220446049250313081e-16
1.208376794298023199e-14
2.495031610235170682e-11
8.861827654309735759e-08
7.199947069491697826e-01
4.877314430443720115e-12
2.220446049250313081e-16
1.369564864571151848e-02
9.206969809068308563e-15
1.072026516525155515e-01
2.528686382293727544e-11
1.064551656340529648e-14
1.131570491747034036e-14
1.027561786380330817e-14
9.649408967451204855e-02
1.288116299133069444e-02
8.609368802089419364e-14
5.429710528069886522e+00
1.228671186205115736e-08
1.578362441137753601e-15
1.383014933400777101e-02
4.584174889136203745e+00
1.453626560755812668e-02
8.384816906988272522e-14
1.748380548576050587e-03
4.014733308728570194e+01
1.329415221997973078e-08
8.603851741234799610e-14
9.714751205767674389e-08
4.716158244120800092e+00
2.220446049250313081e-16
7.623234839506805027e-01
1.617229752616528657e-15
3.735191779434030224e+01
1.421434202605997149e-02
3.315216354560794883e-11
1.217321823970714527e-08
4.138544107425042373e-12
3.866160268326161287e+01
2.220446049250313081e-16
1.567684538786613240e-15
2.220446049250313081e-16
1.058232361954309856e-14
1.405469412798811268e-02
5.232256709730584099e+00
9.026048669010348232e-09
2.220446049250313081e-16
2.220446049250313081e-16
1.326514623102955683e-02
1.233865664440001976e-08
3.988509821615807027e+01
3.684221909399257555e+01
3.754412043328533599e+01
1.559233322969524380e-15
7.108150507249686445e-01
3.203522307995188451e-05
3.755484961380003739e+01
5.354400727925134440e+00
3.075703754229840220e-11
3.878407374025480436e+01
7.905806800348935303e-14
2.220446049250313081e-16
2.721785436711517919e-11
1.612261574721734212e-04
1.645579482222672698e-15
1.091266574340582873e-14
2.277225651180278076e-10
1.274028190065187205e-08
5.210823552541235415e+00
2.220446049250313081e-16
1.186684515069759525e-14
3.880146924155838661e+01
1.405888870604878846e-09
1.072584967010602429e-14
6.444251932029687233e-13
4.990505954997379590e+00
1.383961381071181720e-09
1.179546643384909145e-08
6.929389992750696337e-01
2.220446049250313081e-16
1.082084088335054309e-14
2.510980806051385983e+01
3.780793768926267928e-06
3.854688696268082992e+01
5.071327311146491823e+00
3.668658499266595641e+01
3.483896356564037688e+01
3.758226690595758868e+01
1.051251813447429684e-01
3.637604605437165617e+01
1.806999523864455826e-03
9.531798649601282825e-08
4.425105761982779384e+00
1.821516010459293578e-10
3.880186989161643396e+01
3.782696293865180337e+01
3.638002371828630999e+01
1.087741860570309773e-14
3.754926803447805383e+01
3.811820377601384280e+01
1.214506553528419298e-08
3.780127286686569477e+01
3.931997768852669140e+01
4.755834254732773658e+00
3.555683673080746132e+01
2.220446049250313081e-16
2.879724422432957098e+01
3.326359201928539607e-12
3.723722197604003270e+01
3.380749503651427901e+00
5.025437746709605936e-13
3.614805239096378386e+01
1.144126430266824599e-08
1.944944068073406604e-03
2.024459155303202744e-04
2.220446049250313081e-16
4.874047220664542657e+00
1.056274798426469908e-14
2.220446049250313081e-16
3.661140381522765352e+01
3.904153991342712260e+01
1.198460071497201970e-14
3.607616393869874116e+01
3.501210090044943257e+01
3.840975433689279583e+01
3.828376773842477121e+01
2.220446049250313081e-16
3.984518348222510298e+01
2.220446049250313081e-16
5.030476891123853100e+00
1.578239662334497467e-04
5.103795679939078234e+00
3.956258869067698214e+01
2.191819747962818354e+01
2.325245036519476116e+01
1.454205728328692068e-15
6.986191622516075839e-01
2.220446049250313081e-16
3.881917013909787784e+01
7.124987842574435071e-01
9.608956130552044617e-02
3.946257204416126285e+01
1.794010050626272408e-09
1.442849963026508027e-15
3.702963136762613061e+01
3.455339585715960027e+01
3.910411591283895660e+01
8.055763376127595685e-14
3.650344370110789782e+01
3.362664541470764590e+01
3.404280769257529455e-05
1.801197632738283897e-10
2.165201074685241878e+01
3.624988797890214443e+01
3.890357932114704198e+01
3.726546929019120569e+01
5.460592282296274683e-08
2.220446049250313081e-16
2.220446049250313081e-16
2.220446049250313081e-16
2.514532019277489994e+01
3.517321785942935009e+01
3.668404297159469962e+01
9.548253259630697098e-02
4.034630561633507995e+01
3.186966033442636181e+00
1.488569809116802653e-15
2.262829472823904808e+01
3.845000185221834954e+01
3.867081128115989230e+01
3.876366274127875755e+01
3.826103379821186934e+01
3.865482221942527730e+01
2.296329105469837000e-10
3.789370599847008236e+01
3.371109808634044924e+01
4.140198003018372930e+01
1.143331732006276115e-02
1.032098701828800247e-14
4.002255101554244021e+01
3.801965182356381234e+01
7.321416552621622931e-14
3.610928892067289553e+01
2.957014099984704103e+01
4.087037141888282576e+01
3.201644802153593616e+01
3.693397196742947131e+01
3.682755485856579725e+01
3.767952311362058282e+01
2.220446049250313081e-16
3.675167856409768063e+01
3.706824489350135821e+01
3.925346517688058157e+01
5.292169709562086766e+00
3.484869846785025516e+01
3.790503499082421257e+01
3.878515706524328266e+01
3.871175174276756081e+01
6.704361078230489710e-07
3.333639485751550779e+01
8.912321647955995241e-04
3.977933526738404169e+01
3.096791486352502432e+01
3.873646388249014194e+01
1.221521242221668199e-08
3.885301621666245353e+01
3.250744979295430426e+01
3.764548377802309886e+01
3.754471132599905303e+01
4.024813767184391367e+01
1.780874340417910021e-09
2.220446049250313081e-16
3.673392587382510044e+01
3.953127691254373133e+01
2.371911785296469980e-04
3.678455086591968382e+01
2.346108519812201878e-10
6.985231047911642608e-14
4.134544081848630981e+01
3.787097548808652903e+01
3.887548389492070555e+01
3.922679018717406763e+01
3.692626211764639521e+01
3.900772887248723464e+01
3.638036839362692376e+01
4.019797602980887063e+01
2.299220603892442477e-11
2.549491199480215897e+01
3.792370604389332556e+01
3.864311984333708949e+01
4.046216679413622330e+01
1.705957098999357413e+01
3.742998450118156631e-07
3.917060913895593899e+01
2.033279895707752711e-05
4.837134074580470511e+00
3.781417651803552360e+01
3.851304212018931139e+01
3.662037054962354432e+01
4.045462770474945557e+01
4.024479678529030480e+01
5.158670993666147453e+00
6.206363013490816861e-08
2.220446049250313081e-16
3.619269278585650085e+01
2.862801032937150225e+01
5.123061024670835906e+00
3.893835132052333847e+01
3.564404842892366787e+01
3.455097023872727391e+01
3.638290786753744754e+01
3.689928014478763174e+01
3.510272509268040153e+01
2.723417944787705736e+01
2.832845108277634338e+01
3.768924384972984853e+01
3.741578441784353259e+01
5.034813127904719465e+00
3.930637444901033462e+01
7.819406761049532635e-14
2.190220857913003982e+01
3.644911689927366183e+01
3.719452997769536751e+01
3.733369830913023435e+01
3.846301160318915180e+01
3.162863045975696608e+01
3.984467974115701594e+01
3.906441200666341018e+01
3.887425016751652151e+01
1.594529117584399636e+01
3.147181315944231628e+01
2.272254310699223325e-10
3.517825960556697140e+01
3.687470252776063973e+01
4.019846931119964495e+01
3.908547024355735999e+01
3.802601402206968828e+01
3.684113766261449996e+01
3.947531022454633387e+01
4.121558513003366642e+01
3.693447820518078828e+01
3.721525847569110113e+01
3.788098991752565325e+01
3.857380357241676450e+01
4.066713128585639936e+01
3.783646174083457936e+01
4.002082970200034140e+01
3.699782486998691411e+01
3.987073496907998305e+01
3.651838921252647197e+01
2.543681511397182859e+01
3.803530624419914119e+01
3.940845087906021860e+01
1.849025906877015341e-03
4.106272178124657302e+01
3.142588219138198369e+01
1.418138389021139677e-15
3.622452747383884031e+01
4.006212512268496795e+01
3.714083811368382015e+01
3.721892218095424454e+01
3.327052039308723153e+01
3.897970825112145832e+01
4.076357476337970809e+01
4.004862273764696567e+01
3.601706577631733097e+01
3.913775189816158218e+01
3.600789488784534598e+01
3.991929614921717473e+01
4.068152224413809392e+01
3.940679189155189732e+01
7.120347649157413583e-01
3.548171765384580567e+01
3.943682233075944765e+01
3.761775710779618009e+01
3.570188920655026266e+01
3.838489747709353139e+01
4.422721920485621627e-01
3.793365670374538468e+01
3.860823396804799756e+01
3.163473285850763617e+01
3.915788100362335200e+01
3.906074080473899812e+01
3.760605257283116032e+01
3.992739441286762769e+01
3.748496642704868265e+01
3.933149841196873098e+01
3.695369111073294732e+01
3.820848668202727083e+01
3.604908819407877729e+01
4.103905865380536255e+01
3.973329608233320442e+01
3.731764996894002451e+01
4.015188927611013980e+01
3.854925354152511119e+01
3.643378974814733340e+01
3.629687226449441084e+01
3.424430867421663294e+01
4.276272970995796641e+01
2.220446049250313081e-16
4.257839326596219820e+01
3.757773153809041133e+01
3.479041479457042385e+01
3.687161410165915498e+01
3.965678585451345839e+01
4.047526628257310932e+01
3.971250458718145637e+01
3.794895353242024783e+01
3.378859221818448333e+01
3.914464781846685071e+01
3.565120606131324621e+01
4.019871230578863219e+01
3.843310447224180137e+01
3.762329317070386736e+01
3.800272992072164158e+01
3.629974870147781729e+01
3.592754337258132580e+01
2.830039575177117683e+01
3.478339135169554197e+01
3.907426182034572548e+01
3.707469769557746986e+01
3.102338881211024102e+01
3.799494857283809779e+01
4.046098327944122985e+01
3.869313821756377791e+01
4.079781275149499464e+01
4.040375382201171561e+01
3.797356065607306874e+01
1.458802491336727059e+01
3.683392627825269017e+01
4.029801843392413474e+01
3.567124356686804987e+01
2.488820776602799967e+01
3.440614998043639616e+01
3.777893228409789117e+01
3.712971411661780508e+01
3.587834851909570233e+01
3.725123495464924162e+01
4.033122338490524328e+01
3.655442861746985983e+01
3.724026237046382448e+01
4.019297741254233358e+01
3.983857362975749794e+01
3.884611637061389899e+01
3.998189389623934886e+01
3.064908757370666237e+01
3.501139222944320295e+01
3.690834995890757853e+01
2.906813238805995780e+01
2.954320796384519099e+01
3.453846444145523975e+01
4.127545255858792217e+01
3.761474660227558076e+01
3.992768245209690292e+01
3.454263202384933606e+01
3.751706681097447671e+01
3.953785010159830904e+01
3.977414332897944860e+01
4.091505234183532025e+01
3.766872427692801040e+01
3.350850338527908434e+01
3.928213217485093622e+01
3.564467211504486244e+01
3.726909802655882231e+01
2.137829911371176905e+01
3.992774565358850225e+01
3.792276112914785102e+01
3.815482573861280713e+01
3.871294023266918316e+01
1.779462778666310641e+01
3.658576415063745912e+01
4.045695567348349897e+01
4.016163317569924374e+01
3.749150293569923065e+01
3.783938996524676668e+01
4.988958841156624323e-03
3.644655198887132741e+01
3.702380684540177924e+01
3.765996004300193079e+01
3.930261842252652826e+01
3.974022020064030158e+01
3.980450718752001649e+01
3.759511943880356455e+01
3.548560921607772656e+01
2.406419876508869393e+01
3.725912147626665671e+01
3.794202368431603389e+01
3.903279033195376257e+01
3.573771364086820057e+01
3.978185979209629863e+01
3.767764106202326246e+01
3.801729604510422433e+01
3.900808915984596581e+01
3.922597152462780201e+01
4.077124473317073949e+01
1.455871799564583036e+01
4.037485780223688892e+01
3.302081130003411147e+01
3.915075361253271069e+01
3.933610105982405258e+01
3.709984219667020966e+01
4.164775517843172281e+01
3.922027984631088771e+01
4.010453185894719752e+01
3.821869962282262634e+01
3.434446722254504181e+01
3.952045894218382927e+01
1.724798034018592219e+01
3.813728477847779885e+01
3.543299192831015176e+01
2.683323303123422221e+01
3.951507335023386958e+01
3.944203814072560021e+01
3.944854405805720177e+01
4.025191893379737706e+01
3.725499522414790476e+01
3.867283640677655399e+01
3.662896379668876534e+01
3.975979354266930699e+01
3.601819859968632187e+01
3.918581575811510476e+01
3.525947382307582956e+01
3.633770393830912582e+01
4.252976972876077610e+01
3.841086548190534700e+01
1.705122384359055587e+01
3.741027197454776143e+01
4.085970577773340295e+01
3.842561837144087633e+01
3.984774192163033746e+01
3.395951538334939102e+01
3.683288443650671695e+01
3.750859516683493666e+01
3.824087009839535511e+01
3.937540680522158709e+01
3.879776690795976890e+01
2.758522867731344874e+01
2.158958401894848222e+01
3.677302754258568740e+01
4.015538128616262981e+01
3.838042777113734871e+01
2.671551929624400046e+01
3.842309670691658852e+01
3.743083901242489731e+01
4.022590993803243009e+01
3.914340355666201532e+01
3.800304789568240693e+01
4.000111615242852992e+01
3.785475635336374722e+01
4.019793148894451207e+01
3.826580799448149861e+01
4.023590806112976992e+01
3.607555896506126203e+01
3.899885801559990028e+01
3.698867812096673902e+01
3.750042620744906685e+01
3.704784956106527005e+01
3.888883898942698636e+01
3.707624793838146360e+01
2.069175199804326581e+01
3.745245778052669294e+01
3.551014080115811566e+01
3.972672964855237865e+01
3.467023023084663436e+01
3.984954803238750998e+01
3.741221723391209508e+01
1.129570078594249694e+01
3.921956878382034262e+01
1.120246968478782357e+01
4.001336400187285136e+01
3.740573774643571170e+01
3.803805390915090356e+01
3.981587458887850062e+01
3.973453138325253065e+01
3.942558413278614182e+01
3.756054414999596958e+01
3.935711728629124906e+01
3.921685017340794133e+01
3.716694561954662390e+01
3.990412507469263659e+01
3.992366203495019050e+01
3.746039862503310758e+01
3.676018969940831482e+01
3.868280212431530174e+01
3.687472666498819507e+01
4.081588000514770442e+01
3.669079573602720501e+01
3.700252794305296788e+01
3.973192812311813071e+01
3.835134438178167215e+01
3.928496685430549462e+01
3.889586710319888141e+01
3.833802275823464356e+01
3.737443789171702946e+01
3.743630185629001517e+01
3.365791067467277031e+01
3.816835787399125479e+01
4.001614944318339440e+01
3.875686041008412985e+01
3.915351089212296642e+01
4.143031055567213627e+01
3.827948841925980616e+01
3.711281592083817316e+01
4.026459605702544309e+01
4.164741795539523395e+01
3.283268066939743335e+01
4.109965183432233005e+01
4.033365918276283679e+01
3.693985844645499128e+01
3.839827027067159548e+01
4.016808033878691475e+01
3.960727091665054189e+01
3.563902825007845365e+01
1.669161948245180227e+01
2.741293799535056053e+01
3.885570390123966433e+01
3.677714426383609236e+01
3.795908191252796371e+01
4.027190336517082159e+01
3.929680406070269072e+01
3.936434288572076667e+01
3.919893900685755028e+01
3.963392233565007672e+01
3.966155874051007402e+01
3.772478971217504551e+01
3.854286811268035962e+01
3.759372670262769134e+01
3.946023878163153853e+01
3.981230524924754377e+01
3.751448818873486601e+01
3.723463082549404390e+01
3.726320141764956873e+01
3.816815015823546275e+01
3.666513662636358362e+01
3.848796427157127908e+01
3.956750864155621628e+01
3.987648528410338855e+01
3.981987991036244523e+01
3.206566827586921420e+01
3.945635092171130509e+01
3.610587027364211821e+01
3.957951637350555529e+01
3.417079981216614470e+01
3.862243705018659057e+01
3.868694545589454492e+01
3.858892899854382108e+01
3.288912850926431730e+01
3.584045640786997211e+01
3.890165747093359983e+01
3.931891913872551925e+01
3.928083993880629521e+01
3.896606884101830559e+01
3.839735102329076000e+01
3.544868782823022002e+01
3.905555342270596242e+01
3.670112370949366465e+01
4.047667518536025710e+01
3.644270052538131210e+01
3.664842202588313569e+01
3.917832080096294334e+01
3.920180179109532048e+01
2.977195251410627463e+01
4.016150219281167466e+01
3.672183377639122881e+01
3.992713980533336837e+01
3.500105746068899037e+01
3.845641040816899903e+01
3.899367242309818238e+01
3.859812295414532457e+01
3.759737002107011961e+01
3.743782913074711161e+01
3.879900343641767790e+01
3.741269105226990632e+01
4.033066679810845301e+01
3.948951142166581718e+01
3.872899858606609769e+01
3.391942519591557215e+01
4.050421209037996562e+01
3.820167906029606542e+01
4.165205853412737014e+01
3.825565573289887311e+01
3.744071024825487370e+01
3.626521697622593621e+01
3.901350399105813693e+01
3.931868456361620190e+01
3.879135755401766517e+01
