2.220446049250313081e-16
2.220446049250313081e-16
2.220446049250313081e-16
2.220446049250313081e-16
2.220446049250313081e-16
2.220446049250313081e-16
2.220446049250313081e-16
2.220446049250313081e-16
2.220446049250313081e-16
2.220446049250313081e-16
2.220446049250313081e-16
2.220446049250313081e-16
2.220446049250313081e-16
2.220446049250313081e-16
2.220446049250313081e-16
2.220446049250313081e-16
2.220446049250313081e-16
2.220446049250313081e-16
2.220446049250313081e-16
2.220446049250313081e-16
2.220446049250313081e-16
2.220446049250313081e-16
2.220446049250313081e-16
2.220446049250313081e-16
2.220446049250313081e-16
2.220446049250313081e-16
2.220446049250313081e-16
2.220446049250313081e-16
2.220446049250313081e-16
2.220446049250313081e-16
2.220446049250313081e-16
2.220446049250313081e-16
2.220446049250313081e-16
2.220446049250313081e-16
2.220446049250313081e-16
2.220446049250313081e-16
2.220446049250313081e-16
2.220446049250313081e-16
2.220446049250313081e-16
2.220446049250313081e-16
2.220446049250313081e-16
2.220446049250313081e-16
2.220446049250313081e-16
2.220446049250313081e-16
1.596487788570952081e-15
2.220446049250313081e-16
2.220446049250313081e-16
2.220446049250313081e-16
2.220446049250313081e-16
2.220446049250313081e-16
2.220446049250313081e-16
2.220446049250313081e-16
2.220446049250313081e-16
2.220446049250313081e-16
2.220446049250313081e-16
2.220446049250313081e-16
2.220446049250313081e-16
2.220446049250313081e-16
2.220446049250313081e-16
2.220446049250313081e-16
2.220446049250313081e-16
2.220446049250313081e-16
2.220446049250313081e-16
2.220446049250313081e-16
2.220446049250313081e-16
2.220446049250313081e-16
2.220446049250313081e-16
2.220446049250313081e-16
2.220446049250313081e-16
2.220446049250313081e-16
2.220446049250313081e-16
2.220446049250313081e-16
2.220446049250313081e-16
2.220446049250313081e-16
1.589468611158157879e-15
2.220446049250313081e-16
2.220446049250313081e-16
2.220446049250313081e-16
2.220446049250313081e-16
2.220446049250313081e-16
2.220446049250313081e-16
2.220446049250313081e-16
2.220446049250313081e-16
2.220446049250313081e-16
2.220446049250313081e-16
2.220446049250313081e-16
2.220446049250313081e-16
2.220446049250313081e-16
2.220446049250313081e-16
2.220446049250313081e-16
1.605519855893581728e-15
2.220446049250313081e-16
2.220446049250313081e-16
2.220446049250313081e-16
2.220446049250313081e-16
2.220446049250313081e-16
2.220446049250313081e-16
2.220446049250313081e-16
2.220446049250313081e-16
2.220446049250313081e-16
2.220446049250313081e-16
2.220446049250313081e-16
1.617673741408679008e-15
1.642812263742637120e-15
2.220446049250313081e-16
2.220446049250313081e-16
2.220446049250313081e-16
2.220446049250313081e-16
1.622116012481544152e-15
2.220446049250313081e-16
2.220446049250313081e-16
2.220446049250313081e-16
1.550966673888228195e-15
2.220446049250313081e-16
2.220446049250313081e-16
2.220446049250313081e-16
2.220446049250313081e-16
2.220446049250313081e-16
2.220446049250313081e-16
2.220446049250313081e-16
2.220446049250313081e-16
2.220446049250313081e-16
2.220446049250313081e-16
1.539852379172192372e-15
2.220446049250313081e-16
2.220446049250313081e-16
1.570572353395856841e-15
2.220446049250313081e-16
1.597344631555756760e-15
2.220446049250313081e-16
2.220446049250313081e-16
2.220446049250313081e-16
2.220446049250313081e-16
2.220446049250313081e-16
2.220446049250313081e-16
1.176162791562236053e-14
2.220446049250313081e-16
2.220446049250313081e-16
2.220446049250313081e-16
1.179881830582879443e-14
2.220446049250313081e-16
2.220446049250313081e-16
1.136330742278247740e-14
2.220446049250313081e-16
1.597870191134111239e-15
2.220446049250313081e-16
2.220446049250313081e-16
2.220446049250313081e-16
2.220446049250313081e-16
2.220446049250313081e-16
2.220446049250313081e-16
2.220446049250313081e-16
2.220446049250313081e-16
2.220446049250313081e-16
2.220446049250313081e-16
1.623948048531152282e-15
2.220446049250313081e-16
2.220446049250313081e-16
2.220446049250313081e-16
2.220446049250313081e-16
2.220446049250313081e-16
2.220446049250313081e-16
2.220446049250313081e-16
2.220446049250313081e-16
2.220446049250313081e-16
2.220446049250313081e-16
2.220446049250313081e-16
2.220446049250313081e-16
2.220446049250313081e-16
2.220446049250313081e-16
1.483284699154193254e-15
2.220446049250313081e-16
2.220446049250313081e-16
2.220446049250313081e-16
2.220446049250313081e-16
2.220446049250313081e-16
1.599984055314465474e-15
2.220446049250313081e-16
2.220446049250313081e-16
2.220446049250313081e-16
1.572819835555822535e-15
2.220446049250313081e-16
2.220446049250313081e-16
2.220446049250313081e-16
9.738586313374180767e-15
2.220446049250313081e-16
2.220446049250313081e-16
2.220446049250313081e-16
4.619708926450148687e-12
1.619352662435424526e-15
2.220446049250313081e-16
2.220446049250313081e-16
1.545139682769450979e-15
2.220446049250313081e-16
2.220446049250313081e-16
2.220446049250313081e-16
1.156359072222887964e-14
2.220446049250313081e-16
1.118080022523246599e-14
2.220446049250313081e-16
2.220446049250313081e-16
1.191674228606995732e-14
2.220446049250313081e-16
1.595076332591686292e-15
2.220446049250313081e-16
2.220446049250313081e-16
8.530005017040228956e-14
2.220446049250313081e-16
2.220446049250313081e-16
2.220446049250313081e-16
2.220446049250313081e-16
1.633637734027328459e-15
1.642004850191245889e-15
2.220446049250313081e-16
2.220446049250313081e-16
2.220446049250313081e-16
1.637168702520683118e-15
2.220446049250313081e-16
2.220446049250313081e-16
1.554570389462436519e-15
2.220446049250313081e-16
2.220446049250313081e-16
2.220446049250313081e-16
2.220446049250313081e-16
2.220446049250313081e-16
2.220446049250313081e-16
2.220446049250313081e-16
2.220446049250313081e-16
1.626889052988467276e-15
2.220446049250313081e-16
5.849404766131638553e-13
2.220446049250313081e-16
8.493599653906242331e-14
2.220446049250313081e-16
8.545416386123045524e-14
2.220446049250313081e-16
2.220446049250313081e-16
2.220446049250313081e-16
2.115520142052649159e-10
1.594155946094736982e-15
2.220446049250313081e-16
1.475577128985434484e-15
2.220446049250313081e-16
2.220446049250313081e-16
2.220446049250313081e-16
1.619999502905773667e-15
1.637846931565684129e-15
2.220446049250313081e-16
1.616597917914938726e-15
2.220446049250313081e-16
1.640386391405799513e-15
3.273835530792091228e-11
2.220446049250313081e-16
2.220446049250313081e-16
1.129154263104172868e-14
1.524366248160073094e-15
4.425494216480440733e-12
8.507945291222197614e-14
8.876332753875572881e-14
2.220446049250313081e-16
4.457003545830120858e-12
2.220446049250313081e-16
1.145205463396047493e-14
2.220446049250313081e-16
1.169674745478994948e-14
2.220446049250313081e-16
2.220446049250313081e-16
1.172362458259702964e-14
2.220446049250313081e-16
8.110429415970119170e-14
1.634226434501082932e-15
2.220446049250313081e-16
1.558192583355098904e-15
8.478778733151518411e-14
1.607297125583690639e-15
1.583217140641804847e-15
1.497014323271982096e-15
2.220446049250313081e-16
6.251735488728310901e-13
2.220446049250313081e-16
1.033965643340664407e-14
2.220446049250313081e-16
2.220446049250313081e-16
2.527938869429755702e-04
6.128888199217403656e-13
2.220446049250313081e-16
1.595961483567777009e-15
1.194191340090910875e-14
7.463979134241144137e-14
1.500021762415011621e-15
1.165660181285588532e-14
8.235165838882769928e-14
2.220446049250313081e-16
2.220446049250313081e-16
8.755008693726873955e-14
8.092374315244060353e-14
1.629508828575985114e-15
1.048972691788694606e-14
2.220446049250313081e-16
8.598564523894561770e-14
2.220446049250313081e-16
6.360309001039129302e-13
1.640693220513801333e-15
1.574638700279129676e-15
1.615073881285044282e-15
2.220446049250313081e-16
2.220446049250313081e-16
2.220446049250313081e-16
2.220446049250313081e-16
2.308459711544494485e-10
5.698304200768495485e-13
2.220446049250313081e-16
2.220446049250313081e-16
8.368349464025052179e-14
1.177954043125156454e-14
4.480911674042045581e-12
1.615278204949332665e-15
1.590949434998567084e-15
8.686225796517121583e-14
1.449537589162131232e-15
3.249819750962307752e-11
2.220446049250313081e-16
1.100873327604555182e-14
1.586883361434152132e-15
1.574946539330342205e-15
1.154053251571537865e-14
2.220446049250313081e-16
2.482424376516333364e-10
2.220446049250313081e-16
1.184726771295451695e-14
2.220446049250313081e-16
3.481207332169752282e-12
8.632690687943550195e-14
2.220446049250313081e-16
1.885390418893996339e-03
2.220446049250313081e-16
8.459300182561354826e-14
2.220446049250313081e-16
2.220446049250313081e-16
5.481048804776467074e-13
2.220446049250313081e-16
9.063422551499196724e-08
4.614081710347296630e-12
1.040875805002524496e-01
1.553574134746469141e-15
2.733042054885596373e-04
4.588563719133980912e-06
6.866029273667064475e-07
1.564544339711922182e-15
4.595271133364110587e-12
3.202537986618378072e-11
1.202538887512930780e-08
4.352089251977942991e-12
2.220446049250313081e-16
1.699360736235805229e-09
1.584756115376565759e-15
2.220446049250313081e-16
1.652891807571868454e-09
4.286576421560775322e-12
7.554775350993510052e-01
1.782268624547880515e-09
8.525091957021215913e-14
1.177785205564892556e-14
2.206313972392145491e-10
7.303614466712963216e-01
1.566581116908700141e-15
1.457550155896158768e-15
7.194111223415515585e-08
1.507342589881814124e-15
5.506585411069113293e-13
9.508432239524431019e-08
2.220446049250313081e-16
3.254276179046301749e-11
1.613277937908345400e-15
3.832920013263747762e-05
5.176938093964829513e+00
5.057348704780134094e-13
1.503922379980185349e-15
9.249025283903101769e-08
1.923181835930682466e-03
4.976867892622341939e-06
1.518636544469559073e-15
4.851471869330618527e-06
5.845626831028583371e-13
1.645091482703542290e-15
5.472563270794495960e-13
5.113008296511537202e-06
4.000091007101293883e+01
2.220446049250313081e-16
9.384900177383687220e-08
4.100468576774445734e-02
3.576976680832601283e-05
6.929879333425335922e-07
7.360202387361795604e-14
2.916510425513481153e-11
4.523335603947035953e-12
5.185830366373508290e-06
1.599021888980120935e-15
3.692703436730650023e-05
6.055553091940741480e-13
2.715877839128083646e-04
4.155360668219437770e+01
3.890664492446115474e+01
3.709172003064796286e+01
9.114393282783832395e-08
4.022829159296323098e+01
6.055727125417006912e-13
4.099180577446438889e+01
9.870964897636149329e-09
2.220446049250313081e-16
2.549145891171438201e-06
8.480006114087254390e-14
4.524903030736753583e-12
4.608832514471463433e-06
6.374152570733883107e-07
6.990003400693176605e-01
5.774349354964153695e-07
4.673345300110055334e+00
1.149726692009436800e-14
3.918437024076781933e-12
1.305492156177121926e-08
3.645818540134443708e+01
5.006955873295131809e+00
2.220446049250313081e-16
2.220446049250313081e-16
1.520008360044640772e-15
1.510491251281904482e-15
4.581588423591483849e-12
5.088560213649205188e+00
2.220446049250313081e-16
4.921277704353408631e-06
1.563540351223029139e-15
1.566402266830374985e-15
7.005553753973256873e-14
3.761096241282426433e+01
4.630885989472836548e-06
6.476757799561501130e-14
3.318885728702244611e-05
1.043233416405822955e-01
7.469963212355684723e-01
7.537560579050137273e-03
3.940833441862977082e+01
8.568120127338765959e-14
9.491061843388452681e-08
2.720380062577083813e-04
1.394331973661104909e-02
1.563774996373816901e-15
1.751389874768287323e-09
5.306287355195054900e+00
1.051581194715650553e-14
2.580834544096656459e-04
1.185207105383711799e-14
3.896019928735721294e+01
3.325493896062727185e-11
5.353674800415262336e-01
3.909239087955486980e+01
2.331930055356082040e-11
1.360925707469465978e-02
4.034849026116306447e+01
3.892431196419025952e+01
3.661489812169609337e+01
5.113956249993388825e-01
2.630089280395249613e-04
6.930874973292584824e-07
2.904312123772646714e+01
3.180899562091838932e-11
1.479805138176053566e-15
1.160039509716181475e-14
2.220446049250313081e-16
5.439170737484082530e+00
9.786404830317351392e-15
3.912458225515102583e+01
2.220446049250313081e-16
3.882363193119609690e+01
7.217214806865094312e-01
3.997533552900119247e+01
5.370131242224917223e+00
2.328699137774608663e-04
2.220446049250313081e-16
3.643276348374057250e+01
3.956320218898601127e+01
3.732624315822406658e+01
3.829513889452942266e+01
3.793298613434218680e+01
1.007559496355741006e-14
2.220446049250313081e-16
3.802613666533683556e+01
2.533936516968462389e-05
4.515943264904142218e+00
3.386180371539348658e-05
3.734051981685031052e+01
1.613393668786048087e-15
2.220446049250313081e-16
3.832110743069809189e+01
2.220446049250313081e-16
2.220446049250313081e-16
5.391773026530250590e+00
4.481551345854958430e-07
1.840398038686899440e+01
1.176224091313180344e-03
3.803560903449058101e-15
3.823685141231706552e+01
3.845455541944745192e+01
3.635354254398271223e+01
1.508887577073391707e-15
3.759978072990210052e+01
2.483983836523299260e+01
1.730961750511615682e-09
5.457478161631488665e-13
1.163560938426063428e-08
4.026607525329943371e+01
3.935426572184455551e+01
3.788350824243919135e+01
3.040667245022291354e+00
4.577638702814583738e-01
7.094687971944743099e-01
5.153140436159834969e+00
3.976058405230549653e+01
5.389197729068183840e+00
3.967990893558510379e+01
3.722176677808519685e+01
8.489452087452285800e-02
2.220446049250313081e-16
2.220446049250313081e-16
3.955682886893816885e+01
3.902518911082837860e+01
7.395746905883197053e-01
1.442850100350305072e-15
6.670781534996022523e-07
3.790989513901380548e+01
5.338019562222382349e-08
3.371520583728917391e-05
2.308146234767834315e+00
5.266913830649613132e-02
3.651949638237046258e+01
2.639009126836426233e+01
4.003057890357305126e+01
2.752307343194242506e+01
3.031254662551003776e+01
2.220446049250313081e-16
3.958418280427765268e+01
4.011642932395242411e+01
3.553465493283579946e+01
3.688451342071461170e+01
3.280060511686105576e-05
3.938442694560981749e+01
3.590533302389399495e+01
3.853529837846441097e+01
5.259914153486775490e+00
3.474099022344404375e+01
4.166988925226106488e+01
3.808640707431784733e+01
3.782115769203488753e+01
3.017322400499450907e+01
3.980228280860676904e+01
3.875648358537033289e+01
5.339305331702307576e-13
5.255252586327026521e+00
2.256140001864763889e-04
2.211819039349924320e-04
4.060979356413691477e+01
3.908602662738113054e+01
3.752079456659949841e+01
1.047865427507128613e-09
4.005510544600102918e+01
2.220446049250313081e-16
2.090958980242090348e+01
3.926689290431935575e+01
1.045188674798913983e-08
1.478441742727739707e-15
2.220446049250313081e-16
2.563467333330355742e-10
3.435791772859013093e+01
5.116077955755605089e+00
3.849622180600622556e+01
3.910964305937286412e+01
3.590876347907091315e+01
3.521316449817409477e+01
3.782413385780937887e+01
3.874815088929790363e+01
3.906953073224379835e+01
3.749650767020693110e+01
3.655916135566208425e+01
3.698788489262424406e+01
2.870081758680751349e+01
4.112433461456190287e+01
3.045270237996895890e+00
2.220446049250313081e-16
1.472399762499161507e-15
3.721760159702284909e+01
3.871663777724682376e+01
3.906328518831405461e+01
3.593342389400406489e+01
3.725594360727466636e+01
2.220446049250313081e-16
3.887818800888725690e+01
3.964915874455773803e+01
1.073961944591223612e-03
3.727299788776253564e+01
3.952400910219106578e+01
2.509453046386489206e+01
3.862141774157825580e+01
3.910977639524058702e+01
3.987133838754068904e+01
3.807576678018748595e+01
3.559244980001482617e+01
3.733140751452148720e+01
3.958684212148416748e+01
2.747659553481601691e+01
4.068512245671818306e+01
3.383495774942390000e+01
2.756780015958788965e+01
3.351808214550136711e+01
3.890430458011152126e+01
3.484379699403623221e+01
4.445176298212124566e-01
3.889423312653941167e+01
3.714829866543625769e+01
3.611892579484963761e+01
3.731586372237055826e+01
3.604784992010955591e+01
3.785461825256831503e+01
2.905625268978326847e+00
4.005579007425258453e+01
2.743767361087424206e+01
3.984176629630206889e+01
3.338953381059571512e+01
3.889976629055522750e+01
3.895327536577985938e+01
3.811588192277108789e+01
2.220446049250313081e-16
4.016021702259201476e+01
3.704401047151984017e+01
3.633580103493772384e+01
3.945784989639474105e+01
3.863919530625093302e+01
3.865074958614414413e+01
3.994799139808027633e+01
4.023563709326177218e+01
3.861768833748729435e+01
3.956673662959402549e+01
2.220446049250313081e-16
4.133875755189430379e+01
3.741220394901843349e+01
2.220446049250313081e-16
3.118855590702184344e+01
3.890049626944842487e+01
4.016514217607277715e+01
3.781154917860507680e+01
3.007890538906901412e+01
3.511805670017058389e+01
3.902458127969555335e+01
3.855084842147908120e+01
9.531429784844657263e-03
4.192176097537902280e+01
1.562280432807598401e-09
3.956225927318028823e+01
3.442483870530429613e+01
7.036432627006680226e-14
3.929781086389547795e+01
3.133914840297223492e+01
3.748435242371802900e+01
3.549394223223326605e+01
4.149541621597936114e+01
9.175546230298290556e-03
2.787206553146371619e-08
2.195015810826064850e+01
4.040028131163596470e+01
2.220446049250313081e-16
2.072660457641211540e+00
3.818036693394549275e+01
3.736221544639444403e+01
3.701026737477844364e+01
3.902928167510067681e+01
3.945625919982457219e+01
1.614094835152964791e+01
3.990504331437069396e+01
4.052182697964732938e+01
2.661597010144958020e+01
3.854359664065388102e+01
3.735511021822253497e+01
3.858453481922700234e+01
4.083685575502448728e+01
3.877891412196817811e+01
3.844599700910190165e+01
3.316822078513454386e+01
4.025495391074687745e+01
3.662887527366601148e+01
4.540722783987439407e-06
4.080129529060396010e+01
3.734847436970083834e+01
3.598393566432284985e+01
3.971961260147177342e+01
1.393701310347019426e-15
3.973978673164958764e+01
4.041290805728139190e+01
3.550591545989029640e+01
3.747034310620176711e+01
3.673864430386906577e+01
3.896824455963893996e+01
3.334616791016425452e+01
1.490993457266897681e-15
4.080767020187161620e+01
3.971355767016443394e+01
4.006557595416403927e+01
3.491815071424047545e+01
3.737778597950055826e+01
3.747026205284301881e+01
2.220446049250313081e-16
4.015985777604811346e+01
2.997491680615462428e+01
3.804513697710252984e+01
2.472772076714776190e+01
3.986787123667470922e+01
3.972962773730173325e+01
3.732135875750966392e+01
3.758616985868975036e+01
3.834492397510965134e+01
3.852423337594204611e+01
3.858374216998507933e+01
3.819319584752720687e+01
2.786890296091672070e+01
2.552562672165501212e+01
3.636361048786228167e+01
3.590489129932058887e+01
3.874248040997657228e+01
3.956041458484607887e+01
3.975394395684223525e+01
4.030258405569522040e+01
3.547527565679309447e+01
3.464539836895974645e+01
3.843895804267705785e+01
3.396475577751454722e+01
4.089397020288973295e+01
3.933329391624688043e+01
3.863423528602076118e+01
3.649416147347930206e+01
3.042229226449652302e+01
3.836841805698040986e+01
3.812253907918488238e+01
3.884935085689086520e+01
3.886875885777101303e+01
4.199115374660220823e+01
3.740146717843764890e+01
3.865925890155087785e+01
3.772252118793321074e+01
3.944519320016109276e+01
3.762943006667221368e+01
2.047726168867296082e+01
4.064384781680766423e+01
3.911270433071769759e+01
3.885009061431051691e+01
3.208400440622307315e+01
3.721077296801660594e+01
3.965432400254016443e+01
3.788071144803922863e+01
2.781325146055714015e+01
3.694420272821184170e+01
4.090241376012540542e+01
3.685091808240692046e+01
3.817000869277606512e+01
4.020634686718001660e+01
3.795844665234933046e+01
3.878869641467934315e+01
3.724893554874672930e+01
2.904942138242429195e+01
2.220446049250313081e-16
3.901927715275870412e+01
4.068897032023706828e+01
4.165687674305226551e+01
1.407214967881100165e+01
4.012095321306551909e+01
3.309201600846157731e+01
3.756048701121554245e+01
3.807423777858839031e+01
3.868095656974536922e+01
3.878422815098831222e+01
3.793089947423619890e+01
3.571015060000224395e+01
3.791085934717451522e+01
2.801867038693145773e+01
2.998099446438541094e+01
4.020876633462240335e+01
4.009809310566904372e+01
1.362351029439666128e+01
3.512016843008825617e+01
3.932142661632119029e+01
3.877905193755397306e+01
3.586547445525320654e+01
3.949829329284448676e+01
3.484368011914207131e+01
4.026745410558838500e+01
3.709709063179149524e+01
1.639122060702798223e+01
3.874842817491247615e+01
4.198579832145087920e+01
3.595262415862859484e+01
3.730318466881742978e+01
3.031256974711355312e+01
4.011725554148318906e+01
3.957532280928128898e+01
3.781958875399192976e+01
3.776234867090020941e+01
4.025782387214057678e+01
3.807618152542652723e+01
4.130381731814195945e+01
3.800233433657601978e+01
3.942124627483583055e+01
3.658545044557777715e+01
3.769316616582612056e+01
3.802832642386690054e+01
3.709458469182856533e+01
4.109219366446121313e+01
3.652073280108275810e+01
4.020108528147714821e+01
3.805766390952707923e+01
4.048024376889085829e+01
3.467060110314620403e+01
3.844356420257069828e+01
3.963607028167010071e+01
3.831550661204311581e+01
3.779956032083553197e+01
3.751587294126290573e+01
3.817061615152600496e+01
3.584515543512986824e+01
3.581013774400616256e+01
3.803780654874761069e+01
3.694323586548742355e+01
3.978479659303016547e+01
3.634519124780791088e+01
3.843556195618996441e+01
3.913845777857152797e+01
3.855539088074586829e+01
3.720978421746729481e+01
3.823114446941565348e+01
3.728268324212785956e+01
3.889217174161084500e+01
3.862927364904706451e+01
4.101813359231639566e+01
3.408623387087205003e+01
4.079256465655635111e+01
3.368886303122862813e+01
3.886247625052106258e+01
3.854816832197376186e+01
4.138569924839725900e+01
3.869638091226215693e+01
2.521502304331526645e+01
3.700815234528877795e+01
3.226553688254724506e+01
3.816276491388907033e+01
3.839379305921597307e+01
3.867719032808102497e+01
3.988159230793937127e+01
3.953005154755526007e+01
3.885754113061738479e+01
3.790100276384985278e+01
3.752704104093250947e+01
3.770313894335560434e+01
4.023282611238874296e+01
3.753362773684230547e+01
3.920939484432373945e+01
3.938979936167713447e+01
2.719290007898795025e+01
3.876005639888704479e+01
3.740223122784748711e+01
3.883721818450857910e+01
3.936225742932394667e+01
3.690802035426876415e+01
3.630695160031002189e+01
3.701037443825422457e+01
3.396712532506577276e+01
3.234918782538218807e+01
3.128697365474190661e+01
3.917999969372754521e+01
3.773512357185663291e+01
2.358796894180571613e+01
3.874792520446717248e+01
3.172941783265229887e+01
4.109869760685252515e+01
3.886133418125615435e+01
2.790641929531123822e+01
4.060218870336015584e+01
3.846034125341139287e+01
1.506011057739039849e+01
3.753559716597045082e+01
3.355280093152535414e+01
3.952701275020255167e+01
3.927478282699775036e+01
1.594567935350225696e+01
3.943264267430519254e+01
3.479028472813271122e+01
3.747669188327223111e+01
3.692240553190029573e+01
3.712009513035375363e+01
3.892253705256648288e+01
3.807954385925763319e+01
3.905530879613615269e+01
3.881626919957270161e+01
3.895901012279359321e+01
3.897817650259749200e+01
3.856631255655666735e+01
3.625103964084490116e+01
3.649999293135630296e+01
3.733764929178890668e+01
3.783875948130205558e+01
3.875580663378065793e+01
3.577668302953336621e+01
3.813885999317766107e+01
3.502564224804906701e+01
3.804561345705226216e+01
3.910514102190261809e+01
3.888711648493440265e+01
3.705514271683214389e+01
3.751611642873331220e+01
4.118511088891993666e+01
3.682457758662069836e+01
4.129091676026497026e+01
3.740299339153196456e+01
3.888501013977752052e+01
3.659147554744740205e+01
3.932967953019262808e+01
4.126651404450840488e+01
3.923823101958832638e+01
3.991510813924323742e+01
3.729627766254630217e+01
3.817461587857917493e+01
3.895170202163624396e+01
3.879208488780133735e+01
3.944896021543066666e+01
3.676490075400614899e+01
3.656175694492907979e+01
3.893349590987011055e+01
3.627775293008484425e+01
3.801409545860438755e+01
3.798634858822740767e+01
3.873493158450295937e+01
3.797212837127386820e+01
3.960987694345932653e+01
3.720077313455396961e+01
3.912908998742013011e+01
3.916109210723270451e+01
3.678141984476766879e+01
3.882518036622089852e+01
4.002843112313490792e+01
4.028613692964754023e+01
3.998288889419291792e+01
3.779753233768928311e+01
4.034520135202643587e+01
3.833189225915694465e+01
3.890142011626033991e+01
4.019862701406692906e+01
4.012406765749166482e+01
3.786341596328858117e+01
3.936423226269344866e+01
3.383423537542314108e+01
3.400544614897160756e+01
3.828626736618344495e+01
3.710696898750379091e+01
3.839804470287637628e+01
3.873780535208217657e+01
3.898104880835213493e+01
3.534469202522299014e+01
3.755460643325319126e+01
4.174364706490109711e+01
3.895886273945603762e+01
3.900112006971045986e+01
3.686574857034216990e+01
4.002373225190497408e+01
3.866431265194000844e+01
3.957753781507109636e+01
3.785267125373883346e+01
3.971399980141038100e+01
3.815129920199157709e+01
3.652321153250495911e+01
3.971212788983370245e+01
3.973852686016646629e+01
3.595497607843380905e+01
3.885459310756428408e+01
3.680002301464897130e+01
3.805119417749410360e+01
3.886796234273348460e+01
3.690144265749005825e+01
4.062387056154855003e+01
3.943904625651673257e+01
3.939172586780183849e+01
3.715015680544409804e+01
3.527238386973296258e+01
3.861790998921382823e+01
3.603214822396495265e+01
3.864023307502181837e+01
3.879739273542057276e+01
3.755862379263644613e+01
3.931902304138584014e+01
3.971197719120871739e+01
3.819733767136606417e+01
3.680563865440074522e+01
3.706900232988593302e+01
4.017446112586023332e+01
3.707652116655075503e+01
3.658222691102172064e+01
3.934147438098799654e+01
