2.220446049250313081e-16
2.220446049250313081e-16
2.220446049250313081e-16
1.595249210443774868e-15
2.220446049250313081e-16
2.220446049250313081e-16
2.220446049250313081e-16
2.220446049250313081e-16
2.220446049250313081e-16
2.220446049250313081e-16
2.220446049250313081e-16
2.220446049250313081e-16
2.220446049250313081e-16
2.220446049250313081e-16
2.220446049250313081e-16
2.220446049250313081e-16
2.220446049250313081e-16
2.220446049250313081e-16
2.220446049250313081e-16
2.220446049250313081e-16
2.220446049250313081e-16
2.220446049250313081e-16
2.220446049250313081e-16
2.220446049250313081e-16
2.220446049250313081e-16
2.220446049250313081e-16
1.566348831292533127e-15
2.220446049250313081e-16
2.220446049250313081e-16
2.220446049250313081e-16
2.220446049250313081e-16
2.220446049250313081e-16
1.562163530601681254e-15
2.220446049250313081e-16
2.220446049250313081e-16
2.220446049250313081e-16
2.220446049250313081e-16
2.220446049250313081e-16
2.220446049250313081e-16
2.220446049250313081e-16
2.220446049250313081e-16
2.220446049250313081e-16
2.220446049250313081e-16
2.220446049250313081e-16
2.220446049250313081e-16
2.220446049250313081e-16
2.220446049250313081e-16
2.220446049250313081e-16
2.220446049250313081e-16
2.220446049250313081e-16
2.220446049250313081e-16
1.618696656253988742e-15
2.220446049250313081e-16
2.220446049250313081e-16
2.220446049250313081e-16
2.220446049250313081e-16
2.220446049250313081e-16
2.220446049250313081e-16
2.220446049250313081e-16
2.220446049250313081e-16
2.220446049250313081e-16
2.220446049250313081e-16
2.220446049250313081e-16
2.220446049250313081e-16
2.220446049250313081e-16
2.220446049250313081e-16
2.220446049250313081e-16
2.220446049250313081e-16
2.220446049250313081e-16
2.220446049250313081e-16
1.503921597174193247e-15
2.220446049250313081e-16
2.220446049250313081e-16
1.493722165507677103e-15
1.626721675693747382e-15
2.220446049250313081e-16
2.220446049250313081e-16
2.220446049250313081e-16
2.220446049250313081e-16
2.220446049250313081e-16
2.220446049250313081e-16
2.220446049250313081e-16
2.220446049250313081e-16
1.555542350290723446e-15
2.220446049250313081e-16
2.220446049250313081e-16
2.220446049250313081e-16
2.220446049250313081e-16
2.220446049250313081e-16
2.220446049250313081e-16
2.220446049250313081e-16
2.220446049250313081e-16
2.220446049250313081e-16
2.220446049250313081e-16
2.220446049250313081e-16
2.220446049250313081e-16
1.646370636781790712e-15
2.220446049250313081e-16
1.630792953288592772e-15
2.220446049250313081e-16
2.220446049250313081e-16
2.220446049250313081e-16
2.220446049250313081e-16
2.220446049250313081e-16
2.220446049250313081e-16
2.220446049250313081e-16
2.220446049250313081e-16
2.220446049250313081e-16
2.220446049250313081e-16
2.220446049250313081e-16
2.220446049250313081e-16
2.220446049250313081e-16
1.516106340228301243e-15
2.220446049250313081e-16
2.220446049250313081e-16
1.510491251291651056e-15
2.220446049250313081e-16
1.643323245098410255e-15
2.220446049250313081e-16
2.220446049250313081e-16
2.220446049250313081e-16
2.220446049250313081e-16
2.220446049250313081e-16
2.220446049250313081e-16
2.220446049250313081e-16
2.220446049250313081e-16
2.220446049250313081e-16
1.592844322830283119e-15
2.220446049250313081e-16
1.624305141408825160e-15
2.220446049250313081e-16
2.220446049250313081e-16
2.220446049250313081e-16
2.220446049250313081e-16
2.220446049250313081e-16
2.220446049250313081e-16
2.220446049250313081e-16
2.220446049250313081e-16
2.220446049250313081e-16
2.220446049250313081e-16
2.220446049250313081e-16
2.220446049250313081e-16
2.220446049250313081e-16
2.220446049250313081e-16
2.220446049250313081e-16
2.220446049250313081e-16
2.220446049250313081e-16
2.220446049250313081e-16
2.220446049250313081e-16
2.220446049250313081e-16
1.184853251455453460e-14
2.220446049250313081e-16
1.194403810629284073e-14
1.640159973323330594e-15
2.220446049250313081e-16
2.220446049250313081e-16
2.220446049250313081e-16
2.220446049250313081e-16
2.220446049250313081e-16
2.220446049250313081e-16
2.220446049250313081e-16
1.514707088084548540e-15
2.220446049250313081e-16
1.584873328781120806e-15
2.220446049250313081e-16
2.220446049250313081e-16
2.220446049250313081e-16
7.825581385737549640e-14
2.220446049250313081e-16
2.220446049250313081e-16
2.220446049250313081e-16
2.220446049250313081e-16
2.220446049250313081e-16
2.220446049250313081e-16
2.220446049250313081e-16
2.220446049250313081e-16
2.220446049250313081e-16
2.220446049250313081e-16
1.606763657208148122e-15
2.220446049250313081e-16
2.220446049250313081e-16
2.220446049250313081e-16
2.220446049250313081e-16
2.220446049250313081e-16
2.220446049250313081e-16
2.220446049250313081e-16
2.220446049250313081e-16
1.620679037334253337e-15
2.220446049250313081e-16
2.220446049250313081e-16
2.220446049250313081e-16
2.220446049250313081e-16
2.220446049250313081e-16
2.220446049250313081e-16
2.220446049250313081e-16
2.220446049250313081e-16
2.220446049250313081e-16
2.220446049250313081e-16
1.602618657951362191e-15
2.220446049250313081e-16
4.503974414476807744e-12
2.220446049250313081e-16
1.442850099586635651e-15
1.154607843128581285e-14
1.554075379040273445e-15
2.220446049250313081e-16
2.220446049250313081e-16
2.220446049250313081e-16
2.220446049250313081e-16
2.220446049250313081e-16
2.220446049250313081e-16
2.220446049250313081e-16
1.626721211056704538e-15
2.220446049250313081e-16
2.220446049250313081e-16
2.220446049250313081e-16
2.220446049250313081e-16
2.220446049250313081e-16
2.220446049250313081e-16
1.609519315361985684e-15
1.603370676179499241e-15
2.220446049250313081e-16
2.220446049250313081e-16
2.220446049250313081e-16
2.220446049250313081e-16
2.220446049250313081e-16
2.220446049250313081e-16
1.476283323874755978e-15
2.220446049250313081e-16
2.220446049250313081e-16
2.220446049250313081e-16
2.220446049250313081e-16
2.220446049250313081e-16
2.220446049250313081e-16
2.220446049250313081e-16
1.584358377679449752e-15
2.220446049250313081e-16
1.463178007465819059e-15
1.555542377877839323e-15
1.618159807259902773e-15
2.220446049250313081e-16
1.055854139289080478e-14
2.220446049250313081e-16
5.734001125059187283e-13
1.601408789500946420e-15
2.220446049250313081e-16
1.623937011749815034e-15
2.220446049250313081e-16
2.220446049250313081e-16
2.220446049250313081e-16
2.220446049250313081e-16
2.220446049250313081e-16
1.368704324755704721e-02
6.073877313011128379e-13
8.514535479275364886e-14
2.220446049250313081e-16
2.220446049250313081e-16
1.631918728208409451e-15
2.220446049250313081e-16
2.220446049250313081e-16
2.220446049250313081e-16
8.348514429031490813e-14
2.220446049250313081e-16
1.153482822845333017e-14
1.393701328383561985e-15
1.570248849433251004e-15
9.395458495608504742e-08
2.220446049250313081e-16
2.220446049250313081e-16
2.220446049250313081e-16
2.423240060920867562e-10
1.587282000797819864e-15
2.220446049250313081e-16
2.220446049250313081e-16
2.220446049250313081e-16
2.220446049250313081e-16
2.220446049250313081e-16
2.220446049250313081e-16
1.625097274624053561e-15
2.220446049250313081e-16
2.220446049250313081e-16
1.594715052072037940e-15
1.562640917944051104e-15
2.220446049250313081e-16
1.180771628825181164e-14
2.220446049250313081e-16
8.585358315982340883e-14
2.220446049250313081e-16
2.220446049250313081e-16
2.220446049250313081e-16
2.220446049250313081e-16
1.130036624432215326e-14
6.341022621487706378e-13
1.192762072876839743e-14
2.220446049250313081e-16
1.189125522159806017e-14
2.220446049250313081e-16
3.274291735728555528e-11
2.220446049250313081e-16
6.129517163619868350e-13
2.220446049250313081e-16
6.307465501989375845e-13
2.220446049250313081e-16
2.220446049250313081e-16
2.220446049250313081e-16
2.220446049250313081e-16
1.164779413414845456e-14
2.220446049250313081e-16
1.214032214249561976e-08
2.425127782837661305e-10
3.852316525984441142e+01
8.623572045915479323e-14
1.042861740240114499e-14
2.220446049250313081e-16
3.305348050662847706e-11
1.546022273728372007e-15
2.220446049250313081e-16
2.220446049250313081e-16
2.220446049250313081e-16
2.220446049250313081e-16
2.220446049250313081e-16
2.220446049250313081e-16
1.643939474310972738e-15
8.720797452041614635e-14
1.154618892522708877e-14
2.220446049250313081e-16
2.220446049250313081e-16
6.391146106999448328e-07
2.220446049250313081e-16
1.482102348943599220e-15
1.485998300724777985e-15
5.784224431785009655e-13
2.220446049250313081e-16
1.571551833847927943e-15
1.605795255006494542e-15
8.691030720548490617e-14
1.627714452775566039e-15
2.220446049250313081e-16
4.234468016892518777e-12
1.529263796768191715e-15
2.220446049250313081e-16
5.941088081993477432e-13
1.575248096097362570e-15
3.896249756544598824e-12
2.220446049250313081e-16
8.737544196756905978e-14
6.464618502178446702e-13
2.220446049250313081e-16
6.710884532711007918e-07
2.220446049250313081e-16
2.220446049250313081e-16
1.607604233933043299e-15
4.885642089993769514e-06
2.220446049250313081e-16
2.189974336506761198e-10
3.548805910522799176e-05
1.305863080811350802e-08
1.633595842527281886e-15
1.381651997784222145e-02
6.852559151984069739e-07
6.606845433083062546e-07
8.379723098162603491e-14
2.220446049250313081e-16
1.541254702344940603e-15
9.805590013510658839e-09
4.730930848174159269e-06
1.661976595033623769e-09
8.142722982286171921e-14
2.220446049250313081e-16
1.103571182253019728e-14
1.316237430179523563e-02
1.025834007887665196e-14
2.220446049250313081e-16
8.382397345375310887e-14
2.345685382770574970e-04
2.220446049250313081e-16
2.220446049250313081e-16
3.503593704631081723e-05
7.038811700219962386e-01
6.447170124851437644e-07
4.349830350735046561e-12
3.773562751791170200e+01
4.326593781023319400e-12
3.902931370679216627e+01
6.307789648017155083e-07
2.220446049250313081e-16
8.233641308473562804e-14
2.220446049250313081e-16
1.018090292110461244e-14
1.631909374703001008e-15
1.530244229198588732e-15
7.240559031308607674e-01
1.484126077159074071e-09
9.071561727768190136e-08
4.954140728169581149e-06
1.173711420573277969e-08
7.273823299541387621e-01
2.220446049250313081e-16
1.519310723588760281e-15
2.220446049250313081e-16
8.406427065393268228e-02
1.560047084919027086e-15
1.434818534465944075e-09
7.354965715924177669e-14
4.407970524706588119e-12
2.322018929127407018e-10
1.934624827989924909e-03
2.220446049250313081e-16
2.220446049250313081e-16
3.744408566438249863e+01
7.364026853542581338e-14
7.381897143079394485e-01
3.439258880244047875e-11
1.498205027217470637e-09
1.396779054874441005e-02
8.473908801945329782e-14
3.947840895707769478e-12
5.746594564515741674e-13
1.500233657409228592e-15
5.390987648794864029e+00
2.428513706329004398e-10
9.759261322648921100e-02
7.739335469233189727e-14
4.936687879161018699e+00
1.577861364776242480e-15
2.220446049250313081e-16
2.220446049250313081e-16
3.792446806181320795e+01
3.281120388260820420e+01
2.220446049250313081e-16
1.598567744484374046e-09
3.939360518341860669e-12
1.960065689580935740e-03
4.313853172314235707e+00
1.521528732019240464e-09
4.931045043398544436e+00
1.755587194801060735e-09
5.470938486807916057e+00
2.220446049250313081e-16
2.175443263459574355e-04
2.220446049250313081e-16
3.908209026320476909e+01
8.207694591644569258e-09
2.220446049250313081e-16
6.943105555660059602e-01
1.308528863976466520e-08
6.849392120340939624e-03
2.220446049250313081e-16
8.329905087549393558e-08
1.728697712539240027e-03
3.935928930032132200e+01
2.220446049250313081e-16
8.714905036703422814e-02
3.954896098167973406e+01
3.790389907513233680e+01
1.450079249610775856e-15
3.790193655722290345e+01
1.001176113042599640e-08
5.149187925968465862e+00
5.260418462752054936e+00
4.051105671930152141e+01
4.056572943085518546e+01
7.264336506266959592e-01
2.106321262834938534e-11
3.941716020293364409e+01
3.195423026638692576e+01
8.090498948494433298e-14
3.543443040816050882e+01
6.167857368851267253e-13
1.029145673666270704e-08
1.630025229897117603e-15
1.634293260981516498e-15
7.825331861377606835e-01
3.551268281151836613e-12
6.131588831030434499e-13
3.947097107070622712e+01
6.830659732241138979e-08
1.144923648225493746e-08
3.896243323784956658e+01
3.977370641082498537e+01
2.632425746725441549e-04
3.562754416358914966e+01
3.631925990595993170e+01
2.299578006402038505e-10
4.184339338498456584e+01
4.269716258552097934e-12
2.220446049250313081e-16
4.073020267168279673e+01
3.653391971679258177e+01
3.824387874003584376e+00
5.137196182613466000e+00
1.505614665426524246e-15
2.407198490622339021e-04
6.830221862817500247e-07
5.269897678500409022e+00
3.650385969428474908e+01
2.295989054113873351e+01
3.589109561286916517e+01
3.632884325602734776e+01
2.667029507805786695e-11
8.161001977801916802e-09
1.457320587898217651e-15
4.314881589654138594e+00
2.220446049250313081e-16
4.898708265141251239e+00
3.645264567738564665e+01
5.531970734902282416e+00
3.565943240866388209e+01
3.792238475553691046e+01
1.014929543586830935e-01
1.450932105007818703e-15
2.220446049250313081e-16
3.643013863396829777e+01
7.040838838220723570e-14
1.006027653399523111e-14
4.112930660600376598e+01
3.874585203133649003e+01
4.330903993097315498e-06
7.017071853807998111e-14
3.851232647812545906e+01
9.203398544318635276e-08
5.079759752613337993e-06
5.609015984431620542e-13
3.583950044849027920e-05
3.777436067703946776e+01
3.716305583424085768e+01
2.220446049250313081e-16
3.788372893369309224e+01
3.670815822383282523e+01
9.687098630076748651e-02
3.386845252972129798e-05
3.740119478104083584e+01
1.077492097968382631e-14
6.379185868846488638e-01
2.220446049250313081e-16
9.974261973545398203e-15
2.352874348392241695e-11
4.053804389101753713e+01
4.055153059782567482e+01
1.503903286356015651e-15
5.275071378776222453e+00
2.250259854106424697e-04
3.104743282135498816e+01
3.673370308978708465e+01
4.191852474822817953e+01
3.794907273120973912e+01
2.220446049250313081e-16
3.853802738595576471e+01
2.220446049250313081e-16
8.635457140197577708e-02
4.005300802545747985e+01
4.009960526582505480e+01
1.094479674144243184e-14
4.069109395361152792e+01
3.328243126500835558e+01
3.872581335971995031e+01
3.978633023270992908e+01
3.714571769658570588e+01
3.841157496621536183e+01
3.838537425954933724e+01
3.141652765275389925e+01
5.347083517765996584e-08
3.260137838485306046e-12
3.975895635143832862e+01
3.643398424383077128e+01
3.860854061050758190e+01
4.165142922275614268e+01
3.871555269877917738e+01
3.726667486094770254e+01
3.599479134097009592e+01
3.592148775081651735e+01
3.925318088684720408e+01
3.928149935949160465e+01
3.336550145706382864e+01
2.220446049250313081e-16
3.689518207012199014e+01
5.728057441354889034e-01
3.745514126565240787e+01
2.548205070027836072e+01
1.752385455926072904e-03
3.618145139405196886e+01
3.391121047855983761e+01
2.563381333665175177e+01
3.629266887909923867e+01
3.825463004175365711e+01
3.780608926389961510e+01
1.442840847828619374e-15
3.574810643567164448e+01
1.088433536930244710e-14
3.630449516897963491e+01
3.597281385940635801e+01
4.211433569337015115e+01
1.431055236871191967e-15
8.942117187572676262e-02
3.703702633291091928e+01
3.743488458821830989e+01
2.220446049250313081e-16
9.385396295478637407e-02
3.621887146230776011e+01
1.790476140291053753e+01
5.528552363325008656e+00
1.514775268568650934e-15
3.773087433368252874e+01
3.881299938564292518e+01
3.859564862659994589e+01
3.856611456593002885e+01
3.755877136635781710e+01
4.037887388171512271e+01
4.043877027880333230e+01
3.565007334641568093e+01
3.937203197465668580e+01
3.872455809951841132e+01
4.064254645155128998e+01
1.477534063578714674e-10
3.701853143464612117e+01
7.573692043009658814e-01
4.050389725556921405e+01
3.427029839080580587e+01
9.855230382024460223e-03
3.538148934703340132e+01
2.376790990224903746e-04
2.789058614744103792e+01
3.674159748034372086e+01
2.010890028982271005e+01
2.220446049250313081e-16
4.029670940282813518e+01
4.065062990581012770e+01
3.991118546703156511e+01
3.707294401807179440e+01
3.537988489104054679e+01
3.677886008519161010e+01
3.756526988742334083e+01
1.232678956512965260e-03
3.644695711463783994e+01
2.235566662728873766e+01
4.196508838701766564e+01
3.684704754461809273e+01
3.420137703629688986e+01
4.009777317737111701e+01
2.420738153591200614e+01
3.751287442048169396e+01
1.517140360876119941e-03
3.899002664184394717e+01
3.240806004080242531e+01
3.689573397633763818e+01
2.791090952995763530e+01
6.934215645279226958e-01
3.441945040841879688e+01
3.762944829480062481e+01
3.512132286750401988e+01
1.973159781251752065e+01
3.591978402020292549e+01
3.551874259468996087e+01
3.709365619671782355e+01
3.843540876407853801e+01
3.901158283367772839e+01
3.982985926845240243e+01
4.119335545188158676e+01
1.839750039828757977e+01
5.475729242289367055e-02
2.232455110768052364e+01
3.906181752452154399e+01
3.672762132610476016e+01
1.027811254748579384e-04
1.758177983630902830e+01
3.361948180230810834e+01
3.649427753110194317e+01
3.881566610914048709e+01
3.853438514613334576e+01
3.673327197881653916e+01
2.179563719888686180e+01
3.707915659303151301e+01
3.736400781750887035e+01
4.126214627507717836e+01
3.029177403801706703e+01
4.939970443372724944e-03
3.771182279242066215e+01
3.460013750354366380e+01
3.811044222378075119e+01
3.975017332738612907e+01
3.915397394510267759e+01
3.588318361937687229e+01
3.773526356483183974e+01
4.117178948063493493e+01
3.913555975773189743e+01
3.727630581269200860e+01
3.581080880479360928e+01
3.518190521196957832e+01
3.877741295199278682e+01
3.636638609573255820e+01
3.967435397658451990e+01
3.027605928109701949e+01
3.825874752752811503e+01
3.560207869995131347e+01
3.339450087310556370e+01
3.873237618981259089e+01
3.606206853887881891e+01
3.657146274150175458e+01
3.744987089330967933e+01
3.808333471862776776e+01
1.778184225948825770e+01
3.866840364113275541e+01
1.218612951406933515e-10
3.848423435748397736e+01
3.948805349015404431e+01
3.774676764999799872e+01
4.065489862436857749e+01
3.051491172307893862e+01
3.840499553009015443e+01
3.625594836521555209e+01
3.737217721279239413e+01
3.618602694720892998e+01
3.812307687433842318e+01
2.388971163233769346e+01
3.831296365362119616e+01
3.784623775971491000e+01
4.130913671949074484e+01
4.010821876863960256e+01
3.707711909644902448e+01
3.554635434200396560e+01
3.670017856605669948e+01
1.655208176571447609e+01
3.723477055674246827e+01
4.044564596991703098e+01
3.728385061424239666e+01
3.944588774942698706e+01
1.680666873182102350e+01
8.418614124029946745e-08
3.475370071795801152e+01
3.884999929741901070e+01
3.910181632952799191e+01
3.387923374939735766e+01
2.721581247239138790e+01
3.712617638497625450e+01
4.105598468303766424e+01
2.573416277362762727e+01
3.627855287152620178e+01
3.862776341352117271e+01
1.875286129170968863e+01
4.191533712604933015e+01
3.887894657732785930e+01
3.962088259345625119e+01
3.962898103249483484e+01
3.867479367291041115e+01
1.399387982313660572e+01
3.806018804448955706e+01
4.031426475521880803e+01
3.935759414210069451e+01
4.013237738408487587e+01
2.424010549441738860e+01
3.763118248964932633e+01
3.757307949324398777e+01
3.222375322630607286e+01
3.402679993058207941e+01
2.364308901899959992e+01
3.751395392976488807e+01
4.209653814202393107e+01
3.886645589511386589e+01
3.732132412673844613e+01
4.166228923638330883e+01
3.792850951734198617e+01
3.055022224959319743e+01
3.613514109468007973e+01
3.791928356182387461e+01
3.814282451608545443e+01
3.742457770545072293e+01
3.747785484463911843e+01
3.924208301433881019e+01
2.939827971056322298e+01
3.515160128360596303e+01
3.811416344982557547e+01
3.660638160229760274e+01
3.792308868713437420e+01
3.777439611490227378e+01
1.430095875939980310e+01
3.774492625145527569e+01
3.931770603437933431e+01
3.830610827037492783e+01
3.868115927362857320e+01
3.982158602867195185e+01
1.450445035244588077e+01
3.688031364463281392e+01
3.865562176857201138e+01
4.195647313436045778e+01
3.803106731299935461e+01
3.842925091086348743e+01
3.368608233014298037e+01
3.661069572755283019e+01
3.733904816378070279e+01
3.627001800342551263e+01
3.813546968390480174e+01
3.666357374674397818e+01
3.862276355162962460e+01
3.828339595168280596e+01
2.441885089152966870e+01
3.748381632754961146e+01
3.735714510357873763e+01
3.536101478882066829e+01
3.742190352218787552e+01
3.793620251862688519e+01
3.876472217628640493e+01
3.800642511982134408e+01
3.402351883921688369e+01
3.695009979763165120e+01
3.500594817829327354e+01
3.873974433427670760e+01
3.766077338939233954e+01
3.144603769729012654e+01
3.553737879962583435e+01
3.983394685750696596e+01
3.755991182084304825e+01
3.933547666150088418e+01
3.833047467254513663e+01
3.927636214394436820e+01
4.447909617253007137e-08
4.069244884835219978e+01
3.845751191008636027e+01
3.671044219834266187e+01
2.064077049602470382e+01
3.839282567470960572e+01
1.365947872853854506e+01
3.832131457831621191e+01
4.018531449365821118e+01
4.218139174433220973e+01
3.651020580408587790e+01
3.892036573634102581e+01
4.005417864715677467e+01
3.856175117719749323e+01
1.494221949030502827e+01
3.864492607376088529e+01
3.927596869838397708e+01
3.947504645157019354e+01
2.891822835888470067e+01
4.163850985798988091e+01
3.894235318489293007e+01
3.732157833727448804e+01
3.758989472342599925e+01
3.839947498595785191e+01
3.853043255239663978e+01
4.060400579276995359e+01
4.001219048324998084e+01
3.792443585979196286e+01
3.506576485450620595e+01
3.717932898991107038e+01
1.953385431730279365e+01
4.224174080719078006e+01
4.034304270998623565e+01
3.798298644370644439e+01
3.709239748055392027e+01
3.775323999007503062e+01
4.035671503157739437e+01
3.920584027691408124e+01
3.554951552206359366e+01
3.939749977734661712e+01
3.889219361414710363e+01
3.637932618086529857e+01
4.018469849545454053e+01
3.515733256631723691e+01
2.290487301496345296e+01
3.981295969730992823e+01
3.854580760108754589e+01
3.839532730186328280e+01
3.932454663130044992e+01
3.887606510984757335e+01
3.967888348448168045e+01
3.965127955874578447e+01
3.505900951097130047e+01
3.876858091146150542e+01
3.914505762999950633e+01
3.865493189831305187e+01
4.090046259784578098e+01
3.926909069352626602e+01
3.126396124330440074e+01
3.792104058056717975e+01
3.825482860648837402e+01
2.692744062812614558e+01
4.056264956380057640e+01
3.831971001845013802e+01
3.883497413542239940e+01
3.864759974654295149e+01
3.936323374439193401e+01
3.381213859636476826e+01
4.005619865579235750e+01
3.678095785291907305e+01
3.615446873321417343e+01
3.949051536512871508e+01
3.823722969484920498e+01
1.953785258745716646e+01
3.913644449874174569e+01
3.832970123858320477e+01
3.924602021366592908e+01
3.602493499137225541e+01
4.006192207255570992e+01
3.624085409828053628e+01
3.761338345173253117e+01
3.281141640656207414e+01
3.580999528866916393e+01
3.867071945489416152e+01
3.878476978278432341e+01
3.605737844101750511e+01
3.635399691523626586e+01
3.615954962977219367e+01
3.937795233180799670e+01
3.948193467690656178e+01
3.656593710792750329e+01
3.384723716334808330e+01
4.007889250844218765e+01
3.687123645607417899e+01
3.709861743010832669e+01
3.538457850968178064e+01
4.017139173300332544e+01
3.846918811310994357e+01
3.842536531690965518e+01
3.985812153738208963e+01
3.836777872774845122e+01
3.815208199707759462e+01
3.991993674130791447e+01
3.725148183316074579e+01
3.979651658654749724e+01
3.728291037292456878e+01
2.572110335351179700e+01
3.820679029037415120e+01
3.914398843065060873e+01
3.929218033770567331e+01
1.772926604505067516e+01
3.764709005090430338e+01
4.135996071748536451e+01
3.771983493199566340e+01
3.974597471982147567e+01
3.686769197573525503e+01
3.670394004554709255e+01
4.047342412467571648e+01
3.603179911919394840e+01
3.497568726166749542e+01
3.729066106958879345e+01
3.952001210650457352e+01
3.704213795025930978e+01
4.028620869401132865e+01
4.062493296010728017e+01
3.680952604242909132e+01
3.047580085425244079e+01
3.890647717101199987e+01
3.789616861976396933e+01
3.434604491271286264e+01
3.947349739974853833e+01
3.695337191027588375e+01
4.117254492057427484e+01
3.900176891112945299e+01
3.786852140795191701e+01
3.945642422508846181e+01
3.804705961748068432e+01
3.999752117554631070e+01
4.051620815244214668e+01
3.858028752309236609e+01
3.947081911584871960e+01
2.667124667051758635e+01
4.080939836715140245e+01
3.873482861191745030e+01
2.356842252706244523e+01
3.931869067324512912e+01
3.843073042089335445e+01
3.811827068860768009e+01
3.901338909454941728e+01
3.809688959557194465e+01
3.910215680926455661e+01
3.832154750318431269e+01
3.788523299882334072e+01
3.780252482658072211e+01
3.924996065778755394e+01
3.810553712021171435e+01
3.800117893184054196e+01
3.628654402911239174e+01
4.011254995879778562e+01
3.788613962159043069e+01
3.739870108058407538e+01
3.965750628947910883e+01
3.925102253599560242e+01
3.962385038526488756e+01
3.789275819659989253e+01
3.974916251564599179e+01
4.044227096014518708e+01
3.903247210547863943e+01
3.681718954997682403e+01
3.944756724677951354e+01
3.932546437725874000e+01
2.988915505740061462e+01
3.840072205328237942e+01
3.935866631468698529e+01
3.986716497678233395e+01
3.659745781896545225e+01
4.025225241611276061e+01
3.883469017352919650e+01
3.907443267375601437e+01
3.670216489244180735e+01
3.881933829340591302e+01
3.922481665543579510e+01
3.906216774738875586e+01
4.008474608330038791e+01
3.761398502814665079e+01
3.771829734066488271e+01
4.039056365363639856e+01
