2.220446049250313081e-16
2.220446049250313081e-16
2.220446049250313081e-16
2.220446049250313081e-16
2.220446049250313081e-16
2.220446049250313081e-16
2.220446049250313081e-16
2.220446049250313081e-16
2.220446049250313081e-16
8.511827977906288211e-14
2.220446049250313081e-16
2.220446049250313081e-16
2.220446049250313081e-16
2.220446049250313081e-16
2.220446049250313081e-16
2.220446049250313081e-16
2.220446049250313081e-16
2.220446049250313081e-16
2.220446049250313081e-16
2.220446049250313081e-16
2.220446049250313081e-16
2.220446049250313081e-16
2.220446049250313081e-16
2.220446049250313081e-16
2.220446049250313081e-16
2.220446049250313081e-16
2.220446049250313081e-16
2.220446049250313081e-16
2.220446049250313081e-16
2.220446049250313081e-16
2.220446049250313081e-16
1.604818572177505945e-15
2.220446049250313081e-16
2.220446049250313081e-16
2.220446049250313081e-16
2.220446049250313081e-16
2.220446049250313081e-16
2.220446049250313081e-16
2.220446049250313081e-16
2.220446049250313081e-16
2.220446049250313081e-16
2.220446049250313081e-16
2.220446049250313081e-16
2.220446049250313081e-16
2.220446049250313081e-16
2.220446049250313081e-16
2.220446049250313081e-16
2.220446049250313081e-16
2.220446049250313081e-16
2.220446049250313081e-16
2.220446049250313081e-16
1.597007345156242753e-15
2.220446049250313081e-16
1.611311660375975489e-15
2.220446049250313081e-16
2.220446049250313081e-16
2.220446049250313081e-16
2.220446049250313081e-16
2.220446049250313081e-16
2.220446049250313081e-16
2.220446049250313081e-16
2.220446049250313081e-16
2.220446049250313081e-16
2.220446049250313081e-16
2.220446049250313081e-16
2.220446049250313081e-16
2.220446049250313081e-16
2.220446049250313081e-16
2.220446049250313081e-16
2.220446049250313081e-16
2.220446049250313081e-16
2.220446049250313081e-16
2.220446049250313081e-16
2.220446049250313081e-16
2.220446049250313081e-16
2.220446049250313081e-16
2.220446049250313081e-16
2.220446049250313081e-16
2.220446049250313081e-16
2.220446049250313081e-16
2.220446049250313081e-16
2.220446049250313081e-16
2.220446049250313081e-16
2.220446049250313081e-16
2.220446049250313081e-16
2.220446049250313081e-16
2.220446049250313081e-16
2.220446049250313081e-16
2.220446049250313081e-16
2.220446049250313081e-16
2.220446049250313081e-16
2.220446049250313081e-16
2.220446049250313081e-16
2.220446049250313081e-16
2.220446049250313081e-16
2.220446049250313081e-16
2.220446049250313081e-16
2.220446049250313081e-16
2.220446049250313081e-16
2.220446049250313081e-16
2.220446049250313081e-16
2.220446049250313081e-16
2.220446049250313081e-16
2.220446049250313081e-16
2.220446049250313081e-16
2.220446049250313081e-16
2.220446049250313081e-16
2.220446049250313081e-16
2.220446049250313081e-16
1.556491208018979120e-15
2.220446049250313081e-16
2.220446049250313081e-16
2.220446049250313081e-16
2.220446049250313081e-16
2.220446049250313081e-16
2.220446049250313081e-16
2.220446049250313081e-16
2.220446049250313081e-16
2.220446049250313081e-16
2.220446049250313081e-16
2.220446049250313081e-16
2.220446049250313081e-16
1.559631557530365404e-15
2.220446049250313081e-16
2.220446049250313081e-16
2.220446049250313081e-16
2.220446049250313081e-16
1.554071075708515650e-15
2.220446049250313081e-16
2.220446049250313081e-16
2.220446049250313081e-16
1.612588735972367179e-15
2.220446049250313081e-16
2.220446049250313081e-16
2.220446049250313081e-16
2.220446049250313081e-16
2.220446049250313081e-16
2.220446049250313081e-16
2.220446049250313081e-16
1.592650691944250676e-15
2.220446049250313081e-16
2.220446049250313081e-16
2.220446049250313081e-16
2.220446049250313081e-16
4.587657151979317425e-12
2.220446049250313081e-16
2.220446049250313081e-16
2.220446049250313081e-16
2.220446049250313081e-16
2.220446049250313081e-16
2.220446049250313081e-16
2.220446049250313081e-16
2.220446049250313081e-16
2.220446049250313081e-16
2.220446049250313081e-16
2.220446049250313081e-16
2.220446049250313081e-16
2.220446049250313081e-16
2.220446049250313081e-16
2.220446049250313081e-16
2.220446049250313081e-16
2.220446049250313081e-16
1.615642887755746963e-15
2.220446049250313081e-16
2.220446049250313081e-16
2.220446049250313081e-16
1.585328643355622513e-15
2.220446049250313081e-16
2.220446049250313081e-16
1.634433099734841416e-15
1.068460816395967806e-14
2.220446049250313081e-16
1.628123337138108589e-15
2.220446049250313081e-16
2.220446049250313081e-16
2.220446049250313081e-16
2.220446049250313081e-16
8.356422601822770621e-14
2.220446049250313081e-16
2.220446049250313081e-16
2.220446049250313081e-16
2.220446049250313081e-16
2.220446049250313081e-16
1.611501871382773883e-15
1.622765814538688050e-15
2.220446049250313081e-16
2.220446049250313081e-16
2.220446049250313081e-16
2.220446049250313081e-16
1.513316689223467522e-15
1.182753380350309071e-14
2.220446049250313081e-16
1.626384927559005330e-15
1.624182495192633957e-15
2.220446049250313081e-16
2.220446049250313081e-16
8.115705063769318683e-14
6.090278449199487773e-13
1.560924106139849952e-15
9.843028375781621154e-15
2.220446049250313081e-16
2.220446049250313081e-16
1.154077045844753189e-14
2.220446049250313081e-16
2.220446049250313081e-16
1.565686904451725866e-15
2.220446049250313081e-16
2.220446049250313081e-16
2.220446049250313081e-16
1.643912312672236637e-15
2.220446049250313081e-16
2.220446049250313081e-16
2.220446049250313081e-16
2.220446049250313081e-16
2.220446049250313081e-16
2.220446049250313081e-16
2.220446049250313081e-16
2.220446049250313081e-16
1.181571658543462850e-14
2.220446049250313081e-16
2.220446049250313081e-16
1.121300424897298258e-14
2.220446049250313081e-16
2.220446049250313081e-16
2.220446049250313081e-16
2.220446049250313081e-16
8.474130885126547473e-14
2.220446049250313081e-16
2.220446049250313081e-16
1.625162338687033258e-15
2.220446049250313081e-16
2.220446049250313081e-16
2.220446049250313081e-16
2.220446049250313081e-16
1.178851770969108811e-14
1.600916830315657335e-15
2.220446049250313081e-16
2.220446049250313081e-16
3.242368605802656292e-11
1.418062812505869814e-15
1.155135335486181881e-14
2.220446049250313081e-16
2.220446049250313081e-16
2.220446049250313081e-16
2.220446049250313081e-16
2.220446049250313081e-16
2.220446049250313081e-16
2.220446049250313081e-16
2.220446049250313081e-16
2.220446049250313081e-16
2.220446049250313081e-16
2.220446049250313081e-16
2.220446049250313081e-16
8.463387753406480680e-14
2.220446049250313081e-16
1.777266254621372934e-09
2.220446049250313081e-16
2.220446049250313081e-16
1.626222975443199296e-15
2.220446049250313081e-16
2.220446049250313081e-16
1.189981033756675807e-14
2.220446049250313081e-16
1.595778324913551075e-15
2.220446049250313081e-16
8.412727216898140467e-14
1.561299293432856101e-15
2.220446049250313081e-16
6.156281031835273588e-13
2.220446049250313081e-16
2.220446049250313081e-16
2.220446049250313081e-16
2.220446049250313081e-16
2.220446049250313081e-16
1.607302955744777156e-15
1.569912143724265299e-15
1.158541411266230132e-14
8.187196088380086703e-14
1.138824560919734627e-14
1.638754521339143875e-15
1.514777854160660601e-15
2.220446049250313081e-16
2.220446049250313081e-16
2.220446049250313081e-16
2.220446049250313081e-16
2.220446049250313081e-16
2.220446049250313081e-16
1.631995499883438815e-15
8.491411595947847943e-14
1.616076904737382671e-15
2.220446049250313081e-16
2.220446049250313081e-16
1.632660448823409331e-15
1.191155984092402735e-14
1.594156726158457673e-15
2.220446049250313081e-16
1.688886544568087190e-09
4.575236051249466759e-12
2.220446049250313081e-16
4.390945022285878179e-12
1.192666771358395741e-14
1.688192465392235872e-09
1.639298922367507883e-15
8.546843266536241356e-14
1.644765521650731991e-15
4.855304055038755899e-06
1.626469462848514289e-15
8.889129894539547731e-14
2.220446049250313081e-16
2.499461365132291152e-10
6.349796219454769295e-13
4.477471648709093826e-12
2.220446049250313081e-16
2.220446049250313081e-16
2.220446049250313081e-16
4.374980795197278354e-12
1.476283323874823426e-15
1.292692378238402360e-08
2.220446049250313081e-16
1.192775319158123542e-14
2.220446049250313081e-16
1.580089655236119151e-15
8.527675392281625354e-14
1.725529826926898917e-09
8.765886984235604716e-14
2.220446049250313081e-16
2.220446049250313081e-16
1.180008210023353779e-14
2.220446049250313081e-16
4.661964586301162737e-12
7.902687349034150574e-14
3.725205231798276061e-12
6.206268264948523251e-13
7.850901741368776376e-14
8.534206610915217121e-14
2.220446049250313081e-16
1.558317219616277501e-15
2.287065361886626254e-10
7.904477655834086297e-14
6.856351653347586918e-14
4.464940751337105739e-12
2.220446049250313081e-16
6.205451164961796377e-13
1.560074910460383198e-15
1.247708266265145668e-08
4.563279520233699329e-12
3.723654278744979962e+01
8.248726011670155640e-14
2.220446049250313081e-16
2.220446049250313081e-16
9.292517653057963471e-08
2.432786784264072400e-04
8.358600511737321946e-14
2.220446049250313081e-16
1.174099614968171157e-14
2.677376362700163172e-04
4.748684162678491065e-06
7.169194448905368278e-01
3.681859201372994831e-05
1.518336495328247563e-15
1.498220863566373060e-15
6.022123327871712282e-13
2.220446049250313081e-16
1.669944268504054327e-09
6.571875172091117517e-07
2.220446049250313081e-16
1.736787545422566125e-09
2.220446049250313081e-16
2.220446049250313081e-16
1.219403420057861534e-08
1.686012723496839835e-09
1.644050626799621725e-15
1.117771500208073644e-14
8.728445748240047889e-14
1.832083499833825024e-09
1.617099494812918165e-15
8.375119952128910747e-14
4.538668047557028055e-13
4.622280526873091397e-12
1.589697997435553142e-09
9.441478384389857698e-08
2.220446049250313081e-16
1.494881015697376273e-15
2.220446049250313081e-16
1.604536377254598091e-15
2.220446049250313081e-16
1.862819448834531107e-03
2.350659448782536712e-10
2.220446049250313081e-16
1.500163018255449051e-15
1.596487724948135205e-15
1.384816096459171898e-02
1.761577421316098034e-09
1.562934148881371353e-15
3.494545366388712173e-05
5.170520695547643264e+00
8.201304065287124766e-14
1.139212409455689473e-14
1.136782821003160285e-14
3.617655117785704277e+01
3.972052375457987239e+01
7.001260761552546969e-07
2.220446049250313081e-16
4.001185764108747360e-12
1.503919917990797707e-15
2.220446049250313081e-16
4.697135034312966098e-06
3.721241273812188035e-05
7.722818526192165578e-01
3.496290470684807416e-05
1.742356938558205248e-04
6.790975702304978473e-07
7.833216208872970638e-14
1.129481267863012384e-14
6.114355756559907158e-13
1.634572326348574115e-15
2.220446049250313081e-16
3.994382829350431446e-05
3.789832618449741699e-05
4.046489595041056475e+01
4.494450006459081729e-06
2.220446049250313081e-16
3.294314188768866301e-11
3.885355768460118497e+01
2.220446049250313081e-16
3.800986607070855428e+01
9.564823996368086271e-08
2.220446049250313081e-16
7.974163874207344320e-14
2.269157989094497936e-10
6.239574089455133960e-07
5.097560628888187395e+00
3.401361470996199036e-05
4.869212041301222554e-06
8.070022840496497760e-08
3.612018994416237467e-05
9.400197219174378921e-08
1.905192683441697586e-09
1.580118361682662030e-15
1.001221649839055400e-01
2.919456192885971587e-11
9.260470137430355669e-08
8.906317766354905387e-14
4.002263040777342695e+01
2.220446049250313081e-16
4.171126674408245805e+01
2.220446049250313081e-16
3.847550158340332871e+01
2.220446049250313081e-16
2.723049660179746185e-11
3.992694065685019211e+01
3.871003419909756360e+01
5.012785044041682347e+00
3.752042126229908092e+01
4.071167196868567828e+01
3.977013362017331843e+01
7.196572483577981516e-02
1.024652806573371766e-01
5.010658483094356797e+00
2.220446049250313081e-16
4.734725448868308454e-06
8.048690750285454733e-08
3.903301996444451305e+01
2.361760629035952671e-10
6.429471065039046307e-01
3.281313375724936870e-05
2.220446049250313081e-16
7.308057031591376455e-14
1.189053276419046838e-02
3.767099065630995369e+01
3.816269721668509618e+01
8.636322304883448270e-14
3.566635733887766283e-12
4.535420268693830103e-12
2.220446049250313081e-16
4.588276937540298306e+00
3.062645608378379835e-05
1.498166404881245966e-15
2.220446049250313081e-16
2.000775943864216521e-10
5.140488649104702062e-13
5.555953990855444502e+00
3.397184989239209651e-05
6.635150502116309092e-07
3.719376939230375912e-12
9.300301013721418153e-02
1.708408829957203595e-09
4.012539366566707599e+01
3.512279249091423594e+01
9.360324426264933495e-02
1.015887818461382128e-14
1.591213278776127142e-03
3.754883659742707636e+01
5.870249555009602786e-13
9.105489445881322629e-08
5.619174458586070897e-02
2.220446049250313081e-16
2.637005668350214248e-04
3.532554835399508875e+01
3.163876754653047740e+01
3.860105774924644757e-12
7.753112676747308971e-08
2.220446049250313081e-16
2.220446049250313081e-16
2.220446049250313081e-16
1.514646644985923253e-15
3.898877687871218001e+01
3.721731502627956445e+01
2.220446049250313081e-16
4.251852224944295244e+01
7.015466402019191779e-09
4.012306866037657072e-01
3.893036538138277081e+01
4.025767073574198918e+01
2.220446049250313081e-16
1.118016129717510999e-14
3.868369277310853249e+01
9.912590261733734404e-15
1.499430378425387013e-15
2.475770829909966345e-05
6.904684864825776369e-01
6.037341945369210435e-07
2.743679700138990540e+00
2.473253768859546021e-05
3.711491392476744267e+01
9.365861814786738404e-02
3.241761083561175383e+01
2.220446049250313081e-16
3.855864705941965553e+01
1.711870480747351535e-03
2.358423527758432314e+01
3.734945479682485114e+01
6.693870756569452456e-08
2.664162245059966949e+01
3.266461893610548373e+01
3.612604491430374765e+01
1.060601166235362355e-14
3.962422313638089122e+01
3.930377870203093238e+01
3.320423824687803460e+01
3.944261834422287194e+01
6.546173355865902631e-07
6.126168464982361446e-08
3.968214992740078628e+01
2.972832115614594518e-05
3.334052473781511594e+01
3.915324994236944889e+01
1.230924136650777927e-03
1.635264870158696646e-09
1.047510346895974900e-02
3.456414752724749206e+01
4.029209783731968741e+01
3.693075332812943401e+01
3.727940764811698671e+01
4.200334545085544182e-07
3.601571107418726569e+01
3.988984335896989819e+01
3.850670776327352485e+01
3.700711371372017311e+01
3.906216046915905338e+01
5.419537844960565565e+00
1.218467675701415120e-02
3.355808359312720691e-03
3.698855843804400934e+01
3.945798129261924458e+01
2.143831008678864336e+01
9.554145294347057837e-02
2.645518510693276326e+01
3.903977299592127537e+01
4.114670009609462653e+01
3.827115572424723666e+01
3.965108361653454949e+01
3.504321508541723773e+01
5.221065435727466841e+00
2.029195996313627148e+01
3.796330103842512926e+01
3.203113241346515205e-01
3.332865030348747837e+01
1.350021135148097543e-04
3.998977715180863868e+01
4.108739236551759433e+01
3.914523394074648621e+01
3.975103257486113506e+01
3.886121830675411104e+01
2.220446049250313081e-16
3.759689346022300072e+01
3.881784812567047283e+01
2.749246811047460781e+01
3.982825735858851601e+01
2.295931140446648300e+01
3.978879114929172545e+01
3.463522556940380071e+01
3.742446837462449594e+01
1.496345836914769445e-15
3.869727408806431157e+01
7.796783779145665860e-09
6.281272632848632412e-13
4.042453874851045015e+01
6.735814692437474683e-14
2.220446049250313081e-16
3.633866611148867776e+01
3.692026202660917278e+01
3.880265727293947720e+01
3.710394404111051614e+01
1.767265254473477398e+01
3.626190782995197281e+01
4.011701663512288007e+01
3.592516723180418126e+01
4.066074804418022381e+01
3.793554058361096537e+01
3.857563636910428073e+01
3.780463033188453004e+00
3.236390278881255256e+01
3.847554480784166486e+01
3.746820838436334355e+01
3.457654034298323609e+01
3.923547648054569947e+01
1.396500351624971969e+01
3.863341567130471077e+01
3.455395769918144566e+01
3.738098283150682022e+01
4.080656541859617192e+01
3.985686156292142357e+01
4.016125335891417336e+01
3.563176928923897435e+01
3.781101982490612556e+01
3.794804980977689013e+01
3.207785151506788424e+01
3.962864040503883700e+01
3.875357149967243231e+01
4.130289390622469625e+01
5.076897019647175907e-02
3.794378819309702777e+01
4.682710694955853903e+00
3.735090272115530752e+01
3.851300020002342706e+01
3.803020436416350947e+01
2.468036061008488957e+01
3.583350652478699061e+01
3.890187486308275311e+01
1.647085440090171771e+00
4.033183593414348067e+00
3.493668158636253906e+01
3.558999663760420873e+01
3.175350152183377617e+01
3.881916644045521991e+01
3.735960799983346448e+01
7.754602865914952256e-09
1.465019239797391215e+01
4.184318250018825847e-02
3.686343941142080638e+01
2.220446049250313081e-16
4.055219025758550799e+01
3.853534585742750807e+01
2.220446049250313081e-16
3.999451596799212894e+01
3.727351198609248684e+01
3.685868593330307164e+01
6.157399098448261728e-03
3.072815712735320659e+01
3.485583143417393615e+01
1.581661394822467814e-09
3.793553131103565335e+01
3.743112071633059657e+01
3.110668029096025577e+01
3.932827707878138312e+01
3.945591101341370432e+01
3.788638742067237786e+01
3.781441994287742858e+01
3.714442816702855055e+01
3.772654092947220050e+01
3.907585144464849236e+01
3.819111472108924232e+01
1.291835187333078849e+01
3.830278463517151977e+01
3.903397070632902910e+01
1.735188813171163664e-10
4.153046944238574412e+01
2.220446049250313081e-16
3.586001298375923341e+01
2.428614828290464089e+01
3.710227401656797497e+01
3.934757238029192905e+01
3.898319253829771469e+01
3.548544585384044581e+01
3.789740597839858083e+01
3.816508850978161149e+01
1.606905705296559717e+01
2.674130114809884162e+01
2.220446049250313081e-16
3.857187699655225543e+01
3.480658342453191523e+01
4.036729737810600938e+01
3.901939970259624602e+01
3.776693719537333038e+01
3.705695739005744826e+01
3.931405306075419759e+01
3.953364397436453004e+01
3.983988191815792845e+01
3.956475781953597703e+01
3.647566109925918454e+01
4.057667882002356663e+01
3.747592870893508632e+01
3.923575051736784758e+01
3.798781106076145875e+01
7.543046155208854749e-04
3.439602302063484274e+01
3.892868698549357021e+01
3.521921670297194851e+01
3.920322398747554815e-08
3.712806379375543031e+01
3.603294001891111265e+01
3.968319271501337653e+01
3.977274392651086288e+01
3.614379442308645451e+01
3.754114732658344167e+01
3.312321755642350496e+01
3.867868014422912637e+01
3.851974868679543818e+01
3.757288395233775447e+01
3.972209030693912979e+01
1.343630995586707222e+01
3.836511041005306311e+01
3.856524000977979938e+01
4.211811237347477999e+01
3.848496533984951640e+01
3.937404904994262722e+01
3.753716897023041099e+01
4.206713368105827300e+01
4.008194031849723160e+01
1.521915088677139138e+01
3.857647431833108698e+01
4.028957062107361509e+01
3.823444944938770362e+01
3.956620657514137918e+01
2.547343716628826371e+01
3.688783446002997124e+01
3.757215386032685700e+01
3.851155710211879324e+01
2.115170116400610212e+01
3.760893724734331300e+01
1.768651567967984661e+01
2.337220046306742205e+01
2.276451793152612879e+01
3.918492984933058665e+01
2.410300210728140868e+01
3.838572869473093618e+01
3.587951750621888891e+01
4.001348578836170589e+01
3.952657730839674599e+01
3.471905941502623705e+01
3.731197661509614960e+01
3.898665826825222780e+01
3.255885589732917396e+01
3.870237111116441753e+01
1.589608892016241271e+01
3.698265256987673411e+01
3.823097900544630789e+01
3.968496059489254435e+01
3.321205503342711296e+01
4.018879035815603373e+01
3.867304803941269853e+01
4.039991905011928708e+01
3.738312726465716906e+01
4.037621828154768622e+01
3.864133106681414631e+01
3.716561464659775282e+01
3.644456413217496049e+01
3.248888933004072044e+01
3.951590452371124229e+01
3.951250579314844913e+01
2.919544032870365768e+01
3.860048199244207723e+01
3.943389193158684236e+01
3.528023232283187127e+01
3.814168359865082181e+01
3.968310799351774421e+01
2.273211006095121789e+01
3.818648400685589905e+01
3.828238414207368123e+01
3.905197111165208668e+01
3.935570518993872469e+01
3.938878497195014461e+01
3.767429248742556069e+01
3.312163766225507544e+01
3.808313494524718834e+01
3.746514122137905645e+01
3.899854176518491045e+01
3.860398584196405380e+01
3.260089477365111321e+01
3.825847557441723268e+01
3.241945698128140663e+01
3.805997113439821788e+01
3.455460989320726384e+01
3.601106751150751961e+01
3.762382427189374567e+01
3.897913309582452968e+01
3.792238674132096321e+01
3.758770962033349150e+01
3.932935716293560802e+01
3.879735638021986688e+01
3.927680998070918861e+01
3.546639748371644885e+01
3.972201785731675727e+01
3.989514988150477848e+01
3.928271743706797281e+01
3.811081070760221934e+01
1.954100691397978196e+01
3.803459775036195367e+01
3.871486649608240782e+01
4.089151971611632064e+01
3.669188032910375341e+01
3.734920655740081230e+01
3.854273498921955365e+01
3.859280052442045417e+01
3.960692048108171548e+01
3.827036817765544896e+01
3.070931074977495356e+01
3.691691878815130679e+01
1.956593171102070272e+01
3.850487658273233649e+01
3.880088941995431639e+01
3.822293884111803663e+01
3.914486219350963125e+01
3.784392359167997455e+01
1.443427483774463660e+01
4.018408157543464654e+01
3.939568642196708481e+01
3.700878441393412288e+01
3.905580222546317515e+01
4.002937726342573654e+01
3.886251385954739845e+01
3.788323125124811241e+01
3.968874701494802792e+01
3.724425064774673189e+01
3.788857083587681274e+01
3.157052647688752245e+01
3.606738137234209773e+01
3.785566743826248626e+01
3.958651671630321545e+01
3.801116471060614543e+01
3.837734710233856106e+01
3.712390087998279853e+01
3.828175973643855201e+01
3.806122378162935860e+01
3.910956745309333371e+01
4.027109534232413779e+01
3.779781984431991759e+01
3.799489733920737677e+01
4.072518712541115349e+01
4.100346657744776024e+01
3.776744146723960682e+01
3.699227117513835594e+01
3.900278040787599565e+01
3.797678497820216847e+01
1.447793785246896903e+01
2.877947696113192677e+01
3.902441171995811686e+01
3.868887412232326284e+01
3.947847380216528990e+01
6.582687519600514816e-14
3.992288274788384683e+01
3.876401212527084539e+01
3.736569851294206757e+01
3.760621824535972024e+01
3.940134991881246407e+01
3.972166357092112321e+01
3.821268025548839375e+01
3.916921414511672594e+01
3.851086366164478392e+01
1.739258305118541514e+01
3.817121673627839584e+01
3.848329575542028635e+01
3.397995116236885593e+01
4.004523666071213484e+01
3.786265442509492374e+01
3.827831072684890756e+01
4.028369334364011678e+01
3.823805299911334998e+01
3.778241004768970157e+01
3.821805786068170363e+01
3.891012606766929594e+01
3.551698843670870076e+01
3.949121329058819185e+01
3.745215690749349591e+01
3.773654737078278032e+01
3.474503655883386699e+01
3.898523046310148032e+01
3.870733281846003848e+01
2.918112891512540230e+01
3.886522473386931154e+01
4.080192682388106107e+01
3.922636823620046442e+01
3.716310004801114530e+01
3.377031830542904345e+01
3.912203350384804423e+01
2.935861957252404864e+01
3.671216098874543121e+01
3.978487379346766772e+01
3.892311480945394919e+01
3.879216299400157908e+01
3.593040567490064063e+01
3.668238148157053047e+01
3.882777339051548893e+01
3.910968081907412852e+01
4.021275395288546406e+01
4.032000655316393534e+01
3.906874347543583781e+01
3.959571982180085570e+01
2.311059907230954735e+01
3.787719011877324959e+01
4.063371903844484478e+01
3.886361801263233673e+01
3.865699342015434326e+01
3.183127720254966064e+01
4.056768586273743438e+01
4.019419430041453722e+01
3.831722571237681763e+01
3.925223309408792005e+01
3.709226093165638360e+01
3.834732207578888108e+01
4.019837754688067832e+01
3.956169086261497370e+01
3.621673934683760621e+01
3.964438017490399346e+01
3.825101901840019281e+01
3.925441470392538434e+01
3.690000453567973437e+01
4.061228595609825476e+01
3.870769456364411099e+01
3.957544696640759696e+01
3.817776085310507739e+01
3.954506200030891705e+01
3.679340471478666075e+01
3.814059514824268149e+01
3.929367561399276099e+01
3.730402677677556511e+01
3.938516808415985793e+01
4.026234202093647241e+01
3.940853431305336585e+01
3.986824425063194610e+01
3.967203470410767352e+01
3.865888012194483991e+01
3.948979780039441323e+01
3.902798805813263527e+01
3.606977429474903829e+01
3.720644540264454037e+01
3.678856095899111978e+01
3.745829191789224666e+01
3.565027974111931997e+01
3.807943217036805805e+01
3.563286674806631993e+01
4.080815279757933212e+01
3.774055834790383557e+01
3.740844935700076235e+01
4.022273490207082602e+01
3.837683585311516055e+01
3.743548532900847192e+01
3.801379260565987295e+01
3.852037699155779649e+01
3.679237199312039763e+01
3.942141937309040145e+01
3.777405392411156981e+01
2.220446049250313081e-16
3.728161371470139329e+01
3.907024447108818066e+01
3.817387831008716859e+01
3.780304827296367876e+01
3.889324240706740454e+01
3.957233630779334987e+01
3.653381199118803835e+01
4.024252528254153560e+01
3.921890304460571031e+01
3.882076475938639959e+01
3.837927234490803130e+01
3.620789594089380614e+01
3.993600226860974800e+01
3.841796104983022531e+01
3.940951554523709888e+01
3.753587784361806712e+01
4.016797962875145345e+01
4.016171317364539561e+01
3.853557747929085764e+01
3.779726034699197612e+01
3.647634379025563334e+01
3.771086652318980725e+01
3.932446215678257317e+01
3.618063236617697243e+01
3.817449165310212322e+01
3.893838301112420908e+01
3.946816862599947484e+01
3.623851740813755384e+01
3.780530109504776703e+01
4.015463092112041465e+01
3.724434707715504800e+01
3.871078292993805547e+01
3.857395698572663889e+01
3.941060757233950085e+01
3.976166837820176170e+01
3.910416931417812236e+01
3.766395150564652283e+01
