2.220446049250313081e-16
1.645199573556670968e-15
1.540560581128144680e-15
2.220446049250313081e-16
2.220446049250313081e-16
2.220446049250313081e-16
2.220446049250313081e-16
2.220446049250313081e-16
2.220446049250313081e-16
2.220446049250313081e-16
2.220446049250313081e-16
2.220446049250313081e-16
2.220446049250313081e-16
2.220446049250313081e-16
2.220446049250313081e-16
2.220446049250313081e-16
2.220446049250313081e-16
2.220446049250313081e-16
2.220446049250313081e-16
2.220446049250313081e-16
2.220446049250313081e-16
2.220446049250313081e-16
2.220446049250313081e-16
2.220446049250313081e-16
2.220446049250313081e-16
2.220446049250313081e-16
2.220446049250313081e-16
2.220446049250313081e-16
2.220446049250313081e-16
2.220446049250313081e-16
2.220446049250313081e-16
2.220446049250313081e-16
2.220446049250313081e-16
1.608360808289908927e-15
2.220446049250313081e-16
2.220446049250313081e-16
2.220446049250313081e-16
2.220446049250313081e-16
2.220446049250313081e-16
2.220446049250313081e-16
2.220446049250313081e-16
2.220446049250313081e-16
2.220446049250313081e-16
1.600312242009791929e-15
2.220446049250313081e-16
2.220446049250313081e-16
2.220446049250313081e-16
2.220446049250313081e-16
2.220446049250313081e-16
2.220446049250313081e-16
2.220446049250313081e-16
2.220446049250313081e-16
2.220446049250313081e-16
2.220446049250313081e-16
2.220446049250313081e-16
2.220446049250313081e-16
2.220446049250313081e-16
2.220446049250313081e-16
2.220446049250313081e-16
2.220446049250313081e-16
1.613624175468962639e-15
2.220446049250313081e-16
2.220446049250313081e-16
2.220446049250313081e-16
2.220446049250313081e-16
2.220446049250313081e-16
2.220446049250313081e-16
2.220446049250313081e-16
2.220446049250313081e-16
2.220446049250313081e-16
2.220446049250313081e-16
2.220446049250313081e-16
2.220446049250313081e-16
2.220446049250313081e-16
1.183354256751307313e-14
2.220446049250313081e-16
2.220446049250313081e-16
2.220446049250313081e-16
2.220446049250313081e-16
2.220446049250313081e-16
2.220446049250313081e-16
2.220446049250313081e-16
2.220446049250313081e-16
2.220446049250313081e-16
2.220446049250313081e-16
2.220446049250313081e-16
2.220446049250313081e-16
2.220446049250313081e-16
2.220446049250313081e-16
2.220446049250313081e-16
2.220446049250313081e-16
2.220446049250313081e-16
2.220446049250313081e-16
2.220446049250313081e-16
2.220446049250313081e-16
2.220446049250313081e-16
2.220446049250313081e-16
2.220446049250313081e-16
2.220446049250313081e-16
2.220446049250313081e-16
2.220446049250313081e-16
1.170991083664557099e-14
2.220446049250313081e-16
2.220446049250313081e-16
2.220446049250313081e-16
2.220446049250313081e-16
2.220446049250313081e-16
2.220446049250313081e-16
2.220446049250313081e-16
2.220446049250313081e-16
2.220446049250313081e-16
2.220446049250313081e-16
2.220446049250313081e-16
2.220446049250313081e-16
2.220446049250313081e-16
1.615202713452213095e-15
2.220446049250313081e-16
2.220446049250313081e-16
2.220446049250313081e-16
2.220446049250313081e-16
1.616953565735565191e-15
1.629947795685742972e-15
2.220446049250313081e-16
2.220446049250313081e-16
2.220446049250313081e-16
2.220446049250313081e-16
2.220446049250313081e-16
2.220446049250313081e-16
2.220446049250313081e-16
1.603810422610342161e-15
2.220446049250313081e-16
1.587779387169278199e-15
2.220446049250313081e-16
2.220446049250313081e-16
2.220446049250313081e-16
2.220446049250313081e-16
2.220446049250313081e-16
2.220446049250313081e-16
2.220446049250313081e-16
2.220446049250313081e-16
2.220446049250313081e-16
2.220446049250313081e-16
2.220446049250313081e-16
2.220446049250313081e-16
2.220446049250313081e-16
2.220446049250313081e-16
2.220446049250313081e-16
2.220446049250313081e-16
2.220446049250313081e-16
1.608823159084100543e-15
2.220446049250313081e-16
2.220446049250313081e-16
2.220446049250313081e-16
2.220446049250313081e-16
2.220446049250313081e-16
2.220446049250313081e-16
2.220446049250313081e-16
1.642684371282650660e-15
2.220446049250313081e-16
2.220446049250313081e-16
2.220446049250313081e-16
1.135401197516334126e-14
2.220446049250313081e-16
2.220446049250313081e-16
2.220446049250313081e-16
2.220446049250313081e-16
1.533487773100851491e-15
2.220446049250313081e-16
2.220446049250313081e-16
1.181604007751110617e-14
1.635660267051598434e-15
2.220446049250313081e-16
2.220446049250313081e-16
2.220446049250313081e-16
2.220446049250313081e-16
1.582479700521425703e-15
1.617536192031278124e-15
2.220446049250313081e-16
1.632140652109163610e-15
2.220446049250313081e-16
1.630944828275258922e-15
2.220446049250313081e-16
2.220446049250313081e-16
1.172380725858095479e-14
2.220446049250313081e-16
1.580474270031812239e-15
2.220446049250313081e-16
2.220446049250313081e-16
2.220446049250313081e-16
1.017293341833129373e-14
2.220446049250313081e-16
2.220446049250313081e-16
1.182677011722086933e-14
2.220446049250313081e-16
1.573745338575153156e-15
1.112134321056017683e-14
2.220446049250313081e-16
1.208091301383295559e-14
1.586015877291286965e-15
2.220446049250313081e-16
2.220446049250313081e-16
2.220446049250313081e-16
8.265099344639894087e-14
2.220446049250313081e-16
1.555060689297979214e-15
2.220446049250313081e-16
2.220446049250313081e-16
2.220446049250313081e-16
2.220446049250313081e-16
2.220446049250313081e-16
1.483027639471744217e-15
2.220446049250313081e-16
1.140190484752248142e-14
2.220446049250313081e-16
2.220446049250313081e-16
2.220446049250313081e-16
2.220446049250313081e-16
1.604960589813981120e-15
2.220446049250313081e-16
8.488266133946136972e-14
2.220446049250313081e-16
2.220446049250313081e-16
2.220446049250313081e-16
2.220446049250313081e-16
1.621359933786825599e-15
1.558769073117011357e-15
2.220446049250313081e-16
2.220446049250313081e-16
1.585334348468631925e-15
2.220446049250313081e-16
1.615861232768614994e-15
1.168055568979847741e-14
1.582969881285775813e-15
2.220446049250313081e-16
1.627656267010795194e-15
2.220446049250313081e-16
1.126582383235673282e-14
6.313828505963763311e-13
2.220446049250313081e-16
2.220446049250313081e-16
1.606899106493056429e-15
2.220446049250313081e-16
2.220446049250313081e-16
2.220446049250313081e-16
1.401987844129535302e-15
2.220446049250313081e-16
2.220446049250313081e-16
1.619605553996040111e-15
1.628846769625555754e-15
2.220446049250313081e-16
8.864296219745699469e-14
1.609804569655954698e-15
2.220446049250313081e-16
2.220446049250313081e-16
1.550908967955901433e-15
1.200123706787904084e-14
2.220446049250313081e-16
1.618772341767709736e-15
2.220446049250313081e-16
2.220446049250313081e-16
1.150876410323250875e-14
2.220446049250313081e-16
1.631471691662004059e-15
2.220446049250313081e-16
2.220446049250313081e-16
2.220446049250313081e-16
4.574175523097059737e-12
2.220446049250313081e-16
2.220446049250313081e-16
2.220446049250313081e-16
1.181029030760536422e-14
5.040062079792855135e-13
4.579888856782785631e-12
2.220446049250313081e-16
1.616078481020224639e-15
1.073734566381799214e-14
1.620296748150171185e-15
2.220446049250313081e-16
1.545181506581599574e-15
8.516928070606285521e-14
3.902729820969443489e-12
1.201854855816278859e-14
1.603955965022352050e-15
1.189521888451883454e-14
2.220446049250313081e-16
2.220446049250313081e-16
2.393217942690199138e-10
1.619013830989586123e-15
2.220446049250313081e-16
2.220446049250313081e-16
2.220446049250313081e-16
1.100087726246640546e-14
1.176122776111314902e-14
6.256051268302242561e-13
2.220446049250313081e-16
1.174665561353283138e-14
2.220446049250313081e-16
1.625167728714609879e-15
1.208042234489445943e-14
1.626309662947306079e-15
1.153365328653379820e-14
6.148667327376890932e-13
8.589278249552568323e-14
1.187771364306891230e-14
1.539133678322685835e-15
8.900714579470692665e-15
2.220446049250313081e-16
2.220446049250313081e-16
1.489197879515042835e-15
2.220446049250313081e-16
2.220446049250313081e-16
2.220446049250313081e-16
2.220446049250313081e-16
3.350607365743083094e-11
1.518636211874072845e-15
2.220446049250313081e-16
8.981733417531898210e-08
1.633373917202516844e-15
6.044101833652821255e-13
1.790356151329574570e-09
2.220446049250313081e-16
3.604321637586757490e-05
1.199675644271120249e-14
2.220446049250313081e-16
4.614908120000262187e-12
1.507501369044190185e-15
3.391645403576655618e-05
2.220446049250313081e-16
1.574348151022271802e-15
2.220446049250313081e-16
2.220446049250313081e-16
7.374932011718451505e-14
2.220446049250313081e-16
1.548203376837737638e-15
3.776947265938292988e-05
2.220446049250313081e-16
1.120580946326235227e-14
5.113823662089582341e-07
1.675424361496910885e-09
2.220446049250313081e-16
8.752042921939705532e-14
9.379515191182963658e-08
2.220446049250313081e-16
2.220446049250313081e-16
1.594888331911585172e-15
1.560075974961593750e-15
2.220446049250313081e-16
2.696443501963958979e-04
2.220446049250313081e-16
2.220446049250313081e-16
2.220446049250313081e-16
4.391740154160481910e-12
1.388267539637790156e-02
2.220446049250313081e-16
3.261021683836656919e-11
8.613645508058323776e-09
5.971974349374941793e-13
2.170178420201626191e-04
6.303024866537440212e-13
1.034407126907328778e-01
1.619005096209931140e-15
1.196528974076419566e-14
6.169761804112977059e-13
6.802112044000169748e-07
8.695444364431332685e-14
3.784933145251431341e+01
1.067573130456722084e-14
2.220446049250313081e-16
2.220446049250313081e-16
1.161861533624252328e-14
2.220446049250313081e-16
2.220446049250313081e-16
2.220446049250313081e-16
2.220446049250313081e-16
1.240381280792983442e-09
2.220446049250313081e-16
4.472572904487346430e-12
4.922625248237817413e-06
1.529563790830621031e-09
2.415567767640925722e-10
3.957815521612499055e+01
5.008432567364158317e+00
1.570761032637818260e-15
1.149485134655403386e-14
1.783784588902115631e-09
2.220446049250313081e-16
2.551997745198996662e-04
1.662649283860094515e-09
1.617983642305562993e-15
1.684293493047651239e-09
2.220446049250313081e-16
8.401525996475963921e-14
2.220446049250313081e-16
1.528722806999199944e-15
3.568256615872353533e-05
1.977562642871566407e-10
1.623070994406777568e-15
4.099533851371894144e+01
1.741255654506746848e-09
2.220446049250313081e-16
2.821764159922340035e-05
4.027585918330051221e-12
3.159337986245034686e-05
1.383644602945986561e-02
1.227012158930324681e-08
3.613284538901598353e+01
1.324515718915387642e-08
1.162635408130255464e-14
1.283513867953099382e-03
2.220446049250313081e-16
1.873324034784888074e-03
2.220446049250313081e-16
6.174231543037913531e-13
4.805921207785367647e-06
2.220446049250313081e-16
3.957141170637249417e+01
4.003139522397838590e+01
2.630473546011696936e-04
1.819084904773839292e-03
1.491309777915263293e-15
2.220446049250313081e-16
3.564451974515756992e-05
6.043468981930413926e-13
3.108240678734843167e-11
2.220446049250313081e-16
2.220446049250313081e-16
1.358456388929240886e-09
1.318202978505733473e-02
1.280497641139859144e-02
7.377385266085071530e-14
5.915220449394199425e-13
3.771047240706957382e+01
2.220446049250313081e-16
3.749628991677646894e+01
1.531938286294912921e-15
2.220446049250313081e-16
1.725862463273712460e-03
2.673610622431170500e-04
4.823339467260475511e-06
3.720677500950592531e+01
3.707808223713527696e+01
6.284200713403129594e-13
3.424862523862070538e-05
4.379049264124453864e-12
1.045588838862245851e-01
3.663222924234484879e+01
5.369119653044677197e-13
7.375828074276532645e-14
6.545102941382019424e-02
2.220446049250313081e-16
3.823228896922886122e+01
2.220446049250313081e-16
3.246934725233278148e-05
7.934204248745385657e-01
7.708692794834122318e-14
3.974454852714277564e+01
2.484937783582750547e-11
8.707691463937460992e-14
3.847827582320071826e+01
3.685518184578118195e+01
4.145410518149551393e+01
8.896972525217667144e-14
2.220446049250313081e-16
3.746316844856077211e+01
7.289254784965125361e-14
2.220446049250313081e-16
2.988885946003916032e-11
4.483677053162704476e-06
7.831048998202262084e-08
3.737376433223356997e+01
1.338765832674451185e-02
4.033642473869712575e+01
3.892174509610001110e+01
1.555059331401625763e-15
4.177932629357817262e+01
3.525552198486395383e+01
1.497779134781155402e-15
3.283929238560358677e+00
4.506295865282292645e+00
1.372157494493681722e-04
1.925102530403615926e-03
4.960572278009896863e+00
3.736177085798340869e+01
3.747052685026203278e+01
3.771334550806424346e+01
5.930660274708067898e-08
1.061389131751014625e-01
9.286377076599984272e-09
6.433081520718466157e-14
2.308624703336549706e-04
8.780748190242282506e-08
4.003252421681353468e+01
1.450921660010225229e-15
5.429749655599170666e+00
3.882476635124392317e+01
5.415173228391747529e+00
3.463031824395323355e+01
9.632368448915826220e-02
7.502310518151478202e-01
3.739312129598716439e+01
3.782683643166955534e+01
2.220446049250313081e-16
2.219724143851710707e+01
2.220446049250313081e-16
1.025073291420890848e-14
8.353081914587133327e-14
2.220446049250313081e-16
2.509978750619527922e-05
1.272137744366301244e-03
1.127594295457531500e-08
9.607136513171525220e-08
4.024451759201577516e+01
3.762090004364127793e+01
3.637784891076145026e-05
2.220446049250313081e-16
1.673676915345231339e-10
3.854361668870762969e+01
3.811881558467462128e+01
2.220446049250313081e-16
5.042634956061959883e+00
2.468099691187519172e-05
3.114758286226283055e-06
3.606389262868251677e+01
9.091229936546105228e-02
3.468395498912623509e+01
1.965907158721671166e+01
3.708854212141017825e+01
3.683133232062950668e+01
4.509982817872913877e-06
4.770585948864874304e+00
1.159866457360330341e-14
3.795754893851614753e+01
1.551444960988121458e-03
3.674823388501008026e+01
4.749815050521712151e-06
2.490573199025722673e+01
3.714068381136890196e+01
2.220446049250313081e-16
3.987731898851492929e+01
3.628057417279323715e+01
3.880267009975359116e+01
3.570580156298824903e+01
4.011760786038163218e+01
3.782057412520434525e+01
3.474047831259669298e-05
4.840833532939262440e+00
4.033503285295925167e+01
3.576526479949234982e+01
3.786074418803014652e+01
3.881378495365670744e+01
3.795497852055522259e+01
2.997123146467135513e+01
3.801144604834811958e+01
1.619109741717099027e+01
1.978655577115162416e-04
3.587968650113263180e+01
1.823611770939338999e-03
3.144603389727426901e+01
3.741352746305197741e+01
3.759915847129205702e+01
3.203639439420422927e-11
3.963274189731553321e+01
5.443705771715802832e+00
2.495373143273809546e+01
4.512763038196147612e-06
3.782194904686934933e+01
3.737156283020594572e+01
3.610084616552245507e+01
2.220446049250313081e-16
3.540360694660811447e+01
3.551668026239566700e+01
3.817963224612078221e+01
3.863227210450914129e+01
3.997355561033471361e+01
3.982293780700702968e+01
2.220446049250313081e-16
2.978168883180203608e+01
8.597331425425626091e-04
3.511624730050975529e+01
9.983671107844969835e-15
3.930443468884800495e+01
2.568156116205990713e+01
3.874765270888872237e+01
3.780013238723094560e+01
3.803471400729269192e+01
3.998357569091961494e+01
3.058296698260820179e+01
1.542067254674960572e-10
7.360935032991157423e-02
3.890816985980561071e+01
3.940600920204360591e+01
4.132348479730947588e+01
3.918225076084333125e+01
1.521637358923331950e-10
3.683160661971876948e+01
3.473837746135799875e+01
6.553686854610673889e-09
1.793386566915214104e-03
2.411246271373079600e-06
5.425374323320927950e+00
1.262768432183511891e+01
3.729835313489567739e+01
3.678443892013865479e+01
3.896312197059942406e+01
3.865090004435192839e+01
3.610033742730926321e+01
3.990419967858953498e+01
3.951169296462254010e+01
4.414461902314114639e+01
1.452774757591606826e-10
3.745073868605028622e+01
4.129334940756665162e+01
4.381947405592319456e+01
1.572635021992842397e+01
3.715826062052642698e+01
3.894944977019004284e+01
2.809507971640524104e+01
3.846318397568154523e+01
3.903707240648551391e+01
3.991011890557632569e+01
3.479040803117797509e+01
3.577453028921033962e+01
2.220446049250313081e-16
2.020914810656989147e+01
3.674284883706292959e+01
1.937679288589676574e+01
2.790358814575971991e+01
3.722668606814463033e+01
2.036278753296607746e+01
4.052273995002101969e+01
3.912426274173193264e+01
2.078145295698558351e-04
5.298988307777353202e-08
3.637883109688080907e+01
3.839486962299341855e+01
3.681139243856020471e+01
3.742514152048160270e+01
3.829097559099924553e+01
3.954522578489014251e+01
3.464948682585685447e+01
3.845863657335678454e+01
3.828337413414715229e+01
3.900996938868614450e+01
3.919911960794300398e+01
3.931855248568990646e+01
3.646487070332012337e+01
5.008620934954029506e-08
3.784092025011199922e+01
3.764292149760497352e+01
3.843957393305898051e+01
1.472582320161083952e-15
2.778540304835171426e+01
3.932733694528494084e+01
2.688401325824458254e+01
3.665645937521076547e+01
3.871558297094564693e+01
3.679908184875087329e+01
3.757506035332112049e+01
3.698479151555734745e+01
3.406513459233996599e+01
3.640895667283322723e+01
3.787728265469968392e+01
2.777306690977509973e+01
4.002021945114682211e+01
3.861573819803685836e+01
3.763321086402081050e+01
3.778011650850766046e+01
1.220539854037841834e-04
3.756603612377779911e+01
3.627775913837532329e+01
3.423961816282004378e+01
4.036297781843111920e+01
4.090518853589695425e+01
3.874282515581570152e+01
3.858539794941896162e+01
3.851616974412245753e+01
9.884500870465312983e-15
3.833710005747542482e+01
3.870023752204824063e+01
4.010883943201680779e+01
3.590112606407276985e+01
4.013701762483714930e+01
3.797470823111074623e+01
3.707855198564593024e+01
3.299319753852294212e+01
3.680419919709162713e+01
4.017961652980334719e+01
4.021749902341382921e+01
3.965015724973451228e+01
3.852609629382233436e+01
2.781942231824640999e+01
3.812270379716613178e+01
4.759576850966284482e-13
4.070013472798730447e+01
2.013948406360592003e+01
3.737959967748346912e+01
4.083945023660029960e+01
1.491076110549459877e+01
3.380381235435142173e+01
4.032516080154670135e+01
4.050889783110201137e+01
3.574120813770093008e+01
4.098507214011584665e+01
3.990066950776498800e+01
3.959109088811092647e+01
3.904948679601509554e+01
3.074334192631499718e+01
3.543358772232600984e+01
1.795469826196841145e+00
3.837526006975484449e+01
4.058014553885178799e+01
2.299371193960589466e+01
3.933454505792429501e+01
3.967739375597417251e+01
3.690667635779069400e+01
3.666367962157782756e+01
3.985987604937017181e+01
2.890646694307296455e-11
3.726719275761462313e+01
3.625444282106627725e+01
3.520889212148005498e+01
4.086523480311615941e+01
3.915726145620473631e+01
4.127042446263908460e+01
3.425263150824310543e+01
3.920031430585699184e+01
4.138711190149712138e+01
3.448961508283252897e+01
1.655240602117490312e+01
3.887515090688154373e+01
1.598449183727091594e+01
2.537319865253068740e-01
3.792166655964267363e+01
3.745820967221244757e+01
3.907395694644916517e+01
3.901861251142101850e+01
1.897339472221391432e+00
1.688016141256658287e+01
2.554597808203059817e+00
3.907285311325707511e+01
3.828115190335572748e+01
3.745195563081552592e+01
3.707670053892985607e+01
3.953867083661879178e+01
3.931396522241830382e+01
3.649912352511725544e+01
3.896935727277080730e+01
4.048151394641973866e+01
4.006593816162395427e+01
4.094065531302503302e+01
3.365488829533686044e+01
2.220446049250313081e-16
3.876790039692947687e+01
3.929579577240711075e+01
3.736528833290326901e+01
3.968719636328208367e+01
3.284090802622353777e+01
3.615929576546540858e+01
4.108854406724633179e+01
3.856733184456944485e+01
3.814273125916272278e+01
3.583128998884650684e+01
3.976068804019889313e+01
3.993135397194910752e+01
3.618542057058096617e+01
3.956329534117611502e+01
1.915266073424694326e+01
3.546925535911049820e+01
1.170374587828180424e+01
3.717907062917771555e+01
3.599639796319368656e+01
3.785611227600587370e+01
7.522934132397705864e-02
3.716364469798079995e+01
3.844494680534577213e+01
3.775490503506055973e+01
3.991662982218824851e+01
3.577108287605124559e+01
3.940569949135551298e+01
3.710931594625775176e+01
3.634751041792827664e+01
1.130994890311587220e+01
3.639993049346970366e+01
2.664861668566090013e-12
3.993062277885309186e+01
3.554811346113659454e+01
4.054679960927390425e+01
3.413561269222616801e+01
3.902869421303855546e+01
3.878252908565521295e+01
3.808571259475676385e+01
3.926379919137178831e+01
3.981052443286726117e+01
3.774111720549041138e+01
3.418688495836161678e+01
3.564597294241166736e+01
3.654327231790576747e+01
2.685404613829246688e-07
3.842838942737312635e+01
4.089001434868016815e+01
4.023813410702483395e+01
3.803856823606684401e+01
3.243010848180002625e+01
3.915360139443129839e+01
3.508787796828122652e+01
3.953648566831147804e+01
3.893999749082053796e+01
3.223629709322565162e+01
3.348527673435166463e+01
3.900162280699504436e+01
3.988732079797406982e+01
3.818352317381976491e+01
3.745844916712750461e+01
4.051131625494067379e+01
3.882205169458514149e+01
3.722117178361738610e+01
3.995800013347832191e+01
3.566320051393478963e+01
2.418542100266504491e+01
3.556428258499688155e+01
3.833561531131871192e+01
3.935074458061821190e+01
3.849005414015567794e+01
3.833182048711703516e+01
4.118537148071968090e+01
2.760871511961685343e+01
3.845206331672511624e+01
3.806907621326390512e+01
3.767082771617313597e+01
3.813919824113562385e+01
3.588702157542240201e+01
4.236576099202391532e+01
3.910437401793323886e+01
4.294126660541596152e+01
3.391508349651650178e+01
3.855847190464070451e+01
3.824534224331174670e+01
2.328622189214655336e+01
3.906305838087830296e+01
3.733684199689937344e+01
4.013510286898229396e+01
4.002240633436225892e+01
3.684996571573841351e+01
3.941199095221820414e+01
3.854982188600106952e+01
1.637893384130043728e+01
3.993704311838325793e+01
3.776442080920338640e+01
3.927962756649216658e+01
3.975110748255556814e+01
4.057170499728142943e+01
2.220446049250313081e-16
3.737806694312286027e+01
4.006800460007390541e+01
4.081494407652179746e+01
3.671451295150331617e+01
3.614220054034208118e+01
3.758787076182809983e+01
3.696987005541302551e+01
3.817599957203736238e+01
3.799263331513532904e+01
3.740056368892869187e+01
3.898540506358126834e+01
3.710091483024391579e+01
3.706690802983308686e+01
3.767767454475696809e+01
3.708305976817011640e+01
3.838316090168674322e+01
1.706115596737336659e+01
3.879798013146214686e+01
3.887099178178323911e+01
4.061820069944767653e+01
3.883239092244328106e+01
3.963850274565044884e+01
3.883175483259724814e+01
3.808247806472797947e+01
3.993560319153996829e+01
3.926484488389563410e+01
4.036306760525205561e+01
3.494840718165989557e+01
3.748956344333482349e+01
3.871613720054810415e+01
3.896192851391430167e+01
1.211611307632530732e+01
4.000120307133310149e+01
3.917498987197692628e+01
3.973668389964255709e+01
3.971180607963069775e+01
3.788888695601794154e+01
3.799644261818315982e+01
3.510786254477395829e+01
4.206828381228720025e-13
4.006628196550130383e+01
3.803784456400495628e+01
4.012419718702002314e+01
3.915932366678271848e+01
3.931738254454359094e+01
3.898496977160839805e+01
3.954712548718661225e+01
3.687566533902828070e+01
3.461517642634441216e+01
3.820546384558684849e+01
3.776734674506982969e+01
3.702652299787765600e+01
3.822016291766879448e+01
3.874928881156153437e+01
3.833266344436483308e+01
3.897632306016164705e+01
3.958310170448198306e+01
3.810779029225536618e+01
3.924612419441303501e+01
3.899842371294131738e+01
3.696514227118921525e+01
3.918124444724289646e+01
3.994463313827325379e+01
3.695657318817386283e+01
3.733913503419297086e+01
3.781786552059871553e+01
3.769160856934647796e+01
3.941304798312750535e+01
3.841933542613325159e+01
3.838458167894644646e+01
3.612366212214411121e+01
3.827454650872283537e+01
3.564034531330030831e+01
3.948832216327279809e+01
3.736555169490413419e+01
4.063919182358846172e+01
3.753257011408148713e+01
3.775151482716163542e+01
3.894223574433478774e+01
3.876348225385898871e+01
2.053133969278030335e+01
4.009648751634996700e+01
3.788440332860768933e+01
3.967890929263796806e+01
3.697504201056096207e+01
4.136700127050819731e+01
3.604666971436297729e+01
3.158088116940487211e+01
3.854566825840068134e+01
3.827775203460389974e+01
3.934248978614006376e+01
3.858729008993472576e+01
3.883534948255528008e+01
4.122923212997736186e+01
4.126453780561623574e+01
3.959543418687677985e+01
3.882725367534780503e+01
3.893959698752775722e+01
4.092083617986367727e+01
3.993843470249756678e+01
3.721372304515774232e+01
3.747897878373042602e+01
3.942944693045619431e+01
3.739386850378794946e+01
3.857641395486250957e+01
4.096527942153427659e+01
3.879832210011117866e+01
3.563772304413894432e+01
3.964473171711794919e+01
3.826985489016297493e+01
3.911353589097049621e+01
3.702566544060871934e+01
4.058424859510276406e+01
3.844761413727633936e+01
3.988305418838042726e+01
3.857340454570204002e+01
3.712119724666553111e+01
4.023348152521086973e+01
3.810192288414815209e+01
3.834280017237412608e+01
4.003315045168208997e+01
3.919922807264474329e+01
3.864090601075722731e+01
3.792107376716606382e+01
3.984863522916820955e+01
3.907352998598474869e+01
3.920247101325792727e+01
3.981422483236281806e+01
3.830019784594057342e+01
3.764335810927854453e+01
3.748769631218841170e+01
3.663808667943649766e+01
3.882812028380666902e+01
3.989004049364630333e+01
3.964483291477065308e+01
3.946676416411901300e+01
3.882438220153912312e+01
3.707801807704797881e+01
3.988365274635659574e+01
3.976468368369609152e+01
3.878253649049333518e+01
3.874138776041652221e+01
3.817704118785846390e+01
3.752082863655083145e+01
3.854412493700402820e+01
3.780977996875451197e+01
3.862338195755189929e+01
3.991475245364917868e+01
3.787229953447770470e+01
