2.220446049250313081e-16
2.220446049250313081e-16
2.220446049250313081e-16
2.220446049250313081e-16
2.220446049250313081e-16
2.220446049250313081e-16
2.220446049250313081e-16
2.220446049250313081e-16
2.220446049250313081e-16
2.220446049250313081e-16
2.220446049250313081e-16
2.220446049250313081e-16
2.220446049250313081e-16
2.220446049250313081e-16
2.220446049250313081e-16
2.220446049250313081e-16
2.220446049250313081e-16
2.220446049250313081e-16
2.220446049250313081e-16
2.220446049250313081e-16
2.220446049250313081e-16
2.220446049250313081e-16
2.220446049250313081e-16
2.220446049250313081e-16
2.220446049250313081e-16
2.220446049250313081e-16
2.220446049250313081e-16
2.220446049250313081e-16
2.220446049250313081e-16
1.584901200810469539e-15
2.220446049250313081e-16
2.220446049250313081e-16
2.220446049250313081e-16
2.220446049250313081e-16
2.220446049250313081e-16
2.220446049250313081e-16
2.220446049250313081e-16
2.220446049250313081e-16
2.220446049250313081e-16
1.483027639471763347e-15
2.220446049250313081e-16
2.220446049250313081e-16
2.220446049250313081e-16
2.220446049250313081e-16
2.220446049250313081e-16
2.220446049250313081e-16
2.220446049250313081e-16
2.220446049250313081e-16
2.220446049250313081e-16
2.220446049250313081e-16
2.220446049250313081e-16
2.220446049250313081e-16
2.220446049250313081e-16
2.220446049250313081e-16
2.220446049250313081e-16
1.516106336045766640e-15
2.220446049250313081e-16
2.220446049250313081e-16
2.220446049250313081e-16
2.220446049250313081e-16
2.220446049250313081e-16
2.220446049250313081e-16
2.220446049250313081e-16
2.220446049250313081e-16
2.220446049250313081e-16
2.220446049250313081e-16
2.220446049250313081e-16
2.220446049250313081e-16
2.220446049250313081e-16
2.220446049250313081e-16
2.220446049250313081e-16
2.220446049250313081e-16
2.220446049250313081e-16
1.582487764736173370e-15
2.220446049250313081e-16
2.220446049250313081e-16
2.220446049250313081e-16
2.220446049250313081e-16
2.220446049250313081e-16
2.220446049250313081e-16
2.220446049250313081e-16
2.220446049250313081e-16
2.220446049250313081e-16
2.220446049250313081e-16
1.560501361064011415e-15
1.646370623936715147e-15
2.220446049250313081e-16
2.220446049250313081e-16
1.617146946834566063e-15
2.220446049250313081e-16
2.220446049250313081e-16
2.220446049250313081e-16
2.220446049250313081e-16
2.220446049250313081e-16
2.220446049250313081e-16
2.220446049250313081e-16
2.220446049250313081e-16
2.220446049250313081e-16
2.220446049250313081e-16
2.220446049250313081e-16
2.220446049250313081e-16
2.220446049250313081e-16
1.468070672842837063e-15
2.220446049250313081e-16
2.220446049250313081e-16
2.220446049250313081e-16
2.220446049250313081e-16
2.220446049250313081e-16
2.220446049250313081e-16
1.497108378402983717e-15
2.220446049250313081e-16
2.220446049250313081e-16
2.220446049250313081e-16
1.630944831102839526e-15
2.220446049250313081e-16
1.577248749664031604e-15
2.220446049250313081e-16
1.615981712126197046e-15
2.220446049250313081e-16
2.220446049250313081e-16
2.220446049250313081e-16
2.220446049250313081e-16
2.220446049250313081e-16
2.220446049250313081e-16
2.220446049250313081e-16
2.220446049250313081e-16
2.220446049250313081e-16
2.220446049250313081e-16
2.220446049250313081e-16
2.220446049250313081e-16
2.220446049250313081e-16
2.220446049250313081e-16
2.220446049250313081e-16
2.220446049250313081e-16
1.623042182440282680e-15
1.419663740294691017e-15
7.592660637791925635e-14
2.220446049250313081e-16
1.617257716886272912e-15
2.220446049250313081e-16
1.579426294026558251e-15
2.220446049250313081e-16
2.220446049250313081e-16
2.220446049250313081e-16
2.220446049250313081e-16
2.220446049250313081e-16
2.220446049250313081e-16
1.581490968598622927e-15
2.220446049250313081e-16
2.220446049250313081e-16
2.220446049250313081e-16
2.220446049250313081e-16
2.220446049250313081e-16
2.220446049250313081e-16
2.220446049250313081e-16
2.220446049250313081e-16
2.220446049250313081e-16
2.220446049250313081e-16
1.583440539705659677e-15
2.220446049250313081e-16
2.220446049250313081e-16
2.220446049250313081e-16
2.220446049250313081e-16
2.220446049250313081e-16
2.220446049250313081e-16
2.220446049250313081e-16
2.220446049250313081e-16
2.220446049250313081e-16
2.220446049250313081e-16
2.220446049250313081e-16
2.220446049250313081e-16
1.640402613627907125e-15
2.220446049250313081e-16
2.220446049250313081e-16
2.220446049250313081e-16
2.220446049250313081e-16
1.560075189935937965e-15
2.220446049250313081e-16
2.220446049250313081e-16
2.220446049250313081e-16
2.220446049250313081e-16
1.593034555121301900e-15
2.220446049250313081e-16
1.549447463931069636e-15
2.220446049250313081e-16
2.220446049250313081e-16
2.220446049250313081e-16
2.220446049250313081e-16
1.187781752867137902e-14
1.623768546240351858e-15
2.220446049250313081e-16
2.220446049250313081e-16
8.352210809266204367e-14
2.220446049250313081e-16
2.220446049250313081e-16
2.220446049250313081e-16
2.220446049250313081e-16
2.220446049250313081e-16
2.220446049250313081e-16
2.220446049250313081e-16
8.639959141116823276e-14
3.373195147043413014e-11
2.220446049250313081e-16
2.220446049250313081e-16
2.220446049250313081e-16
2.220446049250313081e-16
8.466987052248833087e-14
2.220446049250313081e-16
2.220446049250313081e-16
2.220446049250313081e-16
2.220446049250313081e-16
2.220446049250313081e-16
2.220446049250313081e-16
1.526385764596725739e-15
1.612458590446189621e-15
1.637067563951576680e-15
2.220446049250313081e-16
1.144665381231410852e-14
7.686455883136643468e-14
2.220446049250313081e-16
2.220446049250313081e-16
2.220446049250313081e-16
1.640095085468518360e-15
2.220446049250313081e-16
2.220446049250313081e-16
2.220446049250313081e-16
2.220446049250313081e-16
1.634572345975453947e-15
1.564566242732964220e-15
1.563758959503345384e-15
2.220446049250313081e-16
1.164683958332860393e-14
2.220446049250313081e-16
8.542533360778896270e-14
2.220446049250313081e-16
2.220446049250313081e-16
2.220446049250313081e-16
2.220446049250313081e-16
2.220446049250313081e-16
6.219395300145652700e-13
2.220446049250313081e-16
2.220446049250313081e-16
1.032355133002771431e-14
2.220446049250313081e-16
2.220446049250313081e-16
2.220446049250313081e-16
9.234062243144340310e-08
6.211150792094638422e-13
1.509776569834263556e-15
1.147931648815136952e-14
2.220446049250313081e-16
2.220446049250313081e-16
2.220446049250313081e-16
1.175039582490027946e-14
2.220446049250313081e-16
2.220446049250313081e-16
1.181437736557466365e-14
2.220446049250313081e-16
2.220446049250313081e-16
1.500161812569197472e-15
6.351062373212569485e-13
1.271428574833584975e-08
1.584836474809232307e-15
8.503238086974680768e-14
5.882808322177154570e-13
1.477776377737963822e-15
1.558768946817224593e-15
2.220446049250313081e-16
1.632236186397777875e-15
2.220446049250313081e-16
2.220446049250313081e-16
2.220446049250313081e-16
1.179688657050172787e-14
1.193511654361407749e-14
7.684264513944453234e-14
2.220446049250313081e-16
2.220446049250313081e-16
4.557891762334242261e-12
2.220446049250313081e-16
2.220446049250313081e-16
2.220446049250313081e-16
1.585790488422627841e-15
2.220446049250313081e-16
1.166648813671009377e-14
8.567051947770631167e-14
2.220446049250313081e-16
2.220446049250313081e-16
2.220446049250313081e-16
2.220446049250313081e-16
1.530209131747866712e-15
2.220446049250313081e-16
2.220446049250313081e-16
3.305497616711134570e-11
1.551078129092025726e-15
7.968785079295120083e-14
2.220446049250313081e-16
2.220446049250313081e-16
4.186753540997390847e-12
2.220446049250313081e-16
2.220446049250313081e-16
2.220446049250313081e-16
2.220446049250313081e-16
3.247223051651655798e-11
1.524812399501642234e-15
2.220446049250313081e-16
1.521011727376599990e-15
2.220446049250313081e-16
1.079869589520200448e-14
8.477162934485037263e-14
8.626428238855991585e-14
8.588251643101612753e-14
2.220446049250313081e-16
1.189129902889083470e-14
2.220446049250313081e-16
2.220446049250313081e-16
1.072630519515719693e-14
2.220446049250313081e-16
6.250094506453486687e-13
1.518592510258413115e-15
2.220446049250313081e-16
1.596487786412673609e-15
1.115280233173787367e-14
2.220446049250313081e-16
2.220446049250313081e-16
2.220446049250313081e-16
1.502763123353120151e-15
2.220446049250313081e-16
2.220446049250313081e-16
3.628960921062709911e-05
2.220446049250313081e-16
1.241354317506238173e-08
2.220446049250313081e-16
8.731145408567449666e-14
2.220446049250313081e-16
1.112511009993663773e-14
3.480217730874505552e-11
2.220446049250313081e-16
2.220446049250313081e-16
3.376713389389529718e-11
1.840189328654812887e-03
1.152624708064342614e-14
1.646001517585524401e-15
7.339484767196211467e-14
2.220446049250313081e-16
1.179896652508553771e-14
2.220446049250313081e-16
1.922988236241496675e-03
2.220446049250313081e-16
3.005376363168740285e-05
9.108844625908119136e-08
1.620878106639899401e-15
1.930111048391628574e-03
1.792291533756858727e-09
1.525510003732872658e-15
7.067621996169244161e-14
4.243004287909869656e-12
6.145589851784900245e-13
1.034288663679268654e-14
1.500159850826896753e-15
3.635246180484912060e+01
1.502088301832487229e-15
1.206518340224205346e-14
9.917017747315899961e-15
1.259930744267830718e-08
6.292358983293404378e-13
4.023306540810698806e+01
2.404625069991375048e-10
1.172460725293747339e-14
8.623891821870404929e-14
1.112010795809451786e-14
1.483706562288163779e-09
1.294699379074326966e-08
2.220446049250313081e-16
5.584721453721599158e-13
4.206307553608975559e-12
2.220446049250313081e-16
2.220446049250313081e-16
2.220446049250313081e-16
5.164407706275817579e-13
2.220446049250313081e-16
1.119521083447404966e-14
1.857967160270398814e-03
4.978577087940973630e-06
1.460747355471213050e-15
2.771780465198765034e-11
3.378420002172239354e-12
2.220446049250313081e-16
5.322774891728593971e+00
6.248623740754692929e-07
1.698283582285395059e-09
2.220446049250313081e-16
1.008319356351170121e-01
2.192299450884233223e-10
1.479728640650583779e-15
1.058747893491025368e-14
1.836669838210761192e-03
4.850653701004299188e-06
4.969332070715606131e-06
3.990944920485279823e+01
6.205681990807489156e-13
7.856819705851512981e-14
2.220446049250313081e-16
7.771579171891336885e-14
2.159015115255329158e-10
1.735845756374782831e-09
1.436730375137327057e-02
2.220446049250313081e-16
8.411131497279308740e-14
5.639399474706959126e+00
4.003315806968179658e+01
1.570948134725609484e-15
1.778115504114308345e-09
3.578364985689199887e-05
1.290817811927524325e-08
5.100382769149941327e-13
2.220446049250313081e-16
6.729380350139738121e-02
1.041948410669018685e-14
3.816156813326877995e+01
6.685477330933857765e-01
2.220446049250313081e-16
1.529076225340901782e-15
2.220446049250313081e-16
2.220446049250313081e-16
3.973237525312980978e+01
3.826899806072707122e+01
4.866498579416975627e-06
3.929934664848293835e+01
3.631591211670888697e+01
7.106940927406126519e-14
5.382253925900556624e+00
2.524478732344051317e-04
4.697591539327977553e-06
8.904323280665626954e-08
4.501874873849350145e+00
3.635798396813686627e-05
1.932650699877730356e-10
1.369868197695212795e-09
1.402108074435756864e-02
9.648402600162651888e-02
2.220446049250313081e-16
9.846772385271934658e-02
1.750709954015496408e-03
6.665657902888527343e-07
1.395443489652761784e-15
2.301414451239862315e-04
5.572776715763689381e+00
2.323370926028973504e-04
6.222382800163998643e-13
5.975468404120689581e-01
4.079823142422875293e+01
2.665967306021717193e-11
4.105859335152465661e+01
7.498012148340764857e-14
4.398247230852496413e-06
6.063915368506935909e-08
1.698643070519971384e-09
4.999568515229793952e+00
3.964922702734521209e+01
3.369398624617364391e+00
2.227456109879858343e-10
1.009740449846817795e-01
3.798430265787404636e+01
3.690076335958359266e+01
3.943075257837415393e+01
3.704351914706685989e+01
3.624143254104293277e+01
1.678998914250610453e-04
3.882517697466219175e+01
3.724344769579787595e+01
3.907315256797205194e+01
1.633221703604659545e-09
1.752966340810335315e-09
3.582316377414144171e+01
1.201968019133686174e-14
8.290788074341642090e-14
1.465728189393085412e-02
3.870925013932838965e+01
3.855737896859702118e+01
7.105074180024063546e-01
9.804033166565101201e-08
3.288161778615728448e+00
2.156785723906043872e-04
3.658516377789233331e+01
9.438705822321276362e-02
1.208600153519718634e-03
3.875142885197974607e+01
1.443337120558066226e-02
3.447426170709600073e-11
3.985131842795428270e+01
3.978056122202612954e+01
3.967977755528438877e+01
2.710945392914368172e-11
3.839572078128170318e+01
3.757831561211118299e+01
8.180923189323831028e-14
3.994477121113640550e+01
2.220446049250313081e-16
7.269821203255605178e-14
3.332912277210306229e+01
1.393701333527210202e-15
4.125272163035030815e+01
3.914652344532274952e+01
3.696499052288326226e+01
3.904937067280970808e+01
2.220446049250313081e-16
3.670084342256713228e+01
3.646291147945829181e+01
2.160112530485909943e+01
1.537661353522620878e-15
4.045319930992640423e+01
3.695005861188440973e-07
2.220446049250313081e-16
3.881691077158843939e+01
4.115094332668192578e+01
5.043242149696439715e-13
4.006332969694353352e+01
3.838208280871620559e+01
6.540281325810798360e-07
3.659271456129852851e+01
3.271582873954531578e+01
3.627369665728533477e+01
7.251668746257005083e-01
1.384850006039279637e-02
7.013000728068048417e-01
3.879918632152359237e+01
4.102750106658567120e+01
1.683437866907528920e-03
1.153897474027436007e-14
3.444272659386681960e-05
3.544057773124038135e+01
1.891530242510435931e-04
3.754761851936595463e+01
3.849473977773299538e+01
8.610898690653978615e-02
3.995060184137062720e+01
6.972741642141289109e-01
4.404251491170179666e-01
2.220446049250313081e-16
3.863624433341619380e+01
3.437366640221676306e+01
3.976389152736986432e+01
2.276960175650359464e+00
3.557575658244854822e+01
3.599021639635950010e+01
3.961187428473544259e+01
5.386812125220082903e-01
4.679675140569275401e-13
4.008066516972520077e+01
3.802969950087128836e+01
5.143319873045529178e+00
1.724732699793439695e-10
3.478209945558150196e+01
3.636962926908758220e+01
7.342018780253406300e-14
3.975554765731767759e+01
3.420682964279495840e-07
2.220446049250313081e-16
3.186645934858052698e+01
5.429623211880016953e-01
3.816814068794259640e+01
1.085285413508746248e-04
3.674664709540081731e+01
3.889420366382423566e+01
3.586201288725511915e+01
3.745794776931327874e+01
3.874560729231848200e+01
5.370355611435813969e+00
6.135411904029701713e-01
2.431175797763980739e+01
2.564572447477195993e+01
3.746794799393691022e+01
3.499194086511715085e+01
3.676268578212038562e+01
3.564083433738981910e+01
3.893106489199608689e+01
7.307038832804456758e-08
1.557062023923433713e+01
1.526229276668798449e-15
3.821087751427920409e+01
1.066586500303124199e-02
9.731011765902531036e-15
3.961400778883440665e+01
3.750753202701791622e+01
4.047044758041763401e+01
3.270784607311340153e+01
3.505416350949676030e+01
3.747256069208972207e+01
3.720566027389051555e+01
3.242782148835124900e+01
3.615272943748050238e+01
4.078307239162469244e+01
2.848906861389180278e+01
3.954078045795507279e+01
4.400408641358258244e-06
1.070812738074466757e-03
3.530170318252894646e+01
4.236620458360357365e-07
3.423276803432501936e+01
1.672172812256367128e-06
4.006619870548414042e+01
1.906706901631690654e+00
3.454929565894237697e+01
6.566532440757894516e-03
3.754972672600507622e+01
3.843961225998850040e+01
3.725840490584594278e+01
2.090683067737211375e-11
6.121895232202470005e-01
3.640058064279666183e+01
3.842394419005697870e+01
3.871454149274976686e+01
4.006366783964904243e+01
2.220446049250313081e-16
3.862020431337351312e+01
4.135633896092608808e+01
3.560453922697554674e+01
3.903484482959547197e+00
4.968926977692853519e+00
4.003725138244523407e+01
4.704315612299039273e+00
3.741602042020319630e+01
3.432713460042444353e+01
3.935853781333375423e+01
3.890719039911341071e+01
1.974817064336027173e+01
4.246695119916146233e+00
1.112534231911911121e-02
3.864206692092287199e+01
3.760689424796183289e+01
4.013766945409472697e+01
3.724356252567084624e+01
3.961601855074254530e+01
4.054260168242237228e+01
3.802487506744764545e+01
1.773934955620214282e+01
3.987088937798925770e+01
3.458479979609803934e+01
3.997376009251708240e+01
3.236211452520086596e+01
3.458950145021182010e+01
3.452054488616597894e+01
3.789490659392781424e+01
2.220446049250313081e-16
3.926360843056090033e+01
4.539241988730997157e+00
3.042465800255671837e+01
3.500095744584267976e+01
3.571505613898988685e+01
3.777281491966207483e+01
3.778350371806681096e+01
4.133395208846653240e-07
3.416433590393820197e+01
3.835400848536875174e+01
3.717886905765771388e+01
2.706547076889049521e-06
3.291415206412257533e+01
3.961971426866796975e+01
3.834185511831104520e+01
3.617709918509531519e+01
3.008841951625404221e+01
3.841775272621256931e+01
3.980981231156367528e+01
3.692535047952691230e+01
2.092143057174626364e+01
3.665970000867415024e+01
3.460997694033053307e+01
3.896120317663088883e+01
3.950631709948068959e+01
4.098581096577796501e+01
4.041974081508779904e+01
2.591041115126263539e-04
3.816899472046798536e+01
3.930826191076452858e+01
3.969551477291221886e+01
2.437358715668933584e+00
3.962565116055236558e+01
3.529948918894107379e+01
3.536818145416507519e+01
3.939424065467691349e+01
3.899623235905416863e+01
3.675572927117998034e+01
3.772146635766590350e+01
3.874275998825318368e+01
4.031504278599301472e+01
3.884036766352242864e+01
4.253521868614342644e-02
2.082202808583292963e+01
3.935111076870108349e+01
3.759319229481349112e+01
3.999094130060775143e+01
3.647776431012034948e+01
3.712644770624446977e+01
1.424842081562481155e+01
1.511886446365194203e+01
3.240521568785866435e+01
4.025582563587335727e+01
3.509909405515660552e+01
3.965606406585552435e+01
1.938653888729461477e-04
3.820118833821195636e+01
1.490859093211615741e-15
2.213303862150596757e+01
3.945307885521739877e+01
3.661593329581795331e+01
3.722776927499180033e+01
3.837342837861762490e+01
3.959966830662597914e+01
3.847788343477245121e+01
3.835556799647766013e+01
4.033509045107805235e+01
3.810153318884461981e+01
3.679266000127404368e+01
3.628140736807326761e+01
4.209989273442927527e+01
3.843043559845705204e+01
3.932371210081881685e+01
3.668514526761565264e+01
3.934042238798672031e+01
3.775423675711028437e+01
3.281753992111080009e+01
2.298899627102399634e+01
3.912041983347163665e+01
3.872591671900617882e+01
3.140938969730445862e+01
3.545701301234411318e+01
3.743956760472352840e+01
3.733005085684120417e+01
3.933911728665626129e+01
3.632681715594890903e+01
3.112544561207102944e+01
3.828883691932027489e+01
3.808522104267540698e+01
3.861147245059522248e+01
4.033954440330663260e+01
3.757684826937962441e+01
3.981409426706608912e+01
3.901425319378039802e+01
1.155039581967727891e+01
9.007843519873538762e-02
3.846198627530174718e+01
3.706827247719129304e+01
3.869576749860579667e+01
3.933120724306018445e+01
2.888056052053917000e+01
1.467432561192543312e-15
4.044019349954167808e+01
2.119397573218488162e+01
3.636115789364470885e+01
3.990329772409731390e+01
3.848154370183598161e+01
3.827708851437990489e+01
3.772908258548488192e+01
3.654546360744708977e+01
3.782975381730366138e+01
4.043923065426708519e+01
3.773057053614078882e+01
3.989125281990744298e+01
2.131693675937133747e+01
4.008174187571832192e+01
3.322884636573591166e+01
3.427229305684318916e+01
2.805826303132761300e-14
3.811734697303504049e+01
3.676166488844649649e+01
3.668851652046286205e+01
3.829961681557141162e+01
3.229681915185261687e+01
3.881557979237201295e+01
3.749449212111967000e+01
3.938779090030089236e+01
3.645091990070118015e+01
3.964171548689367341e+01
4.010447170077306112e+01
3.876078573864393917e+01
3.898275444051205341e+01
3.973385759498265912e+01
2.314203167374388470e-01
3.758391868717641415e+01
4.031208453173575634e+01
3.508314283351048601e+01
3.762099174845670291e+01
4.090183725916782720e+01
4.274066629120794403e+01
2.958782215241942382e+01
3.992546830778565692e+01
3.907641097398111896e+01
2.280558008291057348e+01
3.118063989128041413e+01
3.869111824582475379e+01
3.778105221717606099e+01
3.778322029866823328e+01
3.630590007650226880e+01
3.798207963268266951e+01
3.858281482731268852e+01
3.952592293361772136e+01
3.459720929416867818e+01
4.120067765825641004e+01
3.766714087421829760e+01
3.886330090726726638e+01
3.827504992063239797e+01
3.844706446653371756e+01
3.687516675399226784e+01
3.708422340835122100e+01
3.073393840828264700e+01
3.631345908841893788e+01
3.881094783152556715e+01
1.736294558803528432e+01
3.923520233391891310e+01
4.072033617715151621e+01
3.736189334652345195e+01
3.755157793416173462e+01
3.933902589186003951e+01
3.820557487677145048e+01
3.206301244932271999e+01
3.877882333976171481e+01
2.220446049250313081e-16
3.884931894810507913e+01
3.914624565669786449e+01
3.733030860835063436e+01
4.044802050994069020e+01
3.874693124043358949e+01
3.848448083906241379e+01
3.940476501891755845e+01
3.956901098930715932e+01
3.394224936406784110e+01
3.890284750774205946e+01
3.982398283750438139e+01
3.985801447684454502e+01
3.660118795948719139e+01
3.835834530595591474e+01
3.715667191747138531e+01
3.506884826769428543e+01
3.805533453571739244e+01
3.808617133577724445e+01
3.760421841769267814e+01
1.447684763556697796e+01
3.996095936101001911e+01
3.196901174354915653e+01
3.851393915708214166e+01
3.977817510202287110e+01
3.782009488230207239e+01
4.088210896328295263e+01
4.023713655747724260e+01
3.426606796594215609e+01
3.493457550806668621e+01
3.987515012555281402e+01
4.140766544612056066e+01
2.150669775431469688e+01
3.732210506272541295e+01
4.018971286678029742e+01
2.220446049250313081e-16
3.543775150526955997e+01
3.916574475283456280e+01
1.363556866889455321e+01
2.831022942570814038e+01
3.846492310982622342e+01
3.914007775058220062e+01
3.741842391036050941e+01
3.815207692300833031e+01
3.586056799048319732e+01
3.776436346486724460e+01
3.793454535943097738e+01
2.739748435318621489e+01
3.908918341454189260e+01
3.341961780203695298e+01
3.624780042765437571e+01
3.862277625662465397e+01
4.030342705661941238e+01
3.790807058198154067e+01
3.811441131202089139e+01
3.851189317059851902e+01
4.087686721776904619e+01
3.885689027664241024e+01
3.997955719135595132e+01
2.328077410152532423e+01
3.939164333703023146e+01
3.954321701855769788e+01
3.177278673639779427e+01
3.984995776949745760e+01
3.766127181421769876e+01
3.878499285893317960e+01
3.832267910450455872e+01
3.452782374954148992e+01
3.920260687726680970e+01
3.881340881125500175e+01
4.016268661094380832e+01
3.842309270604677351e+01
3.798365113132647508e+01
4.034994856122848716e+01
3.656967931916566528e+01
3.932721413295369217e+01
3.699956558125465023e+01
4.025518304673402525e+01
3.754022900476095259e+01
3.834880013481537731e+01
3.740522536156919386e+01
3.963669587498375080e+01
3.783307021643737755e+01
3.826089491926280317e+01
3.554398448331070171e+01
3.898096989761795328e+01
3.844259192462024544e+01
3.914983031509397904e+01
3.012088420168257485e+01
2.190214305330185240e+01
3.706100920186202785e+01
3.801672873493491522e+01
4.007654792433614688e+01
1.092693542383894822e+01
3.618270459548661222e+01
3.791658236433750773e+01
3.965536947251276700e+01
3.269029730377938847e+01
3.694976869360225180e+01
3.651227800718957894e+01
4.092818790276965757e+01
4.000307786642403585e+01
3.755288106625187794e+01
3.689894590795248774e+01
3.633238694054937667e+01
3.939109993594048831e+01
4.015124601784255276e+01
3.905408154909684271e+01
3.945674995284329611e+01
3.938816334756771198e+01
3.779606993530909165e+01
3.925338071073106505e+01
3.952446885017869249e+01
4.041393368989300683e+01
3.897300778535942811e+01
3.755309136561137962e+01
3.963998731269369813e+01
3.738685421017757449e+01
3.719987741141363813e+01
4.174129061578165079e+01
3.952326299552970568e+01
3.355415606962998254e+01
3.849035768196667107e+01
4.005417124005047214e+01
3.938013935405001575e+01
3.976914115850395604e+01
3.787558265957698467e+01
3.909170990800375733e+01
3.784187939728406036e+01
3.679888446383318978e+01
3.970382657685151884e+01
3.895452678456418738e+01
3.884840857884799448e+01
3.954872511631556620e+01
3.737100396245206468e+01
1.418340670830610772e+00
3.737221671396387990e+01
3.841423090162562914e+01
3.987115309517224659e+01
3.778637606070872579e+01
3.938083694887757957e+01
3.766221158542998637e+01
3.881216217906295896e+01
3.943566054714489155e+01
3.995465092551674502e+01
3.898615054242898026e+01
4.214743316534293882e+01
3.843127010725638115e+01
3.823127514864862775e+01
3.766574018957928871e+01
3.756633755742020497e+01
3.816424879238586243e+01
3.854136649634000378e+01
3.640790622301584278e+01
3.990341903144285851e+01
3.879709568665595754e+01
3.874300930610758797e+01
4.011562019348362895e+01
4.123260530302834326e+01
3.932225550798639802e+01
3.979216752697850268e+01
4.139957688077920750e+01
3.694454909592879943e+01
3.368645556213741088e+01
3.937988338003349753e+01
3.822532101753522227e+01
3.835262168918310977e+01
3.838721736638984083e+01
3.955396247782852726e+01
3.909840483678867429e+01
3.914330895323750781e+01
3.831943335340348966e+01
3.817926549600755948e+01
3.996698091397749408e+01
3.966477258176362852e+01
4.028115291769284312e+01
4.051378792694177378e+01
3.910597825259497995e+01
3.683042709281806992e+01
3.903140436250872369e+01
3.865959832450153044e+01
4.024779094580039640e+01
3.765334818318686416e+01
3.932057718014279857e+01
4.012890211009652575e+01
