2.220446049250313081e-16
2.220446049250313081e-16
2.220446049250313081e-16
2.220446049250313081e-16
2.220446049250313081e-16
2.220446049250313081e-16
2.220446049250313081e-16
2.220446049250313081e-16
2.220446049250313081e-16
2.220446049250313081e-16
2.220446049250313081e-16
1.620002778943082570e-15
2.220446049250313081e-16
2.220446049250313081e-16
2.220446049250313081e-16
2.220446049250313081e-16
2.220446049250313081e-16
2.220446049250313081e-16
2.220446049250313081e-16
2.220446049250313081e-16
2.220446049250313081e-16
2.220446049250313081e-16
1.637781936191035613e-15
2.220446049250313081e-16
2.220446049250313081e-16
2.220446049250313081e-16
2.220446049250313081e-16
2.220446049250313081e-16
2.220446049250313081e-16
2.220446049250313081e-16
2.220446049250313081e-16
2.220446049250313081e-16
2.220446049250313081e-16
2.220446049250313081e-16
2.220446049250313081e-16
2.220446049250313081e-16
2.220446049250313081e-16
2.220446049250313081e-16
2.220446049250313081e-16
2.220446049250313081e-16
2.220446049250313081e-16
2.220446049250313081e-16
1.586358438844750961e-15
2.220446049250313081e-16
2.220446049250313081e-16
2.220446049250313081e-16
2.220446049250313081e-16
2.220446049250313081e-16
2.220446049250313081e-16
2.220446049250313081e-16
2.220446049250313081e-16
2.220446049250313081e-16
2.220446049250313081e-16
2.220446049250313081e-16
2.220446049250313081e-16
2.220446049250313081e-16
2.220446049250313081e-16
2.220446049250313081e-16
2.220446049250313081e-16
2.220446049250313081e-16
2.220446049250313081e-16
2.220446049250313081e-16
2.220446049250313081e-16
2.220446049250313081e-16
2.220446049250313081e-16
2.220446049250313081e-16
2.220446049250313081e-16
2.220446049250313081e-16
2.220446049250313081e-16
2.220446049250313081e-16
2.220446049250313081e-16
1.572443965463422693e-15
2.220446049250313081e-16
2.220446049250313081e-16
2.220446049250313081e-16
2.220446049250313081e-16
2.220446049250313081e-16
2.220446049250313081e-16
2.220446049250313081e-16
2.220446049250313081e-16
2.220446049250313081e-16
2.220446049250313081e-16
2.220446049250313081e-16
2.220446049250313081e-16
2.220446049250313081e-16
2.220446049250313081e-16
2.220446049250313081e-16
2.220446049250313081e-16
2.220446049250313081e-16
2.220446049250313081e-16
2.220446049250313081e-16
2.220446049250313081e-16
2.220446049250313081e-16
2.220446049250313081e-16
2.220446049250313081e-16
2.220446049250313081e-16
2.220446049250313081e-16
2.220446049250313081e-16
2.220446049250313081e-16
2.220446049250313081e-16
2.220446049250313081e-16
2.220446049250313081e-16
2.220446049250313081e-16
2.220446049250313081e-16
2.220446049250313081e-16
1.606899165507924948e-15
2.220446049250313081e-16
2.220446049250313081e-16
2.220446049250313081e-16
2.220446049250313081e-16
2.220446049250313081e-16
2.220446049250313081e-16
2.220446049250313081e-16
2.220446049250313081e-16
1.531990348670960878e-15
2.220446049250313081e-16
2.220446049250313081e-16
2.220446049250313081e-16
2.220446049250313081e-16
1.640825764326356819e-15
1.442850099586636243e-15
2.220446049250313081e-16
2.220446049250313081e-16
2.220446049250313081e-16
2.220446049250313081e-16
2.220446049250313081e-16
2.220446049250313081e-16
2.220446049250313081e-16
2.220446049250313081e-16
2.220446049250313081e-16
2.220446049250313081e-16
2.220446049250313081e-16
2.220446049250313081e-16
1.591684968570162939e-15
2.220446049250313081e-16
1.532847280328164900e-15
1.591373228187737489e-15
2.220446049250313081e-16
2.220446049250313081e-16
2.220446049250313081e-16
1.163990257786316829e-14
2.220446049250313081e-16
2.220446049250313081e-16
2.220446049250313081e-16
2.220446049250313081e-16
1.585352445988065805e-15
2.220446049250313081e-16
2.220446049250313081e-16
2.220446049250313081e-16
2.220446049250313081e-16
2.220446049250313081e-16
2.220446049250313081e-16
2.220446049250313081e-16
2.220446049250313081e-16
2.220446049250313081e-16
2.220446049250313081e-16
1.175649953706440020e-14
1.202926263334074751e-14
2.220446049250313081e-16
1.629195715706396650e-15
1.628802803405736219e-15
2.220446049250313081e-16
1.616402081001010665e-15
2.220446049250313081e-16
2.220446049250313081e-16
2.220446049250313081e-16
2.220446049250313081e-16
2.220446049250313081e-16
2.220446049250313081e-16
2.220446049250313081e-16
1.127284568686512764e-14
1.589865427963337425e-15
2.220446049250313081e-16
2.220446049250313081e-16
1.615091709723159983e-15
2.220446049250313081e-16
2.220446049250313081e-16
2.220446049250313081e-16
1.166327132287296560e-14
1.095988461838759205e-14
2.220446049250313081e-16
2.220446049250313081e-16
2.220446049250313081e-16
1.569908571620085776e-15
2.220446049250313081e-16
2.220446049250313081e-16
2.220446049250313081e-16
2.220446049250313081e-16
2.220446049250313081e-16
1.622392065470505382e-15
2.220446049250313081e-16
2.220446049250313081e-16
2.220446049250313081e-16
2.220446049250313081e-16
2.220446049250313081e-16
8.444277727095663386e-14
2.220446049250313081e-16
2.220446049250313081e-16
2.220446049250313081e-16
1.174851069815882423e-14
1.169560490200109801e-14
1.178331720174200412e-14
2.220446049250313081e-16
2.220446049250313081e-16
2.220446049250313081e-16
2.220446049250313081e-16
1.598527598156801451e-15
2.220446049250313081e-16
2.220446049250313081e-16
2.220446049250313081e-16
2.220446049250313081e-16
2.220446049250313081e-16
2.220446049250313081e-16
2.220446049250313081e-16
6.302684409638745589e-13
1.545785300412733876e-15
2.220446049250313081e-16
1.434106728806036482e-15
1.623316060368820909e-15
2.220446049250313081e-16
1.639859992580619798e-15
2.220446049250313081e-16
2.220446049250313081e-16
2.220446049250313081e-16
2.220446049250313081e-16
2.220446049250313081e-16
1.611225177091440490e-15
2.220446049250313081e-16
2.220446049250313081e-16
2.220446049250313081e-16
2.220446049250313081e-16
2.220446049250313081e-16
4.552921350504956124e-12
2.220446049250313081e-16
2.220446049250313081e-16
1.638673981396983655e-15
2.220446049250313081e-16
2.220446049250313081e-16
2.220446049250313081e-16
2.220446049250313081e-16
2.220446049250313081e-16
1.135565141641653660e-14
4.532668222135758788e-12
6.127495134759039007e-13
2.220446049250313081e-16
2.220446049250313081e-16
2.220446049250313081e-16
2.220446049250313081e-16
2.220446049250313081e-16
2.220446049250313081e-16
2.220446049250313081e-16
1.171307173649956908e-14
2.220446049250313081e-16
1.180633947193924115e-14
2.220446049250313081e-16
2.220446049250313081e-16
1.599022092691155508e-15
2.380551970920437887e-10
8.880649870189020378e-14
2.220446049250313081e-16
2.220446049250313081e-16
1.534515338806600756e-15
2.220446049250313081e-16
1.177861113174341623e-14
1.518191434801016800e-15
2.220446049250313081e-16
2.220446049250313081e-16
2.220446049250313081e-16
1.622147900852942171e-15
2.220446049250313081e-16
2.220446049250313081e-16
2.220446049250313081e-16
2.220446049250313081e-16
1.759348978537042924e-09
1.621168748359184602e-15
2.220446049250313081e-16
4.541385321010921926e-12
2.491189899581950804e-10
1.547007826556534253e-15
1.591881382641412085e-15
8.157420633591023876e-14
9.904986172918715089e-15
2.220446049250313081e-16
2.220446049250313081e-16
2.220446049250313081e-16
2.220446049250313081e-16
2.220446049250313081e-16
1.557808697288572067e-15
2.220446049250313081e-16
4.569736456441651900e-12
1.613042007456344349e-15
2.220446049250313081e-16
2.220446049250313081e-16
2.220446049250313081e-16
2.220446049250313081e-16
1.607877907244899334e-15
1.632066793088682420e-15
4.262743219077917043e-12
1.450890173283406290e-15
8.149533355618698149e-14
6.190435221535849480e-13
1.605941259242323545e-15
8.814506546698568238e-14
8.185726905004471459e-14
2.220446049250313081e-16
2.220446049250313081e-16
2.220446049250313081e-16
2.220446049250313081e-16
1.145306918872948971e-14
2.220446049250313081e-16
6.373313101192726391e-13
8.248510491701456054e-14
6.153277728150546079e-13
2.220446049250313081e-16
3.348678194288206310e-11
1.506926571264510742e-15
5.176155859525838565e+00
8.537750483202501949e-14
4.427156147386500326e-12
8.271628178928698532e-14
1.062238435818917261e-14
1.549353409853418007e-15
2.220446049250313081e-16
2.527221993024089241e-04
8.622634434003545538e-14
2.220446049250313081e-16
4.624774271788268452e-12
1.613624150349750575e-15
8.665748716353673289e-14
2.220446049250313081e-16
1.641404358856329982e-15
1.570885102707235995e-15
1.528344323474399523e-15
2.220446049250313081e-16
6.306395581005495166e-13
1.618499294937864089e-15
2.220446049250313081e-16
1.643383100848544274e-15
6.036940375354155215e-13
7.522135997150086785e-14
1.628354717793172084e-09
1.119570587115298391e-14
4.210624399869461570e-12
1.130047976004229104e-14
6.073694006215930330e-13
1.610572345144943557e-15
2.220446049250313081e-16
2.220446049250313081e-16
1.971632170548506921e-10
1.124083362128628288e-14
1.309312862054118737e-08
6.415604637043320670e-13
1.160941464938938083e-14
2.220446049250313081e-16
1.984988155084791740e-10
8.208864062088644196e-14
5.102805365298994543e-06
2.220446049250313081e-16
4.124857677120030514e-12
4.514911286914104226e-12
2.738131650322351266e-05
1.269775119818280071e-08
2.220446049250313081e-16
4.533280225315407415e-12
6.165459247789408316e-13
2.220446049250313081e-16
2.220446049250313081e-16
2.220446049250313081e-16
8.589321208573839165e-14
2.220446049250313081e-16
8.054649770404265737e-14
2.220446049250313081e-16
1.234795452953585475e-08
1.619081273851125499e-15
3.468322672766700233e-05
1.633548618634388432e-15
1.536043203856529969e-15
1.167515295154292266e-14
6.266240792773702733e-13
1.334552759383530150e-02
3.758000339305887394e+01
9.635558777684734411e-15
1.094754782783636257e-14
1.584632529976083328e-15
2.220446049250313081e-16
4.464444288772376205e-12
8.699660665295563346e-14
2.220446049250313081e-16
9.930413408885709059e-02
4.424034901273638104e-12
1.770962848499938701e-09
1.767127210160767988e-09
7.261124094719481530e-14
3.934720455617561186e+01
5.338490193068376837e-13
6.259348851674959273e-07
3.617506433819037353e-12
7.024160883608907557e-01
2.220446049250313081e-16
6.235120548578428238e-07
3.230151624363153862e-11
1.329561260972729649e-02
9.140905598490129307e-09
4.003535751791075370e+01
2.220446049250313081e-16
2.463762196205825367e-10
2.220446049250313081e-16
7.073026196899031535e-14
1.205268708725741181e-14
2.751460073718166545e-11
9.131147166237512339e-08
3.744897734425033065e+01
3.865080448410880365e+01
3.307013193250790906e+00
2.220446049250313081e-16
3.902800923804094424e+01
1.590081211425186851e-15
1.799645166703152426e-09
6.143671969795695173e-13
2.220446049250313081e-16
1.511380665480385093e-03
1.169100060636256862e-14
3.257100193568651747e+01
9.221214174504914550e-09
2.220446049250313081e-16
2.220446049250313081e-16
3.600847322846323013e-12
3.702565604089884345e-05
6.047930272527706809e-13
4.100557919721903957e-12
3.852779213463760044e+01
3.987302017292962120e+01
8.679107575974454532e-14
1.417986148886918146e-15
1.159625588076199188e-14
2.559192664158767869e-04
6.511832236888583622e-07
6.849284414613154848e-01
4.127316974792361748e+01
1.491320995990106187e-15
8.036817602079449864e-08
3.634749636434188602e+01
3.757943926809392110e+01
4.535673443980630324e-06
2.220446049250313081e-16
1.086773555740582241e-14
3.193376109202359072e-11
1.681780729603293797e-09
9.396354008569038352e-02
2.901361169619582004e-05
3.903641729724340337e+01
2.448994997970178049e-11
2.220446049250313081e-16
3.505743454313844154e+01
3.385916491362473026e-05
7.137172031572037723e-01
3.549232789644376140e+01
7.089810811287372026e-14
2.220446049250313081e-16
8.383533902049196739e-14
1.525280856749684269e-15
3.805906337365522063e+01
1.118658278862441662e-14
3.909419199091267672e+01
2.421098220892847850e-04
2.220446049250313081e-16
1.929142513147662826e-03
5.172265053116660949e-13
5.162982733554001058e+00
2.220446049250313081e-16
3.359773230291487067e+01
5.602736922991775614e+00
2.182663023268416885e-10
7.314679387313051011e-14
8.244065291694756515e-14
3.887331487002971642e+01
1.946842044175497739e-03
3.155416443176108942e-11
3.505272570489862716e+01
3.578062742446765245e-05
2.220446049250313081e-16
2.220446049250313081e-16
3.839228652950932741e+01
4.865157820900715691e-01
2.220446049250313081e-16
1.205948878536112757e-09
8.842359411854707300e-08
3.835893339236626076e+01
1.536323799591171052e-15
9.534992478109394209e-02
2.220446049250313081e-16
3.526837721242258539e+01
3.527390881673908751e+01
1.529104749637614133e-15
3.975256897397535027e+01
3.820649298195511534e+01
5.968133855538264741e-13
2.220446049250313081e-16
9.292690457114663460e-02
3.597433234086251730e+01
4.042204838550087942e+01
3.753915991357870041e+01
3.440276921959379308e+01
2.341359267532079370e-10
3.967850976872701096e+01
4.315961681549464579e+00
1.360086670996338461e-02
3.822035587232388565e+01
6.776540954565491992e-01
6.430147011485951580e-01
1.202504617230521479e-14
7.561123842526261756e-14
3.790978269764092090e+01
4.678505390226654903e+00
1.599437713473387334e-15
1.683878173047527036e-09
5.053774079169610189e+00
2.489152832684684668e-04
3.723258882584486429e+01
3.546066052881889163e+01
1.631619786503015060e-09
6.896531078511498603e-01
3.601363878498658977e+01
3.884137771013924834e+01
4.046134938574988382e+01
3.881177333908409821e+01
5.148739194367904546e-06
5.408961872318005959e+00
2.220446049250313081e-16
3.938128597113719565e+01
3.963702023838342825e+01
5.644428188326941154e+00
8.871800951081407205e-02
1.060362978969768162e-14
4.019788905233265552e+01
3.348155971219478033e+01
1.073310749018696324e-08
3.822957095051111764e+01
3.331668109201160632e+01
4.121817820340280036e+01
1.245209332826626575e-02
6.031380940187904852e-13
3.860957942241251573e+01
1.765185833014453268e-03
1.859441455831996137e+01
1.747028272441154351e-03
8.487027359874327326e-01
3.983087742697465927e+01
3.879886251332764857e+01
3.504797919188285249e+01
3.924221852851947290e+01
3.712765765765684733e+01
2.514164269181433298e+01
3.605961923624585008e+00
3.681678861565147542e+01
2.071675710203241577e-10
3.922549766406207539e+01
3.593559416282391794e+01
3.753167959434165368e+01
2.182375170453601038e-05
2.220446049250313081e-16
3.876335296615889138e-12
3.777402853885138967e+01
2.448613425955710099e+01
3.668679198560054289e+01
3.716001732539474034e+01
3.999724846306438053e+01
3.656303116899284333e+01
3.042259516232386069e-12
3.974227985063373580e+01
3.611103313964211736e+01
5.411337514272179128e+00
1.030186893999870375e-08
3.608249153220219085e+01
3.558168145272045990e+01
3.721844051679503451e+01
5.105219139087841321e-03
2.534150318299524329e+01
4.164622802265936485e+01
4.287077598696436809e+01
1.734887615034828556e+01
5.894831256400980489e-08
3.836960316213657052e+01
3.672402845557530071e+01
3.984505708945767566e+01
3.562591535396519760e+01
3.864063577239483038e+01
4.080497744742173438e+01
3.374358046975153513e+01
3.548228375969157611e+01
4.309377419941535692e+01
4.090136271000542223e+01
7.483665653914305619e-14
3.895231409563356806e+01
3.860616091899035496e+01
3.824305717238286206e+01
3.662837285716093305e+01
4.038160930848828656e+01
3.978513391737879346e+01
3.679223236045747569e+01
3.321948140845511764e-11
3.164556540597349965e+01
3.730783168017469364e+01
4.061270038183097597e+01
3.967417422479831401e+01
2.833945862451030706e+01
3.503856264709113333e+01
3.870790840469683758e+01
8.568411527341633638e-03
1.511972976059390153e-15
1.774936000913216816e+01
4.143299085222834953e-07
2.293951206304124051e-11
3.914752685505201413e+01
3.828455953045746440e+01
3.973231514679730481e+01
3.860702391829411084e+01
1.884021226366133916e+01
3.404952762103464181e+01
1.620715159683899387e+01
3.610749324224623535e+01
1.590241684319723564e-05
3.381872912644895735e+01
3.689188115121791611e+01
3.902372036097690255e+01
3.764093566500984878e+01
3.994487271377229121e+01
4.149483079196554058e+01
3.935844909548568893e+01
3.921573218349472256e+01
3.684542567709399918e+01
3.835170027380697633e+01
2.723333286193557612e+01
2.711095351768524964e+01
3.797223665737760712e+01
3.661899501408616686e+01
4.713698864472897202e-06
3.377499913035152446e+01
2.862867491833990385e+01
1.913286952823977112e-05
7.156470847802334258e-04
4.034096537580310837e+01
3.824303950883943060e+01
3.926032144828587178e+01
3.794262783821363172e+01
3.761075035687648693e+01
3.008269564889595671e+01
3.587145066318289821e+01
2.071176858658367337e+01
1.609417657881997243e+01
3.837876231195849641e+01
3.806429194696719520e+01
3.474337960811935488e+01
3.668428752799322012e+01
3.646243142456771125e+01
3.798217300715903377e+01
1.760613449943585493e-03
3.733887396905484479e+01
3.396648950143818269e+01
3.903872803377804246e+01
3.666376885713575007e+01
2.420823279642063852e+01
3.820673196703756958e+01
3.894394453898634367e+01
3.170166722193477682e+01
4.076021350249970965e+01
3.816901633679155026e+01
3.497705862401420518e+01
3.842535202667947658e+01
1.109291816453985501e-14
3.921868049035897741e+01
4.084778042673982412e+01
2.846145339838626853e+01
3.947962144372903026e+01
3.801264467819480330e+01
1.928129899075259246e+01
3.656328595920078328e+01
1.360761863391470680e-10
3.872463383486822863e+01
2.735253513133329051e+01
3.770624628636632991e+01
3.699263274589220174e+01
3.906630244266542462e+01
2.486473291645812012e+01
3.916623058424406167e+01
3.572022782744324587e+01
3.282496573455298261e+01
3.856777661407339508e+01
3.833255409357466448e+01
3.791598546830470440e+01
3.957595975453993731e+01
3.703746181267809590e+01
3.897477966860246568e+01
3.968403602037574984e+01
3.746358990758060514e+01
3.216148993275447765e+01
4.114590224763566084e+01
3.602646599179850284e+01
3.863890834021147214e+01
3.725539759174431254e+01
2.220446049250313081e-16
4.007919628671383805e+01
1.571642933968672753e-05
4.055266098588208479e+01
3.633663508828831112e+01
3.941857089973046158e+01
3.506347059591770701e-07
3.965688960492028770e+01
3.733921394159939666e+01
3.866435891746800024e+01
3.654812261482620528e+01
1.689814529288523914e+01
3.844006897480490181e+01
3.210380287416295987e-05
3.678122709329020523e+01
2.747126052796795648e+01
3.897821288535635631e+01
3.788509146043997333e+01
3.929001931610544318e+01
3.957877294703765614e+01
3.847006169323662306e+01
1.517449132023781644e+01
3.402005741559430163e+01
3.640583108905816800e+01
4.101834101824995571e+01
3.879368357758259833e+01
3.963271349382080189e+01
3.500485855218005327e+01
3.467216994039196010e+01
4.096179943336770890e+01
3.694537507838456492e+01
3.019924562226335851e+01
3.059262308869960023e+01
3.825981665829018397e+01
3.355663915253578722e+01
3.743000769346661372e+01
3.994112741500656227e+01
3.872165909998301458e+01
3.837463351184813121e+01
3.947128052899892481e+01
3.878843050520405455e+01
3.903466201475210795e+01
3.766874285829692326e+01
4.009079374017571951e+01
4.019772811771245102e+01
2.294493642641693043e+01
2.001656091734650289e+01
3.771142650429636944e+01
1.752023914708803431e+01
3.993475568519414765e+01
3.893422398385632022e+01
3.873014895507461830e+01
4.055303418764759726e+01
3.869724568045278090e+01
3.558454506475612078e+01
3.931399547104003034e+01
3.842803419894449490e+01
3.798647161465501654e+01
3.559314772811539740e+01
3.938208690397114253e+01
3.980805452978519554e+01
3.779469790958520292e+01
3.729773491172754518e+01
4.030940513224175703e+01
3.824867021921404131e+01
1.158448202454010456e+01
3.952420643110728093e+01
3.800167645869699840e+01
3.825585445243457627e+01
2.393382305162683465e+01
3.755202607856323027e+01
3.678815286580454114e+01
3.701307894398021148e+01
3.793745435139433653e+01
4.284999025404199813e+01
3.826229803567297694e+01
3.870329926349957361e+01
1.630665557923504849e+01
3.491545356518367527e+01
3.077237612223549235e+01
3.896821478246931747e+01
3.835498825539865209e+01
2.848471823961971339e+01
3.889604337289918590e+01
3.503627364368760055e+01
3.779897891074322303e+01
3.467005724524402410e+01
1.822545462247465053e+01
3.973181347923021178e+01
8.789096553729734751e+00
3.253136774874630532e+01
4.065383339020437603e+01
3.925967333873016685e+01
3.812924983743750573e+01
3.947296031886089196e+01
3.517141730409652212e+01
3.791449368776466855e+01
3.616533599923860010e+01
3.900566384689442145e+01
2.220446049250313081e-16
4.108889497319587036e+01
3.703769849674939962e+01
3.903846224496302852e+01
3.842226265636260507e+01
3.976375702503981557e+01
3.639456825276105434e+01
3.841255424434473298e+01
4.002610732575569585e+01
2.123724509985438758e+01
3.900994086652353587e+01
3.124464449227341944e+01
3.550999891073767145e+01
3.781254961969455763e+01
3.604383527716801439e+01
4.237209334339648592e+01
1.541608175383655466e+00
4.032371947915871147e+01
4.099172352174630873e+01
3.587945791655058514e+01
3.705388261144546647e+01
3.878991148443780190e+01
3.860076604487876040e+01
3.894540266670625073e+01
3.786155760064004738e+01
2.299245048949308412e+01
3.823677095224841338e+01
1.713179025344130579e+01
4.095696664017692257e+01
3.907087438537256929e+01
4.038597997638933634e+01
3.949426590859859232e+01
3.911586726171488948e+01
3.885157972241971436e+01
3.818855976594544899e+01
2.845261424375083656e-02
3.731482720483353432e+01
3.952679734790740440e+01
3.985847858858538473e+01
3.715996813512818164e+01
1.791200939741005271e+01
3.923208580135572987e+01
3.910167024210258546e+01
2.726416106296429120e+01
3.400885798688644712e+01
3.658566994486834290e+01
3.825931735098477304e+01
3.857193964691097676e+01
4.084955188011679184e+01
3.706004009205786787e+01
3.022142279243334784e+01
2.168338711123324103e+01
3.595984735738892368e+01
3.848959084100424377e+01
3.711782499591446083e+01
2.266163952628329525e+01
4.143109405533321166e+01
3.734951711046765865e+01
3.349607624476048784e+01
4.144569217070924338e+01
3.882499089656752034e+01
3.970747310620033943e+01
3.740372960623966492e+01
1.845948818355088505e+01
2.307525296984611529e+01
3.775454004632068461e+01
3.827338739922937094e+01
3.930208329747559759e+01
4.075213564985751447e+01
3.794846455411745723e+01
3.796653464678476553e+01
3.914877985651705927e+01
3.869110700691734905e+01
3.774299796128178741e+01
2.227915877160603841e+01
3.931256350450588144e+01
3.723742131614195472e+01
3.886658812356112236e+01
3.923068496375630332e+01
3.381392897921622165e+01
3.781169240516720009e+01
3.822027780732473445e+01
3.881082458362008225e+01
3.739010630353335785e+01
3.841292951677974088e+01
3.868479441942331221e+01
3.855181646282222374e+01
3.720286761614298143e+01
3.882707684916437785e+01
2.357385196645597958e+01
3.933688681148114341e+01
3.664986112767039117e+01
3.789782379979464366e+01
3.910205972223116788e+01
2.434575310836276785e+01
3.849720848364730585e+01
4.139392046216370602e+01
3.511311190293837114e+01
3.698274805853449720e+01
3.990689041688924021e+01
3.799016708946236065e+01
2.945471114962478865e+01
3.865827018592835174e+01
3.833088903272955861e+01
4.152343140603657901e+01
4.048285627479810245e+01
4.094068129545117074e+01
4.104746033541788819e+01
3.608339881786395864e+01
4.178486980215189561e+01
2.564502283735474109e+01
3.788495120305213248e+01
3.611106902180489442e+01
3.460849470940279105e+01
3.974646479237061669e+01
3.981386169773021777e+01
3.975427194771997108e+01
3.625231300723697814e+01
2.183407069385186006e+01
3.802777039425482286e+01
3.747420468658997095e+01
3.532240104198169917e+01
3.784051796080603935e+01
3.955145477634038542e+01
3.305813702290353717e+01
3.629350314937581601e+01
3.651954185025550714e+01
3.880102293824725734e+01
3.773834733594577528e+01
3.846590895716103375e+01
1.850233301401845054e+01
3.352589048421644691e+01
3.931184355235237859e+01
3.894973155059046377e+01
3.439510250663450819e+01
3.744871075734334909e+01
4.052294444024428799e+01
3.671086411167626551e+01
3.733196295572568602e+01
3.843690406785052005e+01
3.701599589009370561e+01
2.431025755853617909e+01
2.425121575195623791e+01
3.813074620337187781e+01
4.186749405034955629e+01
3.756687856093238764e+01
3.899241520958219098e+01
3.838845351691119845e+01
3.881492896747653276e+01
3.905627528832940243e+01
3.633421184640291557e+01
3.878751414504997541e+01
3.798124400222193486e+01
3.702925625193263670e+01
3.741458423524180432e+01
3.840431565796738766e+01
2.967238861106543268e+01
4.005368342923241443e+01
3.823804754908091041e+01
3.967335796526101177e+01
3.697682862037877527e+01
3.627574251139227357e+01
3.730368250915658734e+01
3.907779957730675591e+01
3.618855823126875748e+01
3.722682474711849920e+01
3.876605232080919450e+01
3.837737486476264337e+01
3.925818892718231723e+01
3.809735729008517069e+01
3.757817631239808520e+01
4.019678932033997398e+01
3.392213532212257832e+01
3.816625009321452922e+01
4.102072249165711781e+01
3.939368661881627531e+01
3.817411415586232692e+01
3.767043370891965282e+01
3.693530913123739623e+01
3.839342469383139189e+01
3.205303344717666647e+01
3.913556295331679280e+01
3.712260566936923567e+01
3.982042650599374412e+01
3.816825305370154808e+01
3.899953651566480062e+01
3.995351364883002532e+01
3.845989574159919044e+01
3.599833204555982746e+01
3.649113854132024670e+01
3.730469536251295892e+01
3.913238875538173289e+01
3.577727153351587219e+01
3.969944980468535078e+01
3.987256022635830988e+01
3.793969493686361716e+01
3.966730713897284488e+01
3.952103901510071182e+01
3.796000989884458221e+01
3.600307352431406116e+01
3.716524562939276422e+01
4.028501524224474650e+01
