2.220446049250313081e-16
2.220446049250313081e-16
2.220446049250313081e-16
2.220446049250313081e-16
2.220446049250313081e-16
2.220446049250313081e-16
2.220446049250313081e-16
2.220446049250313081e-16
2.220446049250313081e-16
2.220446049250313081e-16
2.220446049250313081e-16
2.220446049250313081e-16
2.220446049250313081e-16
2.220446049250313081e-16
2.220446049250313081e-16
2.220446049250313081e-16
2.220446049250313081e-16
2.220446049250313081e-16
2.220446049250313081e-16
2.220446049250313081e-16
2.220446049250313081e-16
2.220446049250313081e-16
2.220446049250313081e-16
2.220446049250313081e-16
2.220446049250313081e-16
2.220446049250313081e-16
2.220446049250313081e-16
2.220446049250313081e-16
2.220446049250313081e-16
2.220446049250313081e-16
2.220446049250313081e-16
1.575242185891136855e-15
2.220446049250313081e-16
2.220446049250313081e-16
2.220446049250313081e-16
2.220446049250313081e-16
2.220446049250313081e-16
2.220446049250313081e-16
2.220446049250313081e-16
2.220446049250313081e-16
2.220446049250313081e-16
2.220446049250313081e-16
2.220446049250313081e-16
2.220446049250313081e-16
2.220446049250313081e-16
2.220446049250313081e-16
2.220446049250313081e-16
2.220446049250313081e-16
1.608495107242513335e-15
2.220446049250313081e-16
2.220446049250313081e-16
2.220446049250313081e-16
2.220446049250313081e-16
2.220446049250313081e-16
2.220446049250313081e-16
2.220446049250313081e-16
2.220446049250313081e-16
2.220446049250313081e-16
2.220446049250313081e-16
2.220446049250313081e-16
2.220446049250313081e-16
2.220446049250313081e-16
2.220446049250313081e-16
2.220446049250313081e-16
2.220446049250313081e-16
2.220446049250313081e-16
2.220446049250313081e-16
2.220446049250313081e-16
2.220446049250313081e-16
2.220446049250313081e-16
2.220446049250313081e-16
2.220446049250313081e-16
2.220446049250313081e-16
2.220446049250313081e-16
2.220446049250313081e-16
2.220446049250313081e-16
2.220446049250313081e-16
2.220446049250313081e-16
2.220446049250313081e-16
2.220446049250313081e-16
1.639547166443507092e-15
2.220446049250313081e-16
2.220446049250313081e-16
2.220446049250313081e-16
2.220446049250313081e-16
2.220446049250313081e-16
2.220446049250313081e-16
2.220446049250313081e-16
2.220446049250313081e-16
2.220446049250313081e-16
2.220446049250313081e-16
2.220446049250313081e-16
2.220446049250313081e-16
2.220446049250313081e-16
1.193406991675681009e-14
2.220446049250313081e-16
2.220446049250313081e-16
1.095721368667839046e-14
2.220446049250313081e-16
2.220446049250313081e-16
2.220446049250313081e-16
2.220446049250313081e-16
2.220446049250313081e-16
2.220446049250313081e-16
2.220446049250313081e-16
2.220446049250313081e-16
2.220446049250313081e-16
2.220446049250313081e-16
2.220446049250313081e-16
2.220446049250313081e-16
2.220446049250313081e-16
2.220446049250313081e-16
2.220446049250313081e-16
2.220446049250313081e-16
1.633871547414364198e-15
2.220446049250313081e-16
2.220446049250313081e-16
2.220446049250313081e-16
2.220446049250313081e-16
1.595784626633961700e-15
2.220446049250313081e-16
2.220446049250313081e-16
2.220446049250313081e-16
2.220446049250313081e-16
1.609898380289729959e-15
2.220446049250313081e-16
2.220446049250313081e-16
2.220446049250313081e-16
2.220446049250313081e-16
2.220446049250313081e-16
2.220446049250313081e-16
2.220446049250313081e-16
2.220446049250313081e-16
2.220446049250313081e-16
2.220446049250313081e-16
2.220446049250313081e-16
2.220446049250313081e-16
2.220446049250313081e-16
2.220446049250313081e-16
2.220446049250313081e-16
2.220446049250313081e-16
2.220446049250313081e-16
2.220446049250313081e-16
2.220446049250313081e-16
2.220446049250313081e-16
2.220446049250313081e-16
2.220446049250313081e-16
2.220446049250313081e-16
2.220446049250313081e-16
2.220446049250313081e-16
6.224942277694525124e-13
2.220446049250313081e-16
2.220446049250313081e-16
1.175833686056032460e-14
2.220446049250313081e-16
2.220446049250313081e-16
1.622581674553182403e-15
2.220446049250313081e-16
2.220446049250313081e-16
2.220446049250313081e-16
2.220446049250313081e-16
2.220446049250313081e-16
1.558323774815242029e-15
2.220446049250313081e-16
2.220446049250313081e-16
2.220446049250313081e-16
2.220446049250313081e-16
2.220446049250313081e-16
2.220446049250313081e-16
2.220446049250313081e-16
2.220446049250313081e-16
2.220446049250313081e-16
2.220446049250313081e-16
2.220446049250313081e-16
2.220446049250313081e-16
1.593223466152194116e-15
2.220446049250313081e-16
2.220446049250313081e-16
1.592651623099607907e-15
2.220446049250313081e-16
2.220446049250313081e-16
2.220446049250313081e-16
2.220446049250313081e-16
2.220446049250313081e-16
2.220446049250313081e-16
1.638218030157788337e-15
2.220446049250313081e-16
2.220446049250313081e-16
2.220446049250313081e-16
2.220446049250313081e-16
1.182783908352611782e-14
1.614303454807027850e-15
2.220446049250313081e-16
2.220446049250313081e-16
1.162238692811215929e-14
2.220446049250313081e-16
2.220446049250313081e-16
2.220446049250313081e-16
1.196405770211901471e-14
2.220446049250313081e-16
2.220446049250313081e-16
2.220446049250313081e-16
1.536110671102829029e-15
2.220446049250313081e-16
2.220446049250313081e-16
1.606354557315073381e-15
2.220446049250313081e-16
2.220446049250313081e-16
1.593223464221543627e-15
2.220446049250313081e-16
2.220446049250313081e-16
2.220446049250313081e-16
2.220446049250313081e-16
2.220446049250313081e-16
2.220446049250313081e-16
2.220446049250313081e-16
2.220446049250313081e-16
2.220446049250313081e-16
2.220446049250313081e-16
1.188140984381179873e-14
2.220446049250313081e-16
3.306029203984772704e-11
2.220446049250313081e-16
2.220446049250313081e-16
1.625024849498509133e-15
2.220446049250313081e-16
2.220446049250313081e-16
2.220446049250313081e-16
1.605383757981645712e-15
2.220446049250313081e-16
2.220446049250313081e-16
1.630640310556655113e-15
2.220446049250313081e-16
2.220446049250313081e-16
2.220446049250313081e-16
2.220446049250313081e-16
1.193713056563131658e-14
2.220446049250313081e-16
2.220446049250313081e-16
2.220446049250313081e-16
2.220446049250313081e-16
1.421160660995010063e-15
1.625960829877607192e-15
1.632240669658685476e-15
2.220446049250313081e-16
2.220446049250313081e-16
1.641654068071626184e-15
1.539801078288371710e-15
2.220446049250313081e-16
1.617147512410436000e-15
2.220446049250313081e-16
2.220446049250313081e-16
1.638038443245129389e-15
2.220446049250313081e-16
2.220446049250313081e-16
1.615387411883738388e-15
4.523356620766278684e-12
2.220446049250313081e-16
2.220446049250313081e-16
2.220446049250313081e-16
2.220446049250313081e-16
2.220446049250313081e-16
1.599354305222495910e-15
2.220446049250313081e-16
2.220446049250313081e-16
2.220446049250313081e-16
6.196548544851677201e-13
2.220446049250313081e-16
8.401244546451115935e-14
1.128940926325347133e-14
2.220446049250313081e-16
2.220446049250313081e-16
3.642175942296117780e-05
8.589477800474902960e-14
2.220446049250313081e-16
2.220446049250313081e-16
8.355896225828311686e-14
4.655666191609452178e-12
6.161058347305678127e-13
1.476283305856293323e-15
1.180578730582539087e-14
1.608743741946684582e-15
2.220446049250313081e-16
6.775460913016025560e-14
2.220446049250313081e-16
1.643209040067748861e-15
2.220446049250313081e-16
2.220446049250313081e-16
2.220446049250313081e-16
5.985134742491081470e-13
1.573236676467034871e-15
1.198974949630610410e-14
1.518046079586354080e-15
8.493089852039972518e-14
1.636136602555598145e-15
3.266172598400175314e-11
2.220446049250313081e-16
3.439798494040524818e-11
1.528344394990015485e-15
2.220446049250313081e-16
1.560625973801439267e-15
3.500165975071111351e-05
1.625184366592921500e-15
8.416450254789736064e-14
2.220446049250313081e-16
6.301616702249310553e-13
8.241034695822469680e-14
1.613605278267011693e-15
8.608027795901299434e-14
1.760303889580664480e-09
8.370830371938518070e-14
2.220446049250313081e-16
2.220446049250313081e-16
2.220446049250313081e-16
2.220446049250313081e-16
2.220446049250313081e-16
2.220446049250313081e-16
2.220446049250313081e-16
2.220446049250313081e-16
1.177288248380942515e-14
1.146714029631807647e-14
2.220446049250313081e-16
1.623685516395203439e-15
7.363400351465921875e-14
1.562567516062586095e-15
1.472206697624506427e-15
1.630564196333226253e-15
1.507345928850469397e-15
2.220446049250313081e-16
2.220446049250313081e-16
2.220446049250313081e-16
3.352989723224590905e-11
2.220446049250313081e-16
2.220446049250313081e-16
2.220446049250313081e-16
1.093047095421701623e-14
5.049726518831770224e-06
1.079038641767772331e-14
7.896722096653039128e-14
7.538836499833476399e-14
2.220446049250313081e-16
1.616957205669979626e-15
1.911592669340377764e-03
3.384039565119425189e-11
2.220446049250313081e-16
2.220446049250313081e-16
2.220446049250313081e-16
2.220446049250313081e-16
2.220446049250313081e-16
2.220446049250313081e-16
1.182926690110262520e-14
2.220446049250313081e-16
2.220446049250313081e-16
1.171542191890812363e-14
5.137434262446305041e-13
5.051635044171371400e-06
8.316698939208292237e-14
8.579141205196301676e-14
2.220446049250313081e-16
2.220446049250313081e-16
2.220446049250313081e-16
1.798584413143601025e-10
1.535398187212281078e-09
2.484307915131707119e-04
3.344632088768015666e-11
2.433846484569658855e-10
9.261050173194859010e-08
2.220446049250313081e-16
5.522102945272521994e-13
2.445997653799437016e-10
6.821593389407856203e-07
2.220446049250313081e-16
2.220446049250313081e-16
5.730625773624278858e-13
1.306080352672058624e-08
1.646370651021855361e-15
2.220446049250313081e-16
2.220446049250313081e-16
1.621359264994696997e-15
7.868778881138678202e-14
8.549197173553677524e-14
2.431812845290016201e-10
1.629870112822259319e-15
1.193340443566934788e-14
3.811206033274896043e+01
2.220446049250313081e-16
1.541390277607045798e-15
2.589707450602379762e-11
2.974774217945197034e-11
3.698639300807410990e+01
1.224294322207059581e-08
4.812715069619308164e-06
1.635466210337984517e-15
6.304770331533925295e-13
2.441701980637585838e-10
2.220446049250313081e-16
3.226980319820665954e+01
2.220446049250313081e-16
7.412419429642285934e-14
1.277838453732682740e-02
4.316428683834453502e-06
2.139066411108360572e-10
9.267793258524242899e-08
1.609230112398744279e-15
2.468142791233475758e-04
1.552029067926996670e-15
8.541844945172596172e-14
6.236758331711861848e-13
2.220446049250313081e-16
9.738034663360163601e-02
4.347177147196893751e-12
3.286542721351672781e-11
2.220446049250313081e-16
1.072131880043945376e-14
2.118262486410017335e-10
3.764854527089995884e+01
4.053564781850015208e+01
5.474962635914501163e+00
4.457629849937246682e-06
7.254132723401464089e-01
8.810716673158713771e-14
1.159117623284383787e-14
3.429648314813037494e-05
2.220446049250313081e-16
1.287064394254316669e-08
1.617208692451324928e-09
2.220446049250313081e-16
1.377612605067624930e-02
3.819103257004429963e+01
3.317231610376045629e-11
3.627076887354262880e+01
1.564922662821534489e-15
5.056044276296023369e-13
1.966781780704135365e-03
1.504214233719681185e-15
1.058414666728217066e-08
2.220446049250313081e-16
3.356606237917679621e-11
5.997148859664619435e-13
1.938072450417797346e-03
3.781264872929030929e+01
4.593444818296076984e-12
1.008674106423278899e-01
1.157024311688550957e-14
5.575893262068033651e-13
3.609979374141158814e+01
1.632591837421160921e-03
5.151783456749546874e-13
3.681945846322378547e-06
3.820039836481144846e+01
3.760358216956114319e+01
5.204571388704869683e+00
1.066250990457393022e-01
2.220446049250313081e-16
4.011123695350679697e+01
4.518028224166959816e+00
1.593526427930389626e-15
3.200080765727470966e-11
3.792913388601490965e+01
3.879939330549149901e+01
1.494002879823252454e-15
4.611957099591091273e-12
1.859178363788333834e-03
2.220446049250313081e-16
2.220446049250313081e-16
3.493027364202968954e+01
5.349430871478450200e+00
5.258822606989578929e+00
3.880172841633034153e+01
2.450622966342779516e-04
2.711996088487382232e-11
1.476371548628854714e-15
2.220446049250313081e-16
7.405662777290786813e-01
3.569925366387113286e+01
3.852563213174172319e+01
5.799360391985752863e-13
3.197763839630755877e-11
2.220446049250313081e-16
2.555406056656641281e-11
8.484258334583662405e-14
9.733994129823282808e-15
4.056061956269477520e+01
3.820549448361744282e+01
8.286659579621632525e-14
6.412889057997009923e-01
2.444904851623274527e-04
1.791104150812261612e-09
3.980230554727319259e+01
2.220446049250313081e-16
4.317397635628063313e+01
2.118771280706310023e+01
5.147854737015332027e+00
2.916562795407009645e+01
2.291912865514037347e-04
3.630331804008676500e+01
8.133869714006610168e-14
4.809478014797512024e+00
3.728471739014464248e+01
3.797251443457950160e+01
3.585992115722628881e+01
5.158264909737325432e+00
3.661935178830639614e+01
3.575282637014322518e+01
3.695206421756554960e+01
6.315299306897491638e-01
1.535326835330291742e-15
9.326028703480906858e-08
2.220446049250313081e-16
3.713008445935998481e+01
5.338619398582760904e-13
3.849684423951988776e+01
9.535444653141389448e-02
2.564201782393625475e-04
3.739600663964981919e+01
9.566986730926178850e-02
3.922278519738089386e+01
2.220446049250313081e-16
2.220446049250313081e-16
1.227365988029448195e-08
3.771169259614135427e+01
3.733520809928450035e+01
3.066487094576807948e+01
3.808816312586266406e+01
3.601280757145065081e+01
3.695796830902344254e+01
7.704885559820558030e-11
1.159301124083480731e-14
3.786987795716183314e+01
4.026287319548589494e+01
2.220446049250313081e-16
5.525541385013853918e-02
2.354623244789548709e-05
5.440552982642484103e+00
1.273338156733786093e-02
3.998597110418173628e+01
3.457997209841238373e+01
4.112802341599943645e+01
3.745561030328714480e+01
3.604611901266561347e+01
2.809182087212088019e-11
3.513516734156895893e+01
2.295786712266772867e+01
3.837154735129976046e+01
3.948648355707447877e+01
4.016248448099027257e+01
5.495413915908623714e+00
3.696685012747814343e-05
3.625677102931199158e+01
3.779143229810529192e+01
3.842534076171348045e-12
3.844132419379061361e+01
3.748010585236616521e+01
3.746268305809353194e+01
2.725909920763745475e+01
3.849346983829840241e+01
2.220446049250313081e-16
2.220446049250313081e-16
3.579463383152577394e-01
1.442850099586686730e-15
9.559595225387853079e-09
2.169874725580704753e-04
3.524746254488177044e+01
3.131320392158710053e+00
1.795352392771734173e+01
3.663766143781733575e+01
3.701585312366602665e+01
3.767670708584629580e+01
3.689341848091883946e+01
3.808368034637265254e+01
7.253578609849964726e-14
3.655202058624173134e+01
3.869301621278296466e+01
3.906055053370944563e+01
3.876440401404626357e+01
3.853743080254541553e+01
3.908848050129900997e+01
3.613741594696373483e+01
3.893227949231400942e+01
2.273571461359425111e-04
2.220446049250313081e-16
2.048483243504103956e-04
3.250883361556672708e-12
4.208765148111775289e+01
6.618843271644032911e-02
3.716833364892858782e+01
3.837398005265391276e+01
3.857522048447349761e+01
3.707567154310316226e+01
9.707666631242823072e-09
3.961598984162346682e+01
3.760586508298053587e+01
3.802223936047138153e+01
3.581965436768434330e+01
2.220446049250313081e-16
3.639987743833355438e+01
3.607996724828797142e+01
3.779702182591593385e+01
3.848616623042205731e+01
3.624199881266641654e+01
4.176633585758390410e+01
2.220446049250313081e-16
3.660827663426026390e+01
3.660596574608977960e+01
4.062095353753478832e+01
3.968596334333192743e+01
3.713286442271520116e+01
3.955528115751268814e+01
3.569898282478190055e+01
3.746919025521052049e+01
3.677746946621182644e+01
3.884159675875888951e+01
3.685905892111327375e+01
3.551797283302918373e+01
3.428525400517500543e+01
3.855411329374619100e+01
3.458539860470401095e+01
3.735120349176567345e+01
1.562556360156751499e-10
3.210514724040701395e+01
3.643580422207374880e+01
3.825577253103254094e+01
4.059998584997847360e+01
3.733219762082141813e+01
3.644664017344228313e+01
3.953128865741603448e+01
3.797727060590511172e+01
4.059570475358221131e+01
3.794249202508355978e+01
4.065888869590577315e+01
3.804216337130778669e+01
3.889859486404526479e+01
4.019633433527411626e+01
2.717652116188376610e+01
2.884317184103097276e+01
4.051490368085064375e+01
3.831756959474389390e+01
4.082406320652350473e+01
3.603787874862356233e+01
3.628905137814231097e+01
4.070183376931417740e+01
3.899057543243918644e+01
3.649515965260347627e+01
1.665463245207752152e+01
3.723895367600227502e+01
3.742183183049438355e+01
3.935620790045399531e+01
4.000676499710503720e+01
3.919274585746278916e+01
4.065859139336934192e+01
3.660571176699581741e+01
2.963847548914155656e-06
3.089515761271466587e+01
4.160891631849353445e+01
2.676743312936863362e+01
3.521603085022528035e+01
2.220446049250313081e-16
3.781172529730726239e+01
3.955012807426464150e+01
3.764146915568354501e+01
3.040090132732340678e+01
1.898120992530105156e+01
3.094413007861234632e+01
3.724474698872006684e+01
3.888575273234795304e+01
1.078890730499872108e-02
3.893799366091290182e+01
3.654146144756437309e+01
3.854001407724606310e+01
3.895447737473600114e+01
3.775030829661865539e+01
3.676609560348691730e+01
1.937906342971748685e+01
3.608122310031550484e+01
4.174557393383798143e+01
1.163570244714844115e+01
3.888438718337202005e+01
3.905020467274735552e+01
3.972168081019157171e+01
3.859637082233051331e+01
3.866259451703340488e+01
3.839418337781187773e+01
2.685408811734431822e+01
3.838240182230107678e+01
3.846330466195545483e+01
3.760797131622521761e+01
3.962324640689136146e+01
3.774032917538272613e+01
3.882766377007214231e+01
3.907901063105951778e+01
3.819826459793677031e+01
3.933855404688200963e+01
3.906201462660256141e+01
2.839808191990300101e-01
2.220446049250313081e-16
3.794138784680592380e+01
3.854416251216350986e+01
3.778196071115430499e+01
3.929734289636330402e+01
2.136990794332056609e+01
3.513221608088294090e+01
1.238452693985018483e-09
3.630316052259802007e+01
3.890057620785796644e+01
3.574466721781745804e+01
3.933747307159021034e+01
3.870076424525328207e+01
3.607271263830114094e+01
3.961646337296584619e+01
3.501607077093462550e+01
4.108236562365280520e+01
3.694479138424881626e+01
3.515967668801167889e+01
1.902062221434771416e+01
2.958449626158262546e+01
3.793142551159654374e+01
3.651862745207280625e+01
3.943524810098471534e+01
3.816910759435294409e+01
4.114530611053700682e+01
3.489167749198314539e+01
2.484908438865959524e-01
3.603388046955566892e+01
4.042338372742555919e+01
4.125559380828816813e+01
3.973987309325362105e+01
2.788876113757661912e+01
3.908852921162669958e+01
3.831650192164262592e+01
4.035429110629523564e+01
1.530095026008493212e-09
4.104959442959381022e+01
3.813032146493036834e+01
4.024795065755466084e+01
3.714451406869802952e+01
3.927961501301412284e+01
3.778614652627265968e+01
3.729321135905075124e+01
3.848434094264966632e+01
4.161216372228946625e+01
3.984670890816560984e+01
2.401837065166303020e+01
9.090901070979549956e-15
3.816710807262127503e+01
3.861800030300403108e+01
3.821391674569850494e+01
3.135583643687208522e+01
4.023821025178143174e+01
3.834370676660478949e+01
3.964791014483199660e+01
3.901226815975199713e+01
4.188120265459669866e+01
3.454712666946191035e+01
3.857053717593538522e+01
4.138937287818655619e+01
3.972580702219208604e+01
2.548824701916813096e-01
3.797649000195818303e+01
3.834099328781828575e+01
3.551186429725409965e+01
3.802522957471107645e+01
3.675596398188260139e+01
3.982565578022081354e+01
3.624822188008814550e+01
1.356457227830580692e+01
3.754218993608685651e+01
3.300279073547930153e+01
3.761545080713923284e+01
3.688877467386146236e+01
3.940533430167322848e+01
4.148234339200546827e+01
3.888321741820868027e+01
3.958405504641462613e+01
4.053478936270808930e+01
3.948974693384162293e+01
3.789034547008179743e+01
3.665646962574654566e+01
3.809396230917460713e+01
3.411892912121368227e+01
3.804296308688850559e+01
3.948633062403960281e+01
3.616877624265337232e+01
3.646008343933083751e+01
3.710942287119410565e+01
3.875462971461194428e+01
3.542239807302293997e+01
4.019830100918472482e+01
3.739058861177472437e+01
3.834150884117601521e+01
3.967822297649169627e+01
3.775939928618416985e+01
3.884107637057257278e+01
3.771728674277124327e+01
3.907743517700561142e+01
3.933534095198914571e+01
3.752420910563457568e+01
4.055652761390081196e+01
3.895985539454866853e+01
3.725672807189298652e+01
3.941003046438090252e+01
3.227839438686912388e+01
3.800084683018119591e+01
3.652037809011569891e+01
3.713772183746955591e+01
3.942899663477898997e+01
3.686104945524167675e+01
3.891486127679144857e+01
3.791570148410598762e+01
3.740236282492066522e+01
2.784000669754901125e+01
3.841063070639783916e+01
3.378772210654179275e+01
3.908237172590212083e+01
3.686942429640900798e+01
3.610295763010049797e+01
3.792295424261644143e+01
3.887636352966215725e+01
3.677527684510801009e+01
1.477939754182559184e+01
3.793562756204831743e+01
3.805042117358291875e+01
4.005854903425058211e+01
3.760664344276805338e+01
2.795101723587187337e+01
3.830823893727464480e+01
3.636211322011450164e+01
3.941597842561407816e+01
3.921839594390307582e+01
4.122119173038417728e+01
3.847208787547528885e+01
3.966223852943075201e+01
3.768233574568896671e+01
3.710014273488544490e+01
3.780481674400503778e+01
3.810539283417429601e+01
4.093560796002569191e+01
3.699909649610786744e+01
3.840605117870707375e+01
9.380298022263227893e-15
2.881087799860921450e+01
3.780058190693729614e+01
3.752891606507379407e+01
3.755455693012665819e+01
4.103389745171107705e+01
3.964713378093775020e+01
4.139776853526421263e+01
3.505924272035239397e+01
2.118028094941008987e+01
3.690176553162487494e+01
1.979492521061218469e+01
3.895293968434470600e+01
3.933709665800036248e+01
3.732633640479843962e+01
4.184760688504247383e+01
3.518526907370013390e+01
2.897905483064306864e+01
3.741976052447542145e+01
3.856616429231777943e+01
4.106675855717305268e+01
3.737396280132733750e+01
3.701680271313548332e+01
3.801604482411171659e+01
1.837509668469700586e+01
4.399210905287782365e-13
2.941895584604786507e+01
3.981019226671541844e+01
3.806095479810397109e+01
3.816410250907448187e+01
4.052821718127119510e+01
3.827908611818383378e+01
3.786013765360015526e+01
3.877468851292293550e+01
4.016130777131203899e+01
2.966446178619864682e+01
3.532483045955967782e+01
3.721124245245280804e+01
3.832529582673885926e+01
3.663038566300078713e+01
3.998997139605510398e+01
3.497025525339795848e+01
3.720187907775904534e+01
3.908305960637527221e+01
3.525129971054575151e+01
3.713060769395124083e+01
3.574729167265437013e+01
3.660009656633203434e+01
3.684761271470723898e+01
3.890219853486314605e+01
3.795327658038873864e+01
3.371245125872504644e+01
4.020365145968303722e+01
3.697341201609334149e+01
3.954724216538759407e+01
3.974703789769997542e+01
3.495069233579359036e+01
3.818636374668555789e+01
1.529194355078952228e+01
3.811596869220525718e+01
3.638340168206656244e+01
4.033595939001435227e+01
9.949013942816604228e+00
3.881170918525783975e+01
4.075955867984681902e+01
3.861572735932047351e+01
3.853510676814592983e+01
3.755741580225701171e+01
3.950860000064563593e+01
3.920381504243224668e+01
3.242718919834863556e+01
3.693236718129762153e+01
3.975246976292137191e+01
2.838562438519965170e+01
3.861663069318106523e+01
3.921320983971019558e+01
4.001975101054269857e+01
3.891615605630804708e+01
3.742100389520927450e+01
4.101074598640282431e+01
2.311394827680429387e+01
3.605823211487633273e+01
3.889670797151865855e+01
3.558178687219462688e+01
3.747625275872282202e+01
3.824238961809817283e+01
3.849373661050655926e+01
3.047232276678450091e+01
3.714952111767348697e+01
3.632670208753602026e+01
3.876429744913001940e+01
3.853527190849277417e+01
3.483135525832754809e+01
3.685223933372057559e+01
4.122811802529456315e+01
3.870766901976819696e+01
3.967612869664378650e+01
3.437044971911287661e+01
3.683622780515334938e+01
3.900334903864710867e+01
3.823240630162884202e+01
4.034564433712849052e+01
4.009665981221780129e+01
3.795614002645370277e+01
3.703394764095616409e+01
3.849603150532179541e+01
3.801970997028517729e+01
3.957057787866676790e+01
3.847756782076555737e+01
3.969594824989431459e+01
3.860189133679816109e+01
3.632983630630635474e+01
3.703499416531366961e+01
3.771526177897781196e+01
3.867735248895147038e+01
4.001059044237934614e+01
3.601293248899815325e+01
3.725212978757998172e+01
3.857489845033226317e+01
3.780961580229902097e+01
4.170857845859556789e+01
4.043658887995528062e+01
3.872456250019783397e+01
3.841155084077376358e+01
3.965086442338370176e+01
3.872696265420977113e+01
3.882137912116875356e+01
4.031631755134291950e+01
3.823751677831544526e+01
3.891859099488733165e+01
4.156018997422310690e+01
3.835242202880084506e+01
3.726898748818698692e+01
3.963242234528116370e+01
3.834463630248673383e+01
2.152038871513030216e+01
3.711992844388553436e+01
3.849797361806745499e+01
3.882085255072323093e+01
4.032173255758154795e+01
3.905779314878309805e+01
4.041002039424758152e+01
3.871327239508821094e+01
3.718104533788135058e+01
3.933567237126437988e+01
3.913701779468735964e+01
3.712394387935869844e+01
3.798324581482938811e+01
4.050734618620989380e+01
3.985320056789958443e+01
3.910879186085341530e+01
3.801391066662223750e+01
3.732178609261801938e+01
3.905822162314505874e+01
3.912461189103626680e+01
3.744008901572497194e+01
3.960632244171333838e+01
3.822463788106240656e+01
3.969440296610913066e+01
3.860401427430858945e+01
3.985468764655806240e+01
3.788744929613721268e+01
3.494802185211084833e+01
