0.000000000000000000e+00
1.000000000000000021e-03
2.500000000000000052e-03
3.499999999999999639e-03
2.000000000000000042e-03
5.000000000000000104e-04
1.000000000000000021e-03
2.000000000000000042e-03
2.500000000000000052e-03
3.000000000000000496e-03
1.000000000000000021e-03
2.500000000000000052e-03
1.500000000000000248e-03
5.000000000000000104e-04
1.000000000000000021e-03
1.000000000000000021e-03
4.000000000000000083e-03
2.500000000000000052e-03
2.500000000000000052e-03
3.000000000000000062e-03
1.000000000000000021e-03
2.500000000000000052e-03
1.500000000000000248e-03
1.500000000000000248e-03
3.000000000000000062e-03
1.000000000000000021e-03
2.500000000000000052e-03
3.000000000000000062e-03
2.000000000000000042e-03
4.499999999999999660e-03
1.500000000000000248e-03
2.000000000000000042e-03
2.500000000000000052e-03
2.500000000000000052e-03
5.000000000000000104e-04
2.500000000000000052e-03
2.500000000000000052e-03
1.500000000000000248e-03
2.500000000000000052e-03
3.499999999999999639e-03
5.000000000000000104e-04
5.000000000000000104e-03
2.000000000000000042e-03
3.000000000000000062e-03
4.000000000000000083e-03
1.000000000000000021e-03
5.000000000000000104e-04
2.500000000000000052e-03
4.499999999999999660e-03
3.000000000000000062e-03
2.000000000000000042e-03
3.499999999999999639e-03
1.500000000000000248e-03
4.000000000000000083e-03
4.999999999999999237e-03
2.500000000000000052e-03
3.000000000000000062e-03
1.000000000000000021e-03
3.499999999999999639e-03
3.499999999999999639e-03
2.500000000000000052e-03
2.000000000000000042e-03
3.499999999999999639e-03
4.499999999999999660e-03
3.499999999999999639e-03
1.500000000000000248e-03
3.000000000000000062e-03
1.500000000000000248e-03
3.499999999999999639e-03
2.500000000000000052e-03
3.000000000000000062e-03
4.000000000000000083e-03
4.499999999999999660e-03
4.999999999999999237e-03
5.000000000000000104e-03
2.500000000000000052e-03
4.500000000000000527e-03
4.000000000000000083e-03
4.000000000000000083e-03
4.999999999999999237e-03
3.499999999999999639e-03
3.000000000000000062e-03
1.000000000000000021e-03
5.500000000000000548e-03
4.000000000000000083e-03
6.500000000000000569e-03
3.000000000000000062e-03
6.500000000000001436e-03
2.000000000000000042e-03
6.000000000000000125e-03
5.499999999999999681e-03
3.000000000000000062e-03
4.000000000000000083e-03
5.499999999999999681e-03
3.500000000000000507e-03
3.499999999999999639e-03
7.000000000000001013e-03
2.500000000000000052e-03
7.500000000000001457e-03
6.500000000000001436e-03
3.000000000000000062e-03
4.500000000000000527e-03
5.499999999999999681e-03
6.999999999999999278e-03
7.500000000000001457e-03
4.999999999999999237e-03
5.000000000000000104e-03
6.500000000000002304e-03
5.499999999999999681e-03
7.000000000000001013e-03
6.500000000000001436e-03
4.999999999999999237e-03
3.000000000000000062e-03
9.000000000000001055e-03
8.500000000000002345e-03
5.499999999999999681e-03
4.999999999999999237e-03
4.499999999999999660e-03
1.000000000000000194e-02
6.500000000000000569e-03
8.500000000000002345e-03
6.500000000000001436e-03
6.000000000000000992e-03
3.499999999999999639e-03
1.200000000000000372e-02
4.000000000000000083e-03
1.100000000000000283e-02
9.500000000000003234e-03
9.500000000000003234e-03
9.500000000000001499e-03
7.500000000000001457e-03
7.499999999999999722e-03
1.100000000000000110e-02
5.499999999999999681e-03
1.050000000000000065e-02
1.650000000000000078e-02
9.500000000000001499e-03
7.000000000000001880e-03
5.499999999999999681e-03
8.000000000000001901e-03
9.000000000000002789e-03
1.200000000000000372e-02
1.400000000000000550e-02
6.999999999999999278e-03
1.650000000000000425e-02
1.600000000000000727e-02
1.050000000000000239e-02
7.500000000000001457e-03
1.600000000000000380e-02
8.000000000000001901e-03
1.200000000000000372e-02
1.400000000000000376e-02
1.100000000000000110e-02
1.400000000000000376e-02
9.500000000000001499e-03
1.800000000000000558e-02
1.000000000000000194e-02
1.400000000000000550e-02
1.350000000000000505e-02
1.700000000000000122e-02
1.000000000000000194e-02
2.249999999999999917e-02
1.550000000000000509e-02
1.300000000000000461e-02
1.450000000000000420e-02
1.850000000000000602e-02
1.500000000000000291e-02
1.550000000000000336e-02
1.200000000000000372e-02
1.500000000000000465e-02
1.650000000000000425e-02
1.050000000000000412e-02
2.400000000000000050e-02
1.550000000000000509e-02
1.600000000000000727e-02
1.400000000000000376e-02
2.050000000000000780e-02
1.350000000000000332e-02
1.450000000000000594e-02
1.550000000000000509e-02
1.750000000000000513e-02
2.000000000000000389e-02
1.500000000000000291e-02
1.650000000000000425e-02
1.600000000000000380e-02
2.349999999999999659e-02
1.450000000000000247e-02
1.150000000000000154e-02
1.450000000000000420e-02
1.200000000000000372e-02
2.200000000000000219e-02
2.250000000000000611e-02
2.500000000000000833e-02
1.750000000000000513e-02
2.699999999999999276e-02
2.949999999999999845e-02
1.650000000000000425e-02
2.599999999999999534e-02
3.099999999999998590e-02
2.899999999999999106e-02
2.350000000000001046e-02
2.999999999999998154e-02
2.500000000000000139e-02
1.750000000000000513e-02
2.349999999999999659e-02
1.850000000000000602e-02
2.500000000000000139e-02
1.800000000000000558e-02
2.700000000000000316e-02
2.949999999999998804e-02
2.650000000000000272e-02
2.249999999999999917e-02
3.149999999999999328e-02
2.750000000000000014e-02
3.549999999999998296e-02
2.599999999999999187e-02
3.049999999999998893e-02
2.949999999999999151e-02
3.449999999999998207e-02
3.699999999999999123e-02
3.400000000000000244e-02
2.999999999999999889e-02
3.549999999999998990e-02
3.799999999999999906e-02
3.300000000000000155e-02
2.849999999999999756e-02
4.199999999999999567e-02
3.549999999999999684e-02
1.900000000000000647e-02
3.350000000000000200e-02
3.649999999999999772e-02
3.849999999999998562e-02
4.349999999999997619e-02
4.750000000000000749e-02
3.799999999999999906e-02
3.699999999999998429e-02
3.149999999999999328e-02
4.600000000000000616e-02
4.399999999999998357e-02
3.599999999999999034e-02
4.049999999999998046e-02
5.999999999999996309e-02
3.000000000000000930e-02
3.549999999999998296e-02
2.649999999999999578e-02
3.499999999999998945e-02
4.999999999999998196e-02
4.699999999999999317e-02
4.850000000000000838e-02
5.049999999999998934e-02
4.649999999999996497e-02
4.249999999999998224e-02
7.049999999999996547e-02
4.949999999999997458e-02
5.149999999999998329e-02
5.349999999999997119e-02
6.149999999999999217e-02
5.899999999999998301e-02
4.749999999999997280e-02
4.149999999999998829e-02
6.599999999999996148e-02
4.949999999999998151e-02
7.900000000000001465e-02
7.999999999999998779e-02
4.600000000000000616e-02
6.699999999999997624e-02
6.899999999999999190e-02
5.900000000000000383e-02
7.749999999999995781e-02
6.699999999999999012e-02
6.749999999999994893e-02
5.949999999999997652e-02
6.999999999999997891e-02
6.799999999999997713e-02
5.399999999999996469e-02
7.899999999999994527e-02
6.049999999999996353e-02
1.075000000000000400e-01
8.949999999999996847e-02
9.050000000000001099e-02
7.499999999999995559e-02
8.099999999999994704e-02
7.799999999999995826e-02
8.999999999999996891e-02
6.599999999999996148e-02
7.749999999999998557e-02
8.049999999999997435e-02
8.549999999999996492e-02
7.299999999999999545e-02
8.499999999999996447e-02
9.900000000000000466e-02
6.549999999999996103e-02
8.999999999999998279e-02
7.949999999999997347e-02
9.299999999999998546e-02
9.299999999999995770e-02
1.164999999999999647e-01
1.045000000000000095e-01
1.085000000000000131e-01
8.100000000000000255e-02
9.049999999999998324e-02
1.179999999999999938e-01
9.499999999999994560e-02
1.199999999999999956e-01
1.280000000000000304e-01
1.105000000000000426e-01
8.899999999999996803e-02
8.449999999999999178e-02
9.399999999999997247e-02
1.300000000000000044e-01
1.510000000000000508e-01
1.290000000000000591e-01
1.304999999999999494e-01
1.444999999999999896e-01
1.555000000000000548e-01
1.424999999999999878e-01
1.295000000000000595e-01
1.375000000000000111e-01
1.290000000000000036e-01
1.630000000000000893e-01
1.420000000000000151e-01
1.054999999999999827e-01
1.570000000000001117e-01
1.585000000000000020e-01
1.429999999999999605e-01
1.609999999999999765e-01
1.394999999999999851e-01
1.389999999999999847e-01
2.025000000000000411e-01
1.340000000000000080e-01
1.879999999999999727e-01
2.085000000000000464e-01
1.525000000000000244e-01
1.610000000000000042e-01
2.075000000000001010e-01
1.765000000000000180e-01
2.110000000000000486e-01
1.494999999999999662e-01
1.970000000000000362e-01
1.630000000000000060e-01
2.074999999999999900e-01
1.729999999999999594e-01
1.675000000000000377e-01
1.929999999999999771e-01
2.209999999999999742e-01
1.920000000000000040e-01
1.830000000000000793e-01
2.215000000000000302e-01
2.505000000000000560e-01
1.575000000000000289e-01
2.129999999999999949e-01
2.140000000000000513e-01
2.470000000000000528e-01
1.795000000000000762e-01
2.420000000000000762e-01
2.670000000000000151e-01
2.170000000000001095e-01
2.210000000000000575e-01
2.200000000000000011e-01
2.819999999999999729e-01
1.804999999999999938e-01
1.710000000000000131e-01
2.005000000000000671e-01
2.865000000000000324e-01
3.009999999999999343e-01
2.935000000000000941e-01
2.754999999999999671e-01
2.709999999999999631e-01
2.525000000000000577e-01
2.709999999999999631e-01
3.420000000000002482e-01
2.260000000000000620e-01
2.315000000000000113e-01
2.365000000000000158e-01
2.999999999999999889e-01
2.325000000000000955e-01
3.020000000000000462e-01
2.720000000000000195e-01
2.464999999999998859e-01
2.885000000000000897e-01
3.205000000000000626e-01
3.239999999999998992e-01
3.335000000000001297e-01
2.825000000000000844e-01
3.469999999999999751e-01
2.715000000000000746e-01
3.485000000000000320e-01
2.715000000000000746e-01
2.775000000000000799e-01
3.130000000000000560e-01
2.680000000000001270e-01
3.449999999999999734e-01
3.745000000000001106e-01
3.374999999999999112e-01
3.094999999999999973e-01
4.255000000000001004e-01
3.489999999999999769e-01
3.555000000000002047e-01
3.704999999999997740e-01
3.609999999999999876e-01
3.734999999999998876e-01
4.415000000000000036e-01
4.029999999999998028e-01
3.964999999999999636e-01
3.450000000000001399e-01
3.925000000000000711e-01
4.004999999999999671e-01
3.300000000000000155e-01
4.664999999999999702e-01
4.519999999999997908e-01
4.335000000000001075e-01
3.930000000000000160e-01
4.284999999999998255e-01
4.905000000000000471e-01
3.545000000000000928e-01
3.640000000000000457e-01
4.645000000000000795e-01
4.504999999999999560e-01
3.960000000000000187e-01
4.745000000000000884e-01
5.010000000000003340e-01
4.164999999999999813e-01
5.040000000000001146e-01
4.829999999999998739e-01
4.674999999999999156e-01
4.610000000000000209e-01
4.744999999999998663e-01
4.424999999999999489e-01
4.969999999999998863e-01
4.185000000000000386e-01
4.324999999999998845e-01
5.174999999999999600e-01
5.044999999999998375e-01
5.670000000000001705e-01
4.975000000000000533e-01
4.719999999999998641e-01
4.345000000000001084e-01
5.155000000000000693e-01
5.165000000000000702e-01
4.854999999999998206e-01
4.725000000000000866e-01
5.009999999999997788e-01
5.544999999999998819e-01
5.519999999999999352e-01
5.204999999999997407e-01
5.064999999999997282e-01
5.029999999999997806e-01
5.195000000000000728e-01
5.424999999999997602e-01
4.695000000000000284e-01
5.394999999999999796e-01
5.110000000000000098e-01
5.319999999999998064e-01
5.555000000000001048e-01
6.320000000000001172e-01
5.984999999999999210e-01
5.525000000000001021e-01
5.414999999999998703e-01
6.230000000000002203e-01
6.334999999999999520e-01
5.444999999999999840e-01
6.270000000000000018e-01
6.474999999999999645e-01
5.404999999999998694e-01
6.044999999999999263e-01
5.675000000000002265e-01
5.024999999999998357e-01
6.770000000000000462e-01
5.789999999999999591e-01
6.275000000000000577e-01
5.979999999999998650e-01
6.740000000000000435e-01
6.895000000000000018e-01
5.564999999999999947e-01
6.169999999999998819e-01
5.900000000000001910e-01
5.664999999999998925e-01
6.210000000000001075e-01
6.465000000000000746e-01
6.099999999999999867e-01
5.485000000000000986e-01
6.734999999999997655e-01
6.739999999999999325e-01
6.570000000000000284e-01
7.080000000000000737e-01
6.185000000000000497e-01
6.970000000000005080e-01
6.719999999999999307e-01
6.420000000000001261e-01
7.025000000000000133e-01
5.980000000000000870e-01
6.510000000000001341e-01
7.034999999999999032e-01
7.120000000000001883e-01
6.395000000000000684e-01
7.589999999999997859e-01
7.524999999999998357e-01
6.769999999999999352e-01
6.950000000000001732e-01
7.239999999999998659e-01
7.235000000000000320e-01
6.644999999999998685e-01
7.554999999999999494e-01
7.120000000000001883e-01
6.860000000000000542e-01
7.155000000000000249e-01
7.035000000000001252e-01
7.309999999999999831e-01
7.404999999999999361e-01
7.240000000000001990e-01
7.209999999999999742e-01
7.604999999999999538e-01
6.990000000000000657e-01
6.835000000000001075e-01
6.999999999999999556e-01
7.199999999999999734e-01
8.024999999999998801e-01
7.240000000000001990e-01
7.145000000000000240e-01
7.120000000000001883e-01
7.655000000000002913e-01
7.884999999999997566e-01
7.955000000000000959e-01
7.770000000000000240e-01
8.029999999999999361e-01
8.110000000000000542e-01
7.790000000000003588e-01
7.610000000000002318e-01
7.784999999999997478e-01
7.385000000000000453e-01
7.690000000000000169e-01
7.810000000000001386e-01
7.715000000000000746e-01
7.455000000000002736e-01
7.990000000000003766e-01
8.069999999999997176e-01
7.870000000000000329e-01
7.995000000000002105e-01
7.950000000000002620e-01
8.014999999999998792e-01
8.110000000000000542e-01
7.555000000000002824e-01
7.759999999999998010e-01
8.190000000000000613e-01
8.105000000000002203e-01
7.750000000000001332e-01
8.499999999999999778e-01
8.144999999999998908e-01
7.530000000000000027e-01
8.189999999999996172e-01
8.435000000000001386e-01
8.155000000000000027e-01
8.475000000000000311e-01
8.629999999999998783e-01
7.969999999999999307e-01
8.509999999999999787e-01
7.925000000000000933e-01
8.540000000000002034e-01
8.405000000000002469e-01
8.615000000000001545e-01
7.924999999999999822e-01
8.524999999999998135e-01
8.185000000000001164e-01
8.380000000000003002e-01
8.224999999999998979e-01
9.055000000000000826e-01
8.445000000000001394e-01
8.330000000000000737e-01
8.110000000000002762e-01
8.324999999999999067e-01
9.010000000000001341e-01
8.310000000000000719e-01
8.485000000000000320e-01
8.185000000000001164e-01
8.550000000000003153e-01
8.229999999999999538e-01
8.419999999999998597e-01
8.709999999999999964e-01
8.885000000000000675e-01
8.050000000000001599e-01
8.900000000000001243e-01
8.575000000000000400e-01
8.974999999999999645e-01
9.144999999999998685e-01
8.529999999999999805e-01
8.905000000000000693e-01
9.159999999999999254e-01
8.824999999999998401e-01
8.515000000000000346e-01
8.675000000000000488e-01
8.285000000000002363e-01
8.815000000000000613e-01
8.534999999999997033e-01
8.475000000000000311e-01
8.305000000000000160e-01
8.480000000000000870e-01
8.615000000000001545e-01
8.884999999999999565e-01
8.750000000000000000e-01
9.100000000000001421e-01
8.830000000000004512e-01
8.554999999999999272e-01
8.825000000000001732e-01
9.455000000000002292e-01
9.140000000000000346e-01
9.014999999999999680e-01
8.745000000000000551e-01
8.990000000000000213e-01
9.134999999999997566e-01
8.674999999999997158e-01
9.090000000000000302e-01
9.250000000000000444e-01
9.420000000000001705e-01
9.020000000000000240e-01
8.860000000000001208e-01
9.280000000000001581e-01
9.220000000000000417e-01
8.725000000000001643e-01
9.119999999999999218e-01
9.259999999999999343e-01
9.095000000000001972e-01
9.050000000000001377e-01
8.795000000000001705e-01
9.075000000000001954e-01
8.894999999999998463e-01
8.930000000000001270e-01
8.940000000000000169e-01
9.259999999999999343e-01
9.179999999999999272e-01
9.495000000000000107e-01
9.135000000000000897e-01
9.265000000000001013e-01
9.325000000000001066e-01
9.595000000000000195e-01
8.780000000000000027e-01
9.125000000000000888e-01
9.200000000000001510e-01
9.544999999999999041e-01
9.130000000000001448e-01
9.395000000000000018e-01
9.275000000000001021e-01
9.235000000000000986e-01
9.399999999999999467e-01
9.034999999999999698e-01
8.915000000000000702e-01
8.924999999999998490e-01
9.215000000000000968e-01
9.505000000000001226e-01
9.270000000000000462e-01
9.639999999999999680e-01
9.504999999999997895e-01
9.270000000000000462e-01
9.315000000000002167e-01
9.369999999999998330e-01
9.415000000000000036e-01
9.415000000000000036e-01
9.150000000000000355e-01
9.625000000000001332e-01
9.370000000000000551e-01
9.369999999999998330e-01
9.780000000000000915e-01
9.320000000000000506e-01
9.255000000000001004e-01
9.505000000000000115e-01
9.510000000000000675e-01
9.000000000000001332e-01
9.320000000000000506e-01
9.269999999999999352e-01
9.425000000000000044e-01
9.380000000000001670e-01
9.335000000000001075e-01
9.160000000000000364e-01
9.680000000000000826e-01
9.529999999999999583e-01
9.030000000000000249e-01
9.405000000000000027e-01
9.384999999999998899e-01
9.405000000000000027e-01
9.440000000000000613e-01
9.455000000000000071e-01
9.495000000000000107e-01
9.490000000000000657e-01
9.759999999999997566e-01
9.340000000000000524e-01
9.625000000000000222e-01
9.530000000000000693e-01
9.315000000000001057e-01
9.250000000000000444e-01
9.744999999999999218e-01
9.434999999999998943e-01
9.549999999999999600e-01
9.864999999999999325e-01
9.529999999999999583e-01
9.320000000000000506e-01
9.620000000000000773e-01
9.809999999999999831e-01
9.795000000000000373e-01
9.879999999999999893e-01
9.434999999999998943e-01
9.394999999999998908e-01
9.520000000000000684e-01
9.415000000000000036e-01
9.139999999999999236e-01
9.419999999999998375e-01
9.334999999999999964e-01
9.804999999999999272e-01
9.560000000000000719e-01
9.710000000000000853e-01
9.595000000000000195e-01
9.655000000000000249e-01
9.599999999999999645e-01
9.509999999999999565e-01
9.479999999999999538e-01
9.490000000000000657e-01
9.435000000000001164e-01
9.555000000000000160e-01
9.370000000000000551e-01
9.579999999999999627e-01
9.620000000000000773e-01
9.694999999999999174e-01
9.585000000000001297e-01
9.749999999999999778e-01
9.709999999999999742e-01
9.710000000000000853e-01
9.929999999999999938e-01
9.930000000000001048e-01
9.909999999999999920e-01
9.624999999999999112e-01
9.980000000000001092e-01
9.665000000000000258e-01
9.795000000000000373e-01
9.875000000000001554e-01
9.995000000000000551e-01
9.835000000000000409e-01
9.625000000000000222e-01
9.719999999999999751e-01
9.529999999999999583e-01
9.845000000000000417e-01
9.895000000000000462e-01
9.795000000000000373e-01
9.494999999999998996e-01
9.825000000000000400e-01
9.110000000000000320e-01
9.579999999999999627e-01
9.929999999999999938e-01
9.520000000000000684e-01
9.799999999999999822e-01
9.815000000000000391e-01
9.814999999999999281e-01
9.789999999999998703e-01
9.529999999999999583e-01
9.709999999999999742e-01
9.625000000000001332e-01
9.704999999999999183e-01
9.765000000000001457e-01
9.590000000000000746e-01
9.969999999999999973e-01
1.000000000000000000e+00
9.589999999999999636e-01
9.725000000000000311e-01
9.804999999999999272e-01
9.899999999999999911e-01
9.899999999999999911e-01
9.655000000000000249e-01
9.990000000000001101e-01
9.775000000000000355e-01
9.799999999999999822e-01
9.995000000000000551e-01
9.765000000000000346e-01
9.875000000000000444e-01
9.954999999999999405e-01
9.819999999999999840e-01
9.789999999999998703e-01
9.954999999999999405e-01
9.919999999999999929e-01
9.969999999999999973e-01
9.949999999999999956e-01
9.840000000000000968e-01
9.819999999999998730e-01
9.715000000000000302e-01
9.699999999999998623e-01
9.909999999999999920e-01
9.890000000000001013e-01
9.649999999999999689e-01
9.719999999999998641e-01
9.849999999999999867e-01
9.804999999999999272e-01
9.875000000000000444e-01
9.825000000000000400e-01
9.960000000000001075e-01
9.670000000000000817e-01
1.000000000000000000e+00
9.840000000000000968e-01
9.925000000000000488e-01
9.845000000000000417e-01
9.980000000000001092e-01
9.875000000000000444e-01
9.444999999999997842e-01
9.685000000000001386e-01
9.664999999999999147e-01
9.764999999999999236e-01
9.904999999999999361e-01
9.715000000000000302e-01
9.815000000000000391e-01
9.730000000000000870e-01
1.000000000000000000e+00
9.890000000000001013e-01
9.799999999999999822e-01
9.890000000000001013e-01
9.834999999999999298e-01
9.904999999999999361e-01
9.940000000000001057e-01
9.740000000000000879e-01
9.830000000000000959e-01
9.690000000000000835e-01
9.925000000000000488e-01
9.819999999999999840e-01
9.835000000000000409e-01
9.795000000000000373e-01
9.845000000000000417e-01
9.734999999999999210e-01
9.799999999999999822e-01
9.829999999999999849e-01
1.000000000000000000e+00
9.854999999999999316e-01
1.000000000000000000e+00
9.899999999999999911e-01
9.699999999999999734e-01
9.814999999999999281e-01
1.000000000000000000e+00
9.940000000000001057e-01
9.749999999999999778e-01
9.904999999999999361e-01
1.000000000000000000e+00
9.984999999999999432e-01
9.829999999999999849e-01
9.925000000000000488e-01
9.904999999999999361e-01
9.635000000000001341e-01
9.904999999999999361e-01
9.979999999999999982e-01
9.815000000000000391e-01
9.929999999999999938e-01
9.945000000000000506e-01
1.000000000000000000e+00
9.769999999999999796e-01
9.904999999999999361e-01
9.830000000000000959e-01
1.000000000000000000e+00
9.965000000000000524e-01
9.884999999999999343e-01
9.725000000000000311e-01
9.909999999999999920e-01
9.854999999999999316e-01
1.000000000000000000e+00
9.985000000000000542e-01
9.899999999999999911e-01
9.940000000000001057e-01
9.834999999999999298e-01
1.000000000000000000e+00
9.815000000000000391e-01
9.875000000000000444e-01
1.000000000000000000e+00
9.819999999999999840e-01
9.965000000000000524e-01
1.000000000000000000e+00
9.834999999999999298e-01
1.000000000000000000e+00
9.945000000000000506e-01
9.945000000000000506e-01
9.990000000000001101e-01
9.895000000000000462e-01
1.000000000000000000e+00
1.000000000000000000e+00
1.000000000000000000e+00
1.000000000000000000e+00
9.904999999999999361e-01
9.959999999999999964e-01
1.000000000000000000e+00
1.000000000000000000e+00
9.854999999999999316e-01
9.875000000000000444e-01
9.904999999999999361e-01
9.919999999999999929e-01
1.000000000000000000e+00
9.899999999999999911e-01
9.899999999999999911e-01
9.965000000000000524e-01
1.000000000000000000e+00
1.000000000000000000e+00
1.000000000000000000e+00
9.919999999999999929e-01
9.979999999999999982e-01
1.000000000000000000e+00
9.895000000000000462e-01
9.899999999999999911e-01
1.000000000000000000e+00
9.975000000000000533e-01
1.000000000000000000e+00
1.000000000000000000e+00
9.729999999999999760e-01
9.919999999999999929e-01
9.899999999999999911e-01
9.979999999999999982e-01
9.949999999999999956e-01
1.000000000000000000e+00
9.904999999999999361e-01
1.000000000000000000e+00
9.899999999999999911e-01
9.899999999999999911e-01
1.000000000000000000e+00
1.000000000000000000e+00
9.905000000000001581e-01
1.000000000000000000e+00
9.899999999999999911e-01
9.915000000000000480e-01
9.990000000000001101e-01
9.984999999999999432e-01
9.909999999999999920e-01
1.000000000000000000e+00
9.969999999999999973e-01
1.000000000000000000e+00
1.000000000000000000e+00
9.899999999999999911e-01
1.000000000000000000e+00
1.000000000000000000e+00
9.909999999999999920e-01
9.904999999999999361e-01
1.000000000000000000e+00
1.000000000000000000e+00
1.000000000000000000e+00
9.969999999999999973e-01
1.000000000000000000e+00
1.000000000000000000e+00
1.000000000000000000e+00
1.000000000000000000e+00
1.000000000000000000e+00
1.000000000000000000e+00
9.899999999999999911e-01
9.959999999999999964e-01
9.925000000000000488e-01
1.000000000000000000e+00
1.000000000000000000e+00
1.000000000000000000e+00
1.000000000000000000e+00
9.904999999999999361e-01
1.000000000000000000e+00
9.975000000000000533e-01
1.000000000000000000e+00
1.000000000000000000e+00
1.000000000000000000e+00
9.995000000000000551e-01
1.000000000000000000e+00
1.000000000000000000e+00
9.899999999999999911e-01
9.899999999999999911e-01
1.000000000000000000e+00
1.000000000000000000e+00
1.000000000000000000e+00
1.000000000000000000e+00
1.000000000000000000e+00
9.915000000000000480e-01
1.000000000000000000e+00
9.899999999999999911e-01
9.899999999999999911e-01
1.000000000000000000e+00
1.000000000000000000e+00
1.000000000000000000e+00
9.969999999999999973e-01
9.990000000000001101e-01
1.000000000000000000e+00
1.000000000000000000e+00
1.000000000000000000e+00
9.919999999999999929e-01
1.000000000000000000e+00
1.000000000000000000e+00
1.000000000000000000e+00
1.000000000000000000e+00
1.000000000000000000e+00
1.000000000000000000e+00
1.000000000000000000e+00
9.904999999999999361e-01
1.000000000000000000e+00
1.000000000000000000e+00
1.000000000000000000e+00
1.000000000000000000e+00
1.000000000000000000e+00
1.000000000000000000e+00
1.000000000000000000e+00
1.000000000000000000e+00
1.000000000000000000e+00
1.000000000000000000e+00
1.000000000000000000e+00
9.990000000000001101e-01
1.000000000000000000e+00
1.000000000000000000e+00
1.000000000000000000e+00
1.000000000000000000e+00
1.000000000000000000e+00
1.000000000000000000e+00
1.000000000000000000e+00
