8.795329428410341631e-06
9.102375183046353620e-06
8.432426087431078165e-06
8.151673755495763307e-06
8.480438009573174773e-06
8.149878745064379558e-06
8.365204409478467924e-06
8.391175742787055928e-06
8.073770210670634770e-06
8.440878843418997085e-06
8.351580563362511164e-06
8.403435683669005081e-06
8.002626323356982170e-06
7.412949128873476591e-06
6.853721646431255052e-06
6.411101798620675541e-06
6.327665943423282073e-06
6.189373175281185481e-06
6.286452387055583199e-06
6.969633848374573332e-06
7.330121741609003465e-06
7.605385179462101133e-06
7.757503063606249904e-06
7.845142867070076129e-06
7.893275623229752255e-06
7.744196053609228749e-06
7.492810147320170124e-06
6.932672545298568486e-06
7.127968566044099805e-06
6.994854901761680324e-06
6.800379505449554923e-06
6.587277898651194370e-06
6.414742975152395103e-06
6.517343567592585535e-06
6.686504943462521590e-06
5.946929683942578234e-06
5.943100557570570832e-06
5.725073104946585883e-06
5.580446179780949853e-06
5.675938542789668058e-06
5.490157227508679206e-06
5.486840077887716083e-06
5.131956031623950316e-06
4.838172261663895710e-06
4.734061522134646994e-06
4.557849778583785856e-06
4.546786270469318709e-06
4.513196870641538647e-06
4.751648548637625110e-06
4.537945373782995931e-06
