6.029342616661616638e+00
6.061427315131551197e+00
6.115646170286535011e+00
6.081863641400660825e+00
6.114151067102593373e+00
5.980460570069547899e+00
5.920890925374238556e+00
5.786951578883129166e+00
5.866058710302161749e+00
5.882318229127778686e+00
5.927208516094570889e+00
5.893518032089273717e+00
5.792648084388401841e+00
5.572492079734656656e+00
5.504376812211985381e+00
5.561918522472986126e+00
5.622426175772771373e+00
5.653311566101678842e+00
5.653589563902823301e+00
5.766921124293028278e+00
5.789613796259962086e+00
5.863579283505991668e+00
5.921372871431328733e+00
6.017979278892199524e+00
6.013416444251157067e+00
6.006338924747543828e+00
5.913342817606409341e+00
5.853213272606147655e+00
5.707626084253281107e+00
5.606318157531701374e+00
5.556316885033127484e+00
5.584941885941415940e+00
5.538248191916061103e+00
5.509191480912299710e+00
5.504884307365214724e+00
5.510583255000812919e+00
5.495805255075949525e+00
5.529438838788204968e+00
5.509400159332563440e+00
5.540736822319264121e+00
5.503329569918415487e+00
5.571306908295391658e+00
5.587563748751804837e+00
5.709519999342275831e+00
5.709018970552250494e+00
5.620012095705936517e+00
5.406101685076078134e+00
5.210706906591513921e+00
4.954698737277662524e+00
4.961673527439695697e+00
