1.206101414596941446e+01
1.230653474107960221e+01
1.258153407511307975e+01
1.248885075547916301e+01
1.257480486227783167e+01
1.269779487436418286e+01
1.268497280684185036e+01
1.222495236700141774e+01
1.228371900305807962e+01
1.249730461575592777e+01
1.252465269200910747e+01
1.251053009860742726e+01
1.250229386400046216e+01
1.230722027522961426e+01
1.202549570537111556e+01
1.214816250026066946e+01
1.189354449783996515e+01
1.200442529198843111e+01
1.180944270031517362e+01
1.156742373591265860e+01
1.163056125370534311e+01
1.157249002591398046e+01
1.151575533440268906e+01
1.143555042770519492e+01
1.131538169436501207e+01
1.154910371767400079e+01
1.155384378963734626e+01
1.143179821952601039e+01
1.144407320062976829e+01
1.128936067290282530e+01
1.111060335650123143e+01
1.100190566038991236e+01
1.108152087048806500e+01
1.144498359069423010e+01
1.147923804387303903e+01
1.141884000574160396e+01
1.163316921997425979e+01
1.189421619497128546e+01
1.169290055720333221e+01
1.211949420476794792e+01
1.252328228494015505e+01
1.225923220588826723e+01
1.218249961493972222e+01
1.244432072868650963e+01
1.229279999834193049e+01
1.225027588835787107e+01
1.219356776000245723e+01
1.186394126459749110e+01
1.170654442973515863e+01
1.125694795519859781e+01
