7.923067461724629668e-03
7.876955219912280814e-03
7.710933631982659457e-03
7.824589725979928800e-03
7.698529957154964624e-03
7.271823692972049710e-03
6.768128269697211603e-03
6.693662915567851965e-03
6.923211587375749029e-03
6.751879927040188231e-03
6.416205653224793179e-03
6.071014881918028634e-03
5.957283257797608630e-03
5.798949840867222497e-03
5.989252904125951654e-03
6.136517580650425498e-03
5.916638690227986851e-03
5.765176027190783807e-03
5.566898766887286992e-03
5.357567079111175655e-03
5.377744810489495236e-03
5.258896865175741696e-03
5.201759956589381735e-03
5.071449127695432796e-03
4.900154529151119071e-03
4.554964766163281144e-03
4.431396675360761012e-03
4.438722797363076587e-03
4.421254583873460327e-03
4.212623111289476308e-03
3.885516771117039029e-03
3.670410442258410701e-03
3.646619499106604385e-03
3.690061162990169660e-03
3.691406379897764663e-03
3.576838799103749470e-03
3.438721165795850625e-03
3.241781441392907470e-03
3.184285602380772240e-03
3.106078258497277367e-03
2.943140471290686504e-03
2.837986865962065751e-03
2.692401047176671940e-03
2.572515509808144096e-03
2.504572558969576836e-03
2.487014857436108291e-03
2.446656436691465718e-03
2.470363423880607857e-03
2.415415290987845548e-03
2.339456021778263395e-03
