6.895485486287895868e-06
6.697479605973172524e-06
6.623140811662876209e-06
6.632191948877067694e-06
6.700913186038164609e-06
6.807942359552655641e-06
6.927679508491262554e-06
7.031692819075010112e-06
7.096324006806095189e-06
7.111980033309319216e-06
7.087060472259568223e-06
7.042204691862065524e-06
6.998967856202861535e-06
6.971921192650820213e-06
6.968003721721564793e-06
6.989676698956628143e-06
7.037712065957560171e-06
7.112445322408859154e-06
7.214054661254366385e-06
7.342517320853093196e-06
7.497556005456747672e-06
7.678640001689170780e-06
7.884990822822354487e-06
8.115522116802342456e-06
8.368670023411397356e-06
8.642111339719426129e-06
8.932413772130955320e-06
9.234713170426871561e-06
9.542551975507923179e-06
9.848014019086667265e-06
1.014222374448978051e-05
1.041613745965302824e-05
1.066140134710818307e-05
1.087102281942538721e-05
1.103982462886049371e-05
1.116503527134893393e-05
1.124748900563424993e-05
1.129334930198525512e-05
1.131535432357499616e-05
1.133214168831213579e-05
1.136426477024997856e-05
1.142658465955671192e-05
1.152131752166272922e-05
1.163932152274891565e-05
1.176887308723360023e-05
1.190268591283178563e-05
1.203883098400685122e-05
1.217803891487156857e-05
1.232059582584267817e-05
1.246433283133025689e-05
