3.689666060823352839e-05
3.677633636220693536e-05
3.672766905884427256e-05
3.675140494603028834e-05
3.685930247514115996e-05
3.706788455676914311e-05
3.739475474036187743e-05
3.785567550271392109e-05
3.846052185170183309e-05
3.920939216286554606e-05
4.009021640131507760e-05
4.107670904160670955e-05
4.212461668695501992e-05
4.316662436518001352e-05
4.411013997909869543e-05
4.484414263277618147e-05
4.525995314717464623e-05
4.528743027599215181e-05
4.494045718065512276e-05
4.435173405060621103e-05
4.376847960726661265e-05
4.349002876341469693e-05
4.376368450685537312e-05
4.470498836545000042e-05
4.630841468647151321e-05
4.853657563601535983e-05
5.140728121315226969e-05
5.500285980072044782e-05
5.936320332314215048e-05
6.427245171724531184e-05
6.903967436179748356e-05
7.249370227947822174e-05
7.343976523216269679e-05
7.146650700799400224e-05
6.742613424679963182e-05
6.301392193686054127e-05
5.950860879324581637e-05
5.678580924281611500e-05
5.399400855467526353e-05
5.105983750729331403e-05
4.921033310942282208e-05
4.961070698177055165e-05
5.157047712732761968e-05
5.395425389004329235e-05
5.637848779880163776e-05
5.884324659543496147e-05
6.137917465294162795e-05
6.393705775547850836e-05
6.638075619916095895e-05
6.851014740765419108e-05
