7.774384756478070714e-07
7.718763094042929602e-07
7.682717688502023239e-07
7.668448640083457280e-07
7.678398747441560229e-07
7.715222799848070627e-07
7.781756521427830744e-07
7.880986364888298589e-07
8.016024556939122501e-07
8.190091074542004700e-07
8.406506157745998324e-07
8.668694946879817561e-07
8.980204525736062540e-07
9.344731307577177180e-07
9.766156625209209808e-07
1.024859714923845814e-06
1.079649468593166888e-06
1.141476541988710564e-06
1.210899448211157300e-06
1.288563524430143729e-06
1.375218442633877280e-06
1.471733467062981334e-06
1.579112353439197670e-06
1.698509922143850456e-06
1.831251689462980085e-06
1.978856886156329571e-06
2.143064238294717009e-06
2.325859449494680591e-06
2.529503388770803470e-06
2.756559655373111529e-06
3.009919718002534671e-06
3.292822477632081561e-06
3.608863229289113730e-06
3.961984264663375897e-06
4.356435837560177403e-06
4.796691388272919792e-06
5.287295084668953301e-06
5.832612939045947615e-06
6.436452282586895186e-06
7.101510983332705469e-06
7.828622697158088914e-06
8.615785349490049914e-06
9.457009090204794764e-06
1.034110999707637837e-05
1.125071362846279128e-05
1.216190252896012734e-05
1.304508402275312378e-05
1.386765042413219978e-05
1.459869933984977640e-05
1.521538226036246029e-05
