2.081733237683537077e-04
1.983531420909531696e-04
1.894323637452851249e-04
1.811174415031571478e-04
1.730540704268673140e-04
1.649523302320564106e-04
1.567142984994308928e-04
1.484500001808601317e-04
1.403578898952265435e-04
1.326085339409817485e-04
1.252981336203456151e-04
1.184603803280003496e-04
1.120973230316108947e-04
1.061989388393974479e-04
1.007506435263055497e-04
9.573551618328191297e-05
9.113419892438897674e-05
8.692509241957386429e-05
8.308645782632123036e-05
7.959953647039005138e-05
7.645173144732396431e-05
7.363624622664833468e-05
7.113964057757257817e-05
6.891085798148482500e-05
6.682688479019068548e-05
6.471145308395884438e-05
6.244151162682165892e-05
6.004502665158503087e-05
5.766134557206690906e-05
5.542329645987243298e-05
5.337690777936001529e-05
5.149582667188526365e-05
4.974121115618946107e-05
4.808455060167504821e-05
4.651249912183080495e-05
4.502316779126475462e-05
4.362000687516233091e-05
4.230587917443278149e-05
4.107789706425940269e-05
3.992697646899317799e-05
3.884617229884510691e-05
3.784247736187644885e-05
3.693568081056826499e-05
3.613744910925104613e-05
3.542726740593886133e-05
3.474629428999095193e-05
3.401615105417024452e-05
3.317575676397146127e-05
3.221568227643421134e-05
3.118373770501086403e-05
