7.897458442723316336e-05
8.089377038958789725e-05
8.245516472592259532e-05
8.337864770888699995e-05
8.342959763286465443e-05
8.252892844941833305e-05
8.081181416411859257e-05
7.859745889302312901e-05
7.629191874678664849e-05
7.428564947037202533e-05
7.288915443823601654e-05
7.230728006485514776e-05
7.263741496889370894e-05
7.388674219863146917e-05
7.600880957974027704e-05
7.895155289776166930e-05
8.269946269819097536e-05
8.729626767127935977e-05
9.285110361288992440e-05
9.954339022074608888e-05
1.076365106379395498e-04
1.174926508115268548e-04
1.295694791955256595e-04
1.443738419547798703e-04
1.622686638991391946e-04
1.828512203161556336e-04
2.038728016437485230e-04
2.211816688934592663e-04
2.319422882619723259e-04
2.378284413028428882e-04
2.417954043181807405e-04
2.442475345920079848e-04
2.441251297883231667e-04
2.408858926582181040e-04
2.355329926757666133e-04
2.308231267460241398e-04
2.307820013919593700e-04
2.395313195145927292e-04
2.593828351345999882e-04
2.889183025536812060e-04
3.221136545315545635e-04
3.483980230742021430e-04
3.544476404021001405e-04
3.338120335574867674e-04
2.974438687753944979e-04
2.621207046141646674e-04
2.312164689930867065e-04
2.038764786982121978e-04
1.834801436461277872e-04
1.700668589453830488e-04
