3.815999451544608401e-07
3.745617997530392377e-07
3.676581923841783088e-07
3.608788859809040873e-07
3.542155368151173393e-07
3.476613037085734405e-07
3.412105108230840633e-07
3.348583795338630736e-07
3.286008172992386515e-07
3.224342643237357992e-07
3.163556144795886056e-07
3.103621604656309334e-07
3.044515562978514426e-07
2.986217773241270542e-07
2.928710688097634555e-07
2.871979092898361087e-07
2.816009543774758919e-07
2.760790210762745924e-07
2.706310504611963960e-07
2.652560951472465699e-07
2.599533031166547133e-07
2.547218964352052531e-07
2.495611623280249958e-07
2.444704521125166968e-07
2.394491719158723742e-07
2.344967690218214956e-07
2.296127333158511120e-07
2.247965876440246751e-07
2.200478885874112379e-07
2.153662183357030271e-07
2.107511856757576593e-07
2.062024308888564238e-07
2.017196109812398357e-07
1.973024132648147310e-07
1.929505462288920318e-07
1.886637335228405749e-07
1.844417192867955005e-07
1.802842682324559312e-07
1.761911615748803556e-07
1.721622019877137026e-07
1.681972042307051788e-07
1.642960094929824766e-07
1.604584680329735866e-07
1.566844615606670757e-07
1.529738741221985019e-07
1.493265937092135700e-07
1.457425049401751361e-07
1.422214604802381817e-07
1.387632522605718695e-07
1.353675973594564758e-07
