1.301984657672974411e-04
1.328757661056677460e-04
1.355886663654866787e-04
1.381307003577326173e-04
1.404812701958853857e-04
1.425581815011906634e-04
1.436317084574780607e-04
1.435555942702150046e-04
1.435817186095478097e-04
1.431536523638638869e-04
1.419346440906707181e-04
1.400571898904537480e-04
1.375071933180729042e-04
1.343062829920396847e-04
1.305354970763076693e-04
1.263974868994381564e-04
1.221167043060971346e-04
1.178550211986411251e-04
1.137564738446824718e-04
1.099686984133710425e-04
1.066036351443271156e-04
1.036969880545490037e-04
1.011929433591289752e-04
9.896445179588693984e-05
9.686887619870158765e-05
9.482214058495124040e-05
9.285395704517160104e-05
9.110152177444589563e-05
8.972857812102577504e-05
8.881448421162981075e-05
8.829776379892532371e-05
8.801430208522289936e-05
8.778177207413516664e-05
8.746437953369304915e-05
8.700329170770976597e-05
8.643446537523488227e-05
8.590326644695173565e-05
8.564774464775090634e-05
8.589796275603500436e-05
8.671255878150971644e-05
8.790713124898713951e-05
8.912661811318665190e-05
8.998335998379775763e-05
9.023918121349534176e-05
8.995894499653494408e-05
8.947359416423375273e-05
8.912757706123502111e-05
8.901619123042223375e-05
8.892127271601131121e-05
8.846890422076867538e-05
