4.312801172910904864e-05
4.399873473538273833e-05
4.486555796596686463e-05
4.572829798958693789e-05
4.658678842344379117e-05
4.744087006603780533e-05
4.829079809912557874e-05
4.913818681077200713e-05
4.998716681403051929e-05
5.084500272442964852e-05
5.172181832008701443e-05
5.263000166568964966e-05
5.358383134581469053e-05
5.459865671127368033e-05
5.568855267965986311e-05
5.686337178851269021e-05
5.812781465734875597e-05
5.948304637115044927e-05
6.092900628813861493e-05
6.246609063631020564e-05
6.409600199402278975e-05
6.582190244815086793e-05
6.764809531876981794e-05
6.957955199348426589e-05
7.162160591572668824e-05
7.377999478427288665e-05
7.606119757694920205e-05
7.847278925579514953e-05
8.102346642171392793e-05
8.372270788079858386e-05
8.658048174608940536e-05
8.960718872767581896e-05
9.281363251208919383e-05
9.621100177408358346e-05
9.981105493359532146e-05
1.036265804917365345e-04
1.076719737863525721e-04
1.119636688797679509e-04
1.165203014556495214e-04
1.213626694073277813e-04
1.265135433841342106e-04
1.319972756291185587e-04
1.378392187501499718e-04
1.440650837996988666e-04
1.507003422520772416e-04
1.577697484509918164e-04
1.652971907893552750e-04
1.733061988047461001e-04
1.818213036717969975e-04
1.908701383895447718e-04
