7.337177787433627532e-07
7.056227397657083324e-07
6.798079539229274003e-07
6.560146389567282654e-07
6.339993112593934918e-07
6.135395808992569078e-07
5.944383063249573251e-07
5.765249420896863471e-07
5.596542245843746826e-07
5.437030927993822331e-07
5.285670210290283693e-07
5.141569497738734309e-07
5.003976896572476867e-07
4.872278961437119975e-07
4.746009741758666062e-07
4.624860289636107786e-07
4.508682590201465174e-07
4.397486984754120041e-07
4.291433750459860048e-07
4.190818021254542516e-07
4.096046749614369520e-07
4.007606077781466973e-07
3.926018940084337448e-07
3.851797210956928648e-07
3.785394248039185221e-07
3.727163272939544551e-07
3.677324176042046461e-07
3.635941941957153886e-07
3.602921447107736694e-07
3.578019615199299004e-07
3.560867356600418173e-07
3.550989875825967005e-07
3.547819618997307026e-07
3.550703240381535666e-07
3.558907569065410173e-07
3.571628938533422466e-07
3.588008809183479062e-07
3.607156836827931797e-07
3.628180219602476722e-07
3.650214736377680233e-07
3.672450905892370796e-07
3.694151775538148204e-07
3.714662615615164244e-07
3.733414679389524939e-07
3.749925673386922046e-07
3.763798102920233287e-07
3.774716397794760553e-07
3.782442605110706419e-07
3.786809893395462208e-07
3.787713004989478285e-07
