7.997687782839583608e-12
1.226777308625998771e-11
1.387929621636644764e-11
7.122137312246609140e-12
1.269431855854892006e-11
1.410718400183890163e-11
7.639937812487501624e-12
1.286854964307203232e-11
1.228817518987715946e-11
5.908187950196190963e-12
1.024791816961720413e-11
8.975333957285644210e-12
5.506399015793786225e-12
1.009039664601861693e-11
9.608427190897810849e-12
4.764088910127008177e-12
6.368247273703179611e-12
6.020528284170464563e-12
3.501374594228730456e-12
5.753572986290854399e-12
6.482182872805130160e-12
3.571084154037257876e-12
5.870219788639051413e-12
5.962565086279983013e-12
3.382585436113015841e-12
5.532686350425086662e-12
5.292638623209261377e-12
3.150056487708571088e-12
4.927677328772747683e-12
5.929668359323927331e-12
3.284565325516266660e-12
4.018754105494575451e-12
5.803165198498101183e-12
2.982184405369263119e-12
4.790503595533751669e-12
4.973506436667320982e-12
2.316810790554417070e-12
3.497673160818557281e-12
3.820362290239390956e-12
2.006214025555526999e-12
3.693139656997784357e-12
4.167555949850586210e-12
1.968819268785711208e-12
3.264145691993740179e-12
3.553378850072119500e-12
2.709745948821163346e-12
4.134611085709360881e-12
3.985966847208417730e-12
2.656375595778441659e-12
2.960953828022555931e-12
