1.935184808143184916e-03
1.835333945040216845e-03
1.322011581148905797e-03
2.078766759674460611e-03
2.372605569491828114e-03
2.439103615803964870e-03
2.684891490104372030e-03
2.618920778529561406e-03
2.806449472981166742e-03
2.472186165534113241e-03
2.219762071689449640e-03
1.848389336490442909e-03
1.356699440392824694e-03
2.220279199871929687e-03
1.845148050147898001e-03
2.129296272195415653e-03
2.289362409433371402e-03
1.810093559118490037e-03
1.592255319702818141e-03
1.520403610005487778e-03
1.585989789224039959e-03
1.370893375493547478e-03
1.563408375536705754e-03
1.550226395145358959e-03
2.566813867879469933e-03
2.537722734087075483e-03
1.830414774104431857e-03
2.043200548728428372e-03
2.307675070697180232e-03
2.063304264439141771e-03
1.921019316213155425e-03
1.854408052664962767e-03
1.843902760110577689e-03
1.459763589056238889e-03
1.349374811624958620e-03
1.488359234660650583e-03
1.691076137740061018e-03
1.357686538048582994e-03
1.721646042836817063e-03
1.810543757360086716e-03
1.631158672427888718e-03
1.209406096737908158e-03
9.670595703045080848e-04
1.342593355932995098e-03
1.332163618862782558e-03
1.091727386357981217e-03
1.152878253116110946e-03
1.175861059142026179e-03
1.264252291982268656e-03
1.158332060195938710e-03
