6.719153142153256568e-13
5.095516365284075273e-13
4.358932725543847266e-13
5.565619586137423335e-13
9.554752511293711053e-13
5.871518438147960819e-13
3.857239066962827010e-13
5.144102889148325506e-13
8.463581922927484910e-13
7.006889194146441640e-13
4.064945665260752232e-13
5.114923814486755514e-13
8.048991191526660389e-13
7.207097535979367030e-13
4.552009220008029894e-13
5.458178403209975501e-13
8.182256233193685576e-13
5.957655858953728803e-13
4.066062846249998880e-13
4.904188525165059574e-13
6.604689226225271136e-13
6.954559931225768985e-13
4.699984359159774233e-13
5.400734863786937059e-13
9.090617952826824636e-13
6.600302364156724433e-13
4.404581984285030915e-13
4.584505051033548232e-13
6.301367630699322161e-13
5.820151445574992288e-13
4.598567065902984269e-13
5.449816765499825063e-13
8.281526502527430321e-13
7.331183946090846134e-13
4.429583741636147653e-13
5.257381570107162518e-13
5.998255905816636512e-13
5.255818753970676361e-13
4.532850174696271857e-13
4.753988267657505075e-13
6.301713122017822849e-13
5.337846291939168960e-13
4.185460560890273551e-13
5.373647908599502760e-13
6.707087660471795460e-13
5.941582579750749366e-13
4.549686858634405041e-13
4.889323604925685327e-13
8.704824182892521446e-13
6.519808491807155702e-13
