6.482921861622157070e-13
5.842232473108698232e-13
5.756300868623954028e-13
6.010638240393364001e-13
5.902144490684998260e-13
5.965596075831218269e-13
6.173758323181769955e-13
6.381339030152247514e-13
6.379699914668581726e-13
6.795304979491167623e-13
6.901031405412730584e-13
7.224884232471462054e-13
6.949754496229623850e-13
7.721915331193063487e-13
6.879868660542181713e-13
7.123408125420822447e-13
7.334655728233522449e-13
6.677188320852516195e-13
6.585302784658291904e-13
6.561771100099042204e-13
6.537262563360641866e-13
6.322662011599927924e-13
6.538774423730633336e-13
6.614897686850757220e-13
6.034159362662136128e-13
6.298572129784614919e-13
6.558527311388923759e-13
7.401964044328456135e-13
7.128457779331908546e-13
6.705636011091414422e-13
6.883385451269165887e-13
6.686545161688105318e-13
6.361509454012712229e-13
7.031067881947036625e-13
6.569181418473640589e-13
5.887832745966635362e-13
6.307930547150703756e-13
6.458147790335369190e-13
6.039518851862753023e-13
6.315411619149544161e-13
6.229073837888789455e-13
6.169243426864968995e-13
6.318745104024577708e-13
6.320100090000513627e-13
6.176442406952189764e-13
6.249251419971781979e-13
5.758635055578363634e-13
5.840376075203322606e-13
6.310784795325144581e-13
5.429573360616559201e-13
