6.229926742228338588e-14
6.638832561431638038e-14
5.790367456630419061e-14
5.428818789497642282e-14
5.667842564563501397e-14
5.093434359003168637e-14
5.541920511206939514e-14
5.345749563744238970e-14
6.150456139183531074e-14
6.240903502120128629e-14
6.269903226819338183e-14
6.141366288538796769e-14
5.601940811714738747e-14
5.856622322955596276e-14
5.922638755201167026e-14
5.058458976537675394e-14
5.445075472730174769e-14
5.826144046528296229e-14
5.536746343371518694e-14
6.264065835155103467e-14
5.544288240118482501e-14
5.782377794420297341e-14
4.952041435603869510e-14
5.533217615274317588e-14
5.611150296156664720e-14
5.274206929891799924e-14
5.581569065734071701e-14
5.458052513762405462e-14
5.436277914124742532e-14
5.368171205066720987e-14
5.234524109160123220e-14
5.646113445161828431e-14
5.955681349337484012e-14
5.764682685042616255e-14
5.275916374322124380e-14
5.122430191069951628e-14
5.306924601447647936e-14
5.303855229081702084e-14
5.221421008650656741e-14
5.018398500659848316e-14
5.124498876151312584e-14
5.011022313844558569e-14
5.681830868810684538e-14
5.521430690533033612e-14
5.630612876902201753e-14
5.214748239712797462e-14
5.637710515053979624e-14
5.955355739534553704e-14
5.847954243661160341e-14
5.533801741417430119e-14
