2.116091379779471197e-13
2.093191087805817984e-13
2.094088438157740381e-13
1.880978719333351755e-13
1.863028125065615625e-13
1.902236133207844643e-13
1.814810419644484517e-13
1.786141957877681792e-13
2.172302815702911945e-13
2.346756835918792238e-13
2.043229703835309089e-13
2.254759967993196392e-13
1.886314618889897282e-13
2.035964972990064339e-13
2.296162035342678174e-13
2.330395650547232238e-13
2.251409449389587895e-13
2.076494921477620732e-13
2.436230338470591540e-13
2.240689851391285056e-13
2.013427453349824831e-13
1.757191978038051058e-13
1.777129478428322822e-13
1.864861382450336238e-13
1.796104904831768795e-13
1.907594197945604915e-13
1.945336911318118953e-13
2.073607546797880386e-13
1.950967489768716283e-13
1.892488331312207670e-13
2.095243541130123001e-13
1.903619605410721059e-13
2.059481017449251174e-13
2.158337654618024280e-13
2.410895876696832484e-13
1.938133445192988165e-13
2.055353569320728886e-13
2.074480508781165910e-13
2.038539587343644668e-13
1.706992500675359001e-13
1.569169119003773462e-13
2.136055689949912451e-13
1.964410091384847544e-13
1.922929304709630584e-13
1.968618732290162072e-13
2.138223422073186656e-13
2.370596415904950622e-13
1.875690336434224381e-13
1.699721270130326726e-13
2.136343591605844876e-13
