3.206989322293157585e+01
3.286350519593391795e+01
3.235167584412430131e+01
3.043863347911221595e+01
3.086526865201812342e+01
2.989908958789908411e+01
3.034594312359112322e+01
3.178836969196694540e+01
3.306310236169752415e+01
3.341691265028870816e+01
3.214835363034900695e+01
3.369684862539980230e+01
3.344793525973345538e+01
3.381544886251749205e+01
3.406878753993604647e+01
3.463438625342782018e+01
3.439786451890050500e+01
3.561719390598707236e+01
3.553400054181724954e+01
3.441668508930560932e+01
3.303544597671871941e+01
3.480685517593137490e+01
3.563883452438578558e+01
3.658619139569655232e+01
3.563880642374174812e+01
3.491419428930331748e+01
3.532800876433520187e+01
3.556040614152703228e+01
3.623046547585405364e+01
3.633149832191956108e+01
3.660516276242882583e+01
3.712874754839779001e+01
3.830592296277077935e+01
3.723840762350301503e+01
3.660312539041687074e+01
3.659677443469929159e+01
3.679553831857978707e+01
3.722955561369563071e+01
3.655834173052092240e+01
3.694400809348660175e+01
3.780789093390094990e+01
3.795902993832135053e+01
3.669798663408015926e+01
3.758358591538637938e+01
3.824248913775505088e+01
3.834744475764470195e+01
3.718324302580365526e+01
3.756790377121836855e+01
3.752486162827829475e+01
3.723393577006522293e+01
