4.518046692997878644e+00
4.029335978314042777e+00
4.066033493786486375e+00
4.073920989962685368e+00
4.506659713282784807e+00
4.112301769442233024e+00
4.314441507491484806e+00
4.537858291620675999e+00
4.234013623574922391e+00
3.988419251671369459e+00
4.057193559646047554e+00
4.447228001018654453e+00
4.259700575230954911e+00
4.170213275620930027e+00
3.989282399251814937e+00
3.927183520502663505e+00
3.783846638410880203e+00
3.919761967625431165e+00
3.585374088048117081e+00
3.517871613439460976e+00
3.838436311722660754e+00
3.988709389970105601e+00
3.597796717356309681e+00
3.423440691210965170e+00
3.311614210961604243e+00
3.273075266217988499e+00
3.246936161731265535e+00
3.255978874390405675e+00
3.357246372412497681e+00
3.216985468336101661e+00
3.490422331364855246e+00
3.465832085437348109e+00
3.122471167156387839e+00
3.139657869351135222e+00
3.072609857173358439e+00
3.060313338205579381e+00
3.045217213860304639e+00
2.783708257558120014e+00
2.805840684064575541e+00
2.848456219177225357e+00
2.803560626730303706e+00
2.699334055763063400e+00
2.682762903645878438e+00
2.606678555230314220e+00
2.745528626315780318e+00
2.816582617002761690e+00
2.601855942852496106e+00
2.435532336944072895e+00
2.386287042538598691e+00
2.547879408494091447e+00
