1.351335991121223589e-07
1.226195039797235363e-07
1.498983629889905601e-07
1.233483849706838662e-07
1.069949527885410184e-07
1.322610576271504110e-07
1.124595254623305143e-07
9.604059615687706281e-08
1.276104420148559565e-07
1.092441164693942721e-07
8.828730328194139069e-08
1.050516447287106359e-07
8.729633894374745854e-08
7.556525608370372063e-08
9.530397547958403906e-08
8.431541438180902516e-08
7.180205125683949719e-08
9.077477276221449311e-08
7.792875856919023700e-08
6.486024090294975796e-08
8.887841938773589088e-08
8.572741739070092290e-08
7.265744831264879165e-08
9.243369602534212870e-08
8.082903492534279059e-08
6.689001935886627516e-08
8.299340152941272413e-08
7.425385250338939441e-08
6.407454265046324462e-08
7.825556354308214801e-08
7.313747266302805593e-08
5.971693774173732974e-08
8.576896613905271480e-08
7.767936775757432831e-08
6.424738553866750566e-08
8.450961859323196312e-08
7.666758264292143384e-08
6.526593204779257845e-08
8.475574207546638575e-08
7.187961565948378438e-08
5.540196442318441404e-08
8.224804875023457637e-08
6.970825871309611469e-08
6.028799898554478713e-08
7.878966695831972137e-08
6.927512646099300671e-08
6.158689397793340882e-08
8.099746999454437151e-08
7.405997170014336894e-08
6.299937972661685641e-08
