3.986030106181271293e+01
3.723393577006522293e+01
3.357505590101847304e+01
2.602236835129492931e+01
1.992075124744696524e+01
6.299937972661685641e-08
1.284504908747340901e-11
1.460784122688997932e+01
2.547879408494091447e+00
5.848723982857453318e-01
2.875401068363064194e+00
1.116580490760136619e-07
2.757340144059328590e+00
5.317589077776982676e-12
3.017829442234979515e-04
2.648773745840882218e-10
2.912234060381967889e-10
1.407576149434437455e-11
3.534618574047811616e-10
8.838290819779734854e-11
2.732696447657528172e+00
