3.785257936481424679e+01
3.803853555709793710e+01
3.952557866489328831e+01
3.852078179065863139e+01
3.692681769739728281e+01
3.787721513970146248e+01
3.847245077924361567e+01
4.123428655313716718e+01
4.100845939474938007e+01
4.027081167746806045e+01
4.083527321018999601e+01
4.016620024271372813e+01
4.011064599787363960e+01
3.942252588104653199e+01
3.989027780894923580e+01
4.052715370030624342e+01
4.063170909542154163e+01
3.915989613092200017e+01
3.911156166306430038e+01
3.886075993618788971e+01
3.932714938079745082e+01
3.960103416106238683e+01
4.030485057285949324e+01
3.948451309341679405e+01
3.918698072391143228e+01
3.909028820040825991e+01
3.717386669743366667e+01
3.627565897569203202e+01
3.836972731808330650e+01
3.804822464376137248e+01
3.643325397655398490e+01
3.847806424446941520e+01
3.792319431132315088e+01
3.723665816899529091e+01
3.852035587216704471e+01
3.883631225257987296e+01
4.057139147227927367e+01
3.974867724338771779e+01
3.906595055878371880e+01
3.915964338640830533e+01
3.827568028573904968e+01
3.846424229457949195e+01
3.872846778388760214e+01
3.861123900744395598e+01
3.975815583052006730e+01
3.957083447507810092e+01
4.098478466285134658e+01
4.047598343259461018e+01
4.151663806327301387e+01
3.986030106181271293e+01
