9.201823748829619731e+00
1.011563862137802872e+01
1.015258884482884660e+01
1.042592570061471591e+01
1.040388610411874204e+01
1.074799536815549672e+01
1.054229629158636072e+01
1.001775164439915677e+01
1.056973781374551358e+01
1.013922517468904871e+01
1.022167806561211201e+01
1.030579323815499038e+01
1.007260826246346852e+01
9.377441096473601689e+00
8.921019247076412029e+00
8.885086719189526860e+00
8.679384707906292462e+00
9.047962283056193655e+00
8.451113584971315262e+00
8.641878852953636780e+00
9.835068921327234648e+00
9.700137687809951004e+00
8.666389157535544285e+00
7.996222972474216206e+00
8.610179325472859801e+00
9.011885038111234536e+00
9.395887981723042515e+00
9.017581002342687668e+00
9.612100343030501648e+00
9.938034367049281670e+00
9.366406237536157420e+00
9.186751548534260792e+00
9.470344302651769297e+00
9.139960803773139020e+00
9.352115501931416830e+00
1.005079710938576021e+01
1.070433104491088194e+01
1.082067548805999024e+01
1.236180536850438116e+01
1.157435092560037404e+01
1.178739402016809024e+01
1.305711174475096215e+01
1.480208249928718978e+01
1.565528977851469072e+01
1.597285526945181111e+01
1.604242869105177860e+01
1.554569201919307986e+01
1.508537226491027283e+01
1.427977204577246972e+01
1.460784122688997932e+01
