5.545984121716895305e-15
2.631965098221092571e-16
1.464665221508785886e-15
2.220446049250313081e-16
3.744552530664352044e-16
1.814654846317541167e-08
2.220446049250313081e-16
2.220446049250313081e-16
2.220446049250313081e-16
2.220446049250313081e-16
2.220446049250313081e-16
5.997406540783217785e-16
2.220446049250313081e-16
2.220446049250313081e-16
2.220446049250313081e-16
1.215198516199327299e-14
7.831421728993456289e-06
2.220446049250313081e-16
1.224957904969461767e-14
6.451139789860918874e-16
2.220446049250313081e-16
2.220446049250313081e-16
2.220446049250313081e-16
2.196532890806829668e-15
2.220446049250313081e-16
8.471649531887469978e-12
2.220446049250313081e-16
4.562061733466305284e-12
1.014872064824577148e-08
2.220446049250313081e-16
2.220446049250313081e-16
1.976328798670932796e-15
2.220446049250313081e-16
2.220446049250313081e-16
2.220446049250313081e-16
3.727514716037211612e-16
3.088355339472519288e-16
2.323001321509235509e-15
2.220446049250313081e-16
1.459834611455707448e-14
2.220446049250313081e-16
3.933177153694321079e-15
2.220446049250313081e-16
2.220446049250313081e-16
1.305897549562702084e-15
4.102219637139656427e+00
1.806725818253930892e-14
3.498622409896689594e-15
2.220446049250313081e-16
2.220446049250313081e-16
1.232709726835728965e-07
5.815050362069392667e-13
4.424523389814938892e-16
3.277715464207188009e-09
3.457003610933814400e-16
2.220446049250313081e-16
3.944113170281122741e-16
2.220446049250313081e-16
2.815382764655702941e-16
2.220446049250313081e-16
2.220446049250313081e-16
2.220446049250313081e-16
1.551416832298247297e-15
2.784127163072635373e-16
3.198865154102086913e-12
2.544403672187921713e-16
2.220446049250313081e-16
2.561594396946178007e-16
2.565397410106912748e-16
2.220446049250313081e-16
3.896933502221807211e-10
1.819973599603649471e-15
2.220446049250313081e-16
2.220446049250313081e-16
2.220446049250313081e-16
1.011372218861373001e-03
2.220446049250313081e-16
7.610336185402826083e-06
2.220446049250313081e-16
2.220446049250313081e-16
2.220446049250313081e-16
2.220446049250313081e-16
2.220446049250313081e-16
3.777816483206439102e+01
2.220446049250313081e-16
1.485035342983131137e-07
1.445652550527930830e-15
2.220446049250313081e-16
2.220446049250313081e-16
4.672081724988394739e-16
2.000610509219572763e-07
2.501782438097059980e-16
3.183146675446625551e+01
2.655737579157435965e-08
1.511119465237961161e-15
2.220446049250313081e-16
2.220446049250313081e-16
2.220446049250313081e-16
2.220446049250313081e-16
1.565021441050164448e-15
9.275079644440809734e-16
2.220446049250313081e-16
2.220446049250313081e-16
3.722705263207834403e-16
2.220446049250313081e-16
2.220446049250313081e-16
2.738665744500788767e-16
2.220446049250313081e-16
3.765842433061306708e-16
2.220446049250313081e-16
1.851412646633173864e+01
5.198019029527211455e-11
4.723612479952579257e-09
8.612127746858946709e-12
2.252132859991571010e-13
1.018520122816238609e-14
8.442976529583056183e-14
4.274018345508321381e+00
2.220446049250313081e-16
2.423047174368694847e-16
3.569524781008917793e-16
2.220446049250313081e-16
3.777478248027976804e+01
2.480834184504787399e-16
2.220446049250313081e-16
1.950834665052838091e+01
4.825570764861938591e-16
2.220446049250313081e-16
6.817805775188895079e-08
1.315430081475905727e-14
1.276027985914662839e-15
2.438952891030203722e-16
1.020706164487806374e-14
2.220446049250313081e-16
2.220446049250313081e-16
3.001555023273943757e-16
2.220446049250313081e-16
2.501362404625862052e-16
2.220446049250313081e-16
2.220446049250313081e-16
2.714259651576916843e-02
2.732255151083337981e-15
1.600196660179505415e+01
7.929830906190914309e-14
2.220446049250313081e-16
3.956143576460977176e-16
2.220446049250313081e-16
2.220446049250313081e-16
4.007173288900735927e-15
3.065397095912323726e-10
4.906424573127262872e-15
3.274759553450345830e-16
2.220446049250313081e-16
2.625521472281717498e-16
2.220446049250313081e-16
3.483336240208227522e-12
1.873664136005469497e-12
3.732018053908175505e-08
2.886143484159170569e+01
2.651370710446569351e-09
2.220446049250313081e-16
2.220446049250313081e-16
1.545693589700112040e-04
2.220446049250313081e-16
2.083249669774318025e-01
8.018771741698935966e-12
3.957687925162321199e-05
2.220446049250313081e-16
2.220446049250313081e-16
3.178144971380152484e+01
5.738178818119652469e-01
2.220446049250313081e-16
8.619093822001103177e-08
2.220446049250313081e-16
2.220446049250313081e-16
2.220446049250313081e-16
2.884133952949633084e+01
2.220446049250313081e-16
8.380592785892247102e-16
4.941647027587216743e-15
2.220446049250313081e-16
2.520527726105645921e-16
2.220446049250313081e-16
1.126443527016472435e-01
2.981111445524670476e-16
2.220446049250313081e-16
1.333689324090712759e-05
3.158253946980859092e-16
2.972864025826989121e+01
4.149103446068923766e-16
2.529035389022761393e+01
6.949845643988811593e-11
1.613525685677032179e-15
4.230759624583148652e-16
3.425125578542043314e+01
7.246588667413606883e-12
7.046073910692421255e-06
3.154798443834635695e-16
2.220446049250313081e-16
3.441889301285202528e-08
2.220446049250313081e-16
2.220446049250313081e-16
4.778418787166398091e-16
2.220446049250313081e-16
2.220446049250313081e-16
5.089398600881198803e-02
3.375521117552086892e-02
3.045317683884316856e-16
3.079375275754441077e+01
1.444504820198890396e-14
2.911245873724640987e+01
8.578758468090332690e-15
2.562451679197032042e-13
1.270459435735666354e+01
3.392282176389212367e+01
1.677245731620140547e-06
2.220446049250313081e-16
1.107854743696066231e-14
3.634024293272489952e-13
2.163064730594391270e-04
2.042267764934734604e-06
5.070936166125993845e-16
1.403493294274387537e+01
1.475394830800240240e-15
3.135388165316317455e+01
2.220446049250313081e-16
1.928754520042304321e+01
2.220446049250313081e-16
5.040389621679443322e-03
2.220446049250313081e-16
2.534879876020548571e-16
4.121853676993772418e-16
2.551526796631811689e-16
5.308802675551155928e-15
2.619257528768896431e-14
2.220446049250313081e-16
3.066138694976858403e+01
3.740190146757344999e-03
2.926073986689116069e+01
3.298159578921187856e-16
1.418461044462581791e-15
2.220446049250313081e-16
2.220446049250313081e-16
5.022268497238117746e+00
3.540640959115797865e-15
5.336309165633143742e-10
2.592468554884949228e+01
2.220446049250313081e-16
3.041781525287813182e+01
2.258370871154453852e+01
1.829109425787935805e+01
2.566949281441655728e+01
5.815792473987259070e-01
4.661279199835775443e-07
2.382654315438604442e+01
4.574384290282324894e-04
2.881889537820302394e+01
1.648707463062729180e-15
3.451145916667457624e-16
4.519912885610036056e-07
2.220446049250313081e-16
1.142881597233765736e-09
3.027497376021367470e-14
3.064199387219827653e+00
1.341044919662753410e+00
3.340805447884268088e-14
2.800804077441785012e+01
3.611316326857166192e+00
2.220446049250313081e-16
2.606093843858669601e+01
9.934347415097982692e-02
2.220446049250313081e-16
2.220446049250313081e-16
5.164435530810675647e-16
2.632995299729581262e+01
4.100769703316953056e-03
2.855747909385333827e+01
4.264749871845322117e-15
3.007339273087447395e+01
2.583405336979702582e+01
2.554811274720851275e-15
3.046679189974901153e-14
2.758563334964119641e-16
3.151358846519215158e-16
2.553502638967254157e+00
2.220446049250313081e-16
3.176438926464619428e+01
3.271374606666330465e+01
8.445492958276043516e-02
3.459307426684283046e-05
1.908809990970614123e+01
2.468325397441748201e-16
2.798757526972035947e+01
2.710851496148153927e+01
1.820881597205856295e+01
4.356771152336273434e-01
6.257228577938265916e-03
2.220446049250313081e-16
2.778093928292706494e+01
3.819947553764404329e-16
2.613099136801720235e+00
1.385628046683205561e+01
2.259551207561829450e-02
1.131789650982371853e+01
1.214466958293713388e-10
1.171662295289026349e-04
2.133253875055253701e+01
3.301173180047162248e+01
2.966684228388680058e-16
3.916231076429999569e-01
2.919952051695306494e+01
8.902365739338323827e-03
4.074817440897217201e-06
2.731988757366202947e+01
1.107965964364756317e+01
2.806793552974019690e+01
1.299189280441614791e+01
1.137494923347321584e-15
2.546268909720991047e+01
1.513870067552101573e-15
6.943919423317452275e-04
3.079665652744540338e+01
1.587750365787003283e-15
1.356227238454010174e-14
3.408886487404520320e-08
2.715812689167929861e+01
1.588111270405760500e+01
2.534607718923538945e-16
4.481497889525667411e+00
3.013523431990956425e+01
2.806333860389111479e+01
2.401618884599699655e+01
2.795252504911288227e+01
2.808046848264221040e+01
1.320670647513706481e-14
2.257539698594607103e+01
4.335378243255687536e-13
1.678944341045494294e-07
3.003310003168367359e+01
1.827970557700225341e-06
2.745259142803185881e+01
1.205558483362172596e-14
7.176592631020322602e-14
2.220446049250313081e-16
3.650068288787463083e-16
2.776233186463591096e+01
8.693182090431106346e-02
3.365909862425547772e+01
2.938076112611365431e+01
1.231467323218252746e-05
2.220446049250313081e-16
2.041667548795931353e+01
5.026996015090007264e-01
2.844517460424049915e+01
2.899099649385643929e+01
3.098643649569307357e+01
2.220446049250313081e-16
4.980860003002492436e-10
2.793518363414761652e+01
1.497564334147902976e+01
2.975350504649067673e+01
2.812721709864625907e+01
2.509656077465449328e-16
2.758761564253198273e+01
2.708624499601500979e+00
5.933268530166661670e+00
6.171443027301183387e-16
2.679066830902440088e+01
2.713513487261889523e+01
2.722816218227336549e+01
4.465663886103703879e-06
2.220446049250313081e-16
2.420830964858193468e+01
2.897576135239132711e+01
2.997631461320497337e+01
2.733469189637205687e+01
1.677159713745151493e+01
1.211266116441917059e-07
2.220673688363565618e-15
2.826186293749394807e+01
2.220446049250313081e-16
2.389679435332797849e-16
1.038005320895179183e-02
1.196140775291369000e-10
2.931430031445530560e+01
2.552347627497313098e+01
1.634497201897453067e+01
8.137558564511555848e-02
9.323316297261048984e-15
2.792449050753845796e+01
5.593338593141421958e-16
2.951583631955809395e+01
3.101739360133759149e+01
2.786658788598455477e-02
2.220446049250313081e-16
1.059298541898197818e-08
6.212630902860058867e-11
2.684721340760209785e+01
5.913139283999449880e+00
2.220446049250313081e-16
2.960163824095166548e-16
2.750501749414922159e+01
2.220446049250313081e-16
2.898983932391546503e+01
2.867524713408049308e+01
1.051169112629330233e-09
2.842164796209338817e+01
2.387765613697753153e+01
1.538389751630886924e-13
2.071847403425547540e+01
4.928188926581056470e-04
1.490450701446559271e-14
2.626861427236768644e-16
2.220446049250313081e-16
3.021273416468129369e+01
5.089225939724197985e-13
4.422021077522410026e-01
2.566391207935658514e+01
2.940064992062377769e+01
2.612662574693406725e+01
2.607546152869850377e-16
2.693411889546383264e+01
2.993222870941209024e+01
7.074793001012711411e-14
1.569820704040590583e-06
2.408351502386543430e+01
2.030706899709047519e+01
5.854649303569678942e-01
2.437121369419353201e+01
3.015785615318018529e-07
3.052071582777137237e+01
2.909319600152241136e+01
8.565417094187964153e+00
2.407244766378810350e-14
1.227728936181639874e+01
2.220446049250313081e-16
2.756503191733836999e+01
2.438692016316357325e+01
2.038239728964625794e-15
2.634479808521290423e+01
1.923620056751071061e+01
2.572960866851576611e+01
2.166788343013300357e-05
2.717989654256751209e+01
1.210601881480178290e-13
2.501579742780994664e+01
4.472422314516502306e-10
3.601039787638990464e-01
7.739462469213391381e-16
2.544184854102714510e+01
2.134992638414682631e+01
2.047269938214791196e+01
2.220446049250313081e-16
3.026288546578652827e+01
2.851970299826383018e-03
2.534837809201716041e+01
2.748707897577412140e+01
9.211527177794572196e+00
2.342865794741686258e+01
2.582099845601745969e+01
1.443061644067197345e-15
2.421558888736218848e-15
3.064157356359156381e+01
2.220446049250313081e-16
2.930034319677993082e+01
3.012252256435236930e+01
2.623717935709477089e+01
2.816418596014923637e+01
1.219832268078904036e+01
5.838963005205605405e+00
1.072883563534867898e-02
1.660718878971648138e+01
1.357312970449124734e+01
2.825801747845022760e+01
2.634968932531976549e+01
2.835231986951965055e+01
2.327187607124671942e+01
2.081419794567557346e+01
1.040404483925811263e+01
2.724982981362601109e+01
2.571431634423412049e+01
2.220446049250313081e-16
1.101054883625537828e+00
2.610240523175194483e+01
2.631899998649648609e+01
2.684480612479950778e+01
4.202641294178749308e-16
1.668791403916509353e+01
1.156210995380898403e-12
2.558279642593953085e+01
2.918107375099938494e+01
2.486830152558911067e+01
6.088946368157029301e-11
2.701254944593700458e+01
2.313181856818009408e+01
3.296601309023733970e-16
2.357408562595669859e-14
4.081451097420256255e-09
8.625868335787583163e+00
1.134605545887107603e+01
2.641692831505296368e+01
2.073861977832434533e+01
2.787209971536535491e+01
1.760207932759869087e-01
2.841315520749078516e+01
6.697376775755933987e-11
2.073093433660968216e-10
1.499409888985067815e-09
2.777497530414147775e+01
1.496751199414392948e-15
1.452640356854652026e+01
1.293727974832584415e+01
2.607789751602809858e+01
2.720821960650686222e+01
2.834699703698804285e+01
1.868700326286739714e-12
2.977476895825711267e+01
2.821662861130304734e+01
8.279844923335898804e-03
2.391778890992105744e+01
2.734893680032589103e+01
2.774588397278834861e+01
2.700216628351482484e+01
2.864717264532861307e+01
2.803323646902845887e-03
2.220446049250313081e-16
2.769393452540976597e+01
2.869467577075477038e+01
2.799267294933535410e+01
2.894716141100452418e-16
8.893383226638690026e-10
2.865710949047362277e+01
4.587666251113689420e+00
2.220446049250313081e-16
3.926669910873888315e-05
2.324131256112569943e+01
3.092552796161001538e+01
2.775131610424415740e+01
1.027056214865482708e-01
2.980577721550880810e+01
1.716103284515462590e+01
2.220446049250313081e-16
2.220446049250313081e-16
5.324858455966056067e-11
1.040385459435488613e+01
3.326728735235093717e-15
2.658661887094248399e+01
3.981699950013492967e-09
2.797460399616002036e+01
2.711645890935417924e+01
1.663867795642730840e+01
1.774061191517174003e-08
1.887873857929688270e+01
3.705377420163398217e-01
2.960685513039519279e+01
2.863741226941298024e+01
1.361334538880452172e+01
2.551516124781349859e+01
2.220446049250313081e-16
2.943926636398409613e+01
3.046220021758947993e+01
2.828653535479801917e+01
2.731239178308869242e+01
2.683918055120695101e+01
2.585812722143245068e+01
2.579294192707731881e+01
2.308477429543614434e+01
2.684842425664641752e+01
1.454049425628429049e+01
1.105760701595040985e+01
1.124049505116553682e+01
2.512100738717204962e+01
3.778026289466364318e+00
2.829699532762201741e+01
2.281821087108651014e+01
2.670376346672188461e+01
3.044275244403262803e+01
2.889706980143270343e+01
4.462694703234544313e-01
2.933505829949432808e+01
2.822268785246945555e+01
2.513552733489608570e+01
3.166316597464324117e-12
2.771249894166181349e+01
2.848410121832841568e+01
2.115058567299849557e+01
2.663256078743696165e+01
1.123790797608692493e+01
9.473576159160154830e+00
1.141177919343142824e-12
2.209688216213283873e-01
2.631733459989574442e+01
2.540812212386279612e+01
2.627476628400181013e+01
2.728121999261031405e+01
9.682020997600979229e+00
2.371452141149557846e+01
2.667437728797731111e+01
2.813634680304091162e+01
2.556876946987310006e+01
2.436802933786526282e+01
2.414680923583724592e+01
2.747270157763235687e+01
2.974618928243055649e+01
2.029154716094537747e+01
1.189924764173717397e+00
2.479452927401960238e+01
2.220446049250313081e-16
2.190403840714234462e+01
4.940144989058805614e+00
2.677909305782480232e+01
2.751725749988719016e+01
2.224873260918426610e+01
2.766490256177968732e+01
8.839226516041806647e+00
2.832539593077464701e+01
2.773814688627237501e+01
1.852080162787191142e+01
2.471791570907606328e+01
2.489661778836760675e+01
2.913776141971629841e+01
7.140522740958531678e+00
2.738703647819297871e+01
1.103141511023457078e+01
2.257223964325334994e-16
2.227884901201202794e+01
2.692821170156538457e+01
2.705683015736765190e-16
2.979452768213818814e+01
2.615391103557729480e+01
8.880557783991944196e-05
6.571983269851107423e-02
2.868991953102962356e+01
2.573958121506598218e+01
2.351918052291295824e-16
2.220446049250313081e-16
2.718645291524350682e+01
2.445468473072357796e+01
2.858239154871061416e+01
2.546177458569055574e+01
2.419675568367445706e+01
2.582921676321815596e+01
2.622879198769570053e+01
2.601829835951962977e+01
1.836572395367370297e-02
2.572545815795384527e+01
2.767074295275563485e-12
1.779165850984763253e+01
2.397050383211503188e+01
2.631346548030006360e+01
2.691206553885085814e-12
2.273802225655286691e+01
2.880206999516141053e+01
1.119317099743028265e+01
2.822708870244098733e+01
2.814944876690842435e+01
2.787229687377458376e+01
1.512015646241355604e+01
2.380853279638427108e-16
2.657405349509370041e+01
2.563821190729193589e+01
2.475226201558081129e+01
2.708175358701203095e+01
1.139816868429996433e+01
1.096408131375759964e+01
2.440696896598308285e+01
1.544933067644820568e+01
2.715047200270687355e+01
2.548256556821670316e+01
2.733708683129358893e-16
9.278656310368003091e+00
2.778713216335176384e+01
2.768961308549022249e+01
2.898049576189331944e+01
2.849145424778600244e+01
2.888272825275996070e+01
2.572019649448807854e+01
2.137998777240699155e+01
4.575661324901070574e-16
1.330289612618364181e+01
2.374014683766484168e+01
2.363401074395771673e+01
2.805794860078943742e+01
2.741307793057373487e+01
2.733309786109088080e+01
2.117285488724055398e+01
2.215405730882722679e+01
2.106868514251245728e+01
2.450763882792098158e+01
2.702037886332693262e+01
2.730531602297029536e+01
2.574658291862085235e+01
2.785786774892882889e+01
1.030626516053975728e+01
2.757632654032132891e+01
2.007478031733455381e+01
2.834923755950340052e+01
2.825192044980536465e+01
2.465018335597189747e+01
1.964477000685303310e+01
2.713707775608731509e+01
2.724277710846206091e+01
2.803633105220974286e+01
2.314278718868163409e+01
2.669971966955343845e+01
1.253779661832138026e-15
1.856933540903216340e+01
6.086038839549333446e+00
2.774809402694295812e+01
2.721268962235865985e+01
2.498292470579617941e+01
2.897501886567553342e+01
2.851186264702948847e+01
2.572801103819553958e+01
1.911092504891173505e+01
5.446380236012444954e-10
8.851596786606984679e+00
2.096323816563990405e+01
2.533451699870624196e+01
2.351476424335825754e+01
1.703303186053985030e+01
2.435883498379374146e+01
2.732175325856918846e+01
1.084352293371670584e+01
3.855509097878750615e-11
2.709097933417217163e+01
2.687967834487916718e+01
2.592827058502996707e+01
1.941571922527607086e+01
2.708235131679097307e+01
2.491382202021245718e+01
2.769376486278863325e+01
9.303279483753009060e+00
2.747190721823186976e+01
1.319578082239567784e+01
2.817018517624975260e+01
2.498067297013092514e+01
2.658476114055060080e+01
2.000520971374866974e+01
1.114512563984534310e+01
2.679306550850941804e+01
2.410005839685308260e+01
2.696638783873991585e+01
2.117150127089574241e+01
2.609077055319812222e-16
2.642113847310867887e-16
2.642522507749215777e+01
1.446248922523462355e+01
2.418237379228394701e+01
2.549410196381735005e+01
2.735666907074489274e+01
2.749823352773577056e+01
2.503235352870934705e+01
1.869082290343693842e+01
2.095626696310806025e+01
2.811203146216458393e+01
2.673008633155158620e+01
2.352366126059600759e+01
2.442537489791727623e+01
2.257297213956486870e-11
2.322632952314561550e+01
2.614366391664510303e+01
2.778641637164034961e+01
2.254847708828177844e+01
2.796092173428444383e+01
2.619484188660208801e+01
2.636107091839217631e+01
2.291570280890658602e-16
2.615849262685297205e+01
1.908355064183059824e+01
2.537020967008856331e+01
3.653572343677107502e-05
2.445553232559266021e+01
2.089881242045160548e+01
2.556852797379121256e+01
2.883488532821481343e+01
2.693755226449679796e+01
2.498272960405779131e+01
2.677902121787431966e+01
3.155939017827080306e+00
2.599163166450395934e+01
2.690081215329156450e+01
2.827052276725469326e+01
2.778768718433813945e+01
2.487552839446049546e+01
2.323091730284301448e+01
2.668368028310300488e+01
1.079041790839990611e+01
3.097528541904388650e-15
2.800058112925894704e+01
2.839728068913915493e+01
2.127959437753552052e+01
2.618752684617259874e+01
2.146957186942428919e+01
3.009828272167583663e+01
5.712385323036357931e+00
1.606553154477435896e+01
2.583092700532892039e+01
2.644592285473897419e+01
2.559511366396607102e+01
2.572049412109599587e+01
2.603759399580840039e+01
2.650099335466817152e+01
2.532454185078721309e+01
2.213518413152559461e+01
2.754316507153516724e+01
8.832570356082976915e+00
2.701799934271175374e+01
1.797949168059001579e+01
2.575868025349052459e+01
2.733597122820167868e+01
2.754151695789527921e+01
2.774007159590997773e+01
2.862090952002280630e+01
2.635356370193431275e+01
2.498334769700874247e+01
2.483918642433746982e+01
2.711251982520764514e+01
2.456162297178549636e+01
2.220884117443828742e+01
2.659492549424696506e+01
2.624061432523348358e+01
2.817231272183971313e+01
2.678871727578054873e+01
2.802067194186071575e+01
1.626604928002709727e+01
2.653248501242043389e+01
2.682334204265425015e+01
2.770435710578886912e+01
2.485232609330654086e+01
5.118535919074668214e-11
2.779259142802630933e+01
1.439751775364493902e+01
2.663015852091406899e+01
2.053273503971763603e+01
2.366951220438122405e+01
8.517656833170097030e+00
2.901329577486576383e+01
2.634157515731671140e+01
2.666332952046177240e+01
2.886312717088152269e+01
2.601067095992810252e+01
2.799033941646654000e+01
1.419068950568026981e-15
2.518358440715302038e+01
2.607846343154830748e+01
2.561891077469910627e+01
2.874067688485217786e+01
2.592099366202464239e+01
2.650384588420475396e+01
2.659021011197888740e+01
2.591505587012970580e+01
1.232095589818817238e+01
2.648010250021889078e+01
2.601109297887208527e+01
2.883349012303365910e+01
2.459947618214843956e+01
2.931820303834842179e+01
1.009448025169971253e+01
2.741493446576696869e+01
2.827759375285330989e+01
2.690309032469046002e+01
2.731504847403819269e+01
2.670685149542162407e+01
2.569014152284050923e+01
1.313658351077654807e+01
2.665786066643674701e+01
1.235941512779155360e+01
1.554128682828836006e+01
2.555218025562135864e+01
2.680775958585148544e+01
2.526517024780294562e+01
2.525202856834618714e+01
2.909032336830244603e+01
2.610805589201939370e+01
2.634670664447215316e+01
1.978194038800861776e+01
8.219583721792042363e-16
3.026846884842353091e+01
2.696342127343610429e+01
1.425698887603656928e+01
2.334438500111050274e+01
2.820296909570883059e+01
1.314213654544581544e+01
2.664903869699575978e+01
2.686486352215102613e+01
2.504897761328565409e+01
2.671685326762514734e+01
2.306484657228136470e+01
8.586406257905943917e+00
2.373565283404678894e+01
2.617283602779478002e+01
2.721038596857395220e+01
2.761735339520312138e+01
2.596081743766934125e+01
2.964172549596243655e+01
2.595598563701546269e+01
2.711926533137945583e+01
2.664741950112732383e+01
1.669334138701001891e+01
3.087084757498807264e+01
2.848729437215493476e+01
2.506210358578642783e+01
2.179350787512646903e+01
2.748365025317934851e+01
2.758048008167047627e+01
2.661539887432819285e+01
2.789038367769568794e+01
2.679350879078257108e+01
1.781888129535369458e+01
2.572187674398610469e+01
2.853128812166033512e+01
2.787871430743787471e+01
2.965293375361186889e+01
2.818586419326254244e+01
2.383551537663730713e+01
1.604461565834311543e+01
2.541436270267536557e+01
2.493914080602671035e+01
1.882394169020042796e+01
3.008385372257069790e+01
2.535315772105967014e+01
3.019706344869312886e+01
2.500374883632532175e+01
1.076567165919954050e+01
2.577510542987263165e+01
1.296147306541666744e+01
2.913929823013978293e+01
2.568477017684810093e+01
1.070322100084186268e+01
2.466864211786093009e+01
2.816406363601138807e+01
2.830357583312697400e+01
2.744963435085474401e+01
2.569221490356025939e+01
2.404285878380933639e+01
2.750826778027453656e+01
2.474887888841304573e+01
2.712002296607191454e+01
2.698333336278939498e+01
2.354928267546683784e+01
2.716182836419482172e+01
2.424842711478099844e+01
2.440496338844251056e+01
2.443710278574124573e+01
2.560528551377825934e+01
2.869399229350367619e+01
2.429025180053704602e+01
2.843411981398358890e+01
2.470392466414497434e+01
9.458445609654118513e+00
2.750395343185426711e+01
2.612976583026898325e+01
2.012754751094072603e+01
2.500197224071980884e+01
2.774564492819802197e+01
2.761939553504831579e+01
2.812024149153337760e+01
2.575355293508655663e+01
2.898098581550030062e+01
2.606880958086736655e+01
2.674347741452763927e+01
2.379311424443461220e+01
2.505476560811629838e+01
2.254510315824846245e+01
2.491387488489668200e+01
1.090107375652494426e+01
2.629466120010521735e+01
2.678426019502638411e+01
2.327989810642929669e+01
2.550478649673102538e+01
2.604876893482443379e+01
2.490776657507260339e+01
2.576524482557456608e+01
2.775021906861634946e+01
2.798620162091921770e+01
1.215336578808386570e+01
2.833691838329690782e+01
2.669943870472485159e+01
1.845430049037835829e+01
2.849140358920365657e+01
2.736418382767079294e+01
1.667425966917373614e+01
2.673148688381202831e+01
2.467108655966579889e+01
2.920831361013451399e+01
2.830745547132609374e+01
2.546438927701766985e+01
2.701355106942669693e+01
2.429237101267418808e+01
1.954268751332353560e+01
2.325753113220896751e+01
2.632224807232675445e+01
2.566769882767851385e+01
2.302029249021974877e+01
2.994651102059219028e+01
2.700151000478054186e+01
1.092630861529796427e+01
2.793441302581811314e+01
2.583136108042783619e+01
2.464996433248208874e+01
