1.644242426313747877e-15
3.016861745618285077e-15
2.015960372316440895e-13
2.220446049250313081e-16
5.094739282723484257e-16
2.418558694076228041e-16
2.220446049250313081e-16
2.220446049250313081e-16
2.220446049250313081e-16
2.220446049250313081e-16
1.970896360223244972e-13
4.082497941674363849e-14
4.711084518855972963e-13
3.482876067037548040e+01
2.010176934669501297e-14
2.856041619879788710e-06
2.220446049250313081e-16
2.220446049250313081e-16
2.220446049250313081e-16
2.220446049250313081e-16
2.445942800150373173e-11
2.220446049250313081e-16
2.798186637975174045e-16
4.159204416858522581e-15
2.556795219262943320e-16
2.220446049250313081e-16
2.220446049250313081e-16
3.304400178244669206e+01
2.220446049250313081e-16
2.220446049250313081e-16
3.710755302628893304e+01
2.220446049250313081e-16
2.220446049250313081e-16
1.726382839330863357e-06
2.220446049250313081e-16
3.344164864633070622e-16
2.220446049250313081e-16
2.220446049250313081e-16
2.220446049250313081e-16
1.453748012057076659e-15
2.220446049250313081e-16
1.504284434859735651e-15
2.220446049250313081e-16
2.220446049250313081e-16
2.220446049250313081e-16
8.940495286667392507e-14
2.220446049250313081e-16
2.220446049250313081e-16
2.220446049250313081e-16
2.220446049250313081e-16
2.220446049250313081e-16
2.220446049250313081e-16
2.220446049250313081e-16
2.220446049250313081e-16
2.220446049250313081e-16
9.893577353237409611e+00
2.220446049250313081e-16
2.341847553802875370e-09
3.634647431763572385e-15
1.828303486844051751e-02
2.220446049250313081e-16
2.279250080390376402e-04
2.220446049250313081e-16
2.220446049250313081e-16
2.985378109326934748e+01
2.220446049250313081e-16
2.220446049250313081e-16
2.220446049250313081e-16
2.220446049250313081e-16
2.220446049250313081e-16
1.316281361174892902e-14
3.462155558639155828e+01
2.374475114440738316e-16
1.832487727861812157e-08
1.124275051601620650e-15
2.220446049250313081e-16
2.220446049250313081e-16
1.239923607036054953e+01
2.220446049250313081e-16
2.220446049250313081e-16
2.220446049250313081e-16
2.220446049250313081e-16
4.043819093694197078e-04
2.220446049250313081e-16
2.220446049250313081e-16
2.220446049250313081e-16
2.220446049250313081e-16
2.220446049250313081e-16
2.220446049250313081e-16
2.220446049250313081e-16
2.220446049250313081e-16
2.220446049250313081e-16
2.220446049250313081e-16
1.132506176990775923e-15
2.220446049250313081e-16
3.175569653716202367e+01
2.485054048761645738e-16
5.552300178533632335e-01
3.400359237359406595e-01
2.220446049250313081e-16
2.220446049250313081e-16
2.525351159800294136e-16
1.963911659434952831e-15
9.577875704277429741e-05
3.435312393094572518e-16
2.220446049250313081e-16
7.576129689471208448e-06
6.111972547725135624e-02
2.220446049250313081e-16
2.220446049250313081e-16
7.871609770522518439e-14
2.220446049250313081e-16
2.548422262805827265e-12
2.968846962379853309e-12
5.510687188428172843e-14
2.220446049250313081e-16
2.220446049250313081e-16
2.220446049250313081e-16
2.440142135456464952e-16
2.904375506674199000e-16
2.548297348337130907e-16
2.537829691183564421e-16
1.626831163585761563e-15
2.220446049250313081e-16
2.220446049250313081e-16
2.220446049250313081e-16
2.220446049250313081e-16
2.975580150192531955e-16
9.323449993982815602e-15
2.220446049250313081e-16
2.220446049250313081e-16
2.757652287207805486e+01
2.019354711178832785e-08
1.416533603776048884e-15
2.686487618120125829e-13
1.032449930083907243e-12
1.983655887119305118e-14
2.220446049250313081e-16
2.220446049250313081e-16
4.278411310281018186e-16
3.422521668095440297e-08
2.220446049250313081e-16
7.406229694694917154e-02
5.830007441445850702e+00
2.220446049250313081e-16
1.319766853072648280e-08
4.613672067905920121e-15
3.699120412449556452e-12
1.527709829373073069e-14
2.220446049250313081e-16
3.274380101476692544e-16
5.354524269333416715e-11
2.220446049250313081e-16
2.220446049250313081e-16
2.416611416258600204e-06
2.349209699714689739e-15
3.200299519185671926e+01
2.220446049250313081e-16
2.220446049250313081e-16
1.591717573889614192e-06
1.744949778714765848e-15
5.894295952614053501e-05
9.472844693992440287e-16
4.314236865235792242e-16
3.292004311822043405e+01
2.220446049250313081e-16
2.220446049250313081e-16
7.395380743846509582e-16
2.499469953320006884e-16
2.220446049250313081e-16
1.976828525257188593e-11
3.113453331981667205e+01
2.220446049250313081e-16
1.111592125704964881e-13
2.220446049250313081e-16
2.980331409952935569e-15
3.037973091784353130e+01
2.220446049250313081e-16
2.391721721035799441e-16
1.833615645263552511e-15
9.707308756330980897e-16
7.975524543920076148e-02
3.595743599894044120e-16
1.724131048468066321e-15
4.958792462078915442e+00
1.964845125962692190e-13
3.156895886500866055e+01
2.220446049250313081e-16
2.433436974480957636e-16
2.220446049250313081e-16
2.220446049250313081e-16
7.722537108331339439e+00
3.199791782685370478e+01
2.427332447208907067e-15
7.603923041355216449e-16
4.070529640395453955e-05
5.820636730453744812e-13
6.004997908486208835e-14
2.220446049250313081e-16
2.220446049250313081e-16
3.259933243825364713e+01
2.677676740913756965e-16
3.463604389125783650e-10
2.220446049250313081e-16
1.256381094207266678e-09
3.254308165263212516e+01
2.220446049250313081e-16
2.930163031469448498e+01
2.548300039913719922e-15
2.220446049250313081e-16
3.476913377443304283e-16
2.220446049250313081e-16
2.220446049250313081e-16
1.823333368444166741e-02
2.491309728728496964e+01
3.322798490393974443e-16
2.769027250898079934e-16
7.195113048712010017e-10
2.984006003579792488e-15
2.436053273310002432e+00
3.213722188396189239e+01
2.943314929405372719e-16
2.936298933479354645e+01
1.707262674320939380e-02
3.707456209092898192e+00
2.835992281123646567e-04
2.551952399755086836e-16
2.462005048510203589e-16
5.716826491638706171e-16
2.220446049250313081e-16
7.344443529392376179e-16
8.558563550660896120e-14
1.621578525308335833e-15
3.122621373757352004e+01
2.220446049250313081e-16
2.220446049250313081e-16
3.174029928832151981e+01
2.220446049250313081e-16
3.192631824626241510e+01
2.220446049250313081e-16
2.220446049250313081e-16
7.564911221875825120e-15
3.343745969650085970e-01
2.220446049250313081e-16
4.649863389293183991e-01
2.500783419446749224e-16
2.865311382228084014e+01
2.862522277489312811e-16
2.347119916712691534e+01
3.702180287815788895e-01
7.047650807131239970e-07
3.060839004664928211e-15
6.953661987273689680e-14
1.999332362414562425e+01
2.220446049250313081e-16
2.822487399957840637e+01
2.220446049250313081e-16
2.426213565809565727e-16
6.107880228002931846e-10
2.881810696227702451e+01
1.202776980113012947e-14
2.220446049250313081e-16
2.220446049250313081e-16
9.701504664408041298e-14
1.026703875116156972e+01
2.220446049250313081e-16
3.124395945043333711e+01
2.220446049250313081e-16
2.668870172619408265e+01
2.502530831684786072e+00
2.220446049250313081e-16
2.815672890470408163e+01
2.220446049250313081e-16
2.269280617622752628e-15
2.851716771621600138e-15
7.826977741950139844e+00
2.220446049250313081e-16
4.757571580464461142e-13
2.543310946822048635e+01
7.179656237041564517e-04
2.220446049250313081e-16
1.027724434660594018e-03
2.220446049250313081e-16
1.044494930399054056e+00
2.950716331519424420e-16
8.493932464927295811e+00
3.013184284647701006e+01
2.220446049250313081e-16
2.220446049250313081e-16
2.465353076778932797e-11
2.220446049250313081e-16
9.260586351755867085e+00
2.220446049250313081e-16
2.220446049250313081e-16
2.418039779031861957e-16
2.018673714346557801e+01
1.193780857459925148e-13
2.503806435910336603e+01
2.220446049250313081e-16
2.881523556384451441e-12
4.419547326112224866e-13
2.972881818896539485e+01
1.443156489165454786e-15
4.640193734540823733e+00
5.898720151953581459e-01
2.884721769825512894e+01
2.597796759591326759e-13
7.192524565995433994e-01
2.324389296566497265e+01
3.214787684387857780e+01
5.199443954553357354e-04
2.172509816332929589e+01
2.994506296540899986e-03
2.220446049250313081e-16
1.173445466042645940e-10
2.819526009540351552e+01
3.052460590104536919e+01
2.588790220048159796e+01
2.220446049250313081e-16
5.550456217373249537e-16
3.060315423366462539e+01
4.792901388091170128e-11
2.409488839078588615e-16
9.844454946733963050e-11
1.670926815434423786e-13
1.184207028116944826e+01
2.914828662772612233e+01
2.141904414469751572e+01
1.260335677720629325e-10
2.220446049250313081e-16
2.367901306725319444e+01
2.220446049250313081e-16
1.309731119618850060e-14
2.220446049250313081e-16
1.048976006458795650e-11
3.485649326120989128e-14
2.334702782159395149e-16
1.740650611240973689e+01
2.720154154793051759e+01
2.867776877108489910e-15
5.163994055528927669e-16
2.220446049250313081e-16
3.185649324549417827e+01
2.425609767319245691e+01
2.220446049250313081e-16
3.052003070030857401e+01
2.541141183060495123e+01
2.418796295389729291e-13
1.075321827448721379e+01
3.790361833786345169e+00
1.206498283059689964e-07
1.312428449814939602e-06
2.956375167855607167e+00
5.997481435741613076e+00
8.631905057520370406e-01
2.914512342118133503e+01
2.795112817288457308e+01
2.813326538173149061e+01
2.879166355910589203e+01
3.129431719018437263e+01
2.671902361917715751e+01
6.942940705582786852e-12
2.821326684964956755e+01
2.220446049250313081e-16
2.884319552609331794e+01
2.535729985248039142e+01
2.011560385452193955e+01
7.878349820523037758e-12
2.812501080654978480e+01
2.851073235548280138e+01
2.737337351468765334e+01
1.172320145177972160e-13
2.220446049250313081e-16
7.378073469535759155e-02
3.230016711709539357e-02
2.695327826028813218e-16
2.568322413399273785e+01
2.826853674439622566e+01
3.396330508154713654e-06
2.305881217349730861e+01
3.100102338131742026e-09
2.220446049250313081e-16
1.626232852294391851e+00
2.220446049250313081e-16
1.175409383702226807e+00
2.541509888487514246e+01
2.220446049250313081e-16
3.189961785478773260e-13
2.660588379051290531e+01
1.879388260322042271e-12
6.805069748537744267e+00
2.334638851892339082e-14
5.156078365560786211e-12
2.697030822828696464e-16
2.612087610738227283e+01
2.894998281665904827e+01
2.908513188349648360e+01
9.716207987441962057e-16
2.932398757167734971e+01
2.940037344473256908e+01
7.895367528927518030e+00
6.812749283471276840e+00
2.714918145896902857e+01
1.140179827525927402e-03
2.381572166571588323e+00
1.643424025207769645e+01
3.013503873754547158e+01
3.672636050576734904e-16
2.978661660950898238e+01
2.923227441470696064e+01
2.361124084080541863e+01
2.567664927597723334e+01
3.072630497219890700e+01
1.926360062241716811e-12
3.077935274141593649e-15
1.109524247116707940e+01
2.389088521720372071e+01
3.767468390816554713e+00
2.260386013670768079e+01
2.220446049250313081e-16
3.864751535702136748e-16
7.605960572834109149e-06
2.461399340494677190e+01
8.478957765977450656e-01
2.976037267643575901e-01
2.827495474203221448e+01
2.220446049250313081e-16
2.459362473469381172e+01
2.705614958696597583e+01
2.190557570017791854e-11
1.074378111632430591e-11
2.875129463031631616e+01
2.220446049250313081e-16
3.764523156730840107e-09
9.198313843952931279e+00
1.544058351683538888e+01
1.834082831672020220e+01
2.929452565896355409e+01
2.217452859941004828e+00
1.776719227366615428e+01
2.805764095537237424e+01
2.782111667267741950e+01
9.693514921018683950e+00
8.950449825767282095e-08
2.804977399984107223e+01
2.805081260162374690e+01
3.043454491731522182e+01
2.686060514448163278e-12
3.471884342887854539e-16
2.553536137782506188e+01
3.140325056781890822e+01
2.734813799002952805e+01
3.413592601521452839e-14
2.646993037162195606e+01
2.788918658076219970e+01
1.279306123708987109e+01
2.542596875005835599e+01
2.505074434362850511e+01
8.155899104764854357e+00
2.270186393335587084e-16
2.533684987034230218e+01
1.445920371955179337e-04
9.058101865703656053e-01
1.285289328956364763e+01
2.446251614627558268e+01
7.562232721103329114e-02
2.471650220143300330e-16
1.451320607846274058e+01
1.565974077407397377e-10
2.911745982185652792e+01
1.073909241615850085e+01
2.155753851766962370e+01
2.838186168509757934e+01
1.865704925139014847e+01
3.182578146281698039e+01
2.457290219770098005e+01
2.600740359741872254e+01
1.914921852517966332e-15
2.788646710370151993e+01
2.552611982955977155e+01
2.452738625472705181e+01
1.081647688713587563e+01
2.556907720295288655e+01
3.571434110340678814e+00
2.428184054219037336e+01
4.155863595345994817e-06
2.410340522012275244e+01
3.112881116567622541e+01
6.799985227399754084e-01
3.069957932959610503e+01
6.985163025211104326e+00
2.994448682556517838e+01
1.871171280795813630e-02
2.757940677107015404e+01
1.430695777269417412e+01
2.259414040535497392e+01
1.694072385479953959e-05
5.176567295868993702e-11
3.584484043663837484e-06
2.220446049250313081e-16
5.112076447136514472e-15
2.783988101266897175e+01
2.625398627867285484e+01
2.765717565083737739e+01
1.126067224875594054e-02
2.851186428351171642e+01
1.500605328720850551e+01
7.675092603143491843e+00
2.006034090270921766e+01
2.220446049250313081e-16
2.580245942290055724e-16
2.501486822491710527e+01
5.975761353046987523e+00
2.464677687452583044e+01
2.728091512043834399e+01
1.519389182033000196e+01
6.912951752549668386e-16
2.000456373974601831e+01
1.918426312376686838e+01
3.090305807676535821e+01
2.220446049250313081e-16
2.589394815899319013e+01
3.054858506388829833e-16
1.660705020830842337e-15
7.780919461224733880e+00
7.481228012220749513e+00
2.741414336534465232e-16
2.672035643577423514e+01
2.675447303270054533e+01
7.566754147425594490e-02
1.679678330753825594e-08
2.741931813057464495e+01
2.220446049250313081e-16
2.359765229484452138e-16
2.627754018852977325e+01
1.686047339990245640e-11
1.657847981858954611e+01
2.172966989615800770e+01
3.287772249333745312e-09
4.255895028833169747e-08
2.387487165955401755e-16
2.799521244192082392e+01
2.220446049250313081e-16
2.220446049250313081e-16
2.657855989142831987e+01
2.368653095402356357e+01
2.528332979772135047e+01
1.094386700826497083e-01
2.931375922397259970e+01
2.667150015608292080e+01
1.415919118960591449e-15
2.707983090475002896e+01
2.911358084159215309e+01
2.589114411216667833e+01
2.211778880677653802e+01
2.713260249891883902e+01
2.929259776207073784e+01
2.731176932922906531e+01
1.994828056643438075e+01
6.359119441640402151e-06
2.546837529017969004e+01
2.928291848695115362e+01
3.122913680715686979e+01
2.577424259468324408e+01
2.778845718352333094e+01
2.544545104710684669e+01
2.570540625996196482e+01
2.436523894532010104e+01
2.737358168171089545e+01
2.342814851638514995e+01
2.764573719074155633e+01
2.474907514164705091e+01
2.676243768793809252e+01
4.369786405090885761e-16
2.602070903273734359e+01
2.253217793307288855e-16
2.681756689561399298e+01
7.892510828118520116e+00
2.231296112758398209e+01
2.556260177243167320e+01
2.376270351011958937e+01
6.941807016690263894e-16
2.925501948305289446e+01
2.355775510055590871e+01
2.759289827969199393e+01
2.598339171124828795e+01
2.827871985792586784e+01
1.042496001807864481e+01
2.859156368825062344e+01
3.499237272427816502e-09
1.677735699805988079e-01
2.753691672475658692e+01
2.319347127842935308e+01
7.195594372123872345e-16
2.730623764434400158e+01
2.695078160090652730e+01
1.007453177532340050e+01
2.867356417234098132e+01
1.799104799435583502e+01
2.704872601686213329e+01
2.564161064345655561e+01
2.480093911916778637e+01
2.697483665243474249e+01
7.657661538556748582e+00
2.769065050603823863e+01
2.589968847121450324e+01
1.876658949847072222e+01
2.433600645063558332e+01
2.750794775930177138e+01
2.810594770259361042e+01
2.647029806958014220e+01
4.547976215100709977e-12
2.773809054029566923e+01
3.050329200319055190e+01
2.598462760645707803e+01
2.683952850579097671e+01
1.661354787922730836e+01
2.768554305254853887e+01
2.572512107977740570e+01
2.228230439943822816e+01
2.607105909873223126e+01
2.765078015019875934e+01
2.563027577011832392e+01
2.220446049250313081e-16
2.893693843146429501e+01
1.403490040084506774e+01
2.910721212872968877e+01
2.820276682515492084e+01
2.808637213738449390e+01
2.220446049250313081e-16
7.460368711400154673e+00
2.762557063230160637e+01
2.486651328452762044e+01
2.708319222114005598e+01
2.682044819132569557e+01
2.895915279021309985e+01
2.464754986633037248e+01
2.815709637844804547e+01
2.714384895916612805e+01
2.139559902302480054e+01
2.220446049250313081e-16
2.302397192643968182e+01
8.757970451873175577e+00
9.937444476662857795e+00
1.845473209176437379e+01
2.612455161354152366e+01
2.680192770380078571e+01
2.487673856773192682e+01
1.753991922213911944e-04
6.672203912572312046e-01
1.742889643582907411e+01
2.635126683791070334e+01
7.870218364789098456e-04
2.483662144591987797e+01
5.834963761621955736e-02
9.470004921052549207e+00
2.505099324667345329e+01
2.501209082938129669e+01
2.898358048836696454e+01
2.749034037892986504e+01
2.669265784030053723e+01
2.741887248154966272e+01
9.048980390342237001e+00
2.657556082079423376e+01
2.526165027803298813e+01
2.589006060562342171e+01
6.583977376155409011e+00
1.483001371170553605e-02
2.326097778444195582e-15
2.595610254443881004e+01
2.220446049250313081e-16
1.016787672550658428e+01
1.846556703993774917e+01
2.476395789837108907e+01
2.676707973641599381e+01
2.558596040348200162e+01
2.773345904216118285e+01
2.593607856159752956e+01
2.663250472003565505e+01
2.855894623046141945e+01
2.893530371353518049e+01
2.074373919916557441e+01
1.023692519914101773e+01
2.697378771254622976e+01
2.414789783303162096e+01
2.556074748886768688e+01
2.368799744799026996e+01
2.621981459217938593e+01
2.810299531479505930e+01
2.478866549689351473e+01
2.123784323788246908e+01
2.641812229339035412e+01
3.994381733455648398e+00
3.047539912698851552e-16
5.541372756327052433e-15
2.614249052784310479e+01
2.831271154918185573e+01
2.800597039957439094e+01
2.790812589141384592e+01
2.587998118589428032e+01
2.778913580891447310e+01
2.595593242319868921e+01
2.151167317250367361e+01
2.284566310809265843e+01
2.819891958669953870e-08
1.526837562298553763e+01
2.135805599791391529e+01
2.623115169240783473e+01
2.843558763305175319e+01
2.772412496179663677e+01
2.764934795454539085e+01
2.735774509241640473e+01
2.515732096013698538e+01
1.970992277670446313e+01
1.540647718483246820e+01
1.448401889236224349e+01
2.939608591343094091e+01
2.319524212574916788e+01
2.418718910334415639e+01
2.514633307222351277e+01
2.113530800952399602e+01
2.920516806424388534e+01
2.733081726579428050e+01
2.668133094020718588e+01
3.477258977754627154e-16
2.546383823107192157e+01
1.528185941843728379e+01
2.290310991382837003e+01
2.361685870228171424e+01
2.684372811096809031e+01
2.626791290936725787e+01
2.671542392854809833e+01
2.444660741190938680e+01
2.558853828217400306e+01
2.861218941106984914e+01
2.655867494749923807e+01
2.919126723078704799e+01
2.671204073521417044e+01
2.704115869834271635e+01
2.905032121779847998e+01
7.295260321228843049e-09
2.763397004100940180e+01
2.641303347722220352e+01
1.905711104094582353e+01
2.797767092414354195e+01
2.749498071167205993e+01
2.510037970949371910e+01
2.447105254229668247e+01
5.370607861467507791e-16
2.745060875684889012e+01
1.094399953289348026e+01
2.049081899078735347e+01
2.657638735595096691e+01
2.652357643429524003e+01
2.220446049250313081e-16
2.780389469605295005e+01
2.717346846881271816e+01
2.374939628292539950e+01
2.670353335370778680e+01
2.528552203501442008e+01
2.623792475525744550e+01
2.803363747027466601e+01
2.363800138075318102e+01
2.374563721828358218e-02
2.689811992005327568e+01
2.716123996852849132e+01
2.007091880546446561e+01
2.959631645028634495e+01
2.395914832066833355e+01
2.614441228216914226e+01
1.916376716793238444e+01
2.681763819206327781e+01
2.216450424907058192e+01
2.369077123453232758e+01
9.118935178973870848e+00
2.731886253755062555e+01
2.609010141900934698e+01
3.016538994468956858e+01
2.302073954228868402e+01
2.659902873781909705e+01
1.720368910724691958e+01
3.082932580008767687e+01
2.811735954870093934e+01
1.300279332923265230e+01
1.184316886683967240e+01
2.579159092501370054e+01
2.775130818631216911e+01
2.805599154572674081e+01
2.468780912612808365e+01
1.302295274169444284e+01
2.596555195363364987e+01
2.874298752293433168e+01
2.726597360691578942e+01
2.613353633589801817e+01
2.329744565994112193e+01
1.456829905151648674e+01
1.209936455617269502e+01
2.988811482133342778e+01
2.354364210333320173e+01
2.640079851442497372e+01
2.667794620771669400e+01
2.943210080017903607e+01
2.918832195625184767e+01
2.487815048800811368e+01
2.691731345270839171e+01
8.362888109308753926e+00
2.407118918719510603e+01
2.434344056497431907e+01
2.924924223576207538e+01
2.771105286197113671e+01
2.848604901170893910e+01
2.679647205027165668e+01
2.430687079733623435e+01
7.377123473781225904e+00
2.496825776598719671e+01
1.677792766471189267e+01
2.636400096433245466e+01
1.667449494317570569e+01
1.064335433635618067e+01
2.770900953792456178e+01
7.571172742843746306e+00
2.625455895124608574e+01
2.666967665404188281e+01
2.667111540466843422e+01
2.799713306126215784e+01
2.608345612930591884e+01
2.614339188807880987e+01
2.602623644024158622e+01
2.758170222751571998e+01
2.490475950251249060e+01
2.276229736820313221e+01
1.173880837364279373e+01
2.741680729547672257e+01
2.208016958314934541e+01
2.824696244624198727e+01
2.700756832965194221e+01
2.475610902746685937e+01
2.369647031067726317e+01
2.902916183884398649e+01
2.530089781970256269e+01
2.423402407465693997e+01
2.359967013681983516e+01
2.527688172596116090e+01
2.747525597452055734e+01
2.574074791873207602e+01
2.869095989312941342e+01
2.616837289995636695e+01
2.584110590864565182e+01
2.661247154941216664e+01
2.694348792145429528e+01
1.518606762299581803e+01
2.832548958751829105e+01
2.651574930091539883e+01
2.040156558784058305e+01
2.342809732264020894e+01
2.255558540234204656e+01
2.886718793722619836e+01
2.431633203018865785e+01
2.605592068324774502e+01
2.726483523248683483e+01
2.385432424984651334e+01
1.576577751325547716e+01
2.632320436494167382e+01
2.538801131879930040e+01
2.540632639663300907e+01
2.542912627935953651e+01
2.820195690719727821e+01
1.187873785854943876e+01
2.465996825253980163e+01
1.716875656281461460e+01
1.441953139612774493e+01
2.814252370599350783e+01
2.575417810285004094e+01
2.489731675360824070e+01
2.731264388552485300e+01
2.667639491617209657e+01
2.242018789073459217e+01
2.780074901195584403e+01
9.146130583605755149e+00
2.536010176209985190e+01
2.790010792154677333e+01
2.667215804014035996e+01
2.708960059307872825e+01
2.600519159963420535e+01
2.478582796981016045e+01
2.681621274085865636e+01
2.472518348160352986e+01
2.300693013891354965e+01
2.682534940836217530e+01
2.315664402868732097e+01
2.644261660648837520e+01
2.407989944159755424e+01
2.491582167345739762e+01
2.668868158975542926e+01
2.643852701643353242e+01
2.353829827037974098e+01
2.700692500351597047e+01
2.021414915265846091e+01
2.606992361771075650e+01
2.588863766262364408e+01
2.708885819969528796e+01
2.576524093666476034e+01
2.556217520693392231e+01
2.704443491838520330e+01
1.147795728448186736e+01
2.490970214803508398e+01
2.677751780251328029e+01
2.869148743564689852e+01
2.763714245208547737e+01
8.850468392925433747e+00
2.632151744533112137e+01
2.730699159922930619e+01
9.713523423629457199e+00
2.734984191647120966e+01
2.534726368602873592e+01
2.690865830173678930e+01
2.399422019699373365e+01
2.385102849119976298e+01
1.196416406266387789e+01
2.210358945090555949e+01
2.572366749494664617e+01
2.752338701636393026e+01
2.468807872393857750e+01
2.952030096782016599e+01
2.621627179106468830e+01
2.612281725932651000e+01
2.534557032164104129e+01
1.089070720349934795e+01
2.696272367462333008e+01
2.531898332151898856e+01
2.579014847507921360e+01
2.553768887480627114e+01
2.778679651074480716e+01
2.456278639445138978e+01
2.770876903699782901e+01
2.384997538701037456e+01
2.760514502141062110e+01
2.491025199250348976e+01
2.521769041854710025e+01
2.603410868999795014e+01
2.415702375947886793e+01
2.662304486054888031e+01
2.682030832803701159e+01
2.153028114107471325e+01
2.424818061649927259e+01
1.024866319224582368e-14
1.507344017796856761e+01
2.590160553801356613e+01
2.860686517077330393e+01
2.873587165349098171e+01
2.734544588458285830e+01
2.667429062650189664e+01
2.687691339810037405e+01
2.506190698633150049e+01
2.561807220136606844e+01
2.544832033500358293e+01
2.720993414155241652e+01
2.987638903058988760e+01
2.420780303887724472e+01
2.627004370713904891e+01
2.600013540971965753e+01
2.293798629129899069e+01
2.065054133916226320e+01
2.873740276087570322e+01
2.791384257479766617e+01
2.918334452333426654e+01
2.729916018115705256e+01
2.606841621754830030e+01
2.550892233292207933e+01
2.767470075873253421e+01
2.661793043505577927e+01
2.462394468693124594e+01
2.814828501871561883e+01
1.257373495360071836e+01
2.333004985021694466e+01
2.973403389180059264e+01
2.672616842621154731e+01
2.373258947399377305e+01
2.701560179658198990e+01
2.365501299928953927e+01
2.446989314414895489e+01
2.656186230037151574e+01
2.363012437206271343e+01
2.703947991819300256e+01
2.525225190301746281e+01
2.621372833174200423e+01
2.782356375865827758e+01
2.081396609288741573e+01
2.851418388650606417e+01
2.445497948597501292e+01
2.595307933971615100e+01
2.646622220822148464e+01
2.539262707422556886e+01
2.499594912101718336e+01
2.726118976822847628e+01
2.948774011431065389e+01
2.614917334787411107e+01
2.731493244931933617e+01
2.483119655212561128e+01
2.630007152603529974e+01
1.877412905434665902e+01
