2.220446049250313081e-16
2.220446049250313081e-16
1.784939011755255536e-05
4.479444386101780797e-16
2.220446049250313081e-16
2.220446049250313081e-16
2.220446049250313081e-16
2.850066261295715442e-16
2.220446049250313081e-16
2.220446049250313081e-16
3.478441777555080705e+01
4.835792798135212616e-16
2.220446049250313081e-16
2.220446049250313081e-16
9.403530567801446429e-14
2.220446049250313081e-16
1.998972774110527901e-12
2.220446049250313081e-16
2.220446049250313081e-16
2.220446049250313081e-16
2.220446049250313081e-16
2.571067193062827208e-16
2.220446049250313081e-16
2.220446049250313081e-16
2.220446049250313081e-16
1.642594816721939049e-15
2.220446049250313081e-16
2.220446049250313081e-16
2.220446049250313081e-16
1.049315121900246557e-15
1.625984141464932239e-02
2.273886670634732800e-10
2.220446049250313081e-16
2.220446049250313081e-16
2.827249275306266711e-05
1.121686415120705327e-14
6.519459055618745103e-13
2.220446049250313081e-16
2.220446049250313081e-16
2.220446049250313081e-16
2.220446049250313081e-16
2.220446049250313081e-16
2.220446049250313081e-16
8.823368978828603859e-13
2.478724228170002841e-16
2.220446049250313081e-16
2.220446049250313081e-16
2.038670123025291050e-10
2.633495032793713725e-16
2.465674733485894087e-14
2.220446049250313081e-16
2.220446049250313081e-16
9.609882677962590723e-10
2.220446049250313081e-16
3.247707959384197096e+01
1.493960259602582994e-15
2.507960977107331127e-16
3.432279583931308053e-02
2.006806478353579948e+01
7.491179426829033255e-16
2.220446049250313081e-16
2.220446049250313081e-16
7.332585659027353092e-14
2.220446049250313081e-16
2.220446049250313081e-16
2.220446049250313081e-16
2.083641185252942332e-13
3.327513984331759644e+01
1.628087620777042615e-15
2.458863976121205497e-16
2.220446049250313081e-16
3.206595498184075232e-16
2.220446049250313081e-16
2.220446049250313081e-16
2.220446049250313081e-16
2.220446049250313081e-16
2.220446049250313081e-16
1.589359999656835831e-01
2.220446049250313081e-16
1.311614929612070846e+01
1.104345460563494623e-14
2.220446049250313081e-16
2.220446049250313081e-16
2.220446049250313081e-16
2.568564685033585786e-11
1.452986040890739030e-14
2.842639228537773855e-16
2.220446049250313081e-16
1.483319315567110662e-15
2.220446049250313081e-16
2.220446049250313081e-16
2.423154822228512100e-16
2.239948405455897962e-01
2.220446049250313081e-16
1.904318942072665313e-15
8.323220078437774938e-14
4.341506114181249801e-10
2.220446049250313081e-16
1.057181405353796539e-09
3.368609018001842514e+01
2.220446049250313081e-16
8.779874721333385751e-13
2.220446049250313081e-16
8.984418439352859220e-02
2.220446049250313081e-16
2.220446049250313081e-16
2.220446049250313081e-16
3.420959293591886308e+01
2.976133325845606947e+01
2.220446049250313081e-16
2.220446049250313081e-16
2.220446049250313081e-16
2.220446049250313081e-16
1.328085261065293462e-15
3.479677772978559884e-14
1.673299189083715532e+01
2.220446049250313081e-16
3.403968570429560729e-16
5.208884271612543914e-14
2.475931027380073174e-02
2.220446049250313081e-16
3.294081473833148706e-15
2.220446049250313081e-16
2.078310810675619330e-09
2.220446049250313081e-16
2.220446049250313081e-16
6.326332871045766543e-16
2.220446049250313081e-16
2.220446049250313081e-16
9.444130683005668996e-14
4.334604055927922944e-02
2.220446049250313081e-16
2.938003188808864152e+01
9.537900124989604204e-15
1.782041523605591982e-01
2.994064984217908930e-05
2.220446049250313081e-16
1.463726792557720566e-15
4.353925498716566153e-16
3.560703912930829769e-06
3.040167638413930007e+01
2.220446049250313081e-16
2.220446049250313081e-16
1.355106209459313490e-15
2.220446049250313081e-16
7.637158189828707301e-16
2.220446049250313081e-16
2.220446049250313081e-16
2.220446049250313081e-16
4.154740289596074904e-15
3.328906335209400425e-16
1.064736458012993040e-12
6.284602234670850149e-16
5.377009185527574563e-14
2.583155630379046629e-16
1.187370292083598500e+01
3.052023298969050913e+01
2.220446049250313081e-16
2.220446049250313081e-16
1.367278846706212504e-03
3.118365835119630347e+01
2.220446049250313081e-16
1.744302787435968166e-12
6.616349571175566396e-11
9.228298271989186666e-05
1.301671934928158278e-09
3.187656016723423416e-06
2.220446049250313081e-16
2.220446049250313081e-16
2.220446049250313081e-16
4.073388773240075710e-15
5.585625276935260679e-07
5.040350234071550202e-04
2.220446049250313081e-16
1.123647744867073590e-03
1.148055613757913337e-11
6.888518477045387192e-16
7.872115876207152748e-14
4.013598826581585624e-05
7.199705252484297786e-14
3.707050223230456076e+00
7.708579867462934329e-16
2.220446049250313081e-16
2.008111518170995154e-15
3.228109930269015848e+01
1.610815198644607285e-15
2.220446049250313081e-16
2.489750803577675953e+01
1.891471538537423889e-11
5.028256301408932456e-16
3.126215328765570334e+01
3.920252645925546211e-16
2.220446049250313081e-16
3.226269692549017765e-16
3.992152494464964262e-14
4.663652500233276923e-16
1.321700646659923265e-10
1.227898223370166075e+00
8.347980193000790333e-03
6.495340021898636465e-11
2.220446049250313081e-16
1.415386734831244731e+01
5.576603219060567782e-15
3.235760671874020750e-16
2.755440649585294111e+00
7.413735125783123567e-06
2.220446049250313081e-16
3.623626113727404050e-16
2.317971596925982861e-13
1.292152479339656853e-14
9.642346825858059748e-15
2.460270529529267631e-08
2.220446049250313081e-16
2.220446049250313081e-16
2.220446049250313081e-16
2.220446049250313081e-16
2.220446049250313081e-16
8.295407396896841590e+00
3.585543353487244503e-15
2.220446049250313081e-16
2.220446049250313081e-16
2.220446049250313081e-16
2.076941640368399788e+01
2.794428254670258482e+01
1.171184977599918111e-14
1.777941583596633800e-09
5.487165208972162961e-07
1.286578851465512957e-15
8.837357498727472121e-11
2.220446049250313081e-16
1.183781167208253578e-12
2.220446049250313081e-16
2.270222183973407137e-01
3.104840482396064161e+01
2.063757645707920091e-15
2.453637369427424195e-16
6.230181726767380226e-16
1.360491751458055010e-01
1.499312640000279236e-14
1.388992399473961197e-15
9.012132343829146635e-14
2.220446049250313081e-16
3.074342576138529622e-16
3.288643181567295670e+01
2.596473394932574229e-16
5.844545074908700375e-15
6.251190242306955160e-16
3.102427257362698754e+01
1.569805484344835141e-09
1.972275395705499447e-09
3.523115477644908667e-07
1.805088701978391511e-15
2.220446049250313081e-16
3.121633129721960742e+01
2.220446049250313081e-16
2.727844981763657819e-12
2.220446049250313081e-16
7.343705330230006873e-06
3.078957295436776320e+01
2.220446049250313081e-16
2.220446049250313081e-16
2.186272375800068452e-07
3.168058134042766838e+01
2.220446049250313081e-16
6.321431695804140510e-05
9.536099937612703862e-16
7.923539379658030984e-03
2.468186098746403279e-16
2.881569727887420095e-16
1.434253009934467387e-15
2.348503105608581265e+01
1.328466455996352436e-01
2.971799486949050362e+01
1.343075844892644289e-04
2.220446049250313081e-16
2.721021448603942261e+01
2.220446049250313081e-16
9.029632806267825147e-15
3.489322131853274257e-16
2.220446049250313081e-16
2.757503117125255088e+01
1.625328056760788778e-14
2.839859801583453347e+01
1.738584870240913705e-10
1.524868577744994904e-13
9.270084831665606373e+00
2.744199008310245347e+01
1.912677036590738018e-05
2.497859326512415516e-16
1.365518736419004853e+01
2.220446049250313081e-16
4.829026477078298947e-06
3.580850988777362644e-16
1.826618541194569190e+01
1.598607444332282515e-15
1.456294981551764672e-15
2.220446049250313081e-16
1.813134569757438186e+01
2.220446049250313081e-16
2.220446049250313081e-16
1.148878532360084570e+01
2.895113926695050479e-16
2.220446049250313081e-16
1.241259017811937107e-02
2.369110830431857468e-16
2.220446049250313081e-16
1.249674569569608629e+01
8.545228117489857278e-02
4.822131934788937673e-15
2.954355533456060456e+01
2.615494918410117720e+01
2.527114853209850054e+01
2.911630043909383403e+01
2.220446049250313081e-16
6.463314231021719536e-01
2.469481594805663960e+01
5.235995624732977961e-16
3.818076795390449658e-16
2.300950833888323643e+01
2.723217702840405963e+01
2.220446049250313081e-16
3.304457664318830729e-02
2.392340314239299340e-16
1.153087429929411361e-05
3.035027234656245199e+01
3.178186141147690336e+01
2.220446049250313081e-16
1.805410262818612657e-10
1.046477743493485590e+01
2.653878277695611843e+01
4.344343156016294365e-14
1.672582004429940798e-15
1.908073388974075613e+01
2.408161304509949281e-16
1.297321194263486355e+01
2.268342176161889927e-13
3.400177116445742609e+00
3.052668295294517620e+01
1.225174730992189458e-04
1.505072673489187517e-02
6.067921415508539344e-06
1.917397543424340734e-11
2.481184363883035715e+01
1.913344403730583565e+01
2.220446049250313081e-16
1.010991813201820078e+00
5.869180745439119828e-01
2.220446049250313081e-16
1.059561171245266920e+01
6.247041556990611145e-10
2.264776547531015963e-15
8.094651377012478832e+00
1.235701926837832199e+00
2.541207916315608539e-07
2.887011697876284799e+01
2.238985639252843285e+01
2.200274372811981966e-11
2.666343346703745144e-15
1.928122551410047691e+01
2.220446049250313081e-16
2.902618288994440121e+01
3.718731244230343770e-16
3.452140467509214524e-16
2.220446049250313081e-16
6.300115717696020247e-04
2.660113175652008977e+01
2.994840352103791048e+01
2.220446049250313081e-16
2.577056894204400450e+01
5.237773682296102962e-01
2.405617208299501002e-16
1.510834309019815429e-15
2.958839690528571251e-16
2.837683408248084760e+01
7.651404777516272439e-14
2.301007141339320959e-16
2.238071632829404578e+00
2.220446049250313081e-16
7.449925650954718037e+00
1.048444246724723750e-01
3.120205671892095958e-16
9.284508530647946504e-14
2.884480119722830693e+01
2.770183368976650939e+01
3.766633023189711141e-07
2.407346865844122024e-16
2.900554279952590875e+01
9.117804671801671645e+00
4.243035761887142265e-01
8.277039995993279442e-02
2.669268986092583162e+01
2.316508196571489984e-15
2.220446049250313081e-16
2.951792905820375758e-16
2.612469395642296011e-16
2.547991891838175960e+01
1.204524582085559913e-14
2.821778466677568176e+01
5.640819950255777924e-15
2.426963768002930166e+01
3.010799604068961344e+01
2.220446049250313081e-16
2.220446049250313081e-16
1.638065308777757363e-10
1.773549333307475575e-15
1.161141899907255848e+01
2.020892255265876473e-15
1.793444941342346380e-11
1.574394004503776865e-04
2.183974698722785490e+01
3.396853115206617257e-01
2.639098474693964747e+01
9.626233447885104193e-13
2.592326285769961913e+01
1.223111167014219625e+01
2.783585019626185625e-02
2.788782050243128068e-15
7.942093208557631456e+00
2.911554781980479234e+01
2.768351628803091913e+01
1.106574936925338531e-13
2.452456321952665444e-13
2.220446049250313081e-16
2.508143413188258819e+01
2.456364628385173887e+01
2.741050799253513759e+01
2.647321319831701913e+01
2.695804222905531589e+01
2.859097795205140358e+01
3.205100183109350098e+01
1.514341460149982233e+01
2.220446049250313081e-16
1.543488661244646635e-05
2.538513194702423448e+01
2.220446049250313081e-16
1.755683704728891348e+00
1.144527114094500070e-04
2.750630880948352441e+01
1.292738892824900887e+01
2.762163550561037439e+01
2.563049187926036794e-10
5.174878352961196498e-02
2.438992863818752710e+01
5.636592726484915335e-16
1.779051769339781230e-13
2.108849102887054260e-07
2.580947522689006846e-16
2.477653319949246224e+01
7.437271724191218958e-01
2.603894504336481930e+01
3.205876238288794708e-14
7.722522696372233736e-10
2.833165642944510765e+01
2.773392231143867193e+01
1.580215422589438923e+01
5.112676998235375772e-16
2.540669408623447012e+01
1.251021240519897729e-10
1.581227692193392542e+00
2.241072263888642979e+01
2.833098037593268970e+01
7.423309616431486048e-04
2.502899826842132214e+01
2.504880785182361436e+01
1.365492199012876817e+01
5.388264276710274321e-14
2.651878083396683294e+01
1.419176063685131215e-15
5.781167375679723339e-06
2.593230786016947320e+01
2.699979472421563287e+01
2.807050643710095983e+01
6.298968208406270628e-16
3.141061193859584932e+01
2.412723142691299572e+01
2.732601097799935275e+01
2.381240471169504170e-16
3.060315743915977649e+01
1.330269580297175125e+00
6.944315786096416643e-03
1.145718033775698218e-07
8.751584806945463327e-03
2.886005860627219377e+01
8.150948362787384383e-02
2.220446049250313081e-16
1.132442282181255067e+01
3.879600136710869843e-16
2.407205343475303394e+01
1.014479129838666083e+01
5.800677333568471372e-02
5.849058129139531395e-03
2.797541101537967378e+01
2.501827966610385090e+01
2.673174354586731738e+01
3.061937980364397660e+01
2.886659975592903749e+01
2.680243145544981331e+01
9.669927811345283758e-14
2.669670051178161785e+01
9.774851591448594945e+00
2.866173113013773488e+01
2.643698967795734589e+01
2.077066000021055814e+01
2.867086161916155618e+01
1.459500689776350266e-15
2.010921895262859221e-02
1.048070930961827685e+01
2.871340465200880132e+01
2.687171354904258180e+01
2.808700817390736049e+01
6.322951550604037685e+00
2.104354790446779333e+01
2.394731769796576515e+01
1.682732341227359996e+01
6.939274352396029855e-01
2.588696441564422557e+01
2.592277428860479915e+01
2.591805353997108341e+01
1.493570669747904844e+01
1.240878958270031873e+01
5.427357869368932830e-01
3.106980876306432826e+00
2.517801091007430259e+01
2.692044957467567201e+01
2.857694491908192447e+01
1.216783303748442585e-07
2.257333657164301499e+01
1.279625729961868608e+01
2.398251225601134351e+01
6.612461061377379831e-14
2.702817706185804691e-02
2.571824013111893237e+01
3.077836389036376019e+01
9.292722955519709060e+00
2.488861542932184889e+01
1.122994177929438919e+01
1.574100358431564476e-15
8.063259867102584913e-16
2.134350631462302417e+01
2.594028873305217786e+01
2.122067911585927646e+01
2.612716478166407796e+01
2.152273525397890505e-02
2.177145282231942502e+01
1.476676881366494719e-06
6.885254777038275764e-02
1.381882501248207795e+01
2.668777320270406506e+01
2.556560535500836551e+01
2.798961581785794550e+01
2.681670343828183789e+01
2.870466557305148925e+01
1.347682722352836038e+01
3.515314481344124422e-16
8.222312869037047278e+00
2.776258663792004455e+01
2.570464856567838297e+01
2.758939935517210529e+01
2.699409855743451203e+01
2.949633445534791676e+01
2.901583727600974427e+01
2.532269290144380491e+01
1.161860164866410727e+01
2.685168366252120364e+01
2.587663859619791396e+01
1.255771203330815133e+01
2.086744228697896052e-11
2.694454099533491132e+01
2.512668714591318775e+01
2.765574039018631680e+01
2.630555027686149572e+01
2.545504665280271794e+01
2.093817609122234202e+01
2.808403014661694641e+01
2.801955495131039697e+01
2.589712473172824048e+01
1.742775473527633068e+01
1.472723037007562752e+01
2.696104069541520332e+01
2.653210348641844618e+01
2.736023491721944367e+01
2.770792585435284749e+01
3.998810093685008504e-01
2.474363512736595538e+01
2.447128430052071500e-16
1.611943986549839281e+01
2.137001167811292746e+01
2.752093519477747563e+01
8.645539174813671660e-15
2.658366089471008079e-16
5.034843783992810166e-09
2.655667329096047524e+01
1.262650069295794708e+01
2.610723532602435881e+01
2.220446049250313081e-16
1.275524687151298053e+01
3.605050023745346388e-10
9.825240150418945717e+00
1.020294030594684465e+01
3.417764881372951675e-05
3.171466832033321137e-01
2.722082695454909995e+01
1.163206116077749819e+01
2.398878867751060184e+01
4.970042945043078947e-08
1.482047420150644967e+01
3.416962050339047523e-16
2.220446049250313081e-16
2.787134694343679442e+01
2.535534737132567074e+01
2.469743576894208559e+01
1.587519469878943674e-11
1.522306038347236024e-15
2.088127824194250692e+01
6.518881302624381036e+00
2.694249883912219551e-16
2.611207878139933669e+01
2.617889360294729073e+01
1.147686551036587410e+01
2.789124597162811270e+01
9.815817470111671268e-09
2.508861278482691759e+01
2.557634027880072125e+01
3.041621566237111196e+01
1.443419109987889384e-09
2.220446049250313081e-16
2.221199541087007390e+01
2.728414676852558074e+01
2.559204739651660532e+01
2.583491031871738386e+01
2.383952143645931088e+01
2.966711893471127937e+01
2.402350184645267106e+01
2.735546856123854198e+01
2.674642390861443175e+01
2.545635179586431462e+01
2.975924613132178820e+01
2.559891128872374821e+01
2.703880367722962319e+01
1.762941213331307722e-15
1.208498578952255897e+01
4.172267911223823360e-16
2.390799964434308933e+01
5.048000053949752708e-01
2.786122610713997361e+01
1.591817402748429089e+01
2.220446049250313081e-16
2.847803616233489876e+01
2.812784519457210308e+01
2.220446049250313081e-16
8.359446865541919180e+00
2.373877228403468109e+01
2.684116633080875047e+01
2.623673768836505715e+01
2.912843235685840626e-16
2.522596835792388248e+01
2.819126884628664342e+01
2.699114201643095967e+01
1.495286205276635060e-11
2.691598658516615217e+01
2.613743095529520843e+01
2.645396500858291589e+01
1.511010362295469278e+01
2.531976758832789898e+01
2.741113934933612839e+01
1.061785750467453404e+01
2.549125356754151284e+01
6.798075843908616633e+00
1.252324331824095793e+01
2.905500838221816906e+01
2.618432422626315770e+01
2.716903880419791406e+01
2.808727146099417737e+01
2.662568753334109317e+01
2.710011956693619695e+01
2.446222106947873698e+01
2.778688686068123914e+01
2.613866565273128018e+01
5.822775857283206706e-16
1.670104052465606514e+01
2.654218444939866117e+01
2.617247941136036005e+01
9.060464114962901050e+00
2.791596223154353495e+01
2.789989479643318759e+01
2.735663828467680858e+01
2.659318854550810940e+01
2.650567212767935743e+01
1.341595312669310402e+01
2.718697460878493288e+01
2.377967324576330199e+01
2.425837305038359304e+01
2.653671573709112330e+00
1.542346292487624136e-15
2.876237846368761097e+01
2.764788670636120216e+01
2.495115936895076558e+01
2.654902188124906104e+01
3.581288508774787029e-16
2.645504320371432883e+01
2.836325240773465950e+01
7.964877350417949309e+00
1.932624156660890691e+01
7.124143456742400460e+00
2.849166180622346189e+01
2.699239005739357822e+01
2.460580732721453145e+01
2.492242740174190985e+01
2.774288038468323592e+01
2.801653876314412983e+01
2.476460040104496230e+01
1.639167297569013826e+01
2.554745533164384241e+01
2.763785155491015644e+01
2.813398004689055298e+01
9.860584693798106315e+00
2.916691245099117324e+01
1.038204479769560251e+01
2.544536846624463422e+01
1.113961644025545894e+01
2.730739866994598941e+01
2.564993611480959146e+01
2.398966207459124433e+01
2.675619124533310966e+01
2.517557711194737990e+01
2.962182932732087082e+01
2.792009350317168881e+01
1.580741849477039045e-06
2.597142142711166102e+01
1.957168486946019925e+01
2.523261799133990380e+01
2.814109442694677199e+01
2.371053788673049212e+01
2.694912261863910174e+01
2.600306562097593144e+01
2.676123766877988075e+01
9.681642180985630119e+00
2.587673122668065773e+01
2.576171491911017597e+01
2.370438787328770047e+01
2.703715390188591527e+01
2.675436975793310168e+01
2.596215629635157995e+01
2.599858649523264731e+01
2.600022488104859164e+01
3.034627575723814985e+01
2.721336385346939224e+01
9.491855813305486222e+00
8.608868098226674027e-07
2.929057693985457789e+01
2.745049445217084028e+01
2.720408182527989638e+01
2.514301040021359057e+01
2.543577569326871313e+01
2.552561377113533680e+01
2.478638160958755066e+01
2.282140451203275688e+01
2.440989454781676926e+01
2.682071512712665395e+01
1.432823627157265591e-15
2.485922035756680160e+01
2.803918031897585550e+01
2.736162806011927273e+01
3.032824055421411558e+01
2.773469526825327947e+01
2.846599049535857517e+01
2.711825020051946566e+01
2.575513308582203109e+01
2.420960096660254379e+01
2.711993429750620166e+01
2.683880756756629538e+01
2.952789210456626989e+01
3.027068365112277348e+01
2.674095186997013229e+01
2.793395049725940282e+01
2.509044692871577809e+01
1.251929992003323022e+01
1.288246465216350778e+01
2.996255578992363766e+01
1.971953170362741758e+01
2.839315084502365494e+01
2.585841660413382215e+01
2.504080905438407001e+01
2.654897461693458638e+01
2.717931633304061023e+01
2.240984666599222308e+01
5.994893892481935839e-16
2.614269699675812930e+01
2.673527317266059100e+01
2.593430309384791599e+01
4.201484834590941901e-16
1.532200685146303165e+01
3.357440317606819372e-04
2.658654277073588545e+01
2.735800194800773255e+01
2.857703267122971980e+01
2.015764881909579387e+01
2.587970432264845755e+01
2.635969832776824973e+01
2.302661550941428030e-16
1.394618126907311151e+01
2.698834639101587385e+01
2.551820902145060543e+01
2.714526088079053068e+01
2.380018898945471051e+01
2.561016250949590756e+01
6.092816357322142551e+00
1.482325778336788780e+01
2.800117129790818993e+01
2.548166311790162197e+01
1.482705539461808186e+01
2.839041267638780716e-02
1.374898022304578049e+01
2.640218101159408093e+01
2.525901091000585197e+01
2.738689968371706129e+01
2.749736572232760423e+01
2.483082494202082202e+01
2.683948448346627913e+01
2.700170789112904401e+01
2.637339917899250352e+01
2.685329456229912992e+01
2.547655283779599245e+01
2.661053780486739129e+01
2.444364012288983545e+01
2.276377599983494093e+01
2.530072280729396894e+01
2.595222199650651973e+01
1.318244813582109742e+01
1.960307520025572714e+01
2.763194653972525217e+01
2.901392351357103294e+01
2.570401440787568603e+01
2.573992356690377648e+01
2.667642010818438436e+01
2.260773472026991371e+01
2.924037239530425225e+01
2.791948963679856988e+01
2.698096238186980500e+01
2.960759126878294722e+01
1.805070702027128249e+01
2.099622651200382251e+01
2.604377020649697272e+01
1.081124629489493039e+01
2.095350885531124874e+01
2.823487210152219973e+01
2.469594454747718615e+01
2.647223493657684656e+01
2.652894022117229866e+01
2.645316793120269594e+01
2.496450824198285545e+01
2.498301048519155998e+01
2.513758140451774992e+01
2.402821650436519718e+01
1.242369711166908886e+01
2.650279898422891023e+01
2.640784669818303954e+01
2.288186581375028439e+01
2.808198149435384039e+01
2.630583550533625470e+01
2.760227041163139461e+01
2.792066474156569100e+01
2.858616068101835239e+01
2.426993154628004490e+01
2.852893325983334805e+01
2.319316008870251977e+01
2.988759743388659373e+01
2.782605972201272948e+01
2.699766260537087703e+01
2.753179786302829868e+01
2.596672899939761336e+01
2.771524732177131156e+01
1.662218074050325001e+01
2.656106984119300307e+01
2.638828390733465667e+01
2.656830186162295604e+01
2.677049305570296767e+01
2.793172224429261874e+01
2.529606231054834709e+01
1.684641779241107784e+01
2.642862520128277026e+01
2.742365033005534869e+01
2.658038430912475292e+01
2.567382598794003457e+01
2.702205110805860500e+01
2.280266619959781238e+01
2.633033440692775784e+01
2.348834416242548784e+01
8.779898170144550207e+00
2.557539038191798397e+01
2.788757019629761302e+01
2.974110679252386191e+01
1.941366558908622864e+01
2.658445454139080155e+01
2.028321735062263897e+01
2.875419013155716286e+01
2.686039743060906559e+01
2.317493594821526415e+01
2.591903297248728322e+01
2.685960509960603559e+01
1.684671886471197766e+01
2.622161213047906969e+01
3.129537168941302383e+01
2.745662090679786616e+01
2.793707860506939156e+01
2.742625739128488505e+01
1.331443608685557223e+01
2.538440698420380315e+01
9.558408857273185788e+00
2.867866427965568121e+01
2.808006429166059448e+01
2.757703577324848609e+01
2.662422118735844379e+01
2.436234869190947094e+01
2.675171218689435193e+01
2.832590302037009522e+01
2.270562797217302631e+01
2.872607063524420568e+01
2.635663250261741553e+01
2.505887345001417899e+01
2.657000976940767245e+01
2.564518844856374713e+01
2.569840941334917161e+01
2.564744426264378774e+01
2.522684602953099997e+01
2.781380415916463988e+01
2.504652069953037241e+01
2.842987747027868650e+01
2.593471445504888351e+01
2.547004605243589737e+01
2.002195903652818743e+01
2.822162293750261952e+01
2.527507614155100768e+01
1.421758231125738625e+01
2.410381332828771406e+01
2.357698348285824608e+01
2.623945737881325613e+01
2.335905161348278725e+01
2.853926464623402026e+01
2.338991648027015202e+01
2.626451316918439716e+01
1.225943195288081888e+01
2.535294347346773236e+01
2.832441673478908584e+01
2.426412983564625137e+01
2.685660699500414950e+01
1.735827984056026096e+01
2.502063145441897873e+01
2.513286149826103966e+01
2.686937702656938853e+01
2.475091670712598102e+01
2.583671922068177196e+01
2.742637185224114660e+01
2.816337614855434524e+01
2.736702620712500433e+01
2.681532691668306256e+01
2.626847585733634816e+01
2.218939642704845028e+01
2.608072155953091809e+01
2.599128016652952056e+01
2.523703229933838799e+01
2.792797004257020177e+01
2.679427194252812683e+01
2.594553950332432279e+01
2.521397416133233094e+01
2.332279907744343461e+01
2.691018251513046877e+01
2.192163170483231838e+01
1.252004878973346891e+01
2.463427135364762322e+01
2.573641712376291579e+01
2.638863528618336574e+01
2.829843174724440402e+01
2.781692246229401988e+01
1.921085098410982894e+01
1.999145963342519750e+01
2.729793464155873650e+01
2.628531120344336713e+01
2.561838900397214402e+01
2.940225735404352037e+01
2.681557166115281632e+01
2.813293491663806378e+01
1.209574540016040878e+01
1.850096541035040332e+01
2.514526745467620827e+01
2.886784621857357891e+01
2.894626116279080108e+01
2.686297507745776514e+01
2.824729039336823888e+01
2.859815442420984510e+01
2.692752860782600877e+01
2.707667895654842383e+01
2.853187228853768787e+01
2.581898884246184878e+01
2.385616286596284397e+01
1.437347630286591560e+01
2.743478342830913164e+01
2.657726748624686763e+01
1.170436645278416161e-10
2.674031582778639660e+01
2.056064686713758149e+01
