2.220446049250313081e-16
7.731251065950770912e-08
2.220446049250313081e-16
2.220446049250313081e-16
7.556062516686388619e+00
2.220446049250313081e-16
4.351576170269455953e-16
2.220446049250313081e-16
2.220446049250313081e-16
2.220446049250313081e-16
2.890211886716165691e-11
1.551107993094881824e-15
5.765794201045746803e+00
4.427976795319256510e-14
2.220446049250313081e-16
2.220446049250313081e-16
2.220446049250313081e-16
1.809281883631812970e+00
2.220446049250313081e-16
1.454055679021560188e+01
5.296420815719568684e-08
2.220446049250313081e-16
2.220446049250313081e-16
2.220446049250313081e-16
2.220446049250313081e-16
2.220446049250313081e-16
2.220446049250313081e-16
2.220446049250313081e-16
2.220446049250313081e-16
3.743469257798719538e-16
2.220446049250313081e-16
2.220446049250313081e-16
2.220446049250313081e-16
2.220446049250313081e-16
2.220446049250313081e-16
2.220446049250313081e-16
9.028350033887497924e-15
2.450444293498278185e-16
1.275188190809776828e-13
1.308369028273093193e-07
2.220446049250313081e-16
2.220446049250313081e-16
1.750691610539844103e-15
3.321414725966695869e+01
2.220446049250313081e-16
2.220446049250313081e-16
2.220446049250313081e-16
2.392940082919925031e-15
2.789515744694624837e-16
1.009324354404439657e-06
2.220446049250313081e-16
2.220446049250313081e-16
2.220446049250313081e-16
2.875754254793920328e+00
5.123899586025896661e-10
2.220446049250313081e-16
2.141399895203750396e-05
1.536908020321216779e-13
2.220446049250313081e-16
3.698188961729831448e+01
1.550030305401981438e-15
2.220446049250313081e-16
2.824822812072678883e-16
2.220446049250313081e-16
1.019052877177498987e-09
2.220446049250313081e-16
1.065577373734643342e-13
8.486625922961460455e-02
2.220446049250313081e-16
2.220446049250313081e-16
3.096626078127953896e-16
2.220446049250313081e-16
2.220446049250313081e-16
3.234555769441747231e+01
2.220446049250313081e-16
5.524528747672552760e-14
1.221332266912760754e-15
2.445372454387114721e-15
2.010148543984756526e-15
4.785874777606034552e-12
2.220446049250313081e-16
1.937012607226688310e-15
2.220446049250313081e-16
1.607808359369310132e-15
2.220446049250313081e-16
1.473752392509134246e-08
2.220446049250313081e-16
1.629385923543044612e+01
2.467370664166333842e-16
2.220446049250313081e-16
2.220446049250313081e-16
2.220446049250313081e-16
1.305479611613298619e-08
2.220446049250313081e-16
1.858287050999385808e-13
1.618228313893334828e-11
2.220446049250313081e-16
1.721745883032275982e-15
1.862181602175685167e-14
2.220446049250313081e-16
2.220446049250313081e-16
3.329260402384119501e-16
2.220446049250313081e-16
2.780522062121870874e+01
8.217181963444937176e-14
8.940175194358954404e-15
9.359722845138368150e-03
2.220446049250313081e-16
1.890016626457533074e-07
3.567923114176405386e-16
2.220446049250313081e-16
3.822399408054027249e-11
1.925729134968742011e-14
7.420260858173158756e-07
1.123969823151089228e-03
3.214753880359438654e+01
1.159987242464267297e-04
2.220446049250313081e-16
2.220446049250313081e-16
2.220446049250313081e-16
3.140193359590515753e-16
2.220446049250313081e-16
1.643991851085593084e-15
2.220446049250313081e-16
9.141661083711930844e-14
2.613341541786491581e-16
2.862274316947868341e-16
2.220446049250313081e-16
2.220446049250313081e-16
3.091934576709696003e+01
2.419007202819249195e-15
1.506344919140304158e-15
2.220446049250313081e-16
3.372223144427054785e-16
9.090896131614937259e-01
2.220446049250313081e-16
2.220446049250313081e-16
3.994720142869372825e+00
1.470989741722926563e-14
2.299029853376429233e-16
4.698346608971220029e+00
3.855399728484038224e+00
1.417997481232533699e-14
1.351032515824888702e-01
1.447222025225149667e-08
5.417171101542890658e-11
2.220446049250313081e-16
3.403990939436136642e+01
2.220446049250313081e-16
6.191262935761229290e-14
2.474894444103332829e-16
2.752958888634350032e+01
2.220446049250313081e-16
2.220446049250313081e-16
4.842046323715052581e-09
2.463262516500403735e-16
1.011502790174220503e-08
3.966188383164545557e-16
3.195392681318461308e-03
2.220446049250313081e-16
8.664934558861656162e-06
2.220446049250313081e-16
2.220446049250313081e-16
2.220446049250313081e-16
3.212701278509999980e+01
3.462386672901060791e+01
1.318230208073453670e-13
2.220446049250313081e-16
8.030781564819326069e-09
1.868025752342210512e-13
2.220446049250313081e-16
2.220446049250313081e-16
2.220446049250313081e-16
5.275143847943451119e-16
1.419456883528220004e-15
2.220446049250313081e-16
3.021610901052418541e+01
2.889538305588748510e-15
3.043231837247841613e-16
1.933541715631180935e+01
1.212641694402551705e-09
3.265915697032058773e+01
3.017670921334583412e+01
9.890095491358490420e+00
2.220446049250313081e-16
2.972812057056831048e+00
5.926951233753501229e-11
2.074258047152606915e-13
6.267865608099953967e-02
9.197890833655195588e-15
2.346859298947159578e-15
3.338854683015910041e+01
6.123068859020699799e-04
4.129126708120241585e-11
1.765784096755982881e-14
1.966082121604694703e-03
4.008046513301196961e-10
1.264617258549351142e+01
2.498429548776726642e-16
2.220446049250313081e-16
2.802113967977436137e-16
2.220446049250313081e-16
1.504492350177622573e-15
2.490553753982327056e-16
6.105066585099149677e-13
2.220446049250313081e-16
2.220446049250313081e-16
3.181307547354275655e+01
3.131429520421700374e+01
1.293873282064734054e-03
3.004053392794680918e-16
2.220446049250313081e-16
2.517063642164611109e-16
2.220446049250313081e-16
2.220446049250313081e-16
3.451896960869547273e-16
2.220446049250313081e-16
5.478645527898115822e-16
1.734579928127064241e-14
2.220446049250313081e-16
9.309788673288629298e-14
1.636405406715516226e-15
2.220446049250313081e-16
3.305172953197198638e+01
1.464429892883134589e-15
2.105425693634395135e+00
3.189661942876040518e-16
2.220446049250313081e-16
3.008053037409502946e-16
2.220446049250313081e-16
2.220446049250313081e-16
3.227863002593445709e-16
6.376520684787328701e-14
2.477895659157027462e-16
2.861113098381688728e-16
1.056126800904798225e-14
2.220446049250313081e-16
4.479961567179991121e-16
1.241856485809243168e-15
5.929823574882514878e-16
2.220446049250313081e-16
5.072572679724272925e-10
2.220446049250313081e-16
2.081761904389118016e-13
2.591985070118572310e+01
3.428352865482432385e-16
2.220446049250313081e-16
2.689451731679957230e-16
2.947615761212642540e-16
1.364712530434681075e-15
2.871654962349605000e+01
9.598456376590069950e-12
2.928652754173372941e+01
2.815491298612702309e+01
2.086362284054530332e-12
2.200425764823344656e-08
2.479867138063856206e-16
2.643007652120735784e+01
3.145972226782675085e-16
2.220446049250313081e-16
3.830661664102771234e-11
3.920366648672715170e-06
2.780548066106709015e+01
3.239048095192649157e+01
2.220446049250313081e-16
3.254872893081485330e+01
9.588930901224310578e-15
1.082250509881104605e+01
2.258871512837819040e+01
1.374332870777368450e-15
3.272568046304833445e+01
2.220446049250313081e-16
2.999802698938000844e+01
2.595856398828101065e-11
3.937107470528295173e-16
2.794106315152491860e+01
2.842689831097976949e+01
4.424881608548888678e+00
2.220446049250313081e-16
9.846033670028301108e-12
2.220446049250313081e-16
5.725435289990440380e-01
1.799610958850973574e+01
3.920668198927016596e-02
2.896042390441359160e+01
1.482065049263329293e+01
2.220446049250313081e-16
1.829512043099022733e+01
2.606752402074149347e-10
2.418088801649988895e+01
9.302214678017151073e-02
1.945825416594885002e-15
2.220446049250313081e-16
2.818944363363264571e+01
2.220446049250313081e-16
3.339749002483511986e-16
2.252073298829396806e-15
2.424890962532098622e-16
2.220446049250313081e-16
2.793871472666966227e+01
1.063594205824983964e-04
1.450093371756619930e-15
2.149141389846099770e+01
2.791721993848301153e+01
2.872541832223953406e+01
2.220446049250313081e-16
5.268321458822669027e-09
2.220446049250313081e-16
2.220446049250313081e-16
3.552295561122707568e+01
2.991628864302176183e+01
2.906057212598840422e+01
3.007303387259358374e+01
8.830022151733628517e-05
2.733769955919570904e+01
7.975797254286167825e-04
5.633422406612609290e-02
2.868510179243500645e-15
2.530047798399146583e-15
2.939124163700276228e-11
2.220446049250313081e-16
2.220446049250313081e-16
5.483907292959854907e+00
1.679627446660262996e-15
7.339697193018116295e+00
1.476330614783588985e-15
1.959559940178275639e+01
3.113442494791657609e-09
1.555934563030515811e-14
2.745256937170227829e+01
1.296920920115969552e-10
3.977928293966025462e-16
1.887663446943258094e+01
2.220446049250313081e-16
3.098328884474010181e+01
1.592125656117060856e-15
4.313196384970236097e-15
4.633681073033917741e+00
2.220446049250313081e-16
2.220446049250313081e-16
8.624445563005884390e-14
5.912706354625266495e-12
2.396527022565959971e-16
1.844976565678048591e-14
9.292063858696435616e-15
4.218491363392877780e-01
2.775319281632139834e+01
9.248507442059258579e-06
3.173504596185599547e-01
3.002822989391736996e+01
2.412507856847228283e+01
2.417226714499834373e-04
2.220446049250313081e-16
3.135180347544290529e-16
1.875056059013408571e+01
1.308678430780564538e-14
3.986466204002926144e-09
3.072649725132188436e+01
1.786426598327643616e-15
1.957364546283725204e+01
1.871198555377258543e+01
2.961239240749490520e+01
3.881898881292991099e-01
2.742327817055962669e+01
2.497439538508291633e-16
2.655407313387836510e+01
1.311554805333466729e-03
1.901693649905553812e-02
2.139494347206433034e+01
2.665228345142846678e+01
2.460790153447229045e+01
2.220446049250313081e-16
2.719852189975095058e+01
6.934729158321291752e-12
3.263842316826572891e-16
2.032016733170056313e-11
2.582045351558223345e+01
2.220446049250313081e-16
2.220446049250313081e-16
2.608669183005985204e+01
4.222116104865444086e+00
1.151109082436544157e-14
2.220446049250313081e-16
1.671105736554402604e-12
2.908603963621732547e+01
2.875300147226922931e+01
2.676419735256653973e-05
2.970462539853207673e+01
2.827823981690146855e-16
1.508037140987541509e-14
2.744039208510210415e+01
3.069151691433597051e+01
1.588632722058693149e-09
3.071317305489351668e+00
2.800655622972957559e+01
2.424763265686002356e+01
2.787868177826670291e+01
8.733962162292361500e-09
2.014992738767768188e+01
2.949757739079161922e+01
1.315196163156852949e+00
4.534707892368957055e-16
8.889271831801838886e+00
1.449236642736995033e-12
5.856358078359336083e-16
2.482024124517513641e+01
2.220446049250313081e-16
1.143025873297860606e+01
2.219853558681184579e-05
2.220446049250313081e-16
2.521131465349705891e+01
2.411147895282441044e-14
3.024157415062366638e+01
3.045524396138181444e+01
4.351747679238914281e-15
1.526608062299652069e+00
2.656539666195626026e+01
2.592676424471020147e-02
3.940034914204552763e+00
2.621086386537304946e+01
2.571263159699364564e+01
2.205027383132254734e-09
4.357618435834440429e-05
2.220446049250313081e-16
2.307902178907640721e-06
2.998309711334940175e+01
2.607397697318658913e+01
2.644504422971565560e+01
3.308269429136782366e-15
2.739124475586119090e+01
2.916264972513910791e+01
3.268809833851781259e-04
2.759596482516805693e+01
2.792326887025940571e-16
4.224989174500156019e-07
2.531299670916654065e+01
2.394680902663585442e+01
2.779434139494212630e+01
3.003227074997529655e+01
2.179232586422875713e-14
3.688505315950845572e-13
1.243491897144730807e+01
2.772117754231994624e+01
2.063401574606962185e+01
2.649463094560286264e-04
2.220446049250313081e-16
1.432578897236918536e+01
2.627891095598323545e+01
3.026727057500003326e+01
3.037046827383593595e+01
6.450404956074289747e-05
2.936929722807426657e+01
1.331810521354191224e+01
3.217052020597138801e-12
3.741564870453842061e-11
2.586611769805316684e-09
4.071900251868459589e-06
2.845252604957646980e+01
2.072031212981812582e-04
2.705933343583382822e+01
2.560396113101647941e+01
2.748982486923925350e+01
4.620019284682618248e-04
1.915886636291997455e-11
2.872069077314010954e+01
4.228348744350788118e-12
2.809125755641598232e+01
2.336157738661482171e-09
2.431858776197721639e+01
2.650687731970920069e+01
3.571580700292329349e-14
2.727412757211073062e-16
3.345899999534278635e-01
1.666023781595625908e-09
9.327454062502024135e-01
6.575649187792510526e-04
2.622370103676360387e+01
2.712734602513299009e+01
2.709188305084646708e-16
2.220446049250313081e-16
1.688263451442563934e+01
1.876130677284600878e+01
2.530887486365658035e+01
2.672459532447758335e+01
2.408997691238094063e+01
6.243725954479705659e-03
1.341084975950658098e+01
9.440854807860629805e+00
2.474002177651427203e+01
2.693728845988369969e+01
2.698546320434451218e+01
7.009770920067767828e-16
7.037697587916424524e+00
2.846000961941775387e+01
2.028719365010662301e+01
2.204610035682230418e+01
8.810137594542396755e+00
2.671233650106228907e+01
2.213468873884701438e+01
2.778504203732366307e+01
2.226866950953546009e+01
2.441582952570253967e-16
2.648419178057875101e+01
2.041866474145377452e+01
1.546166178775827010e-04
1.683931464874343124e-07
2.015727134076298555e+01
2.910389582305457878e+01
4.397525492650914427e-16
2.429341765680923970e+01
2.880371626870327617e+01
2.838786489354180631e+01
3.037928174228543199e+01
4.843286104771026501e+00
1.203653658177479890e+01
2.840639256313305183e-16
1.422758335409701480e-01
1.763758741671905481e-02
9.121262873746774869e-07
2.382735380485782883e+01
2.412730275841424021e-01
6.939992187863253950e-11
2.599445054868386151e+01
3.569492784054040540e-16
9.821856177702931845e+00
3.029835978217940706e+01
2.160866929130503422e+01
3.538073123511816417e-15
2.505659837575401028e+01
2.532723006431610813e+01
1.351593157221441466e+01
3.026473709248703869e+01
5.195382074116133278e-04
2.220446049250313081e-16
2.854265705260131014e+01
2.716257434944130722e+01
2.379285467125780934e-16
2.651623370801760515e+01
2.990001087206692176e+01
2.220446049250313081e-16
2.015794043041119558e-15
1.656769518112103507e-05
1.764554485462956990e+01
2.819686137631011391e+01
2.499953453544624793e+01
1.658466610284201268e-15
2.661386192278309437e+01
2.536173946385434519e+01
2.213164290416991520e+01
2.642375752823907220e+01
2.238635354955191303e+01
1.899914606851863041e+01
2.085115050849675811e+01
1.389986036483345444e+01
2.504190322070310870e+01
2.794746164187837323e+01
2.373266119998580657e-16
1.825734834352914069e-15
2.718964276220803811e+01
2.395964164006373665e+01
2.879318840614807584e+01
2.287311593600925264e+01
2.334628471196237243e+01
1.375943344808477065e+01
6.388483325864758097e-08
1.544210590667569782e+01
2.892688293843051284e+01
1.089564746084190539e+01
1.211590091098530220e+00
1.006049551355858540e+01
2.835261544150879942e+01
1.690031981562011865e+01
3.027828220147106054e-15
2.137487251036350955e+01
1.789617561883246211e+01
7.593473923351878209e-08
2.185960376860882803e+01
2.707905595914704477e+01
5.933679169566722145e+00
2.754694928035414847e+01
2.839977917070504887e+01
2.636502249340416171e+01
2.712126652809910254e+01
2.879751665854085374e+01
1.837122473575283976e+01
2.296246970421400491e+01
2.634835209993088512e+01
2.760177868079527386e+01
9.704087424428567253e-15
2.834538393351878664e-16
2.680009137222825899e+01
2.954729404625284772e+01
2.200489421798273781e+01
6.152028757764182868e-05
1.450805041408252549e+01
2.805606952190780135e+01
2.433269365358202663e+01
2.690055306711530747e+01
1.959158585882827578e-15
2.641169565732908592e-02
3.109247796365180250e+01
9.096916637322204346e-01
2.901819624273194620e+01
2.727419140441826073e+01
1.917367294190687126e-13
2.929750449835735182e+01
2.718447158299764510e+01
1.470144825876901606e+01
2.705647295205247715e+01
2.656469582374172944e+01
2.561007326236802939e+01
2.551752276291275479e+01
2.527529180687542620e+01
2.395583253244063826e+01
2.841587880428939528e+01
1.288608850504662762e+01
9.248548186906459634e+00
9.757989136809129604e+00
2.740629529951112175e+01
1.692264881552333478e+01
2.507401396249002801e+01
2.330386526500313593e+01
2.329234319872509928e+01
2.060653518874602241e+01
2.513672965118865577e+01
1.874394067780414508e+00
2.855824055920206916e+01
1.039637317707159999e-14
9.044754649749449982e+00
1.982641482421937695e+01
1.979844134093576180e+00
9.617194201050258684e+00
1.845763493399353550e+01
2.652315831938824786e+01
2.399359252610555870e+01
2.605888676739439802e+01
3.875827959312857285e+00
2.680176424046171135e+01
2.782333437196100334e+01
2.789793735361761762e+01
2.738697230780296721e+01
2.681567621517758937e+01
2.795452643359211820e+01
2.220446049250313081e-16
2.895212174701669738e+01
2.562862462208190095e+01
2.968956063058787009e+01
5.507526903023230586e-02
2.752149391286522473e+01
2.984638327503745714e+01
1.274497897967452964e+01
2.220446049250313081e-16
2.752698526956293534e+01
4.771883449871305305e-01
2.965098639160790128e+01
2.996898226930442632e+01
2.957688135523946826e+01
2.984687078565502460e+01
2.659962150560175687e+01
2.077954375881183868e-01
1.888559501056952072e+01
1.251261481489210072e-10
3.030381410189842484e+01
1.083978104030078704e+01
2.754934957291493802e+01
2.835261554531111727e+01
1.956206983076888761e+01
2.748601856128731313e+01
2.685741935297405192e+01
1.045731079152075615e+01
2.746179505349291006e+01
2.611491891094006945e+01
2.664676142706939643e+01
2.875555852215585517e+01
8.656604926235779374e+00
2.930109188483231719e+01
2.731664097314758877e+01
2.621401974480012242e+01
1.118905047985607837e+01
2.144229299173511549e+01
2.446268273325406994e+01
1.404214622552339951e-06
2.672331987692335176e+01
2.896959765958766653e+01
2.534912180089204625e+01
1.709035702987152661e+01
7.879126496424972537e+00
2.682316022303483294e+01
1.094618471695297757e+01
2.151169497658162655e+01
2.489355357649664313e+01
2.543591264112907879e+01
2.623637346071482312e+01
2.466305796296019585e-15
2.003252214441228318e+01
2.833793604985291381e+01
9.023798993134393598e+00
2.669303635066288294e+01
2.391022305831508277e+01
2.600632181520977682e+01
3.041810770801271602e+01
2.311243494288898148e+01
5.970658591603967835e+00
2.768881644124514452e+01
2.709335314746602208e+01
1.915119178441056746e+01
2.911534580959438401e+01
2.353885351590837516e+01
7.851369665713319179e+00
2.630397598761172517e+01
2.470184447258035476e+01
1.977267733396193350e+01
2.773418230949686247e+01
2.858540346483172812e+01
1.566005365523207082e+01
2.168216156600358957e+01
2.765363858697621779e+01
1.265310783502574665e+01
2.336287816171763509e+01
2.678068562580295975e+01
2.996326750487670765e+01
2.594042392013885490e+01
1.989067861368167556e+01
2.703066724181595859e+01
2.547406532656322042e+01
1.712027071143545687e+00
2.856489783867225540e+01
2.836117431469833150e+01
2.409761530939339735e+01
1.449864341476586027e+01
2.583302296854876445e+01
2.220446049250313081e-16
2.682820018424084360e-16
1.245161236596330312e+01
9.759407569650704772e+00
2.482236274966351530e+01
2.924005709198341307e+01
1.095484417732085980e+01
3.022938752320294853e+01
2.772957739220596451e+01
2.849206083959415281e+01
2.335643074085878723e+01
2.804864383171058151e+01
2.619007925390143754e+01
2.677833288295260772e+01
2.588820798009357560e+01
2.603089704448922959e+01
2.732775395778164551e+01
2.478417085368564088e+01
2.564339073587920126e+01
2.407469906031082019e+01
1.291510118492436376e+01
1.874857962954872548e+01
2.776696416415008883e+01
2.162307413164730363e+01
2.646659271183880335e+01
1.270801943342141804e+01
2.278159000439679005e+01
2.675175610417626615e+01
2.583711987143399824e+01
2.926543707815414663e+01
2.900955599085503422e+01
2.457035610580544116e+01
2.653824289441778816e+01
2.588431585639754928e+01
2.409361083262917802e+01
1.262707671839151935e+01
2.991066887389241913e+01
1.615619246566053135e+01
2.942192287213294577e+01
8.698514068010368305e+00
2.673645279491132598e+01
2.778362290295810411e+01
2.453147298840774582e+01
2.797744438721934657e+01
2.643631301675574719e+01
5.732343356435728116e-09
2.657165917641680153e+01
2.685353467057843702e+01
2.669649308256405718e+01
2.388105401260210314e+01
2.685762434663692488e+01
2.944621167313156818e+01
2.664064838843920313e+01
2.754991686440188303e+01
2.600020705022502909e+01
1.217550964290936300e+01
2.476918362022830067e+01
2.527255299670587618e+01
3.199351130291544365e+01
9.178579125493985913e+00
2.727321740787389359e+01
2.850074234537914109e+01
2.326792881425179260e+01
2.970559427939535269e+01
2.684462053408408622e+01
2.197316677392286977e+01
2.725843825671482890e+01
2.100372098997368298e+01
2.685945234307855856e+01
2.101977579957410214e+01
2.607351205730821775e+01
2.665335251471958244e+01
2.220446049250313081e-16
2.467056355384517730e+01
1.439631021363156727e+01
2.656655540095743717e+01
2.660340298156815919e+01
2.023711023392439401e+01
2.674584914940025726e+01
2.704973371251550063e+01
8.037683089584747975e+00
2.376871538721813693e+01
4.137145005396593578e-01
1.303343828097576651e+00
2.283011810880257642e+01
2.524949018900277053e+01
2.784090816097313237e+01
2.407779333929739707e+01
2.814280862565244590e+01
2.373142989479360665e+01
2.613661959168790716e+01
2.212068446698235746e+01
2.663320378451976111e+01
2.446145120998544680e-16
2.773268012952738104e+01
2.689356274769745880e+01
2.653530141683926402e+01
2.639092457849280393e+01
2.638657875128405905e+01
2.725068629865788239e+01
2.722226180262098083e+01
2.603834921658046753e+01
2.154581868246467380e+01
2.899064344690146200e+01
2.349780396947959815e+01
2.784603651491851295e+01
9.829691939305931214e+00
1.124747905860796588e-05
2.115095870791106236e+01
2.598960003702278598e+01
2.461908229708425822e+01
2.450916040980892419e+01
2.602161165403984810e+01
2.921893227298489393e+01
2.471081612563306962e+01
2.049906216180559682e+01
2.629880787433375744e+01
2.587021275344647009e+01
1.296199466896285912e+01
2.585123004938723312e+01
1.262814732147841390e+01
1.019340181712386695e+01
2.506542957123606286e+01
2.528435532204303016e+01
2.683401655356030702e+01
2.565391993566810669e+01
2.552583530607128637e+01
2.529540020330302141e+01
2.525830489385133504e+01
2.873084614858022334e+01
1.141789330978431316e+01
2.907757772370379001e+01
2.699086040330337255e+01
2.845592718355901596e+01
2.716619147036148618e+01
2.013489210551464126e+01
1.193093129774735317e+01
2.514058450982814819e+01
2.629203480787910863e+01
2.426518665503322936e+01
2.847872760727023689e+01
2.414992059040536532e+01
2.497594298111904010e+01
2.610711072279080369e+01
2.681439630041940703e+01
2.599023121737151598e+01
2.712495597388265622e+01
1.332996229825412904e+01
2.195543469420715255e+01
2.815712445202602865e+01
8.132862588589617303e+00
1.100554689664666164e+01
2.628900725180182363e+01
2.078579379089797285e+01
2.570439438578775437e+01
2.669469625770969756e+01
2.040661447063406442e+01
2.861053886395958301e+01
2.666639300661067935e+01
2.677075176756341435e+01
2.708064106259533332e+01
2.572769176088343102e+01
2.955159370150187925e+01
1.965045808652397241e+01
2.651433858121244924e+01
2.859638479990600146e+01
2.083241686649716229e+01
2.663141860337731259e+01
2.489917687579571037e+01
2.474274835175610932e+01
2.649957770893593434e+01
2.696416433327325990e+01
2.731054022679544602e+01
2.023710031684315780e+01
2.564100766608537540e+01
1.016397032007234458e+01
2.697551096091013534e+01
2.562081082173245861e+01
2.523921625063303864e+01
2.094293303518159277e+01
1.064757639077993367e+01
2.713121682583143013e+01
2.099051739587344656e+01
8.724932194859842671e-02
2.670975913618423903e+01
3.390374625586941073e-16
2.757745625570506576e+01
2.668033542715368611e+01
2.676005683397819723e+01
2.592892859533131045e+01
2.482688438764266436e+01
2.604662222028856888e+01
2.669093337840156721e+01
2.407422883955417703e+01
2.745518961712300765e+01
2.516856927841663349e+01
2.173495700720470580e+01
2.555073584723094626e+01
2.779050292256992805e+01
1.746855522347512135e+01
2.447260301394858217e+01
2.849356814086351974e+01
2.751846905942544907e+01
2.568064407491477041e+01
1.548793526766230677e+01
2.650214946366076063e+01
2.957305669253934255e+01
2.452486484881316997e+01
2.660860286037621236e+01
2.319915516085629292e+01
2.557794216885337590e+01
2.754332208197827470e+01
2.620688095718780275e+01
2.597591305813351070e+01
2.623157758359294078e+01
2.436151768391465566e+01
2.564711453638074801e+01
2.722020102407698161e+01
2.959261371448103972e+01
2.680137540090642290e+01
2.694709621722212489e+01
2.434231761053211684e+01
2.514394969611406694e+01
2.888565815805889514e+01
2.551126110247644618e+01
2.375262231321238460e+01
1.345023593786747007e+01
2.783859864920975014e+01
2.404438285849650825e+01
2.581820260776311571e+01
2.886488444644500007e+01
2.600337459970680953e+01
2.631869129270430818e+01
2.791978141997782004e+01
2.538999403289843571e+01
2.519288158374585507e+01
1.465343074980179061e+01
2.388085283391558988e+01
2.556677499275018661e+01
2.620892191749286582e+01
2.533604936235120419e+01
2.463909311825118564e+01
1.621573698108048944e+01
2.607153121936269002e+01
2.368837621910265767e+01
2.890021324298167116e+01
1.993252010781744232e+01
8.790269221081135953e+00
2.613698145972899667e+01
2.655279827879034471e+01
2.393399772013842863e+01
2.493664996593664895e+01
2.647960995010356200e+01
2.559879426462690688e+01
2.631452270098938939e+01
1.870556611249399381e+01
1.759478582084518905e+01
2.525188138404467963e+01
2.765023868502725080e+01
2.624809749211735266e+01
2.689057716469466541e+01
2.521817650366723385e+01
2.824348577138712457e+01
1.485097678644996577e+01
2.734894788352614725e+01
2.565287857479397360e+01
2.509547937542513196e+01
2.657099580743883749e+01
2.665195921754763120e+01
2.738652821285013061e+01
