4.495663778015154032e-08
2.220446049250313081e-16
2.220446049250313081e-16
2.436816010234478306e-16
2.220446049250313081e-16
2.220446049250313081e-16
2.220446049250313081e-16
3.895803973939481266e-14
5.035810434919698100e-16
2.220446049250313081e-16
2.220446049250313081e-16
2.220446049250313081e-16
3.076939402905206657e-16
3.334390864703197366e+01
6.264904642494517088e-13
2.220446049250313081e-16
2.039144568884611530e+01
2.553540874097926723e-16
1.957150726201131619e+00
5.857308743925129630e-15
2.220446049250313081e-16
2.220446049250313081e-16
2.220446049250313081e-16
1.631253123010743714e-15
4.313185897744894503e-16
2.220446049250313081e-16
1.089576639637729297e-15
1.513741848321289679e-15
2.220446049250313081e-16
1.412600690864442292e-14
1.726640255167512814e-04
3.225301336061138047e-16
2.220446049250313081e-16
3.130204806529558484e-15
2.220446049250313081e-16
2.220446049250313081e-16
7.054375902327752229e-16
2.220446049250313081e-16
7.163231117291600737e-15
8.123416085348710942e-08
2.859455869146695358e-13
3.101899927211733754e+01
2.220446049250313081e-16
5.929250545599668155e-15
2.220446049250313081e-16
3.700714043266535956e-12
2.220446049250313081e-16
2.220446049250313081e-16
2.220446049250313081e-16
2.220446049250313081e-16
2.249709285565917952e-07
2.220446049250313081e-16
3.206028437009387720e-16
2.220446049250313081e-16
2.220446049250313081e-16
2.220446049250313081e-16
2.220446049250313081e-16
2.220446049250313081e-16
9.505580549982357852e-03
2.220446049250313081e-16
2.220446049250313081e-16
2.220446049250313081e-16
7.851470582921994095e-14
2.220446049250313081e-16
1.426938903659377701e-15
5.381537136441748026e-16
5.288670497808355313e-14
5.232057456248852241e-07
2.220446049250313081e-16
2.220446049250313081e-16
2.220446049250313081e-16
2.220446049250313081e-16
2.220446049250313081e-16
1.147255240035241866e-15
3.247024359917281089e+01
2.220446049250313081e-16
7.411848670602938505e-01
2.473698197553772578e-15
2.220446049250313081e-16
1.043978790547422757e-02
2.220446049250313081e-16
2.220446049250313081e-16
2.220446049250313081e-16
1.495356918447948220e-08
2.220446049250313081e-16
2.220446049250313081e-16
2.579156333367279551e-16
2.220446049250313081e-16
2.220446049250313081e-16
2.220446049250313081e-16
2.220446049250313081e-16
2.220446049250313081e-16
2.220446049250313081e-16
1.759985294376591349e-13
3.494142687038164752e+01
6.155854790060478925e-14
2.220446049250313081e-16
2.220446049250313081e-16
2.599249927292709635e-15
3.649723413752699319e-03
2.322771663588637585e-16
4.528041513836201233e-15
2.220446049250313081e-16
2.818638430050402720e-14
2.220446049250313081e-16
2.548371851072518814e-16
2.220446049250313081e-16
2.624893754964407834e-16
2.220446049250313081e-16
3.271095318144619313e+01
2.220446049250313081e-16
2.220446049250313081e-16
2.220446049250313081e-16
2.782356142929137096e-16
1.514986811587972240e-10
2.220446049250313081e-16
2.220446049250313081e-16
1.103426154334755420e-14
3.226398725420377644e+01
1.017588786367661111e-09
3.791074814355254913e-12
2.220446049250313081e-16
2.220446049250313081e-16
3.362597079409965357e-16
2.220446049250313081e-16
1.512974079245751121e-04
2.220446049250313081e-16
2.220446049250313081e-16
2.707900848852078629e-16
2.220446049250313081e-16
1.422029992798255498e-10
8.974057638881207642e-16
2.566800101488417924e-16
2.220446049250313081e-16
3.033629234626386673e+00
3.567725983330388248e-11
2.455459649569737543e-16
2.388863356193379931e-13
8.255203575365536709e-15
1.434119992011208296e-15
1.223683454773156111e-15
3.195849813749792645e+01
3.433454104382830252e+01
5.177390077735428697e+00
1.387249208748682627e-01
5.068590681232724208e-15
1.841279745820034184e-15
2.597170668813089086e-16
5.699409956382685216e+00
4.642426949816355899e-09
3.119945746934260100e+01
1.882690754065021593e-02
6.186811416271958918e-12
5.852729113067133872e-03
2.415721551540433394e-16
4.622014336952529874e-08
2.549241182626869116e-15
4.941478895446895879e-14
2.220446049250313081e-16
2.220446049250313081e-16
2.220446049250313081e-16
5.502072307505563299e-07
2.220446049250313081e-16
2.220446049250313081e-16
2.220446049250313081e-16
2.220446049250313081e-16
2.220446049250313081e-16
2.554033152132728977e-16
3.106360265822425561e-16
1.538680799644895685e-14
2.401018338070943126e-16
2.220446049250313081e-16
3.356106909152390472e+01
5.044221069273306544e-13
2.220446049250313081e-16
4.110469937677385654e-16
4.526477620330930086e-15
1.622424551101724122e+00
2.220446049250313081e-16
3.222803190838097057e-05
4.497460502287529789e-07
2.656542023578733370e-15
2.220446049250313081e-16
2.220446049250313081e-16
2.220446049250313081e-16
2.220446049250313081e-16
4.908896134042135318e-09
2.220446049250313081e-16
2.220446049250313081e-16
2.220446049250313081e-16
2.806478623365140255e-15
3.420408683714342601e-05
2.220446049250313081e-16
2.220446049250313081e-16
3.262004078960828016e-16
2.437595926786321436e-16
2.220446049250313081e-16
2.220446049250313081e-16
9.008092814354351561e-15
2.652427825486884672e+01
1.808277014168184845e-15
1.565574482416200652e+01
2.220446049250313081e-16
2.176777827791826706e-15
2.220446049250313081e-16
2.836212578049724743e-16
2.730139410274799872e+01
2.220446049250313081e-16
7.061898477617852062e-14
2.220446049250313081e-16
2.220446049250313081e-16
8.288602180285929988e-01
2.372411042909402972e-16
2.579556608834602471e+01
2.796581737618929872e-14
1.384776988175871004e+01
2.637589115186365423e-16
2.029673413489579267e-14
2.977328768517867985e+01
3.066223594354045545e+01
2.796394852840503376e+01
8.877949112190117176e-02
1.053415177844991746e+01
3.017379550384093137e-16
8.082968989447949900e-11
7.089353035724118152e-09
2.385999419886050250e-16
3.855057618735413692e-10
3.034338106559425086e+01
3.589829536502443119e+01
1.223016964160116589e-13
3.723468834856881336e-11
2.074315035028939658e+00
2.439472659366798797e-15
8.008623835532505073e-14
1.685340236372926896e-11
1.005894419313990484e+00
7.843088025071937031e-01
1.561530092251678910e-14
2.220446049250313081e-16
1.812321908527816205e+01
2.220446049250313081e-16
1.634301235030447000e-15
3.040237965872231385e+01
2.974971958463394728e+01
3.104624524987007916e+01
2.220446049250313081e-16
3.303626707320919564e+01
2.756409584400739577e-16
1.566600343404343715e-09
7.982812758744013415e+00
1.086714711667803116e-06
2.993141844984164379e+01
2.220446049250313081e-16
2.765893727198274690e-16
3.391901703202346852e+01
2.220446049250313081e-16
2.432367944382516756e-16
5.015975706209388349e-14
3.141929308336605331e+01
2.628205924553962802e+01
2.694912991555585435e+01
3.341120620012913633e+01
4.014577450403048475e-01
1.407366225091260858e+00
1.749985363388154580e-01
2.220446049250313081e-16
2.756910293293126879e-16
3.493546480675817890e-12
1.491077357263580828e-12
2.220446049250313081e-16
1.544915282314198139e-15
3.280577658175001238e-15
3.577627741077421718e-16
5.567160633857671896e-03
3.154927727199558873e+01
7.741088473931538871e+00
2.688762453044455114e+01
3.041741647401848425e+01
2.131326407620911301e+00
2.857202883672092497e+01
8.394474235157799669e+00
2.606010218968587466e+01
1.845600173840313595e-08
1.494217957582425960e-05
2.594694888434560909e+01
8.858268007606509564e-02
1.907340608343003154e-13
2.220446049250313081e-16
1.113344711768218609e+01
1.123769486376865911e-12
2.220446049250313081e-16
8.006708454349661608e+00
3.205725508164695015e+01
2.753676247883598113e-10
2.940292695465606698e+01
2.220446049250313081e-16
2.220446049250313081e-16
5.788431218429016487e-15
1.055247626983055476e+01
2.220446049250313081e-16
2.649691930209612067e+01
2.163810431347277270e-15
2.916712794027872846e+01
2.220446049250313081e-16
2.220446049250313081e-16
2.329481710093588021e+01
2.300584580321804508e-07
2.220446049250313081e-16
2.846362710970747355e-16
3.239372984465633465e+01
2.220446049250313081e-16
1.466417760356388702e-15
2.220446049250313081e-16
1.421374050092360231e-01
5.861715312966477714e-02
1.204434384892218546e+00
3.949140785704220735e-16
2.220446049250313081e-16
2.298245361234260287e+01
9.469160173755920473e-14
2.220446049250313081e-16
2.832592229444084727e-16
1.003222888291820103e-03
3.060510929243683975e+01
2.738494328510660836e+01
1.521652301982919653e+01
2.220446049250313081e-16
1.510925255276784970e-14
2.353228823816506665e+00
6.545156582969173075e-14
6.654730901906170892e+00
2.220446049250313081e-16
4.101466476419970642e-16
1.910109816029201012e-15
4.584611445029775455e-15
6.124443287946307324e-01
2.533311627791035285e-16
1.336569598284346228e+01
2.439970972207313338e+01
2.671174239020432860e-16
1.483475707767594365e+01
3.892316076642485782e-06
2.298299216671220303e-16
2.220446049250313081e-16
4.332328829939306765e-16
2.418191150188922863e-15
1.497614029384660121e-11
2.375235491560681567e+01
1.320886016668846530e+00
2.624383923723508416e-16
6.155792632457898206e-01
1.274892713984416004e-01
2.220446049250313081e-16
5.876017565195607581e-13
4.125748097271412628e-14
1.123043001550851372e+01
7.601692370011229549e+00
2.905514368974697703e+01
1.117338185854347188e+01
2.598424464634689669e-15
3.485057078671582500e-16
1.809471594196195852e-09
2.209686876189437399e+01
3.039666983497347985e+01
5.177308826440262185e-04
2.793172686062322896e+01
1.905458761058459590e-03
2.929310903527989041e+01
1.020522760838930091e-09
2.220446049250313081e-16
3.082005605440827978e+01
2.577256546626271927e+01
2.707077068441117973e+01
1.469727571862091933e-15
3.824676609869214020e-05
2.693541298288138108e+01
2.950090870673408716e+01
2.412690719323846267e+01
2.562306188185942091e+01
1.191229737401631293e-15
2.874250260274317965e-16
2.220446049250313081e-16
2.514629512324693295e+01
2.220446049250313081e-16
2.484588372958796039e-03
1.348868028047348587e-02
2.801865333883347020e+01
1.130364571124574398e-13
3.043195048506691525e-14
1.108359037006827497e-14
2.220446049250313081e-16
2.202767499851720601e+00
1.642322922783290946e-12
2.867813989557809151e+01
3.943938083388207264e-14
2.494961033683743108e-16
1.127344543676804502e-08
2.847899368343786008e+01
9.509684994618269593e-09
3.644202068038569988e-16
2.220446049250313081e-16
2.342011155738667583e+01
2.592287792295611785e-05
3.970044090170418283e-16
1.530649513153794850e+01
2.748361734581385463e+01
2.352859667081082020e-16
4.190801860085157792e-04
2.654134648661020779e-16
4.521913656737462872e-16
4.019843953931118933e-04
3.099954850738086964e+00
2.220446049250313081e-16
2.524897797410907609e-04
5.959800249086124463e-02
1.527323893282070810e-15
1.886852667162391839e+01
2.877335136005807925e+01
2.220446049250313081e-16
2.774629593536082339e+01
1.090312349673727066e-10
3.829675993453260485e+00
4.367583956424658820e-13
2.497918487671416443e+01
2.467487210619317040e+01
2.262569451034242363e+01
1.930377041935712157e+01
1.066742964416060602e+01
1.399474445868632788e+00
3.084355777492150708e+01
2.617161096938003340e+01
1.103916410678412334e-12
2.228559040583637696e+01
1.704601376503985932e+01
7.576806081281439793e-13
4.520394885063310296e-11
5.332384703561749808e-16
2.393046531059637161e+01
2.088695100474925737e-01
1.420989744688875279e-13
2.494141600959204652e+01
1.550766266537079652e+01
6.977379706660377241e-14
1.990069962597214304e-01
2.760490019883587820e+01
7.246219763900738187e+00
2.301421936736134921e-16
3.961672549515572239e+00
2.622425059583875040e+01
7.395656280057292635e-16
1.877482239022339172e+01
2.827932328409993090e+01
2.865822224830881382e+01
2.301201132370537650e+01
2.811059557275764220e+01
1.216502697871325780e-04
1.561174098821952137e-15
1.669518469814658792e-03
2.740753900551731448e+01
3.140984333114463922e+01
2.653233978141177474e+01
7.713150576968497596e+00
6.505237698924009892e-15
2.548109255239758753e+01
2.719312364165594342e-14
3.046562517325981645e+01
2.705979919016494506e+01
2.739901309462478807e+01
2.683279828166339586e-16
1.161381300974345443e+01
2.561470454574830669e+01
1.526564696873015169e-15
2.220446049250313081e-16
4.240478948885160193e+00
2.793883995832259259e+01
2.373930596837809048e+01
2.776258630906324854e+01
4.256333134152104602e-06
2.663353432594735892e+01
1.152661355690015284e-15
2.220446049250313081e-16
2.857939158998713580e+01
2.612741012504647387e+01
1.771993101034826212e+00
2.806506480049188212e+01
9.243234770486187912e+00
2.487536640771502405e+01
2.220446049250313081e-16
2.642578440155439523e+01
1.345483831859439761e-01
2.789357247168060283e+01
2.713479452212905585e+01
1.628915231872196401e+01
6.357773312137690702e+00
1.172976451986792590e+01
2.778603391768053044e+01
2.380980260365105394e+01
2.871133401452539857e+01
3.913379310416620777e-08
1.569300922913590846e+01
2.349233931898444894e+01
2.938224202219838688e+01
3.099795999184638617e+01
2.484655773842627724e+01
2.923478575054885198e+01
2.220446049250313081e-16
2.822474020350004681e-14
1.012177388154820079e+01
2.220446049250313081e-16
2.854004669117476922e+01
2.660715212718350031e+01
2.819719116622066224e+01
1.013826349872992338e+01
2.957862667442256921e+01
2.734028732011603401e-15
3.015418095478498706e-01
9.201011623794444816e+00
1.640078744471239602e+01
2.559277256181738380e+01
2.218175285595022217e+01
2.943758550254175077e+01
9.250282480643240785e-10
1.259553853084355960e-09
2.910035820583921407e+01
3.475189639148658983e-15
2.768949977557216613e+01
3.120884711172976012e+01
2.837339982745839961e+01
2.806290468822941264e+01
2.220446049250313081e-16
2.644462165679645693e+01
9.951499405187803449e-10
2.741830660009795295e+01
2.567524463725304074e+01
2.976173456868095002e+01
1.687437908386955243e+01
1.752416752206223549e+01
2.528464313482612980e+01
2.580856809455162448e+01
1.129878042825654738e+01
5.545993894620101820e-11
2.925757848542853878e+01
2.514008069571142912e+01
1.269067914410941889e+01
2.496492898480069655e+01
2.458761675250604739e+01
2.350060283509283465e+01
2.164082319417341793e+01
1.314224991520295306e-07
2.503512347455009035e+01
1.329685428357539045e+01
2.361114975996783372e+01
2.778249116747102931e+01
2.582745044036795079e+01
2.921902374519461532e+01
1.895858322504495509e-06
2.907931396093261966e+01
2.807140744553896994e+01
2.818604790156632236e-09
1.802204708897235268e-12
7.948518185244217063e-09
1.139242016560580950e+01
2.645605038515401475e+01
2.598103699147370094e+01
2.931254062470241450e+01
2.600007809137298764e+01
2.538466215423278527e+01
2.614288767028527616e+01
1.659194492620787997e+01
2.592454051546829064e+01
2.446158120866028440e+01
2.179026635422361835e+01
2.435686203280666717e+01
2.202199680634097945e+01
6.333002954792667259e-16
3.117703919542377022e+01
3.188481794456710006e+01
2.193178505828602809e+01
1.129583846802191515e-14
2.580264618974321778e+01
2.865107991883047944e+01
2.788135131887205276e+01
2.767321724052652954e+01
2.815803584677473737e+01
2.828863515739466550e+01
2.680016523813932849e+01
2.764834521199469464e+01
2.403765837693219964e+01
2.588637570784076658e+01
3.060632363186286042e+01
2.613474614166842258e+01
1.288891838642540755e+01
2.817216491684710178e+01
2.639434476316986533e+01
2.121510294969726260e-15
1.329557574922236007e+01
2.575348552824616988e+01
2.220446049250313081e-16
2.853169562907066492e+01
2.647212145277302753e+01
1.199830545995792974e+01
1.078219245677854765e+01
3.039751128353686838e+01
2.478181152632442519e+01
1.354098481957390376e+01
2.066434700236492298e-09
2.568393066399325875e+01
2.643953212345577697e+01
1.262518944370441609e+01
2.484177853373223499e+01
2.655454390303682999e+01
2.220446049250313081e-16
2.615318134910851455e+01
1.755800521570069606e+01
2.353891092502157534e+01
7.150986441441049557e+00
2.724945036731354264e+01
2.485360970956887527e+01
2.587597215011200547e+01
2.441452234153738843e+01
2.226605386271883980e+00
2.698101701201449742e+01
2.887325038045225867e+01
2.511994743279300124e+01
9.862324819426598665e+00
2.685728297918420537e+01
2.661743769719073782e+01
2.374192715700965906e+01
1.155632738846969332e+01
2.867229738676357087e+01
2.606777979791180044e+01
2.806622362591416166e-16
2.673292259461464937e+01
1.550655560829423329e+01
2.482518912291775592e+01
1.821757799039530568e+01
2.493768260480207388e+01
2.911584450170086669e+01
2.555447149721224775e+01
2.656861816835064261e+01
3.102765239590669566e+01
9.042197894629074639e+00
2.147865959722081541e+01
1.334655229329747250e+01
2.637543763448167411e+01
2.326039463253852762e-16
2.226019104200105094e-16
2.428427261955746630e+01
2.722180430246927685e+01
2.448103834542696333e+01
2.827690745022576024e+01
2.572717125576924957e+01
2.864538145779158285e+01
1.178411687986879031e+01
2.460402151429892115e+01
7.082232364719842188e+00
1.731517001755504514e-13
2.703043287854946541e+01
2.865176099430775380e+01
2.631606366472579950e+01
1.821669186454753842e+01
9.313505664052702308e-12
7.567468602639142630e-12
8.453743329648132132e+00
2.681365576435139175e+01
2.756223862402185176e+01
2.557835815968407900e+01
2.234381453463357303e+01
2.617426181296524490e+01
2.851116358476387802e+01
2.635641293953662156e+01
2.222977460795189231e+01
1.178585738037035568e+01
2.957509231085521151e+01
2.701045359371219234e+01
2.396496752014101261e+01
7.092385096786862401e-16
2.379543150193582690e+01
2.543731259733153749e+01
3.248304140711322280e-16
2.627001905884759481e+01
2.523921560821770882e+01
2.462480764705367520e+01
2.495252351394619339e+01
2.936433753979236272e+01
2.743292733644515735e+01
2.782928594621486695e+01
2.427713266585904961e+01
1.993469927742539838e+01
2.353689849119763977e+01
2.700345380958702179e+01
2.733705430505058587e+01
2.264099015505860635e+01
2.871103675499968233e+01
2.560282839940661503e+01
2.835709474345276249e+01
2.563043835591288655e+01
2.349199931738778406e-11
2.416855980883411803e+01
1.179188853857528052e+01
2.594202835384412964e+01
2.957839983520230831e+01
2.706768222076615160e+01
1.720144493250759865e+01
2.791370497679637808e+01
2.709046191992649710e+01
1.348118113452527744e+01
1.146121010389965278e+01
2.348029596904567029e+01
1.635042020386262962e+01
6.554839785745327115e-03
1.104932518710375330e-05
2.148929614035913005e+01
6.096537645319162202e+00
3.168607253354445774e+01
2.947541188537942247e+01
2.379529176406975566e+01
2.523340373422170657e+01
2.801163824405769631e+01
2.858794259645181413e+01
2.832695484307999934e+01
2.735218621318011500e+01
1.268724572032922460e+01
2.462120266494986609e+01
2.611388730878189435e+01
2.789610753677123611e+01
2.690963701530630203e+01
2.649937672607397232e+01
1.024454480722101947e-14
3.018195133107714767e+01
2.916084642105591840e+01
2.770655235614573897e+01
6.625011748374242337e+00
1.150227603625472916e+01
2.698843027552279139e+01
1.472744680919798377e+01
2.692345402428860979e+01
2.328976721439241615e+01
1.096234690159008629e+01
2.729219113680389341e+01
1.948020727704327371e+01
2.245171726626431408e+01
2.647545517822006289e+01
2.889438349248905880e+01
1.098429632684963586e+01
2.444986559208622268e+01
1.840728042689341493e+01
2.543515886467466558e+01
2.609966472287926109e+01
2.803567584485553255e+01
2.175010623347990446e+01
2.668205159176367403e+01
1.382152036861492839e+01
4.419371731651993152e+00
1.368524576149445693e+01
2.639260263174864463e+01
2.660707670795827440e+01
2.299960831480808920e+01
2.838350819967323346e+01
2.621890623314884650e+01
2.393325799031318013e+01
2.577892091362219773e+01
6.746193657783126518e+00
2.371471562140318312e+01
2.849962623389320271e+01
1.929065928681216846e+01
2.256376133554526930e+01
2.862865584348915604e+01
2.521236124966651104e+01
2.604049543081584162e+01
1.617945693400891827e+01
2.729545034327963293e+01
1.772595773565528532e+01
2.790117547250906682e+01
2.567981940486105330e+01
3.913304741078615275e-16
2.648801902209259040e+01
2.640355344118551528e+01
2.653417083780847818e+01
1.885019181792091914e+01
1.989641323820583989e-10
2.708795382774274785e+01
2.942118901930355079e+01
2.741103746285295273e+01
2.090986274923632138e+01
2.670014627835844934e+01
2.645180808592902011e+01
2.510680901962069100e+01
2.035944844523653430e+01
2.521611131663008365e+01
2.577188193645399039e+01
2.745576365292636112e+01
2.676754714940092228e+01
1.570899381848751908e+01
2.834694765358404567e+01
5.256822464217082214e+00
2.991352156043606314e+01
2.742138985210313606e+01
2.827939032203992653e+01
2.761696957369554895e+01
1.790573758859397557e+01
2.647763558156297847e+01
2.545515075254050785e+01
2.736879666810949274e+01
2.747727084674793829e+01
2.402792878462711812e+01
2.474600815750570959e+01
2.731507452100377620e+01
2.787254333970042097e+01
4.473876626118959976e+00
2.816804263827863153e+01
2.650014242036338530e+01
2.626208403639693145e+01
1.513137934176419108e+01
2.229315208235260570e+01
2.627926957745320991e+01
1.254490499641932821e+01
2.777540410081754274e+01
2.801908925392152128e+01
1.300487086894912458e+01
2.819499748116566096e+01
1.715315696869651641e-15
2.510370560314121136e+01
2.754681249878642291e+01
9.599595888460696003e+00
2.491289063989314201e+01
2.554332499676194956e+01
7.852282064749241286e+00
2.575332698208053017e+01
2.459954640088324851e+01
1.350080324015988609e+01
2.742150606840270185e-06
2.529679186451626549e+01
2.612517594873772353e+01
2.266135720535281095e+01
2.302360235927537957e+01
2.940685637649398743e+01
2.525498419846687881e+01
1.063552275929986811e-04
2.391988481248406728e+01
2.714032865543530448e+01
2.619836880175506977e+01
2.893630995534264372e+01
2.329120655474304513e+01
2.713218317410247238e+01
2.746625621974635578e+01
2.756936938395010372e+01
2.339658578228821995e+01
1.176570164982950395e+01
2.627324772348845983e+01
1.615852868260427400e+01
2.462889616142038918e+01
2.656332481599089590e+01
2.707346528353349413e+01
2.732558996538939411e+01
2.744169885841055745e+01
2.757890919442433386e+01
2.851085098660911044e+01
1.993980422785175932e+01
2.615573928833522643e+01
2.766733669922785666e+01
2.738698172861682067e+01
2.637353809840293906e+01
2.694730209466539250e+01
2.768465225691000953e+01
3.074180673310841883e+01
2.914602653978409563e+01
2.682401520212204460e+01
2.423773493289349545e+01
2.499659683742471827e+01
7.671562458274196139e+00
6.327787502592334690e+00
1.589379860700314495e+01
2.800736441596593451e+01
2.697142582894586482e+01
2.344883478134299537e+01
2.741980878113956166e+01
1.843038286393409564e+01
2.555966089991353485e+01
2.884349363993193549e+01
2.817281249477262151e+01
2.615352488476617765e+01
2.808402282253200255e+01
2.804801808967370746e+01
1.242974516030762722e+01
2.680559884136333793e+01
2.521010101212049648e+01
2.630596070310427947e+01
2.586720203517859318e+01
2.064462871176957748e+01
6.598109935325366493e+00
1.033091557691538220e+01
2.691420470191549796e+01
2.107900782040022136e+01
2.570832634477639900e+01
3.011929022106962250e+01
2.853614735248240208e+01
2.417957639530166247e+01
2.148247600980890937e+01
7.974217395577072764e+00
2.642850543684898668e+01
2.568181747589297359e+01
2.420674916683541156e+01
2.642048850838454044e+01
1.980338977334120898e+01
2.691135099008414144e+01
2.836585217436772410e+01
2.636613352393717591e+01
2.659277372169979969e+01
2.602647605341431003e+01
2.766985699852934744e+01
2.060891053240271020e+01
2.828231186137761455e+01
2.545149410834765291e+01
2.641363231257197697e+01
2.781506077622813322e+01
2.631417535920443029e+01
2.971017870389172089e+01
2.835249662852713826e+01
2.779025985415443500e+01
2.728076485848838928e+01
2.523571793229845639e+01
2.565274668192162366e+01
2.540741627397838798e+01
2.755024842302260168e+01
2.620163467453258122e+01
2.572174217257735762e+01
2.630960279044518302e+01
2.494809951980787233e+01
2.444617241725001833e+01
2.761566560519363378e+01
2.662373728642414150e+01
2.605453985384611926e+01
2.707398424942007864e+01
2.605207125940751922e+01
2.685105579646987550e+01
2.436921051607210487e+01
2.369248252937250498e+01
2.550746698246183541e+01
2.407432106087995294e+01
2.760891672420123300e+01
2.972688677271008473e+01
2.850809758264496807e+01
2.906752630343916266e+01
2.776089514041887085e+01
2.707751699530014378e+01
1.668599277022028460e+01
2.382342844536807647e+01
2.583325936983766979e+01
2.522067209650730746e+01
2.407460885617557622e+01
2.567385631226827769e+01
2.647362896398918153e+01
1.474611862961013742e+01
2.332203152541616120e+01
2.726810938449662558e+01
2.902788786753714945e+01
2.654430591828042907e+01
2.549410699672145242e+01
2.679504327778613515e+01
1.733171520172923863e+01
2.791366308806916763e+01
2.774995739828773367e+01
2.596121295844667287e+01
2.534799386625619988e+01
2.857575483437791064e+01
2.566179839822064324e+01
2.683469932389181878e+01
2.783723928694478644e+01
2.752519724214081265e+01
2.725442978130401173e+01
2.765692083359971676e+01
2.548570226463067101e+01
2.844294842721080130e+01
2.801599363126304709e+01
2.630118477604333549e+01
2.770078875803405438e+01
2.878539663758204981e+01
2.712732916391689386e+01
2.671880517206747641e+01
2.660453505337638092e+01
2.750354338982448255e+01
2.695439864355390114e+01
2.935322835841491695e+01
2.621646425995604091e+01
2.519697413002910480e+01
2.633235088158013681e+01
2.945971319554733370e+01
2.573181812365978871e+01
2.743840529625811442e+01
2.710909286844761468e+01
2.728036509580523372e+01
2.843533826917589735e+01
2.421034635267453439e+01
2.612054824601410274e+01
2.779173856663630460e+01
2.669092822118626174e+01
2.749720862893473949e+01
2.701109717664446919e+01
2.864364194795580687e+01
