2.916301936294526192e-16
2.220446049250313081e-16
5.099086112182281916e+00
2.220446049250313081e-16
2.220446049250313081e-16
2.220446049250313081e-16
2.220446049250313081e-16
2.220446049250313081e-16
2.220446049250313081e-16
6.709102251972937655e-09
1.611423376452929977e-15
2.220446049250313081e-16
1.809126557497471866e-01
2.220446049250313081e-16
2.220446049250313081e-16
5.786317941538061923e-15
4.507576487447507630e-15
2.220446049250313081e-16
9.860493155552831315e-14
2.301168688499867509e-15
2.220446049250313081e-16
2.220446049250313081e-16
2.926722135698975596e-16
3.729104960127053566e-07
2.220446049250313081e-16
4.647560199950847155e-16
2.220446049250313081e-16
2.220446049250313081e-16
2.220446049250313081e-16
3.398326326535936914e+01
3.814546934956512558e+01
2.220446049250313081e-16
2.220446049250313081e-16
2.220446049250313081e-16
7.274378172883878076e-16
2.220446049250313081e-16
2.296628904385789712e-13
2.220446049250313081e-16
2.220446049250313081e-16
2.220446049250313081e-16
1.769532292362884578e-06
2.837069467971856625e-16
1.456535179744765117e-15
2.220446049250313081e-16
2.220446049250313081e-16
7.320262483768677642e-14
2.220446049250313081e-16
3.634003024804207627e+01
5.033763323777993293e+00
1.206154389693607498e-01
2.220446049250313081e-16
1.688116357631477841e-15
2.220446049250313081e-16
4.498757049460400028e-14
2.220446049250313081e-16
1.159475356029290527e+00
2.220446049250313081e-16
2.220446049250313081e-16
2.220446049250313081e-16
2.220446049250313081e-16
1.081313060643667953e-15
2.220446049250313081e-16
2.220446049250313081e-16
2.220446049250313081e-16
2.220446049250313081e-16
2.220446049250313081e-16
2.220446049250313081e-16
1.684521198471900487e-15
3.267667680106370653e+01
2.220446049250313081e-16
2.796213645009007181e-16
5.987421860359782335e-16
2.220446049250313081e-16
8.034536400849636578e-03
1.594903357448588830e-06
2.220446049250313081e-16
2.220446049250313081e-16
2.220446049250313081e-16
3.385209590332017736e-08
2.220446049250313081e-16
3.203288710055526901e-16
2.220446049250313081e-16
8.403015186191577453e-15
2.220446049250313081e-16
7.292316850580266507e-08
2.220446049250313081e-16
2.633445455012060062e-16
7.561967992767985950e-13
2.220446049250313081e-16
6.023417574729834082e-15
2.220446049250313081e-16
1.393857715270896561e-15
2.220446049250313081e-16
3.285327244451553952e+01
4.692038631915341681e-11
4.712856184384342700e-16
2.220446049250313081e-16
3.411916618404971757e+01
1.543999394623196401e-15
3.226131619416168661e+01
2.220446049250313081e-16
2.619718654896576532e-16
3.691064024115753036e-10
2.220446049250313081e-16
2.220446049250313081e-16
1.420946932135285223e+00
2.421531707327857844e-16
2.220446049250313081e-16
2.220446049250313081e-16
1.276044260956881587e-04
2.504015622409656752e-04
2.220446049250313081e-16
2.220446049250313081e-16
2.220446049250313081e-16
2.220446049250313081e-16
3.330773322933433178e+01
2.489965060668653898e-16
2.220446049250313081e-16
5.043141209096395253e-15
3.386540167074559527e-12
2.916587097607681045e+01
2.220446049250313081e-16
2.683388675826357783e+01
2.220446049250313081e-16
3.914349219393310264e+00
2.322810704612953359e+01
2.220446049250313081e-16
1.471647181591484944e-15
2.302500343039531149e-13
2.220446049250313081e-16
2.220446049250313081e-16
3.412609050288141788e+01
2.220446049250313081e-16
2.220446049250313081e-16
2.220446049250313081e-16
2.220446049250313081e-16
2.220446049250313081e-16
2.220446049250313081e-16
2.220446049250313081e-16
2.220446049250313081e-16
1.476339523277045485e-07
3.111653976722696413e+01
2.587083312940053946e-16
2.220446049250313081e-16
2.994054519568546218e-16
2.220446049250313081e-16
2.220446049250313081e-16
2.220446049250313081e-16
1.667868257842755272e-14
2.515498103366711495e-10
1.881978844259311501e+01
2.220446049250313081e-16
1.122146327710336283e-14
2.220446049250313081e-16
1.519880917976903681e-15
3.658789232346405045e-12
7.904537737154354593e-03
2.220446049250313081e-16
2.943315879323217122e-16
3.080487829159724189e+00
5.618225073145136861e+00
2.438429354913558355e-05
2.724312840746640053e-15
3.604266144836945962e+00
5.363334858515077652e-15
2.220446049250313081e-16
2.220446049250313081e-16
2.220446049250313081e-16
1.721677183527532466e-15
7.359141798974537352e+00
1.609523636118425846e-02
3.025118315002701408e+01
2.810023072797375212e-16
2.545658629579665607e-16
2.742339958154475510e-01
4.627112805672241084e-15
6.704708464198884653e-16
3.775589248104871248e-16
2.220446049250313081e-16
4.548639542043743536e-16
2.536035183669806931e-16
1.092718644563756825e-14
2.220446049250313081e-16
2.176674475914863044e-02
1.127493776888380891e-14
2.184141106369080157e-15
2.579536815238820821e-15
2.220446049250313081e-16
5.674837619180340909e+00
2.195338556228042641e-10
4.585002930827059226e-04
2.220446049250313081e-16
2.220446049250313081e-16
2.220446049250313081e-16
2.624280549029464445e-15
2.220446049250313081e-16
3.029552933196640559e-16
2.445538008378765863e-16
2.220446049250313081e-16
4.022248553355568952e-16
2.220446049250313081e-16
2.220446049250313081e-16
4.509266472870898309e-10
1.700822263291257991e-02
1.440921444204008003e-06
2.220446049250313081e-16
1.212304685017389592e-15
2.648251593086622606e-16
2.220446049250313081e-16
2.591220291167315125e-16
4.955425711208120809e+00
2.884097433618321915e+01
2.220446049250313081e-16
4.842442498032293163e-15
7.958829124475024663e+00
1.410030721584664680e-14
2.369845988722508212e-06
3.289869937277951304e-05
2.220446049250313081e-16
2.220446049250313081e-16
4.180277753258203624e-08
4.446390266357387604e-14
8.436626128110488176e-01
2.220446049250313081e-16
4.445697052126436277e-15
5.925145741336647469e-12
2.259666510325257321e-11
3.042492305981254930e+01
2.220446049250313081e-16
2.220446049250313081e-16
2.759997277427563489e+01
4.209799823977505115e-09
4.886270621212447563e-16
2.816325741192036958e+01
2.257412933735557914e+01
2.495137632597923163e-16
1.315545047495798007e-06
3.317764251296747924e-11
2.220446049250313081e-16
2.220446049250313081e-16
3.922101733968392449e-14
2.220446049250313081e-16
4.643805976191652606e-14
2.276785605521340489e-15
2.220446049250313081e-16
1.553837243232867090e-15
2.397087622998639966e-16
2.220446049250313081e-16
2.220446049250313081e-16
2.855689919116869471e-07
1.836805675151956407e+01
5.204747278825161794e-16
2.220446049250313081e-16
1.959798947059992358e+01
4.916506227166826353e-16
3.779506869234516541e-09
2.655906474931500583e+01
2.087249958583835476e-14
2.620203932516035294e+01
3.050163577381238156e+01
2.220446049250313081e-16
2.736677480055156552e-16
3.183809469612370274e-16
4.674913866669595505e-08
2.220446049250313081e-16
7.625277350292004764e-16
7.844623457469727034e-04
2.220446049250313081e-16
2.506695613103736535e-13
1.583775784973427852e-15
4.679158263827597494e-16
2.716768153658447105e+01
6.312587055205072240e+00
3.080249498133590301e-16
1.160213828943464368e-12
2.746316279741671451e+01
3.046525383428578948e+01
2.623067467595018698e+01
3.409825968400102880e+01
2.220446049250313081e-16
2.220446049250313081e-16
2.220446049250313081e-16
2.235419620649805547e-08
3.245276507018335366e-02
2.410601427233276566e-15
1.384182832435185920e-11
2.220446049250313081e-16
5.859112961492323635e+00
1.413438673409734305e-14
8.324744930380337520e-06
2.738058608217931284e-15
2.220446049250313081e-16
1.206300996970267987e-15
2.668719583167842972e-11
2.220446049250313081e-16
5.927693222121644290e+00
6.104198134097352235e-02
7.223230150666162253e+00
3.071506298728207085e+01
7.742869958327572312e-09
2.695597309913782524e+01
2.220446049250313081e-16
1.789380676365568590e+01
2.098003720779976433e+00
1.293014885012582660e+01
3.429764704795788077e+01
3.001433014894895024e+01
1.119753948537292396e-05
2.369227179895567358e-13
1.192988551131709575e-03
3.178088809533644010e+01
2.530363071812174169e+01
2.220446049250313081e-16
2.264659380876854920e-13
2.632544898385175358e+01
8.482286743834575593e-08
5.164717241484213927e-15
2.788023898533178624e+01
6.697621995558609970e-08
2.782382788431293324e-14
2.645944738471208660e-16
2.795096172242502064e+01
3.127246456342373548e+01
2.451832083652432459e+01
4.589105106996625771e+00
2.220446049250313081e-16
2.488196239706575952e+01
2.543833601125133370e+01
2.255287051240585620e-12
3.874893200954515636e-16
2.703426967461193681e-06
7.008722233676972067e-09
8.345527951077201035e-05
2.151447641660609200e+00
2.643711549433788021e-16
2.399926570642150680e-15
6.181068450062392368e-04
2.886762713144139014e-11
1.476043301313118405e+01
4.373998051547415887e-11
1.414778669001646882e+01
2.954301646800051984e+01
2.220446049250313081e-16
2.670874005155738118e+01
2.715057189036447838e+01
2.943688738267776017e+01
3.256171106762887035e+01
1.099483610485406970e+01
3.263786171671863912e+01
2.382917387976930712e+01
4.532387584831490734e+00
2.926834715863655489e+01
1.353328510474591569e-05
7.361270528953884650e-12
2.751945436102328557e+01
3.122122585277728390e+01
2.220446049250313081e-16
2.953017545522816079e+01
6.974989280208185303e-11
1.155592781086063613e-13
5.343364748518089655e-12
1.763098361931275804e+01
2.635939952467204961e+01
5.463447531313804229e-01
3.521000443093964538e+00
2.220446049250313081e-16
5.951498895429954139e+00
5.347459174229985734e+00
2.702489257921655152e+01
3.308514019081087348e-15
1.692585159523191704e-08
2.910868617760720767e+01
6.682323541483924101e-05
2.829702931113194353e+01
5.716171059721104773e-10
2.533730937675614719e-16
6.507048534791342931e+00
1.567159566759237066e+01
1.867851491549610543e+01
2.220446049250313081e-16
1.076992266713753210e+01
2.720468537739451875e+01
2.903560786790722048e+00
3.342174712718446691e-06
1.278647977380644310e-15
2.950859379194686714e-16
2.394795384100554627e-16
9.265123164313103787e-01
2.220446049250313081e-16
2.220446049250313081e-16
2.765106393080467129e+01
1.334906070158567770e+00
2.442629473061893464e+01
2.301606228094390261e+01
3.372156536485500311e+01
2.436696812323591388e+01
3.917425231623792084e-16
2.251843836823828227e+01
1.072713348703315717e+01
9.155379056480485167e-02
9.255781505010697974e-08
2.450261321756254773e+01
3.043135991070298729e+01
1.393831682182135594e-04
3.228437636729225346e+01
1.325280391942269542e-01
2.938487811338506006e+01
2.962239950030122415e+01
7.044277807566202213e-11
2.844413409652716496e+01
8.689219811522838677e-14
1.953225366975708296e-09
4.516985086267720930e-15
7.530534476738635907e-02
2.861513027153475264e+01
3.402157448686782715e+01
2.220446049250313081e-16
1.430666782150151839e+01
9.556651759246689181e-15
4.147560198764455338e-16
2.903539854208759863e+01
4.484714062385592161e-08
3.392077394369871186e-16
6.737682244863181513e-02
2.825597771606024556e-12
2.851975399735779604e+01
2.343017870396006685e+01
2.855610700449069839e+01
2.220446049250313081e-16
2.605544617609374214e+01
2.624775344396276466e+01
9.578759267178272196e+00
4.665402661903330500e-02
1.072113785830445670e-01
2.722997089474028698e+01
2.871601290310292498e+01
2.220446049250313081e-16
2.692823739570287600e+01
2.693898658599225371e+01
3.072182942694435681e+01
1.102096434504203241e-15
1.400494678514438718e+01
3.182082732992735075e+01
1.520141586750167306e+00
2.603025132559044508e+01
3.753912903771271697e-16
2.786450613342442040e+01
8.888192444760939281e+00
1.322980791523656663e+01
2.783114005406503821e+01
2.383452147088401582e-16
1.398371283749970928e+01
2.078318129880394327e+00
2.536839936454904887e+01
2.220446049250313081e-16
2.474071989526056179e-14
2.606892681190812056e+01
2.121017667497672813e-10
2.838602838776277792e+01
2.496342822252522353e+01
8.469191115716345308e+00
2.629161433178419216e+01
2.165855042918332973e+00
9.192607535129749113e-09
2.305097892428221940e+01
2.272600633945884496e+01
2.430296947541865367e-16
2.552530605002203856e+01
2.473010105563897199e+01
2.548090379261481431e+01
3.523682047808157354e-14
2.315589224420040537e+01
1.605587430283159023e+01
1.861861946056279038e+01
7.524483764302385858e+00
2.357994851581902843e-04
1.307837147037858916e+00
2.917635310851943942e+01
2.932572471938532446e-05
1.383193730661051291e+01
2.582056635391046937e-16
2.861819682511600149e+01
3.071385724739232614e+01
2.173052797641750701e-14
2.103715306610147273e+00
2.220446049250313081e-16
2.915253377773004573e+01
1.665746982151447973e-15
2.817166921903474375e+01
2.853142911451704578e+01
2.796481393338878974e+01
2.824938255188054725e+01
8.490334051733958720e-01
6.197837121496941215e+00
2.206957875064469476e+01
2.652540356060010396e+01
2.384795553391135174e-16
2.501079292081260164e+01
3.016568180326658322e+01
2.325976499609305810e-16
2.363806293248463675e+01
2.982689849904589753e-07
2.595527133587099300e+01
5.214144214797053745e-12
2.737188580616068734e+01
2.989172130486524992e+01
2.521554245617637235e+01
2.578964780582989036e+01
2.964767607816830264e+01
1.330511988796327927e+01
2.132065554955448761e+01
2.220446049250313081e-16
3.814949719586001370e-13
9.912638095412953376e+00
3.227869796746121981e-09
2.806084331504829876e+01
5.714152627924941719e+00
1.263718582366300629e-02
2.368176719898635341e+01
2.311577031490482881e+01
2.417740382328958042e-16
2.785758099423630441e+01
2.220446049250313081e-16
1.679124539645338743e+01
2.559279276770365286e+01
6.739384091726130619e-12
2.787277799786105348e+01
1.489441854597539105e+01
3.035604352664446282e+01
1.767682670377351073e+01
2.622573126048994041e+01
2.476223075139301599e+01
2.270982726211596869e+01
2.677882494714390305e+01
1.559332355822007141e-07
2.766306574121061246e+01
1.927157897365073325e+01
2.536867697791469567e+01
1.429150779481316203e-14
1.451497032842456116e-15
9.997805973926592316e+00
2.220446049250313081e-16
2.220446049250313081e-16
2.567355261901103702e+01
3.019638049491001297e+01
2.811303864607576486e+01
6.541889190252957675e+00
3.063786483843871533e+00
4.879287237896803499e-16
1.427577426140505956e+01
2.827243556980355166e+01
2.893390778293511545e+01
1.704121703016479827e+01
3.040089983489225389e+01
2.220446049250313081e-16
2.311747572903295378e+01
2.847278789753932671e+01
1.555940490747142491e+01
2.730226741302822191e+01
8.257074518827604237e+00
2.547687712113487279e+01
2.762171422995261594e+01
2.897232449057098336e+01
5.330204371830443044e+00
1.061572111795506501e+01
1.606143416652459521e+01
2.529087850243822523e-11
1.423280716795552081e+01
2.722815540288609171e+01
2.879890117840800556e+01
2.410488846879383118e+01
2.778842226199295595e+01
2.620009929374183955e+01
3.573683734155752618e-16
2.369758451367651522e-02
1.082288238546985859e+01
2.335962553692437282e+01
2.685023768322215432e+01
2.340182292482060689e+01
2.438585738049332096e-16
9.249458636197958938e+00
2.345000291829845196e+01
1.979668827888991700e+01
2.466514437642719670e+01
2.916690096605933036e+01
2.557764673023991264e+01
2.617536145961361527e+01
2.575034558745603519e+01
2.813336718153354354e+01
1.215628086873710255e-14
2.514248806094763111e+01
2.276938884802566321e+01
3.078185622686528333e+01
7.492669262778386867e-13
1.056672152103427287e+01
2.801892825143549715e+01
2.898286284717899619e+01
1.414893318140270573e+01
1.659689946213027436e-15
2.058664848209295073e+01
1.120123341538709105e-14
3.034468954053165746e+01
2.700906435392132821e+01
1.137552776992749948e+01
2.517376561354805276e+01
2.637072840580677280e+01
2.220446049250313081e-16
2.675465291607356377e+01
1.207454922422817364e-14
2.604786506630779996e+01
2.738059122259254252e+01
2.824069162617064777e+01
8.659664266956603740e+00
2.804250821165783591e+01
1.148939172115349727e+01
2.814215096775084035e+01
7.124949178871981204e+00
1.819703287867057639e+01
2.760584744243013184e-11
1.175936363086937320e+01
2.590917478168229238e+01
1.916311166175942660e+01
2.607456105812482505e+01
9.704318775070941427e+00
3.417716355497728564e+00
1.103192996385730673e+01
5.023045574052595196e-06
9.949995007927606494e+00
1.019280522423525959e+01
1.122953587019823196e+01
9.262135669021644091e+00
1.661433551475553161e+00
1.395665055234452367e+01
1.259697731103862672e+01
2.676353306291850132e+01
2.836814209638754392e+01
2.567715753673954993e+01
2.669883816145870270e+01
1.490196233437637297e+01
1.139338493962810439e+01
2.546239257166565650e+01
1.014091671451751431e+01
2.679252089158356043e+01
2.458978356318439396e+01
2.755679256274580879e+01
2.708372377346848836e+01
2.631565554542683216e+01
1.911155595953021447e+01
2.908718941419366288e+01
2.629241780827228681e+01
2.641943086947626540e+01
2.785598706820192660e+01
2.528403160403826888e+01
2.550227954557342969e+01
2.694385032988295947e+01
2.725934162269555827e+01
2.660412613787460856e+01
2.775042597821030554e+01
2.472069156169050430e+01
2.532046183409395468e+01
1.812369908471032787e+01
2.987735199782932582e+01
2.753076224890730117e+01
2.836630536847214046e+01
1.178500846433471771e+01
3.280764135977727591e-03
2.801451927736308178e+01
2.233101793404569772e-14
2.755287858475021068e+01
3.051051634189204975e+01
2.603375457358311706e+01
2.527190378317948216e+01
2.700217817138761944e+01
2.269762025578420506e+01
7.834082040906294786e+00
2.623852980653904865e+01
2.550712118146721608e+01
2.283500035439331199e+01
2.733008523511724519e+01
2.269767860858227237e+01
7.374538199460725529e+00
2.524147326789116264e+01
2.669339317772709440e-16
6.243718619506182677e+00
5.030271537787816237e-03
2.569872153345961507e+01
2.399342172081611579e+01
2.556523525847052980e+01
2.858751771467364122e+01
2.671389622727101809e+01
2.459745795233923715e+01
2.481439887116843934e+01
2.541047099410888979e-13
2.499925809802233090e+01
2.542784439035543187e+01
2.880165224081958542e+01
2.352521926703535371e+01
2.743527032332145410e+01
2.689022166847959028e+01
1.274755617337636515e+01
2.867156131246721529e+01
2.646077608858462682e+01
2.419212283981257627e+01
2.249171312908174514e+01
2.017465372074104835e+01
2.540056962832426279e+01
2.767788469879182500e+01
2.744142637777174087e+01
1.925063189739438840e+01
2.644109140603159602e+01
2.768783148495069568e+01
2.492950761008526328e+01
1.690712547772039146e-14
1.998160840037410324e+01
2.589502636982054540e+01
2.600623387214149318e+01
2.890116624846515947e+01
2.843778455018242823e+01
2.738154655008974814e+01
5.253433596450162169e-01
2.829333376108871434e+01
2.251186543962418779e-15
2.714738156899956678e+01
1.588200644312159557e-02
1.936155827437184129e+01
2.657311460855280671e+01
1.717840161989404635e+01
2.857061688649302411e+01
2.302839704121785758e+01
2.794326319347035081e+01
5.894761401043229626e-02
2.646341475667325938e+01
2.464754179241236187e+01
5.603217953871415845e-04
2.657054071079373969e+01
2.772806711529829826e+01
2.745356779984733819e+01
3.049793875577580593e+01
2.640815189247225447e+01
2.836117282072782331e+01
2.531537044397352432e+01
2.268794700689202415e+01
1.238978888990574490e+01
1.054378959132636773e+01
2.611106405073040904e+01
2.500529119915609044e+01
2.600318249709962259e+01
2.723124231158753972e+01
2.261994890623241972e+01
2.951336683524425553e+01
2.104175493119544527e+01
9.083221344555635306e-15
2.835540682524174372e+01
2.550625677646202760e+01
2.586545615359964145e+01
2.551827706155033937e+01
2.816334037784853805e+01
2.869816641785061506e+01
2.535821703990990272e+01
2.579217538843280977e+01
2.615288389907746947e+01
1.655701050352905668e+01
2.621125979391917937e+01
2.644494643754597263e+01
2.807775443685785532e+01
2.465983146727052855e+01
2.776263992641163370e+01
2.642973428633901634e+01
1.543917706478570034e-11
2.715361351246679789e+01
2.494697786647644477e+01
2.250634175489255995e+01
2.651352141747589997e+01
2.413073000918210198e+01
2.951322514091998173e+01
1.034486749027179897e+01
2.566670925640774215e+01
2.356127504736433309e+01
2.697205175967137691e+01
2.972970049681853055e+01
2.654534306685201273e+01
2.782447453491425549e+01
2.745399503023235965e+01
2.800875056293648058e+01
2.557887357803259221e+01
2.610412593388669933e+01
2.683897722467063574e+01
2.663673732531377780e+01
2.695373448203539724e+01
2.707969306418385358e+01
2.511951052374725890e+01
2.582362402572152860e+01
2.661250882094095260e+01
2.637927452093449787e+01
1.866233752616674835e+01
2.726245319772396414e+01
1.123667668135695585e+01
2.602884542161753245e+01
1.453454493155323490e+01
2.664877662918479118e+01
2.214295312209823052e+01
1.492326442351285642e+01
1.021445734986428100e+01
2.906925433933245273e+01
2.713391406452494437e+01
2.544696298218736175e+01
2.634054732709394031e+01
2.788051470479030414e+01
2.735907909072336608e+01
2.796158101896290304e+01
2.167347165870533487e+01
2.582005352348664218e+01
2.802633519695135433e+01
1.622384929508504214e+01
2.797672834534591041e-16
2.364957242282893546e+01
1.303161807296763541e+01
2.632882726059484924e+01
1.400496296682920772e+01
2.468258449847157365e+01
1.815170035851045186e-11
2.688859746735181133e+01
2.579924159472975020e+01
2.777203762859044289e+01
2.577361118221833536e+01
2.729686807405331450e+01
2.553470153416823862e+01
2.603454506502235333e+01
2.697536791982128435e+01
2.801598642377825499e+01
2.665257268776754174e+01
3.023690562216608058e+01
2.615909217019108368e+01
2.643042642475618109e+01
1.734393477327301625e+01
2.757678250607597192e+01
2.428247650943634639e+01
2.661266613645157264e+01
2.220446049250313081e-16
2.415028481577040864e+01
2.655234951818628986e+01
2.819218293390645869e+01
2.622283578278663541e+01
2.109279693264168998e+01
2.441528604836867089e+01
2.932269383408450025e+01
2.431681132751215557e+01
2.743323509859314058e+01
2.606256376378358297e+01
1.960274432278524334e-15
2.792905647522411883e+01
2.803046836277097498e+01
2.699155144613031965e+01
7.700423637820871675e-16
1.367821797723433264e+01
1.403363782143223304e+01
1.267157952741827387e+01
2.478646826597746511e+01
2.627440454340483100e+01
2.281448800229039398e-16
2.909234263666752085e+01
2.458306192504705834e+01
1.297600048558454411e+01
2.732343960358901214e+01
2.939814595208681780e+01
2.559638576534168308e+01
2.726056712594710874e+01
2.549489584247222140e+01
2.651203433934420062e+01
1.536574322260703696e+01
1.156482682815245688e+01
1.182505413301131192e+01
2.461170121115605980e+01
5.765954757226849488e-08
3.137936701815178253e+01
2.374452209167754546e+01
2.895770469006488668e+01
2.121400455755881964e+01
2.810981666941130896e+01
2.683928097918609268e+01
2.968740259532611958e+01
2.635108957409769559e+01
2.536164363701675484e+01
2.432299167000211426e+01
1.460682227493613716e+01
2.860716739092675809e+01
2.656408978642324215e+01
2.886878967686912389e+01
2.218612555034202068e-06
2.568409312564137892e+01
2.531434908647300475e+01
2.757817351283676288e+01
2.708237412147493117e+01
2.220446049250313081e-16
2.549633878370425322e+01
2.656955191874597233e+01
2.218765756327572092e+01
2.403898706691137122e+01
2.486274863434050886e+01
2.695058491520277855e+01
2.255153583666730199e+01
2.312489011670349674e-16
2.534911037392483024e+01
1.846412418732307259e+01
1.172095005501840070e+01
2.208996724843522586e+01
2.674856537960701175e+01
2.973828249210249908e+01
2.871721873635859623e+01
2.476746393599394835e+01
1.848175702018120248e+01
2.745117149523043310e+01
2.722537016868212589e+01
2.895211386522037245e+01
2.692369202706285236e+01
2.426853370825712375e+01
2.918360835542605969e+01
2.365843224185528726e+01
2.337681730737431351e+01
2.827898102642576106e+01
2.577097306946020439e+01
2.803553261696798060e+01
2.655133106489858008e+01
2.819114672316345960e+01
2.580416017725666933e+01
2.532621380708475556e+01
2.587092800366950129e+01
2.407732605718010532e+01
2.725256641141057301e+01
2.794097503638041147e+01
2.444861902500525375e+01
2.707556866765294501e+01
1.180081885025135691e+01
2.503492239996507251e+01
2.598175574242675623e+01
2.665282017742269360e+01
1.216871373077176344e+01
2.544521872855814237e+01
1.178250102495582929e+01
2.423774164347787874e+01
2.817541565210749610e+01
2.675751108186605620e+01
2.594176884531495020e+01
1.113475355711961434e+01
2.688139135810033054e+01
2.765443676846813048e+01
2.819191322336902417e+01
2.431809457886219406e+01
2.372309146106162103e+01
2.712780456322344236e+01
2.609835869916587114e+01
2.436314294440766304e+01
2.913950635542112977e+01
5.574634369404827261e+00
2.393005507470240190e+01
2.382220496510379704e+01
2.764699059694752847e+01
2.668703879998300010e+01
2.411225391148966679e+01
2.406155634497008577e+01
2.878198216982956126e+01
1.132735709553898928e+01
2.571160402446731297e+01
2.642425956973452728e+01
2.542440039551257058e+01
2.709450790953966148e+01
2.710250966196448630e+01
2.419261724859135754e+01
2.739073543039022596e+01
1.705923569108211169e+01
2.659215033912751380e+01
2.538682951309517932e+01
2.698411660099526443e+01
2.624430280806711480e+01
2.488544753785044250e+01
2.858904327128536593e+01
2.377028682110723423e+01
2.465999968200376458e+01
2.620270758891291507e+01
2.716176156187646384e+01
2.667382016949017043e+01
2.865227239921039271e+01
2.128375322566658667e+01
2.777274628546027202e+01
1.943054562244228833e+01
2.466418675571137697e+01
2.701992053260694604e+01
1.380583002263059811e+01
2.590793488325417826e+01
1.371852793397285986e+01
2.685829933661357671e+01
2.481637556588201932e+01
2.849737213921961043e+01
2.169291177689161643e+01
2.500323073387965067e+01
2.445632555884747816e+01
2.617730659677443938e+01
2.592976418148317563e+01
2.658343192197376226e+01
2.548546026137355369e+01
2.759284892444693327e+01
