2.220446049250313081e-16
2.220446049250313081e-16
3.188545262672440733e-16
2.220446049250313081e-16
2.220446049250313081e-16
2.220446049250313081e-16
2.220446049250313081e-16
2.220446049250313081e-16
2.220446049250313081e-16
3.320570089404694421e-16
2.830310089323811918e-16
2.891289050764315266e-16
1.977214373815426780e-15
1.701221296778218290e-14
2.220446049250313081e-16
2.220446049250313081e-16
2.220446049250313081e-16
3.727652605400595576e+01
4.477881512110354606e-16
2.220446049250313081e-16
2.220446049250313081e-16
2.220446049250313081e-16
2.220446049250313081e-16
2.220446049250313081e-16
2.220446049250313081e-16
7.981166864455316444e-16
4.950165164887906249e-05
1.056538911961899865e-12
2.816980826071973935e-16
2.220446049250313081e-16
1.157774441483134100e-14
2.220446049250313081e-16
2.220446049250313081e-16
2.889236735093168598e-16
2.220446049250313081e-16
2.220446049250313081e-16
2.220446049250313081e-16
2.220446049250313081e-16
1.295333154164091501e-14
2.776260069439149538e-16
2.220446049250313081e-16
2.220446049250313081e-16
2.220446049250313081e-16
2.687193648051990550e-16
3.157866193390113935e-16
2.220446049250313081e-16
2.560992652094697805e-16
2.220446049250313081e-16
2.220446049250313081e-16
2.220446049250313081e-16
5.874253879023080494e-07
5.826230823375507120e-14
1.679756840172642289e-14
1.587340496264955405e-15
7.661122060822193484e-08
2.220446049250313081e-16
2.220446049250313081e-16
2.220446049250313081e-16
3.574549482090201735e+01
2.220446049250313081e-16
7.724457576221060969e-15
2.220446049250313081e-16
1.584613656337555687e+00
2.220446049250313081e-16
7.497054389711448946e-13
2.220446049250313081e-16
2.293387932297281506e-03
2.573268013052853114e-16
2.220446049250313081e-16
2.220446049250313081e-16
6.174943142806346972e-16
2.220446049250313081e-16
2.220446049250313081e-16
2.220446049250313081e-16
4.323298064530532831e-10
2.220446049250313081e-16
2.863998593757635732e-16
2.530917080801717709e-16
2.220446049250313081e-16
2.681153920632978417e-16
3.971844292546984441e-15
3.662574924706837765e-15
2.220446049250313081e-16
3.235857853664360562e+01
6.439970728188723592e-13
1.323477617137853203e-14
9.155193537840363049e+00
2.521186521140245967e-16
3.101732608150289933e-15
2.220446049250313081e-16
2.821008097863533796e-06
2.220446049250313081e-16
9.191747253961321661e-11
3.166613546975471345e-16
2.220446049250313081e-16
1.974582911153193257e-15
2.220446049250313081e-16
4.726441822582888477e-04
2.220446049250313081e-16
2.220446049250313081e-16
2.220446049250313081e-16
2.354340379761418262e-05
6.531531458076974209e-09
2.220446049250313081e-16
1.814775830700168720e-15
3.023429100155725747e-16
4.322057273579333655e-15
2.220446049250313081e-16
1.523804931851152954e-12
2.641044085800671702e-16
2.220446049250313081e-16
1.519571503157418618e-15
2.220446049250313081e-16
2.220446049250313081e-16
2.220446049250313081e-16
2.035204864096643007e+01
3.484722154304698746e-16
2.901594104685669233e-15
3.828062578057072484e-14
1.981178177236090331e-13
2.220446049250313081e-16
3.053006740693287526e-16
2.488980521299429997e-16
2.220446049250313081e-16
5.770220200112286222e-14
2.220446049250313081e-16
7.617990147547699653e-01
3.580124855251516180e+01
2.220446049250313081e-16
2.220446049250313081e-16
2.220446049250313081e-16
2.220446049250313081e-16
2.992692401992694875e-16
3.044606616849576497e+01
7.787213348645606666e-12
1.087331618389187422e-07
2.495282287663183346e-16
2.220446049250313081e-16
1.701015916068647013e-11
4.297066314923621798e-16
1.820054172848277692e-14
1.135056492103242753e+01
2.976901291162750240e+01
2.220446049250313081e-16
4.190151922849723247e-16
2.220446049250313081e-16
5.924529712111623603e+00
2.220446049250313081e-16
2.319251182567744370e-13
2.220446049250313081e-16
1.634749869055879645e-15
3.749150968356052361e-10
3.447777687017160031e-01
2.220446049250313081e-16
2.220446049250313081e-16
8.156118973508337255e-01
2.220446049250313081e-16
3.317162481135795815e+01
1.343436605229267056e-01
1.043438551418370075e+01
2.243395650030769246e-15
2.604504932937107337e-13
2.220446049250313081e-16
4.987761561588785714e-15
1.187836722796745973e-07
3.151914675344072947e+01
2.220446049250313081e-16
2.220446049250313081e-16
2.220446049250313081e-16
1.508705654977617067e-15
3.843491305091052891e-10
1.090894893748920458e-01
2.220446049250313081e-16
2.220446049250313081e-16
1.602285268735447095e-04
1.082059508992387623e-13
9.696086778501487648e-15
3.973785496344452339e-16
2.220446049250313081e-16
1.618753718890454955e-15
3.900925827357835420e-04
4.181359293649792974e+00
2.220446049250313081e-16
2.220446049250313081e-16
2.220446049250313081e-16
8.228310597350777229e-12
4.274564341508021660e-12
6.107403021688858750e-12
3.123388944946799484e+01
3.379139241930847663e-16
2.220446049250313081e-16
2.220446049250313081e-16
9.714782459196758701e-06
3.031060567315910816e-16
1.460206772077534324e-15
3.776170878443566359e+00
3.081600809479398251e+01
2.220446049250313081e-16
2.220446049250313081e-16
2.220446049250313081e-16
2.220446049250313081e-16
1.124534320053684932e-10
2.220446049250313081e-16
2.220446049250313081e-16
5.534587949023547004e+00
7.366961994816242286e-16
2.220446049250313081e-16
2.220446049250313081e-16
1.614514299534825580e-15
2.220446049250313081e-16
2.954472060890591933e+01
2.220446049250313081e-16
2.220446049250313081e-16
2.923689431122502317e-16
2.220446049250313081e-16
2.220446049250313081e-16
1.390674538529059729e-15
6.577627545987327464e-16
2.220446049250313081e-16
4.412241529269511631e+00
2.220446049250313081e-16
3.602442459035929706e-16
1.545424936429384084e-15
2.931946886045593104e+01
3.691012473271507095e-16
2.220446049250313081e-16
1.180278679546741927e+01
8.386897634267821632e-13
6.171558645232816393e-09
2.838457991960593674e+01
2.220446049250313081e-16
2.220446049250313081e-16
9.891887622129818425e+00
2.358614801693967810e-04
3.062491884850733650e-12
1.604661265508299195e+01
2.459677639452528752e-16
5.717774852704803412e-15
2.217906622949858075e+01
8.539304738676486650e+00
8.459438258321548456e-06
5.669057869510411083e-14
1.060824043179151269e-15
2.470660933478777617e-16
4.608695875029721527e-06
2.836903389005824229e-16
8.335132222545040535e-05
3.274707086578081383e-16
2.220446049250313081e-16
1.052393356396994396e-09
1.150538233994904706e-15
2.220446049250313081e-16
2.923127957939057353e+01
2.220446049250313081e-16
2.808480456854347906e+01
2.718089598669552842e+01
2.082901795772232056e-01
2.806611465163513586e+01
1.158857664637873487e-15
1.721719995845637317e-03
1.703607475484198019e+01
2.220446049250313081e-16
2.952536499241961465e+01
1.598631279539777772e+01
2.981325480560073871e+01
2.961006670736097135e+01
2.220446049250313081e-16
2.422821548039729669e-16
2.220446049250313081e-16
2.037619934974918579e+01
7.933769966003310906e-06
3.362393707173482227e+01
1.960885804608863836e+01
2.822178015495147954e-10
2.890972036339441331e+01
2.004215893296401418e+01
2.410378260871366240e-16
6.397040321248465323e-16
2.220446049250313081e-16
3.066461195135675766e+01
1.039603532574139637e-08
3.000600212196841809e+01
9.619293154598382856e+00
3.281878339474796746e+01
2.536670489614691881e+00
2.806561553755001270e+00
6.988112412711139090e-08
2.220446049250313081e-16
1.098767289846859230e+00
1.947169891833648887e-05
1.585041183309634768e-15
9.577729276284639326e+00
1.548976367512851767e-15
2.220446049250313081e-16
2.220446049250313081e-16
2.738964276353040717e+01
2.220446049250313081e-16
2.642928045005293148e-05
9.298737862089064166e+00
2.492102730119060024e-16
2.837113442113444250e+01
2.220446049250313081e-16
2.679730306387171979e+01
5.952295577471618415e+00
1.197869881191214532e-10
2.429870863737937352e-16
2.554806587500669934e+01
2.767587118932789483e-02
3.288272705246271244e+01
2.564210161262541732e+01
3.010270711400658072e+01
3.399591613891294368e-14
3.017696540076799749e+01
1.072676365681000776e+00
2.963007767409830446e-16
1.685366688083370867e+00
2.363911846811869561e-06
2.601663023334206015e-16
3.552738230926344395e-11
8.137715757853078761e-15
2.334848494494645710e-02
2.529767043140141125e-15
2.220446049250313081e-16
1.722024911426658130e-15
5.633706053906558925e-09
9.266187283690339171e+00
2.788917370468790224e+01
2.220446049250313081e-16
2.573251324356800041e+01
2.607112654958160190e-15
6.985983991632344752e-16
2.963361386048640966e+01
2.816557472538512297e+00
9.207734292995352303e-11
9.989648033702586703e-12
2.903820977081953458e+01
2.220446049250313081e-16
2.971362284166456940e-16
2.435184897372712921e-16
1.000157313118858227e+01
2.711254883757145961e+01
3.460422752294013971e-01
7.866798379110235828e+00
4.598289911275478108e-07
3.092191629034754285e+01
2.220446049250313081e-16
2.359796731004039216e+01
7.176233584326100479e-01
6.396685797886087719e-14
2.743434007073062286e+00
2.220446049250313081e-16
2.957538984052467868e+01
4.011748930145090514e-02
1.506901789686278370e+01
1.522347660725945317e+01
2.220446049250313081e-16
1.290425688461344045e+01
3.143002142372833774e+01
2.198431367641038747e+01
7.306453525879012904e-16
1.211052734310121615e+01
2.728420840188624652e+01
1.841413440404262385e-05
1.451552146208684098e-15
2.220446049250313081e-16
1.105545225757967587e-12
5.870688739720969496e-02
1.403698258573802342e-12
2.907969175179229282e+01
2.465094566477979754e+01
1.214345588938789241e-12
1.574829210455237771e-02
3.004855770137659832e+01
4.916595651555924484e-01
2.779501705719183136e+01
2.220446049250313081e-16
4.261259111590701356e-08
2.474319642696196553e+01
1.948514639665678516e-15
1.765049877694593552e-05
7.545556318316992242e-08
5.657840650431762833e-16
2.744763922769746587e-16
2.730637309141834379e+01
1.565687126054708935e-15
2.463844102678066506e+01
2.729020055201430139e+01
4.503620276644191844e-01
6.071318010300148504e-01
2.850467582808082412e+01
9.649317678717995506e+00
2.450761240706201249e+01
2.723133311960713243e+01
2.220446049250313081e-16
7.773430108364094617e-04
3.400259406750724396e-15
9.814144280851857528e-07
3.007807159877326342e+01
1.816233635395732904e+01
1.100625025205965812e+01
2.731872197067492765e-15
2.405307771242973303e+01
2.755226793540171273e-14
2.774960353632806687e+00
2.589976174843757306e+01
2.220446049250313081e-16
1.372345669686767135e-05
2.700888874459047884e+01
2.220446049250313081e-16
1.039004555698871204e-05
2.477309193242300130e-16
2.220446049250313081e-16
1.550555620185817069e-15
2.729235987813542863e+01
1.308967220636632511e+00
3.103526119805756878e+01
2.968308535794045611e+01
1.258615138293150792e+01
3.309613649179209460e+01
2.397106246854770057e-16
1.344767613962468217e-12
2.923722581064582471e+01
2.770004484833142655e+01
2.932553258187800438e+01
7.095407305617640632e-13
2.920785235038528782e+01
2.884827281416933076e+01
1.004239349839261486e+01
2.505733578054158883e+01
1.043244559640586233e-08
2.427845207422859139e-16
3.077035182439241012e+01
6.717380653163363746e+00
1.873221718190514384e-04
2.721593819763403133e+01
2.220446049250313081e-16
3.057869843784874675e+01
2.701665320599376940e+01
2.714727691572060309e+01
2.415851221643739066e+01
2.220446049250313081e-16
2.636844722577381361e+01
1.096123262853606541e-14
1.839537867485532985e+01
2.843935470048440806e+01
1.636263218556626044e-09
2.599495371941913291e+01
1.507665708138502919e-15
1.438321818351256631e+01
2.739235494742272081e+01
3.669129256802735076e-16
2.220446049250313081e-16
2.409002061696584818e+01
2.713549660575085554e+01
2.408946981022706169e+01
2.484576717885311581e+01
2.548348695894781102e+01
2.738136226661531225e+01
1.637272252162605568e+01
1.028757968042346265e-05
2.476503105790610348e+01
2.531718390907561300e+01
2.583747267425846772e+01
2.850535964789876431e+01
2.797076277905440378e+01
1.913950813362501391e+00
2.616606675941357452e+01
4.205848038075286510e+00
2.688319116491135574e+01
2.878415965163216939e+01
1.294021706073223399e+01
2.431334292524423546e+01
1.914022990397576507e+01
2.220446049250313081e-16
1.663409356381636967e-05
2.235836293842142553e+01
2.689539501069183558e+01
9.113197791602031472e+00
2.831833865222019497e+01
4.097388218673895466e+00
4.471793872663679004e+00
1.067285836006826973e-08
2.650699723197469382e+01
2.449126684572213364e+01
1.332537795221113619e+01
2.439898591165876951e+01
2.845493315473049919e-16
2.431594571848041567e-16
1.568711406249316788e-10
2.691763367481291169e+01
2.358721478050452092e+01
2.825903971639164070e+01
2.855520187555428890e+01
2.600137104688812073e+01
2.645189916957108167e+01
2.580952407102194357e+01
2.489091984300875637e+01
2.220445260426052769e+01
1.198049123131725047e+01
4.649091070951578240e-15
3.066629529326376513e+01
5.518277289250598905e+00
6.305674680844076153e-10
2.966508953399156567e+01
8.299014687245195171e-03
2.850752135351297843e-16
2.797204854206419711e+01
2.726373036850811715e+01
3.139228155393901099e-01
2.810531041883061415e-16
2.987545285420706875e+01
2.808944090991261078e+01
2.604515997650836567e+01
2.220446049250313081e-16
2.775641925401039600e+01
2.596405891534464416e+01
6.139362668326429539e-08
2.384004214315200443e+01
2.220446049250313081e-16
2.783773314297559054e+01
6.790746071853458319e-08
3.643767712005297477e-01
2.580176206092359692e+01
2.628072062195330361e+01
3.369137064107346369e+00
3.921821025712271295e-15
2.312008902861158788e+01
2.391327012986133838e+01
2.751801009546710119e+01
1.845936860085669373e+00
2.035518117795290038e+01
7.950421062349462785e-16
9.625548311337347229e+00
5.354976372731025566e-16
3.065980933942379494e+01
9.465878021235932138e+00
8.047449449945415705e-08
2.220446049250313081e-16
2.131984311162879501e-14
2.220446049250313081e-16
2.252972357725798392e-16
2.717118919944469724e+01
1.262202053069902519e+01
5.689052081164318700e-16
2.717046161866503340e+01
2.804019731244483538e+01
4.255081249815609645e+00
2.407735462969729312e+01
2.634987178451213552e+01
1.576870702489980394e-10
2.569745698428814151e+01
3.677580818035620869e+00
2.541753085894668729e+01
3.135626425514693594e+01
1.884222792660853329e+01
2.786857250553667953e+01
2.849949900996897512e+01
4.020235920078879310e+00
2.711171569265243519e+01
8.308379922154782715e-01
1.041819682825680798e-02
2.188907631432425305e+01
2.613506841890718135e+01
8.676492071498776326e+00
2.477442787667945439e-11
1.383171525920134748e+01
7.939412827474660261e+00
4.135821224417660278e-06
2.386885197346813570e+01
1.048400217092214248e+01
1.837876814660310032e+01
2.782707103100482016e+01
2.742053798467269488e+01
3.112457061386941604e+01
2.827971429847437790e+01
2.973666734988033511e+01
2.715967686486407473e+01
1.980982626607033156e-02
2.969988954109810564e+01
2.740550613950336967e+01
2.221303694547911333e-08
2.969180729041581301e+01
6.449912616532963661e+00
3.143601236519222703e-14
1.350430561247376460e+01
2.558513059160745584e+01
9.218446311761137935e+00
1.704762731182728785e+01
2.572608564603838843e+01
1.186097026188717152e+01
1.056704543745027626e-03
1.380994804980506085e+00
2.873852598438204708e+01
1.614395586240890523e+01
3.576908280724341628e-08
2.619536417761570490e+01
2.472551272677872802e+01
5.398683810082135714e+00
2.662420232067086445e+01
2.917718599354996911e+01
2.678780173412322796e+01
2.403579661791681943e+01
2.473174213312141489e+01
2.717792722559345009e+01
2.187083196493551895e+01
6.210177793839494762e-15
2.854503010836636534e+01
2.088654447438938888e+01
7.461569521740774924e+00
2.426399406507585610e+01
2.564663669251915579e+01
1.697264799394300283e+01
2.830291022483594077e+01
5.209846836310858250e-12
1.374268381179269483e+01
2.613831046435199568e+01
2.726629257631278591e+01
2.860488181887321701e+01
8.768707620169688965e+00
2.655373777822523707e+01
2.689225602947937332e+01
1.267105870191972805e+01
2.854250382473409076e+01
2.825124377604725012e+01
2.489052539022353017e+01
7.451467672268609732e+00
2.777234177138182147e+01
2.989884367809414201e+01
2.755902263291589449e+01
2.790123229996059351e+01
2.523205443170603246e+01
2.609800720314068556e+01
2.771398998693944193e+01
2.612127504257616550e+01
9.552171327597211103e+00
2.220446049250313081e-16
2.595183237516220842e+01
2.711139475625666891e-16
2.760741406453136904e+01
2.913317630387083312e+01
2.390171154087402883e+01
9.800873200922678663e+00
1.824856831024007420e+01
2.791296598799196360e+01
1.935261182086541965e+01
3.034460907686272080e+01
2.803423082732688343e+01
2.537096061257722823e+01
2.730477067291812787e+01
1.276390739199448454e+01
3.202091995926549117e+01
2.801504381562587653e+01
2.817487127881849673e+01
2.909601987408580825e+01
1.626774650219315532e+01
2.794365892452075784e+01
2.628644373443275484e+01
2.804678882741167101e+01
1.009425215837211809e+01
2.438542002515965024e+01
4.411897881344303113e-06
2.774902243104328292e+01
2.499886209879003829e+01
2.647954792998866935e+01
2.444168158166512228e+01
2.701068307459806306e+01
2.871520090598710340e+01
1.670743793932961988e-12
2.652368633049403712e+01
2.216401530263485498e+01
2.412483015817642595e+01
1.835009138686304198e+01
2.272921509154805975e+01
2.473770337647414053e+01
1.774569308188395667e+01
2.991190749462081300e+01
2.816909126275776742e+01
2.933726915980367167e+01
2.994315125458236082e+01
2.800894809125527729e+01
2.514192803575594937e+01
1.159280992218620376e+01
1.743092385485988771e+01
2.661704703141950290e+01
2.496414428649546835e+01
1.623403294964685379e-10
2.864656551288522124e+01
2.523214439957842714e+01
2.572930852763613530e+01
2.810282907348573644e+01
2.651112949685993669e+01
1.187980586724108356e+01
2.621535359197445558e+01
5.996359624685040392e-03
2.789957006352205227e+01
2.777698937244274191e+01
2.653185356179728771e+01
2.529915213934283003e+01
2.154859699821959751e+01
2.444574345143066907e+01
2.698188411433260825e+01
1.439387692354061699e+01
2.446594730096674297e+01
2.766939193688829945e+01
2.238939592701721892e+01
2.667560721073591523e+01
1.994675810850961639e+01
2.946932864533782492e+01
2.682002093136967957e+01
2.696985915630012798e+01
2.736055996901676934e+01
2.667015177368474355e+01
2.817309897151998044e+01
2.220446049250313081e-16
1.778432768247002915e+00
2.753530226623995958e+01
2.792169912172153445e+01
5.003850742562474530e+00
2.463187746480211260e+01
2.444082107580293339e+01
2.990281497332729188e+01
2.568930873590037578e+01
2.755624920815657930e+01
1.554554754264850835e+01
2.919990631484125387e+01
2.835848943510121245e+01
2.620841909012113646e+01
2.304362143772730676e+01
2.945421963632319518e+01
2.517654228685781703e+01
2.564660169460239914e+01
2.582529787267925414e+01
2.711031642627300897e+01
3.038360643206273376e-14
2.835782201489979570e+01
8.297055194190351202e+00
2.739358078536758430e-15
2.325747884982186520e+01
3.025367503388717338e+01
1.995506659271420347e+01
2.816764604164598040e+01
2.652808006815789099e+01
4.529367470521033359e-10
1.979877964336547436e+01
2.737106263163734710e+01
2.766920320034379088e+01
2.507531355474856127e+01
2.728559456032824926e+01
1.164359617424176931e-13
1.046528450613982031e+00
1.814821207882176068e+01
2.528881511556646799e+01
2.802258537312874509e+01
2.832141970277315934e+01
2.394984023086485436e+01
2.747257724510360433e+01
2.777850738049056289e+01
2.299149000502507434e+01
2.480106665849670833e+01
2.683652127977727275e+01
2.586702395481457373e+01
2.850273995326237753e+01
1.621944023901191301e+01
2.638249552501143569e+01
1.392781642566887967e+01
2.188628168900990900e+01
2.628636034545222699e+01
2.085568192285974121e+01
2.863505145216183578e+01
2.663549666298679597e+01
2.608655817036492053e+01
2.808626097478688166e+01
2.776814849849234079e+01
2.150072961361507140e+01
2.464063252031385076e+01
2.580581702657057619e+01
2.922318834893303929e+01
2.603205511446616782e+01
2.968655230714419702e+01
2.785320760227378045e+01
2.721019615874885744e+01
2.622011892869861782e+01
1.499964738105909579e+00
1.202488555950351845e+01
2.681490714966026090e+01
2.860247005428726297e+01
2.437971453516263765e+01
2.536894948832018670e+01
2.560043916032596201e+01
2.616079184078493114e+01
1.255649611943328026e+01
1.948717494056303678e+01
1.840494423930433854e+01
2.795600911299208846e+01
2.789625274040435343e+01
2.655728221082103246e+01
2.808994714648436997e+01
4.682808124146181639e-01
2.439177943593210429e+01
3.165278453131511327e+01
2.709920871820848731e+01
2.468100367565059727e+01
2.857804013730704895e+01
5.168128400946386813e-01
2.749264114933082226e+01
2.648799771192060248e+01
2.705735974553126155e+01
2.220128414541818884e+01
1.905927982268078580e+01
9.835597241564096649e+00
2.754067353996280687e+01
2.910550913050640887e+01
2.441578797857911809e+01
1.147658459825599486e+01
2.738259022930287401e+01
2.220446049250313081e-16
2.601682606765183081e+01
2.534365887387726346e+01
2.442737036315094912e+01
2.813196009046983903e+01
7.339810493256755276e-12
8.023717500248313428e+00
1.644604318418449651e+01
2.539974823395313663e+01
2.821982614969605763e+01
1.621457614746999809e+01
2.993640825722834009e+01
2.587954696577757474e+01
2.648819847570251440e+01
2.796907136715071474e+01
2.596107057166881660e+01
2.798761467197334696e+01
6.589009125157289759e+00
2.753565131156852530e+01
1.235514401400040896e+01
2.163400943023917122e+01
2.797241865205777600e+01
1.749927663246545251e+01
2.617333379448788122e+01
2.961733155436144926e+01
2.366784028536846662e+01
2.822519306026717345e+01
3.102974929590722297e+01
2.295062796191217203e+01
2.639306490310579534e+01
2.745469470397669909e+01
2.618010776051395894e+01
2.864775875538668970e+01
2.641934546901229552e+01
2.569583652758238301e+01
2.719372575275723847e+01
1.436610726416585671e+01
2.911952171798700917e+01
2.301360549359123965e-16
2.792517960515872133e+01
2.613655443912517740e+01
2.753784900086733956e+01
2.645068804325689626e+01
2.457132424494969669e+01
2.683291603014800231e+01
2.813766625094675433e+01
2.578095889457332390e+01
2.432524145502072344e+01
1.913120439620933766e+01
2.498189735886735008e+01
2.773459843448434015e+01
2.840588649288923051e+01
2.773546335262219031e+01
2.123005041840414719e+01
2.477718821382831393e+01
2.746397914804922635e+01
2.788367191896563213e+01
1.415913986422955340e+01
2.826180410826974310e+01
2.556039723062608715e+01
2.788134552478102535e+01
2.569187411835163104e+01
2.811974941873589984e+01
2.391944481799248123e+01
2.704479688211165112e+01
2.460787232288937787e+01
2.938468239700666373e+01
2.475964753495539128e+01
2.782320751108985846e+01
2.875504852202524830e+01
1.404097014498515961e+01
2.693631400998501135e+01
2.610854437680415430e+01
2.816522100539437545e+01
2.611192722563431445e+01
2.787962198249236678e+01
2.607170128151458144e+01
2.703884621367750185e+01
2.740944025995430522e+01
2.596553558755822166e+01
2.446134594955174535e+01
2.684059240483745867e+01
2.795013650485763890e+01
2.776513765121293176e+01
1.280517798835363052e+01
2.582683470314333363e+01
2.094553378276449251e+01
2.713276600727218835e+01
2.454744101721246352e+01
2.753936558572662108e+01
2.135561180806613635e+01
2.505666592982336383e+01
2.389721801907222698e+01
2.660351263955551104e+01
2.483951571899991251e+01
2.677517837479279095e+01
2.761247661809728271e+01
1.244027552198342379e+00
2.573934460367983945e+01
2.462478691919428542e+01
2.692357967540957731e+01
2.281622241572221910e+01
2.764901260997150345e+01
2.709185085090924261e+01
2.382351765591604931e+01
2.348446013034059021e+01
2.607028399325063006e+01
2.727435373008952268e+01
2.905175785267298849e+01
2.721873221599015835e+01
2.498184442654149606e+01
2.731757200201388613e+01
2.580213840222731747e+01
2.722967395589533623e+01
2.700786567877625188e+01
2.565980429412122632e+01
2.806581289884000796e+01
2.792477362649404427e+01
2.692889103603975443e+01
2.722287496446482535e+01
2.884346503429101105e+01
2.805047091273643645e+01
2.812613533119440135e+01
2.654335421151320062e+01
2.599229699979014541e+01
2.669418873684472260e+01
2.428320538066589052e+01
2.628394112989865405e+01
2.880205717571513446e+01
2.646495961994087054e+01
2.822895589071240607e+01
2.694919160169008521e+01
1.266931602634688758e+01
6.191503162649787839e+00
1.683818089709643218e+01
2.649586513980281310e+01
2.515314969907331033e+01
8.235871595868735184e+00
2.536265916502913953e+01
2.405580473236989292e+01
2.836602561436996695e+01
2.281065041535185856e+01
2.685922514825013252e+01
1.308127061827407367e+01
2.335854079416448315e+01
2.361664114987857843e+01
2.430275983006368534e+01
2.114076201805141153e+01
2.552985370871549975e+01
2.738581350978582307e+01
2.356797490267087625e+01
2.560813277460331250e+01
3.003160723734587023e+01
2.551434502899736145e+01
2.640234539636789179e+01
2.511681446361851755e+01
2.454221846346394287e+01
2.510579606707670308e+01
2.525911340982507625e+01
2.732293031291519725e+01
2.664603329422529399e+01
2.637259486525504570e+01
2.373092970522766976e+01
2.774301088972199381e+01
2.662061376456009754e+01
2.735020807830130352e+01
2.932189513028017913e+01
3.000019657260508765e+01
2.742672383130460645e+01
1.361781039907677560e+01
2.601505220378798100e+01
2.449356509342601740e+01
2.837112100045370866e+01
1.519644346150497505e+01
2.609042488986789721e+01
2.544509527022828621e+01
2.325939861067255165e+01
2.543166945780388488e+01
2.718562525494398585e+01
2.767709157386188679e+01
2.455782031721977887e+01
2.922864622814074309e+01
2.603152342166395528e+01
2.727317922611572598e+01
2.635314851529136959e+01
2.772590501272269137e+01
