2.220446049250313081e-16
2.220446049250313081e-16
2.220446049250313081e-16
2.220446049250313081e-16
2.220446049250313081e-16
1.070267302848537305e+01
2.220446049250313081e-16
2.220446049250313081e-16
2.220446049250313081e-16
4.359734763065454783e-16
3.416126085011251234e+01
2.220446049250313081e-16
2.220446049250313081e-16
2.220446049250313081e-16
1.395125908321921868e-15
2.220446049250313081e-16
5.754093121373109028e-12
2.220446049250313081e-16
4.655158390843341207e-16
2.220446049250313081e-16
2.220446049250313081e-16
2.220446049250313081e-16
2.220446049250313081e-16
2.220446049250313081e-16
1.996920263017974706e-01
2.220446049250313081e-16
2.119773593332364551e-06
2.220446049250313081e-16
3.350811514418220582e+01
1.837833517164607390e-15
2.220446049250313081e-16
2.220446049250313081e-16
2.534852832709231594e-15
2.220446049250313081e-16
3.879045442205190101e-05
2.220446049250313081e-16
2.220446049250313081e-16
1.823678924826033175e-15
2.220446049250313081e-16
2.220446049250313081e-16
2.220446049250313081e-16
2.220446049250313081e-16
1.319210548107450671e-04
1.208397550664371822e+00
2.220446049250313081e-16
2.220446049250313081e-16
1.036145256253770963e-01
7.317157904921080475e-04
1.829364294275299741e-15
2.220446049250313081e-16
2.220446049250313081e-16
8.207335058830720848e-16
2.220446049250313081e-16
2.478282327900838750e-16
3.538843235105798318e-16
1.608646723023272557e-15
2.220446049250313081e-16
2.220446049250313081e-16
2.220446049250313081e-16
2.220446049250313081e-16
2.220446049250313081e-16
2.220446049250313081e-16
2.220446049250313081e-16
2.220446049250313081e-16
2.220446049250313081e-16
2.220446049250313081e-16
2.220446049250313081e-16
2.130802247925140475e-13
2.941288344250920480e-16
2.220446049250313081e-16
3.147609167311228255e-13
2.490213332550668024e-16
1.513188976096393230e-15
2.691152919086789692e-16
2.220446049250313081e-16
2.220446049250313081e-16
1.934714404201281823e+00
4.103688829497460138e-12
2.220446049250313081e-16
2.670298496470886892e-11
2.220446049250313081e-16
2.220446049250313081e-16
2.220446049250313081e-16
2.220446049250313081e-16
2.914085426399911038e-11
2.422031228297840420e-16
2.220446049250313081e-16
2.532557932436917017e-15
2.220446049250313081e-16
2.220446049250313081e-16
2.220446049250313081e-16
2.220446049250313081e-16
3.283529146151463399e-13
2.853337154184324978e-16
2.220446049250313081e-16
2.220446049250313081e-16
1.742992327226822874e-12
2.220446049250313081e-16
2.529468515178914671e-16
1.637999032798713984e-15
5.168653143302160814e-16
2.220446049250313081e-16
2.379960230369652411e-16
2.220446049250313081e-16
2.220446049250313081e-16
2.989514586106869487e+01
1.430903539726406860e-15
4.597211037757238084e-09
2.726258481608872941e+01
1.649081098368975448e-10
2.220446049250313081e-16
2.220446049250313081e-16
4.757258783972388508e-15
2.220446049250313081e-16
1.050394835452546163e-14
2.220446049250313081e-16
2.220446049250313081e-16
3.878418387607261885e-14
1.652608090211954872e+00
2.858678600589729630e-16
2.220446049250313081e-16
2.572810182518874883e-09
2.731474310542238830e-16
5.966869003317925576e-05
2.220446049250313081e-16
2.220446049250313081e-16
2.220446049250313081e-16
7.738259149406640714e-15
4.139478071797642045e+00
2.220446049250313081e-16
3.434899682468588367e+01
1.958521471678147209e-15
2.220446049250313081e-16
1.443821117388338175e-15
2.220446049250313081e-16
3.482328325924765105e-16
2.220446049250313081e-16
5.326460651496985221e+00
2.636381832143519695e-16
2.220446049250313081e-16
6.459080292536828093e-07
3.081038586150313208e+01
2.220446049250313081e-16
6.209843026683090981e-11
1.432641792937033691e-15
1.529320065413444325e-15
1.637817824995148756e-15
2.220446049250313081e-16
5.162771195262613830e-06
2.584496823760641309e-16
2.220446049250313081e-16
3.185089290737382584e+01
1.899063530791604071e-07
1.775055063542065192e-06
1.527280655307850578e-13
2.220446049250313081e-16
2.511121802506774969e-01
2.951640854380917389e+01
3.086966138377207614e+01
2.220446049250313081e-16
9.354393115815432468e-16
3.425243575533296071e-16
2.220446049250313081e-16
2.002718171900456754e-11
8.736194410262036135e-09
5.490856276948337664e-16
2.220446049250313081e-16
2.220446049250313081e-16
2.647186794211726735e+01
2.220446049250313081e-16
2.220446049250313081e-16
2.220446049250313081e-16
3.297975714579856543e+01
2.220446049250313081e-16
1.661842426629404619e-04
2.973270926442661555e+00
2.686217960569544161e+01
2.983119369713249092e-01
1.473341475312294773e-15
2.555179104730115402e-16
4.427440634283289507e-13
2.220446049250313081e-16
8.083788797363330338e-14
2.220446049250313081e-16
2.220446049250313081e-16
1.621628153423971501e-15
3.072461529498397326e+01
2.220446049250313081e-16
1.472512980740771840e-12
2.220446049250313081e-16
4.689839745496577030e-07
2.524620760454704407e-16
2.220446049250313081e-16
1.060782980803792519e+01
2.220446049250313081e-16
1.466072476225950712e-15
3.090266740806063020e-16
8.796083379973382843e-07
5.406810391148026633e-16
1.017558981866622019e-14
2.220446049250313081e-16
1.337885917643191190e-14
2.489925247423440439e-16
2.220446049250313081e-16
2.720264005353901027e+01
2.220446049250313081e-16
5.100152456538921797e+00
5.278464897566252969e-16
2.220446049250313081e-16
1.889131028338626398e-15
1.976296047330192275e-15
2.977911308311195399e-16
2.963775307464478104e+01
1.810992342730568154e-11
2.220446049250313081e-16
3.221216551238362769e+01
4.392335231417164110e-12
2.220446049250313081e-16
6.430376353397805617e-10
2.220446049250313081e-16
2.220446049250313081e-16
5.877341066560838340e-04
1.968554716436339430e-05
2.455172664635844626e+01
2.711498068489110027e-16
2.507167789661637514e+01
3.607127627348442900e+01
2.469441648243321295e-16
2.978897271395573298e+01
1.704389827423476167e-01
1.633037212744087128e-14
2.654251525227227351e-16
2.900254487420994913e-16
2.114761478532109606e+01
1.126085297005215338e-14
2.220446049250313081e-16
5.331380397851991211e-10
2.629830521718206526e+01
3.031573658187184606e+01
3.887866525219178337e-15
2.333391825837206255e-10
3.617943384331415143e-06
2.206485969408644044e-13
2.808063968815970668e+01
2.846616015035396074e+01
6.477698071621352582e+00
4.253693480717840955e-05
2.220446049250313081e-16
2.220446049250313081e-16
3.729582800244115148e+00
2.598423851423901546e-07
4.636036607415351785e-16
1.266271850291037354e-05
2.220446049250313081e-16
3.606051187637805595e-16
2.220446049250313081e-16
7.175703740652080849e-16
2.220446049250313081e-16
4.117397935913914907e-05
2.220446049250313081e-16
4.717800124934554651e-08
2.895292974172806666e+01
1.253203622002206075e+01
3.161693107651201798e-16
2.376667702018770711e+01
2.549735232731970669e+01
4.885326536121741464e-08
2.687378017141738900e-11
2.366776459353174802e-16
2.735438554654349375e+01
2.252246414995439849e+01
1.877646909869011831e-15
9.235522434923341614e-03
3.164069958150916761e+01
1.891151093681270723e+01
3.931544546019545246e-11
2.935438311448166234e-16
1.258128437180091935e-15
1.125627820066933330e-13
3.030832323662729522e+01
2.250012071536655611e-02
3.020835560351042304e+01
2.220446049250313081e-16
1.244929726391521933e-02
1.291301227794753093e+00
2.946873425835096017e-16
5.447884738186839981e-10
2.417105648354410974e+01
1.447180859500933003e+01
1.469810673604015350e-01
1.785882510962077217e-05
1.451072138135629784e-06
3.639325394593279148e-16
8.496399750071454093e+00
3.401529759774061290e+01
2.802133052270946934e+01
5.110472329676817065e-15
4.370244578041967670e-09
2.831268338250308148e+01
6.995719604854202384e-03
3.962464882464195683e-16
2.263049340827498312e+00
2.644386791126394520e+00
7.464664815157983626e-04
2.220446049250313081e-16
5.387129071542232691e-04
2.033065532991218405e-12
8.765936675259731285e-14
2.569080433143701470e+01
1.139249761002080545e-06
2.831320332512120430e+01
2.853144288954171159e+01
2.713446495743363455e-14
4.334602270055200324e-03
2.220446049250313081e-16
3.078839560184675150e+01
2.799325450222350753e+01
2.597791323958487197e+01
2.220446049250313081e-16
2.110852155154437071e+01
2.541802085698991220e+01
2.220446049250313081e-16
4.314554218334738955e+00
2.480988122168054877e-16
2.984285258865527212e-11
2.921017505728702706e-15
1.506200409426046130e-15
1.642171234796376732e-14
1.019123048864789248e-07
7.315345714567754065e+00
2.220446049250313081e-16
2.983286368323468096e+01
4.009821776259357883e-16
2.220446049250313081e-16
2.024398501720124699e+00
2.753561434087333783e-14
1.674934672620756589e-15
4.328836597632092498e-01
2.941520560317847455e+01
2.958997064921490075e-02
2.220446049250313081e-16
2.387373070825301761e-16
3.174492762486674735e+01
2.871535281029105491e+01
2.872753818218884803e+01
2.473075876454670946e-16
2.220446049250313081e-16
2.296764171777670427e+01
2.505277781750533617e+00
4.181928461786973552e-16
8.233369999852235815e-16
2.525860641830513131e+01
4.858260640386913556e-13
5.187313954677215122e-01
7.851822611291843224e+00
1.165742499121524567e+01
2.122721281115206930e-08
9.651077180691630668e-14
2.913807964800043493e+01
2.724655531549389664e+01
2.780520702037392056e+01
1.391598699742078351e-07
1.242349810915814423e+01
1.135283863620163182e-03
1.966685131163076505e+01
1.538615163991653269e-13
9.967254872655486153e+00
5.343326257924474909e+00
1.116570581437971874e-06
6.198766433185443493e-05
2.220446049250313081e-16
2.017725631143600928e+00
9.127277205089616721e-12
2.746752944191953816e+01
2.283267815510801532e-02
2.912088746862044530e+01
3.324484425766519643e-03
2.406730624662745925e-13
1.311700270462171147e+01
2.656492037636601822e+01
2.895864109663439529e-16
2.833666927637774080e+01
1.205989051242001720e-03
2.220446049250313081e-16
5.997329397797436512e-03
2.547987746477977566e+01
2.290647245871218512e-13
1.631116544906363392e-15
1.335707630397361678e-01
1.087201121938867182e-12
4.809044211194048124e+00
2.630601819898149785e+01
8.849360159141975439e-05
2.798992663829753703e-15
2.965352530404332524e-15
2.616260624701919824e+01
2.443272364460960588e+01
2.822374585017325543e+01
2.911029851516074984e+01
2.847261831058799686e+01
1.597774150766830559e+01
2.200237404146968956e+01
2.932064664435905144e+01
2.899884921739228716e+01
1.931355487794659939e-08
2.738154045776866141e+01
2.732054753361350308e+01
3.037205780144592282e+01
5.576964602483330813e-01
1.766966189669255272e+01
2.913101266846816984e+01
2.240714386708673113e-13
2.220446049250313081e-16
2.944292495302738644e+01
1.082223661697591410e+01
2.754553583104647885e+01
2.886098040568798950e+01
2.652822680613076756e+01
2.863168406077228667e+01
2.714253132042242456e+01
6.192787277428561992e-14
2.598178019951570761e+01
1.002410081305503964e-01
2.823543874245365259e+01
2.451038012488430673e-01
7.528729515046597154e-01
2.788363172324359951e+01
2.965006306848469109e+01
2.220446049250313081e-16
8.248084004906894862e+00
2.764503491040717975e+01
7.338127189362440064e-09
3.439782191814774737e-01
1.594322829699813383e-14
3.573363162662225867e-01
2.655606442816800339e+01
2.220446049250313081e-16
5.198697062370492821e-09
2.709369551387785791e+01
2.237239222256385318e+01
2.975081762888743846e-16
3.001232637094538193e-16
2.809839379218880140e+01
3.047986272757461634e+01
6.619683572944153660e+00
9.888653472195972682e+00
1.759292746216023294e-07
6.660140391290252527e-04
1.454943871255067300e+01
2.591868903484941455e+01
4.912604017688100605e-06
2.220446049250313081e-16
6.760102062056663526e-14
7.101197408145025739e-14
2.407390206039066172e+01
2.799009598903599283e+01
2.655566228523140637e+01
2.961454795373605009e+01
3.221929109755759413e+01
9.094866414713630220e+00
2.220446049250313081e-16
2.855873544045661916e+01
2.322345603937232106e+00
1.264677333171797180e+01
2.728958522736392922e+01
1.838276117020254219e+01
2.606092853642686435e+01
2.492413109661192649e+01
1.228984992843083173e-14
2.832720171213378180e+01
3.721413261010849779e-16
2.053707806248594991e+01
1.752966783307348919e+01
9.110302935127910118e+00
2.729700466631322442e+01
2.603191682038507082e+01
2.918875410410853632e+01
1.548626770922348506e+01
8.213595291736192072e-02
3.190530475823587153e+01
2.690853507378520604e+01
1.437093515244876230e+01
1.462598511399880706e-14
1.164376044182797898e+01
2.624081596176739220e-16
2.034176800601794710e+01
1.395517977012494427e-15
2.942795510768291223e+01
2.220446049250313081e-16
2.452236524272460727e+01
2.490691980083639123e+01
7.717683833974695896e-15
2.220446049250313081e-16
3.059341176773696347e+01
2.944020744462895323e+01
2.538830738940384535e+01
2.629421942950479618e+01
3.830316818429593202e-07
1.513090887185221641e-07
2.930634801311066084e+01
3.041735169706908604e+00
2.246650639762520640e+01
2.819947427372933291e+01
2.979355945246652482e+01
2.258392076010856897e+01
2.954177177571477486e+01
2.515168849179392652e+01
2.828413685494667718e+01
3.085728318364982419e-04
2.676941038531646555e+01
8.711262991880182938e+00
2.678647247333305259e+01
2.803114026254045754e+01
2.617137381901431131e-05
8.780730316875926162e-16
2.786731748700154654e+01
4.034464279830650146e-01
2.750483550005388977e+01
2.840044324537565856e+01
2.977460569446617100e+01
1.778590167446995096e+01
2.657889541339813633e+01
2.457092881871734491e+01
1.803016606737772065e+01
6.175883391707339548e-02
4.392822848311159771e-15
2.041505306927960817e+01
3.076303743481765807e+01
1.083859434443980834e-10
2.155729224922460574e+01
7.853805808696835200e+00
2.910132316578033063e+00
2.358615131576148016e+01
2.406981396967592346e+01
7.887134478915704960e-01
2.962254905953252049e+01
6.842117149919721053e-11
2.926948403250701602e+01
1.370129792730992110e-04
2.537113220563991689e+01
2.862230886634682747e+01
1.305420872356694240e+00
2.846462630325691736e-05
2.849327521435673916e+01
2.989596556779794412e+01
2.548484419338818796e+01
2.658511142765559043e+01
2.436899822780292979e+01
4.755759268942681750e+00
1.394108336651325680e-15
2.568106575175087869e+01
2.493271132187617667e+01
9.611950172535779657e+00
6.659978009026107371e-01
4.287790374302894447e-01
2.568944826685779859e+01
1.050575776376621739e+01
2.618736288703504655e+01
2.878172166790613673e+01
2.515879983073520165e+01
2.454031228352577543e+01
1.329017598721807936e+01
2.956729955866710213e+01
1.932279873189390429e+00
1.722322427695475833e+00
2.515714861470591046e+01
2.199005334420825264e+01
2.707745689282056745e+01
2.855008210240706390e+01
1.350208330714822016e-05
2.474330339470187567e+01
2.867304003926818368e+01
1.840787715910726206e-15
3.013618987509903491e+01
1.146460775919003794e+01
2.018399391355229255e+01
2.280441602216181707e+01
2.716021278578121922e+01
1.574357336749179408e-06
1.590016443807749269e+01
2.993748811350536343e+01
1.351014951794275731e+01
7.218176574004951836e-04
1.803077921942581696e+01
3.138844799910763150e+00
2.040821972556170483e+00
2.966005127271970920e+01
2.546897253178207521e+01
2.754477548007099585e+01
1.041556374356215997e+01
2.987477412482157391e+01
6.225079855642186466e+00
2.816356875873763599e+01
2.762249306157188400e+01
2.929001782012819888e+01
2.670065306794499804e+01
2.594598892340819063e+01
2.758028515882591591e+01
7.835887229951834065e+00
1.224892676846778976e-14
2.737075056713774401e+01
2.717746427297935696e+01
1.027890824421457176e-15
2.395077267986130565e+01
1.978575395877379961e+01
2.554477299182925165e+01
2.607101200528104101e+01
2.728027221375575451e+01
2.624440977558150223e+01
3.141009074194635176e+01
2.967386469461268916e+01
2.549072905455956217e+01
2.640164125182110766e+01
2.672405126656531493e+01
1.997374041844543058e+01
8.294965566797673814e-06
1.854000958414410860e+01
2.825869896212323340e+01
3.514282958852779842e-16
5.458686287109549897e-08
1.455659293318741554e+01
2.616964161162340119e+01
2.917821938128482628e+01
1.510244372442059202e+01
1.293771146249302184e+01
2.774985057975773728e+01
2.782080088566925724e+01
1.239861257859590449e+00
2.734578196933019356e+01
2.220850847586365025e-11
2.570821017922443019e+01
2.587220436450251526e+01
2.738628485623209130e+01
5.480981906606236187e+00
7.221600086765496584e+00
2.562793911224216359e+01
2.563491091341133910e+01
1.012617955427519862e-14
7.977788440411121229e+00
2.362010862913836462e+01
2.717225260323057512e+01
2.178354827165064123e+01
1.956310360536437187e+01
3.000557282798730034e-13
2.786339260373138060e+01
8.961095415560748734e+00
2.684943857555222380e+01
1.065304074020761504e+01
2.939384605539806117e+01
2.803331053052791688e+01
2.626962943088960145e+01
7.136652733547824923e+00
7.879739977811609059e-16
2.220446049250313081e-16
2.969694506891272567e+01
2.745319875178105207e+01
2.559572263858108343e+01
9.089696831709728642e+00
1.015510551483546564e+01
2.900049143046547329e+01
1.270591486264514813e+01
6.455154677853400802e-01
2.649433036714058787e+01
2.480674871709567242e+01
2.861850017093639309e+01
1.086590173005500048e+01
2.770476418616819458e+01
8.482283323249305340e+00
1.046837786399311554e+01
8.333201283551193939e+00
2.360103349178734433e+01
2.912492312882212886e+00
3.070326205657754670e+01
2.616345713818548546e+01
2.764381502071906382e+01
2.672703771400893302e+01
2.220446049250313081e-16
2.729662937450456894e+01
2.348374812401957712e+01
2.722629423382207037e+01
2.637962656541721174e+01
2.659809939339263352e+01
2.714569411793745246e+01
2.912708579595865643e+01
1.672699019553273270e-07
2.739351951053162182e+01
2.560587408509294249e+01
2.578881237662174897e+01
2.484781785553505173e+01
9.009983870055542354e+00
2.786525337003415359e+01
2.682034230159514721e+01
2.912094309261242131e+01
2.937266748203246536e+01
2.721726604589397880e+01
2.755356670405928909e+01
1.149274843963049264e+01
2.652085873865131660e+01
2.790823812032508400e+01
3.066637859600555061e+01
2.233743995626447812e-16
2.360279416961612498e+01
2.220446049250313081e-16
2.412060953809636743e+01
2.954345029861623217e+01
2.537338259806205443e+01
2.591527282742810812e+01
1.534294441406467335e+01
2.598882728378906393e+01
2.651071463005252937e+01
1.260611110153726422e+01
2.725754581319452186e+01
2.574817017335445613e+01
2.548250400204754484e+01
2.762423587401514169e+01
2.627456322292860236e+01
2.964568887174375433e+01
2.370563432798063630e+01
2.776061932438859614e+01
7.154423793285600436e-03
2.371607991164515994e+01
2.660506737086894447e+01
2.661244464194327008e+01
2.542225538422102460e+01
2.496263483351306078e+01
2.662815163913101202e+01
2.856369740462519857e+01
2.719994424143467526e+01
2.536879083075542241e+01
2.767486406831184453e+01
2.670394724713608170e+01
2.666359901455636106e+01
8.007352189254895336e+00
2.753940203163242728e+01
2.592081470789233322e+01
6.732591929378706652e+00
2.537981652393618859e+01
2.589041786284644431e+01
2.882996058365318959e+01
2.045957668353726418e-14
2.690820389565299209e+01
2.888674217990530835e+01
1.189468052114217755e+01
2.679439314187019860e+01
1.293176181885712772e+01
3.036780178872459857e+01
3.073956648822654358e+01
2.427178849985701348e+01
5.715924422475347694e-16
2.689046052659824326e+01
3.013831000874433386e+01
2.318012113977260569e+01
2.619097559850964529e+01
2.285987091043120145e+01
2.416981235545126694e+01
2.111453253830976706e+01
1.186352504839516619e+01
2.687709520694973975e+01
2.620564248820472386e+01
2.646623840715471232e+01
2.870312449610556627e+01
2.319074435759053898e+01
2.497716483581209701e+01
2.733872956112704244e+01
2.751422238825272970e+01
1.181896890210687623e+01
2.800283557652771194e+01
2.510650610360374912e+01
2.054681693641046536e+01
2.802896013649239748e+01
2.591917971541723986e+01
2.677143992313074605e+01
2.600386378962319256e+01
1.320282878808944638e+01
2.869019388028341311e+01
2.715920070736139991e+01
2.676204463976825210e+01
2.797220610726257561e+01
2.516127664550026211e+01
2.842171576492538065e+01
1.128850274809805931e+01
2.622437002909819626e+01
2.976439061808856223e+01
2.508231795295208855e+01
2.764618437996553624e+01
2.323178611285565509e+01
2.908205368005187097e+01
2.445703771162018825e+01
2.523394644135704468e+01
2.484733212684968606e+01
2.650836450784769127e+01
2.570453256481472337e+01
2.441931257098414676e+01
1.703697297225255625e+01
2.268011680596196200e+01
2.944523980099315352e+01
9.238020954903623405e+00
2.593584757150387077e+01
2.728377208758754691e+01
2.636952760103016757e+01
2.489279607339372191e+01
2.800511478666547305e+01
2.578732171964218267e+01
1.578679196927275186e+01
2.810103057227995649e+01
2.744871479939417469e+01
2.436606962188637837e+01
2.617198831408632387e+01
6.421989273005020843e-04
2.681729745657609243e+01
2.481734588609662850e+01
2.549002764788205155e+01
4.539632834265736050e-01
2.613681558478150535e+01
2.480345127635084168e+01
1.906070729269903907e+01
2.468705774101857742e+01
2.413039303790635159e+01
2.641015042818521508e+01
2.600048427996282996e+01
2.852742176292428056e+01
2.690336697410581124e+01
2.448160891572816666e+01
2.232574734437205066e+01
2.655622882322607836e+01
2.960273631181578580e+01
2.703529084015682926e+01
2.681301249568751999e+01
2.546115182655216813e+01
4.527046176022173185e+00
2.475443143809977897e+01
2.575988163831870636e+01
2.562706019854903516e+01
2.829893012371476502e+01
2.172858480561408712e+01
2.776908240130145700e+01
2.763556704114743923e+01
2.583688529741565887e+01
2.596911029067003085e+01
2.688475902362441872e+01
2.444012133736762493e+01
2.825690951496530063e-03
2.471375445400555293e+01
2.566504769729212398e+01
2.591021729025079878e+01
2.813904604560420353e+01
2.669577734496711585e+01
1.378998663269570457e+01
2.816146154122922596e+01
2.700952066428179776e+01
2.776954576758096849e+01
1.437394597825255715e+01
2.518906286548287454e+01
2.479378353814018965e+01
2.713325324262558169e+01
2.687705810018831798e+01
2.643079943717253499e+01
2.579931104212154480e+01
2.589984940319322959e+01
3.046570899547439726e-16
2.881674053492951160e+01
2.559303452539991497e+01
2.879754367572748563e+01
2.842225327832968773e+01
2.496285716566423574e+01
2.580770715034994467e+01
2.812155651200021111e+01
2.082745109548604034e+01
2.414284248891928542e+01
2.442178600634030161e+01
2.926561596798846310e+01
2.984050486497115529e+01
2.589235255385286649e+01
3.025644365914795841e+01
2.674414840761684431e+01
2.692294207437233666e+01
2.525426491539117535e+01
2.663839506808582769e+01
2.722287999316007756e+01
2.404354060796642756e+01
2.655199898303742145e+01
2.855999352730249896e+01
2.646004138565288599e+01
2.479199034676839020e+01
2.697687233639845417e+01
2.535616950063318598e+01
2.742866858523548501e+01
2.946114749581595049e+01
2.746968028939819462e+01
2.157475624306585971e+01
2.548303387308322243e+01
1.327780987411821804e-05
2.692588047319964417e+01
2.506946179300858546e+01
1.376021211995002957e+01
2.353724171065601567e+01
1.137934010229586868e+01
2.366097654552076079e+01
2.723877623681704563e+01
2.583365054619681800e+01
2.668953363063454276e+01
2.515132006480346050e+01
2.613162589039310291e+01
2.824148168372474998e+01
1.578319244320021930e+01
2.595354482702105514e+01
2.490328091948978084e+01
2.672018178788999876e+01
1.838594282117927037e+01
2.626292935998537104e+01
2.456284029383246903e+01
2.809043968538978930e+01
2.692169949859803779e+01
2.475886255963854055e+01
2.768478241663448003e+01
2.740096565536936168e+01
2.624818047594391501e+01
2.412906692412082066e+01
2.493638656587123137e+01
2.454001242440250863e+01
2.603100406487697072e+01
1.705900509493964989e+01
2.444776003557313970e+01
2.720066727144568119e+01
2.737829868737883743e+01
2.563991390737390574e+01
2.654120330049781629e+01
2.838683838620607247e+01
1.245847290835726540e+01
2.462996598014795424e+01
1.865474676632538120e+01
2.523649382065767455e+01
2.591096887994861575e+01
2.527969704082252989e+01
2.585182120095425518e+01
2.836342234099855020e+01
1.338667754541747001e+01
2.285938315738836835e+01
2.142372872550680540e+01
2.819936904519900622e+01
2.059100972439866339e+01
2.583912106352984139e+01
1.230126574751301938e+01
2.566502629269494662e+01
2.540351646406638508e+01
2.373463998049761514e+01
2.700979221215692050e+01
1.635371682982295383e+01
2.496750111152430662e+01
2.632638299363802403e+01
2.700827574297337819e+01
2.687219987835031176e+01
1.990039749984648765e+01
2.498565493836199991e+01
2.758427829156716271e+01
1.185002020566888525e+01
2.915091313900206060e+01
2.702225168300878622e+01
2.568537932252569789e+01
1.301009744492503728e+00
2.895867312660711690e+01
2.563449831967751535e+01
2.785611136519943543e+01
2.429480713788159107e+01
2.879747440693824601e+01
2.584898066560040775e+01
2.450503033936846720e+01
2.939657726745564759e+01
2.955673900479219540e+01
2.535646782746944794e+01
2.673639171674729553e+01
2.717538514930635429e+01
2.624651518969764652e+01
1.388272733004763282e+01
2.422843491005726335e+01
2.780299422012120658e+01
2.650392910609541985e+01
2.658186563387665302e+01
2.517285035594076703e+01
2.588996062730646486e+01
2.356038456941056936e+01
1.403163606053739798e+01
2.515462999958890222e+01
2.339639293693109323e+01
2.613936088000560432e+01
2.606956892650321578e+01
2.624216036504406091e+01
2.706902335763872358e+01
2.779015676436443982e+01
2.500171941123578634e+01
2.760208913683744925e+01
2.484109568107745503e+01
1.865863914186703454e+01
2.402107045893244575e+01
2.544585485891236232e+01
2.736646338898358621e+01
2.543443620784519510e+01
2.939547333564631515e+01
2.507665874390891503e+01
2.889861657233392833e+01
2.832349679734009129e+01
