1.873898545235059032e+01
3.435549404387806760e+01
5.367286556922426101e-11
1.619118246095434546e-12
4.513941417570353851e-16
2.220446049250313081e-16
4.141499153891928842e+01
2.220446049250313081e-16
2.220446049250313081e-16
1.025446852093408293e-14
1.550876917373930000e-15
3.509129138020759866e-15
5.903711775842244255e-13
3.192791499837368718e+01
2.220446049250313081e-16
6.621631843211381430e+00
2.220446049250313081e-16
1.622915342234704699e-15
2.220446049250313081e-16
3.428561295746951032e+01
3.966520181493271480e+01
2.220446049250313081e-16
2.951800869182261167e+01
1.003889519176176570e+01
2.597357602580875601e-16
2.220446049250313081e-16
2.220446049250313081e-16
3.443387361654650647e+01
2.220446049250313081e-16
9.363957736342258531e-02
2.220446049250313081e-16
1.099852355290257359e-13
1.809742875322854315e-14
1.426266429374540223e+01
8.227528404997347167e+00
1.189748430683200030e-15
3.101439683669991965e+01
2.802774125305599914e-16
1.149114453535818425e+00
2.220446049250313081e-16
1.453506476445414917e-15
2.724059309313167267e-16
4.023941230361711895e-14
2.220446049250313081e-16
3.133238642511199656e-01
2.565091439373338139e-16
2.220446049250313081e-16
2.463440277271758835e-08
2.220446049250313081e-16
4.623161101213738004e-15
3.402344502971546003e-01
3.981496748134396313e+01
5.115406555718878812e-01
2.220446049250313081e-16
2.220446049250313081e-16
3.661559546279733013e+01
3.076400595886640943e+01
3.961702565099426950e-07
1.031692881104089376e-05
1.912367095686939322e+01
5.638002571762417536e-14
9.166318115645805479e-15
7.794535181719821487e-03
2.220446049250313081e-16
1.465383374799544806e-07
4.808387506350460785e-10
3.766055703634587104e+01
9.708398143759035891e-16
1.184839431626617093e-11
3.024547891653981679e+01
3.987510435315866175e+01
2.220446049250313081e-16
1.421128536312786567e-08
1.433936290479947695e-01
3.938893578304593746e+01
5.995233149329293913e-16
1.958644851868223861e-13
3.940839017328886484e+01
1.815045231330984839e-12
6.605026957089646267e+00
8.611421007176556230e+00
4.186941134236605452e-12
8.804604020397875601e-16
2.410642299886011069e-12
3.874537354899364061e+01
1.829947409972535688e+00
2.220446049250313081e-16
3.902495044712764383e+01
3.455794923618009307e+01
1.199748748390325742e-14
3.436208839595627040e+01
2.706270579246430092e-12
2.220446049250313081e-16
3.374646971306733434e+01
3.151074291619179386e-13
3.143626221557665570e-16
3.786875459900882390e+01
1.083229889795747811e-15
2.220446049250313081e-16
3.118094214527418267e-09
3.828452538876744882e+01
2.930370149474138352e-12
6.172437882318373426e+00
3.285446326338200113e-16
8.936307791998421735e+00
2.777305831901784927e+01
3.743971792809506383e+01
3.836423067769228368e+01
1.629774515429608078e-14
1.086341229812028297e+00
2.794213070967170231e-16
2.924350233605233740e+01
2.220446049250313081e-16
1.312621349184707498e+01
3.431181858764914239e+01
3.820951723056980143e+01
3.439871931953526740e+01
3.683085181821024179e+01
1.234838625003719100e-14
2.516301906880704132e-14
2.220446049250313081e-16
2.220446049250313081e-16
4.241390851159441059e-16
2.632461493332220479e-14
3.121382657826198780e-16
3.326743791424166786e-16
4.269263004151727503e-14
3.649509840190643928e+01
3.582617882631150508e+01
2.220446049250313081e-16
1.258023815708931675e-05
3.825321376605693047e+01
4.120533503210340598e+01
2.685027002592847563e-16
1.782260470939311321e-14
6.990493974969045054e-13
3.371192383959567431e-16
1.178717263142798390e-14
3.878418206489924813e+01
4.021280116950234884e+01
3.815053922419743060e+01
1.633919747524474837e-12
2.608480271783336235e+01
2.118184071923674239e+01
2.220446049250313081e-16
2.639669558026433549e+01
6.561224309341887384e+00
6.045721218892644799e+00
2.831680442407730799e-16
2.579875673937456976e-04
3.900504736782973936e+01
2.220446049250313081e-16
2.632774345534079075e+00
3.737409970845805418e+01
1.088933046095574288e-05
9.788152074518566430e-06
3.824453730173397759e+01
3.644104906344388439e+01
1.516903865019851594e+01
1.522777627156471108e-12
3.823923864216944679e+01
3.232947774137217323e+01
4.330511404143296689e-02
1.385937586380202546e+01
3.277044913289186923e+01
3.808597415491409777e+01
2.164080362740031346e-11
3.650581616175711730e+01
1.400505584345521903e+01
2.220446049250313081e-16
4.054486320961203205e+01
3.865733339221040410e+01
3.472492619923188784e+01
1.180320284462957936e+01
3.867042514370169215e+01
3.256765557687414514e+01
3.078949669251468890e+01
3.642564738872177799e+01
1.652762229054648146e-02
1.530611356043340520e-15
4.300079383704738718e-04
1.269918064367345245e+01
1.943166137574678375e-12
1.146932310370768201e-08
9.496800165613494272e-13
4.115866859060056446e-07
1.494144213935316223e+01
3.534590867482626919e+01
2.580040961776971545e-16
3.649305814970234252e+01
3.566071269389909304e+01
3.561080536598097268e+01
7.083761747134146006e-09
3.618881122032131969e+01
4.112203822421989940e+01
3.719749348052960869e+01
8.548393040817362509e-01
5.591197253993863991e-08
1.721013114631005791e+01
2.654628226358649101e+01
2.236052773385069870e+01
2.440901189635673728e-15
2.220446049250313081e-16
1.192603176394632978e-13
7.067677818167260957e-05
3.606062497009128975e+01
8.263162113880235971e-15
3.946330738610379996e+01
3.882993130585066530e-12
4.737133309755407484e-16
5.099475113457480040e-14
3.855988506106794489e+01
3.500310261934944833e+01
1.538728439427588185e-11
3.458441337832090312e+01
2.707157761938786678e+01
7.970126750668802414e-13
1.783604821543025932e-03
4.231575009405744936e+01
4.677105000820859004e+00
3.288802013740325947e+01
1.789433431387144737e-09
3.811962206550490606e+01
3.680169450560280353e+01
2.220446049250313081e-16
8.833619773629611145e-16
1.980120263173596840e+01
3.633913678274286241e+01
3.543400286772453711e+01
9.336681449211973224e-05
3.637835437947464357e+01
3.802022037905722129e+01
2.655518053689394014e-09
2.807941403412756642e+01
5.433089502835626241e-05
5.478991468606967311e-10
8.190554655208092997e-14
3.785079567823535029e+01
3.529691271225625115e+01
5.116219885385151045e+00
8.249525611972595485e+00
3.957268802157956600e+01
4.199382141426160331e+01
3.733846689065660485e+01
1.345927145144156611e+01
1.858033626039772557e+01
1.446689959666416492e+01
2.220446049250313081e-16
3.516168252587599685e+00
3.983436099208100245e+01
1.595656447737629158e+01
4.053806635052199425e+01
3.528109905376690136e+01
1.085524122928597679e+00
1.885753620757876448e+01
3.585099805375805460e+01
3.012849629219373782e+01
2.881425720959460010e-16
3.922104573334808464e+01
2.605979437087342276e+01
2.234031388895223792e-12
1.423470607459733905e+01
5.129436478238823681e-16
3.795782557691132553e+01
3.672716451593365150e+01
1.367762225380278608e-13
3.404881609685298116e+01
3.475522600116521943e+01
1.751483038143597071e+01
7.455180617064555371e+00
5.693387097292785803e+00
3.730905204918223461e+01
1.809551595198831814e-11
1.364351427646331949e+01
1.448715975874133655e+01
3.733432127736202233e+01
2.536465002504411714e+01
4.012525045224441556e+01
3.628592608758179949e+01
3.431309969540273386e+01
3.501907384536621493e+01
3.650285365550155348e+01
3.291777521032566511e+01
6.228208342109547324e+00
3.471254980323446659e+01
1.722047709899734266e-15
4.839929094432416850e-15
3.901361328229472747e+01
5.217689710583961471e-02
1.331855960092396540e-01
5.425553150794772985e-13
3.920889382106272336e+01
3.618083079568688021e+01
1.409491840463468427e-04
2.111768329798752809e-15
3.654121423490359888e+01
2.220446049250313081e-16
3.630982889677734704e+01
3.475774037934910154e+01
3.011139565629742387e-01
3.397106646887338144e+01
2.689286909546882853e+01
3.690422475587874374e+01
1.154213038936155122e+01
2.160203793969803598e+01
2.048415514571913576e+01
3.820104567099327948e-04
3.640329392933998065e+01
3.702231744186628504e+01
3.531792186634011443e+01
3.857202812633764921e+01
3.710295461167552844e+01
7.264035121871914557e-15
2.220446049250313081e-16
6.239461105014610709e+00
3.982264482603111588e+01
3.407059002705400985e+01
1.449087287213181030e-01
2.332139926453162017e-03
2.502660960952867719e-01
1.657645268926522669e-02
3.575836989656168896e+01
7.529573181082412914e-01
2.281749034831913562e-11
3.700381456939688007e+01
2.583485288377759037e+00
1.566203084973956328e+00
3.804349153418981189e+01
2.599730101493455967e-04
3.954361388877519536e-16
1.543553286974466587e+01
1.947869579225693570e+01
3.051241837055401973e+01
3.720444196624742972e+01
4.720067681405855531e+00
4.365773894018506023e-08
1.378280808973499807e-08
3.656602902983803460e+01
3.398943452135766883e-16
4.785746568804748691e+00
8.288707176806908246e-15
2.116025039601756585e+00
1.086242042227309312e+01
3.082683012987377280e-15
1.009435644244019375e-14
9.380895875029879734e-06
4.183330353925363651e-09
1.318037913530470950e-01
3.834958883869728652e+01
2.451004748589642546e+01
3.397341673180680134e-10
3.650968421667104025e+01
4.146186582633467786e-04
2.811802099036975022e+01
5.198464789013675438e-03
3.863091561629348547e+01
3.118714091366831909e+01
3.577602036090666360e+01
8.430259540846940210e-05
9.555749422111269320e-01
4.653848036542305881e-11
3.768984346900208493e+01
2.596013630961031282e+01
3.556594543028483457e+01
3.948660608587336185e+01
1.265719959589121224e+01
2.220446049250313081e-16
2.380536411157282929e-14
3.331661904295295784e+01
3.910880777668013053e+01
1.663426350524995811e+01
1.651800592012986257e+01
2.511827764865699919e+01
3.191697595312829261e+00
1.185349031126253956e-02
1.115889196274129080e+00
2.220446049250313081e-16
3.768667581828545821e+01
3.037373130184280967e+01
3.693929411969789101e+01
2.220446049250313081e-16
3.142625655238763827e+01
2.091240820763632158e+00
5.045637416555590870e-11
3.564425081569315523e+01
2.983414899885357845e-14
3.608821915345984621e+01
3.637509311063169548e+01
4.051436779074267491e+01
4.163965487596885140e+01
3.397811340494821764e+01
3.767037950267297930e+01
1.324019511444287317e-10
4.276124417947660438e-13
3.506896731730141425e+01
3.855065818933002437e-08
2.005498374588878008e+01
3.653118313851524590e+01
2.677784163587784696e-16
2.670376075760341550e+01
8.242262644704431747e-10
3.223281241419253718e+01
3.805596508001154010e+00
3.922901211660662916e-08
9.635755363141257912e-09
3.372560817668801292e+01
1.752177012295442893e+01
3.594133408242124972e+01
1.970975190366212360e+01
3.762659340739823932e+01
2.214533908285611119e+01
3.514086767847503268e+01
3.650514342299786819e+01
3.420286216813189384e+01
2.952770008000454283e+01
4.002720223101947994e+01
3.555402463237653166e+01
3.434932055709286658e+01
3.820826314585010408e+01
3.874761526895470354e+01
2.139176357840683806e+01
3.220415092328856588e+01
1.273193846475995272e+01
3.586221291325482952e+01
9.991547462956969217e-02
3.421777111380153258e+01
3.419491394650638938e+01
3.625977218528127111e+01
1.827989506570258271e+01
1.681645988457179914e-15
3.712083103768180337e+01
3.602592908592460219e+01
2.942329794343669036e+01
2.220446049250313081e-16
1.677169495359536810e+01
2.072450518592970781e+01
3.557070091340665385e+01
3.873534689962693278e+01
6.943059846278300640e+00
4.082690352695917824e+01
3.806301156454495782e+01
2.368316104630284968e+01
2.771300109897520958e-01
3.839262479570833619e+01
3.696985397370055892e+01
5.130261677758604015e-05
2.258068823069865616e-01
4.121003789609931768e-15
3.106266395154004556e+01
3.501278650576195162e+01
2.062207634522989252e+01
3.713019676557344440e+01
3.661716295058946002e+01
1.346071897671892081e+01
2.390312061628657858e+01
3.573117744492979142e+01
4.163297208200050115e+00
1.116082729400852003e+01
3.536328821890692353e+01
3.667979844495781805e+01
3.557550456051279753e+01
4.034661181845768851e+01
3.487973993933426442e+01
4.054823596702536292e+01
3.799920082753307327e+01
2.804231095319759462e-02
3.655026609466190024e+01
1.684363160459941611e+01
3.551783769385466627e+01
5.315693975377985131e-02
3.732094105867261646e+01
9.943722442619018031e-14
3.573589594674979963e+01
1.414135125320490793e+00
3.703727784179951499e+01
3.517490112611825737e+01
3.631003356784959379e+01
3.721314238433858890e+01
3.671199214915380793e+01
2.793089679677158088e+01
3.871096496413704102e+01
3.618488223218217570e+01
1.068032411553155292e+01
3.650373181150830959e+01
3.737161998261687046e+01
1.522800885354254363e-06
3.547294091183469078e+01
3.555559106092037069e+01
2.256001550013130341e+01
3.105885366788833934e+01
2.948031624862388611e+01
1.822097275829616086e-15
2.981837948362810923e-16
3.534102739208030641e+01
1.874683035675766263e+01
3.825373028945467269e+01
3.623738631471454141e+01
2.349231451173442764e+01
3.464737691699641431e+01
5.547262570311372265e+00
1.999110504706901636e+01
3.236655706051426762e+01
2.697853532938562893e+01
3.456360485034331731e+01
3.391898305184713536e+01
9.376271376056923401e+00
3.728901715556257557e+01
3.215853898165145353e+01
3.738664457761812798e+01
3.548874929743237772e+01
3.645446977170833947e+01
5.644829756143037586e-02
3.600847266336649710e+01
1.183847605150086046e+01
3.774718220228550791e+01
3.716932280247525000e+01
4.882088014452239833e+00
3.669376094437664193e+01
3.776753306238115471e+01
3.400691329267665708e+01
1.235593477458186484e+01
3.927909241749478753e+01
2.409606859846580176e-14
3.238733784617288336e+01
3.274943967358606045e+01
3.831231426279570229e+01
2.459292388478517832e+00
3.467091398615714581e+01
9.430532990960140083e+00
2.220446049250313081e-16
8.932007431577559942e+00
2.099099032817943211e+01
3.709580506574297232e+01
1.613103075412312037e+01
3.616944319037303757e+01
3.420102020820102950e+01
3.699787065129534369e+01
4.184651904486684516e-09
3.254543693996934195e+01
1.192731212518014594e+01
3.640446764203838370e+01
3.635399655910400440e+01
1.331073004186900111e+00
3.736064467700239078e+01
3.955078370425468393e+01
3.556096539185134020e+01
2.113880693119541121e+01
3.929520811768509247e+01
3.719517893948738418e+01
3.324512772402708587e-03
3.642042456193485833e+01
2.958107372791512901e+01
3.927337263967073255e+01
3.694717979982489453e+01
2.884084215521577477e+01
1.056953351549024944e+01
3.454148376249978725e+01
3.799745690294133027e+01
3.343959262093223117e+01
1.412536344774035176e-13
3.733525628591812762e+01
1.388584400121273532e+01
3.321771632349006609e+01
3.787484237917676211e+01
3.479135521860566627e+01
2.853942211883522262e+01
3.770326321834483707e+01
2.989704186723670887e+01
3.944964636789215007e+01
3.765027298693706825e+01
3.238529132187049697e+01
2.876493459900092375e+01
1.546204479351488459e+01
1.361998461118520543e-11
3.506248905523327863e+01
3.816554859181369608e+01
3.970677150115987075e+01
3.466617026957344194e+01
1.373124434492758702e-03
3.782093815040308726e+01
3.938220208956327895e+01
1.385143981397785318e+01
6.535844689692928144e-02
3.625875311365790310e+01
3.691411171011208125e+01
3.451193843801026873e+01
3.132959041970502412e+01
3.481350466484794737e+01
3.720194831733889629e+01
7.488069113433158891e-04
3.790896084103613362e+01
1.239775860246091987e+01
3.715900592158458693e+01
3.562352400496935445e+01
3.880924550887801416e+01
3.780814884067290649e+01
1.308259752292794786e+01
3.314749729623547125e+01
2.970659095768430547e+01
3.740956694628402346e+01
1.045089927929137019e+01
3.452267479496062208e+01
6.749293752506585475e-02
9.523444566122435005e-04
3.683471054178208703e+01
3.687418700529562443e+01
8.771148383368229773e+00
1.477174589812841273e-14
3.425404376418317298e+01
4.051169458112345012e+01
9.964346253525740625e-15
1.229934907924615572e+01
4.043817579634035653e+00
2.117438647717582256e+01
3.351978726209559767e+01
3.762352643812339892e+01
1.467498405461846819e-13
1.930372069926252721e+01
3.297688908524681750e+01
6.750426112816800851e-15
3.881564151923760164e+01
1.213172625470975818e+00
3.534813236622758126e+01
1.822029210352144091e+01
1.992425351356000007e+01
3.671085855105940254e+01
4.553498285922510380e-01
4.572019177964682895e-04
3.489027264249274651e+01
1.124204112807241884e+01
3.269530974721824634e+01
1.659946426889261417e+01
1.373287818153032092e+01
3.648949482102420205e+01
3.796564147493361219e+01
1.675810396366551203e+01
1.754719451317962253e+01
2.140155920935860490e+00
3.542520680225234031e+01
2.219157806806820954e+00
3.767355491850771898e+01
3.153463884833598385e+01
3.793516696926195664e+01
3.698666416884585573e+01
3.744966234716361697e+01
2.657906773805849809e+01
3.763340369285050002e+01
3.577940071096118799e-09
3.467747206855428033e+01
3.686095205579703560e+01
1.105571022834728634e+00
3.475121101392168299e+01
3.465129448414477054e+01
1.737252450603686071e+01
3.492929491665933739e+01
3.344978473649902639e+01
3.575997404987719364e+01
3.528502099841537643e+01
3.586627539574548251e+01
3.733088133944774967e+01
1.615979243086795945e-04
3.629421465752238163e+01
2.649704889670654140e+01
1.225075891673242801e+01
3.063002817277460110e+01
3.765430766951963193e+01
8.791150724677501112e-13
3.754816395021278908e+01
1.849059213622095754e+01
3.614306436010695478e+01
3.674508042916865946e+01
1.437360277101857029e-14
9.731746011368056060e+00
2.658444023946431756e+01
3.055697994431794839e+01
2.813613757051739483e+01
3.586956408002006214e+01
3.585142024230881930e+01
1.662604828152779390e+01
3.566288929248013062e+01
3.403186002643303709e+01
3.752281395895378324e+01
3.505100399873115435e+01
3.221836519751479955e+01
3.301287782406600968e+01
3.652925145912934113e+01
7.955382114195076682e+00
3.526826176004641411e+01
1.409006672165558120e-14
7.955872578115268823e+00
3.384677376625742085e+01
3.584533071373134305e+01
3.686959441468797394e+01
3.323821336263809711e-01
2.469904019770880765e+01
2.730690744647311519e+01
3.750387908660714231e+01
3.391854075167410798e+01
1.626645785208077788e+00
4.393196454798634608e-05
3.948114232771801824e+01
3.536647606361448481e+01
1.372153292133946501e+01
8.642929570885814559e-15
2.892293401206192982e+01
3.332345276627837194e+01
1.139950216252665982e-03
3.156974769736540409e+01
3.520930630254242288e+01
3.506262062968560400e+01
3.632156784487909107e+01
3.013116451034213839e+01
3.893725641478933142e+01
2.301552387961731938e+01
2.003784044678516452e+01
3.470332546023261244e+01
3.646663784624219318e+01
3.369080485834090410e+01
3.999835061267077663e+01
3.719455536821062225e+01
2.108601180965746172e-15
2.953122582119826589e+01
3.757660452887949276e+01
2.781716687063636329e+01
2.928364670181692020e+01
9.947414847194968601e+00
4.524304642158115897e+00
3.475143007511348969e+01
3.454266708677343445e+01
3.538249709515712027e+01
3.277283013371036446e+01
3.240481693518687223e+01
3.460897042058152095e+01
3.539191046138949304e+01
3.436454878444824601e+01
1.013924309791331302e+00
2.563977942170697588e+01
3.474790708231937941e+01
3.961371222255813507e+01
1.444944745958881072e+01
1.298195539010723643e+01
3.660065507756516467e+01
4.709211940948498487e+00
3.620085189459889108e+01
3.358517477460026157e+01
3.337912882836499051e+01
3.578953558853403649e+01
2.708022906831431161e-03
3.520416638635171580e+01
1.731123734266147096e+01
3.523134362537555830e+01
3.296002210792628517e+01
3.618353527027188932e+01
3.632561214428967133e+01
2.519889196235242323e+01
3.549170005090671509e+01
3.402682354275009402e+01
7.349336452087921183e-14
2.725790135567196515e+01
3.648833042612533717e+01
3.408199671218955018e+01
2.057056610900823301e+01
2.835833653898490780e+01
1.812901346627168664e+01
3.592155788759155399e+01
3.502242199867414030e+01
1.629245805900399802e+01
3.439454284949867713e+01
3.681983420136031526e+01
1.111692766150359546e+01
1.852409366910423927e+01
3.219414472872672661e+01
3.561263133077321896e+01
3.369081858668515395e+01
3.121272272536091208e+01
3.464477883963925819e+01
3.240990219515743576e+01
2.665257280920443606e+01
3.600466740056180726e+01
3.738470898488132832e+01
3.564817845133799068e+01
1.897435761023175835e-09
4.045520549143883926e+01
3.335191659001959152e+01
2.956038349657672626e+01
3.455892878571174265e+01
3.699639895116939670e+01
1.556568479751985734e+01
2.754809500637231068e+01
2.808631432434178111e-03
3.405853139047435718e+01
3.645584025387528726e+01
3.565032120379170522e+01
3.315462682139352069e+01
3.428325291400303598e+01
3.359354222650740240e+01
2.792812185398220137e+01
2.561301741484509265e+01
3.658440491818520002e+01
9.455282885969255702e+00
3.006906874826107057e+01
1.460761792155407024e+00
3.392951953664940135e+01
1.821170982857432952e-01
3.578797548477980683e+01
3.683973592747088333e+01
1.001521280312823237e+01
3.508237381965803792e+01
1.047451999267070555e+01
3.725571836538380666e+01
2.182572063423239683e+01
3.884918819893523789e+01
3.364669805585022999e+01
3.568866413544952820e+01
2.708333527397975971e+01
3.746662603280871906e+01
3.582018010393320395e+01
3.568967487279756767e+01
3.762968430564500721e+01
3.430588648168776444e+01
3.613675280586764416e+01
3.642955817851670020e+01
3.248091628081800053e+01
1.448139422635964202e+01
3.398728554919662059e+01
3.387075108061463879e+01
1.695433853672031077e+01
2.809447795642475398e+01
1.431582068742202729e+01
1.088590428692113754e+01
3.434722993858115103e+01
6.962760074259890075e+00
9.721377369914881010e-16
3.236959818689328472e+01
2.825627740911484764e+01
1.193100883635042386e+01
3.644068379381361211e+01
1.189231848596961947e-10
3.517112724362078779e+01
3.144647201901853606e+01
3.434150106284145920e+01
3.392932246971608379e+01
2.910759745125827891e+01
3.205304316395010034e+01
1.184751529992567498e+01
2.093051320375874980e+01
3.748230466812652395e+01
2.188573562822815788e+01
3.550274199554990417e+01
3.419142786848277638e+01
1.484921536078797644e+01
1.520371816923985619e+01
7.249502530589348126e+00
3.256068963916703041e+01
3.611504477465273055e+01
1.900367665333826039e+01
3.190730471875157903e+01
3.196223706539655041e+01
3.383202953842888405e+01
3.762529274924871459e+01
3.610882919918567069e+01
7.955498445888668613e+00
1.142478846793633984e+01
3.476058501391514710e+01
3.537332638181746347e+01
3.611337409589403080e+01
3.623445487257144748e+01
3.644311503738594382e+01
3.480597311944994487e+01
1.957655613558988961e+01
3.509781468251476610e+01
3.717982635937094216e+01
7.177045471438234813e-12
1.425918737184714935e+01
3.508534881653774562e+01
3.534683344095742541e+01
3.358897828710373545e+01
3.371827445382593424e+01
2.655127090968034054e+01
3.302317343329680455e+01
3.678245699005015723e+01
3.626086496922296476e+01
2.139379465550249648e+01
3.394189303804161284e+01
2.841669370909294301e+01
5.284884670106187315e-02
2.772528684292818113e+01
3.757895144926285269e+01
3.470039769680971631e+01
3.442046073498437408e+01
3.369907561840919641e+01
1.303603796797954330e-14
3.479845686213544553e+01
3.452825903885280923e+01
3.182876928073589684e-01
3.448618160918793052e+01
2.966965261756466532e+01
3.132323285337374941e+01
3.059759331596331933e+01
3.503736692674313247e+01
3.478588146920696289e+01
3.527429661005864148e+01
3.717252458916661340e+01
3.507204262136819040e+01
1.523013986911168921e-14
2.373897808300095846e+01
2.421000355321106312e+01
3.495385918852016260e+01
2.990820275244658077e+01
1.122505153651448317e+01
1.450410278181931412e-01
1.963552375347650525e+01
3.136306396242346040e+01
3.148911623357582812e+01
3.596816344149922884e+01
3.538386025276298597e+01
1.833514297214988176e+01
3.414097396400933349e+01
3.730447608318964114e+01
3.399763622624737991e+01
3.410680311108357898e+01
2.574838116715013570e+01
3.709023018371167524e+01
3.457651047347952300e+01
3.498104366829492307e+01
3.317439864762298640e+01
3.581582990668325550e+01
3.396190014658805723e+01
3.340773035229452148e+01
3.419474292481521616e+01
3.497623697242094920e+01
2.062088696913875655e-05
3.586453142078032386e+01
2.096602588737602701e+01
3.416756818856903521e+01
2.772468446414296039e+01
3.149635816634346952e+01
1.539478521058047988e+01
3.433223049633151902e+01
3.170687077013400312e+01
3.578058922250331619e+01
9.461956019070917989e+00
1.284144330467257105e-04
6.337169546767456259e-14
3.375216919691748529e+01
3.272329607368977378e+01
1.988190495795016055e+00
1.324617904129901290e-14
3.758407036645942156e+01
3.206219139239293270e+01
3.469128408557458698e+01
3.607911017416324029e+01
3.438799456843551638e+01
3.626526051040895737e+01
3.528552095592460365e-10
3.514643662515851474e+01
3.496840918926729813e+01
2.987583771217860473e+01
2.594693798774126492e+01
3.587167699369457807e+01
3.498676175515575437e+01
3.955208101417118627e+01
3.279090654698510576e+01
6.165621223102478368e-04
3.285630278114008718e+01
3.289350116156968795e+01
3.676057193930080302e+01
1.968735497911686849e+01
1.750255164022395959e+01
3.481466134451554240e+01
2.916357814542891802e+01
6.735482671936127375e+00
3.105057104805469237e+01
3.575742756114922116e+01
3.420796461492919605e+01
3.488640177448568380e+01
3.676497972282401605e+01
3.490008135044217852e+01
2.256418100904466457e-14
3.213864061253399740e+01
2.074045871922486572e+00
3.801291839458662736e+01
3.339139721153041052e+01
3.736042893164691492e+01
2.635322108980390807e-05
1.418487934929166983e+01
3.519092313914126890e+01
3.185238805939324536e+01
3.353694235112318012e+01
2.856743646970511108e+01
2.120105574719253028e+01
3.484211928936351654e+01
3.246798716012831676e+01
2.331889320861613868e+01
3.602241974315722928e+01
3.316829195909009798e+01
3.492863044558421137e+01
1.397993063100297917e+01
3.346328465614299574e+01
2.687324694367461575e+01
2.187400209807565332e+01
