2.220446049250313081e-16
2.220446049250313081e-16
2.220446049250313081e-16
5.468952314805216632e-03
2.220446049250313081e-16
1.013311724352663383e-05
3.684219313442229039e-16
2.220446049250313081e-16
1.369002732242339274e-14
2.220446049250313081e-16
2.220446049250313081e-16
1.952893596763311319e-11
2.220446049250313081e-16
3.990194098255266653e+01
3.288702569489355964e-14
2.089997555636145333e-12
2.220446049250313081e-16
2.220446049250313081e-16
2.220446049250313081e-16
3.128931797931541442e-15
2.220446049250313081e-16
3.589086167993213650e+01
2.220446049250313081e-16
4.540249094416182629e+00
2.220446049250313081e-16
1.242794554142674788e-05
3.819653280116620664e+01
9.198890086986156733e-01
2.220446049250313081e-16
2.220446049250313081e-16
2.220446049250313081e-16
3.302679076567383860e-13
1.570185220829744388e+01
1.354555909925324309e-13
1.981509667245654074e-15
2.220446049250313081e-16
2.633083619923242552e-02
3.836377834573802659e+01
2.220446049250313081e-16
2.220446049250313081e-16
1.446662711768198975e-11
3.205443453388782117e-16
3.630926784859076707e-16
5.000755461998865869e-10
2.640521872690910668e-16
2.220446049250313081e-16
2.220446049250313081e-16
4.556356458178762413e-03
2.220446049250313081e-16
3.600482240107304932e+01
3.476403152150194131e+01
1.042344975111487576e-01
1.864345452974428485e-15
2.220446049250313081e-16
3.910955693604816474e+01
2.220446049250313081e-16
2.191453589567964499e+01
1.010450212835338202e-01
2.220446049250313081e-16
8.941623626094336405e-07
7.623560981148947541e-14
1.737535897598738188e+01
8.833502672120569321e-15
2.220446049250313081e-16
3.836022864020168299e+01
2.220446049250313081e-16
2.220446049250313081e-16
3.220330902448513655e+01
1.987112811630584920e-13
7.437061180443958220e-10
4.506732891908662541e-04
3.733951484378742691e+01
3.814281466929310227e+01
1.492914127429340176e+01
3.487708856625323506e+01
4.821615118164196362e-16
6.612759759493671835e-16
3.056498399769914386e-10
3.529964060322069580e-02
1.062108710872783579e+00
2.706216002003159460e+01
2.892369308070107732e-16
5.544695329620536656e-10
5.523085907542462536e+00
1.448924852437101949e-15
4.385915183733871077e-09
2.729805098629404046e-16
3.422037277951274348e+01
6.270616386887664651e-02
1.315804619396220509e+01
2.220446049250313081e-16
2.780822003276415665e-16
2.802887746584558926e+01
2.561077010679450590e-08
2.220446049250313081e-16
5.326373068488625779e-16
7.309795528075956369e-07
2.220446049250313081e-16
3.389348873955527058e-02
8.141501896174474177e-15
3.424714030230771300e+01
2.220446049250313081e-16
3.405791545136070653e+01
2.220446049250313081e-16
2.830056434392833415e-14
2.190992655661645297e-15
2.220446049250313081e-16
2.065557066258498666e-08
1.502935598444993564e-15
2.220446049250313081e-16
9.052593170853015384e-04
4.881095924522987958e-16
3.992796635648613523e-09
3.734898478929408583e+01
4.555724001302622339e-01
2.129931548392948404e+00
2.883265148394927380e+01
2.220446049250313081e-16
7.694049666923662884e-13
9.429667883329475837e-16
9.992449650752824818e-06
2.790074327275599350e-16
3.089594953412288447e+01
3.944871439155922133e+01
3.761764857121756478e+01
2.679815141544562255e-16
3.780348577627647444e+01
7.369322271148325498e+00
4.909013882559831038e-02
1.436726180217135962e+01
3.696205999773443551e+01
6.834878315034873224e-16
1.539878408873299698e+01
2.220446049250313081e-16
2.220446049250313081e-16
1.266690652019591427e-08
2.220446049250313081e-16
3.965073422614219822e+01
3.422990269924742456e-16
3.742177100136109047e+00
3.989480194445890504e+01
3.528767182097736566e+01
2.628194258149187112e-02
2.220954991372335030e+01
4.978664786583584245e+00
3.397996611767387098e-01
1.078629705535552076e-02
4.745055322962118691e-12
1.319147578569366235e-12
2.640987984747226103e-16
3.702007316676622395e+01
2.220446049250313081e-16
4.104325321144706821e-13
2.220446049250313081e-16
2.351653263764276357e-14
4.894024361058322340e-14
2.468948144075108209e-01
2.468936551423716479e-13
2.220446049250313081e-16
3.436956514297596499e+01
2.968845852141920716e+01
3.431041169999922857e+01
5.421308751918403612e-02
2.782585503335666743e+01
3.579377013881262570e+01
3.458389094119004170e+01
2.220446049250313081e-16
2.641031351064572874e+01
4.043441369110663430e+01
2.421166751139754568e-15
2.220446049250313081e-16
1.701589386176654355e-10
2.364301100257911514e+01
6.912045499844446717e+00
3.982053732095460798e-03
3.001162053057110590e+00
3.445615764803663605e+00
3.642854057074053031e+01
1.119607842116911904e-03
8.154219892263740999e-01
1.521023184964807013e-14
1.165201854770963941e+01
2.045195977918465147e+01
3.953186655581022543e-16
1.003739571767156749e-10
3.988284120972644331e+01
3.679177876880481080e+01
2.998090884979710652e-10
2.220446049250313081e-16
3.939841525598357919e+01
2.220446049250313081e-16
3.112040954953543803e+01
8.549942016193401884e+00
2.805001858328122566e+01
2.059859926067932001e+00
3.698577141149215208e+01
4.074664445492922482e+01
2.220446049250313081e-16
3.679613020605818718e+01
3.654855252350046158e+01
2.222385681538839586e-01
3.566302990630850900e+01
3.910097188293977410e+01
8.282111160693121777e-10
3.418164743854461562e+01
1.318645619764720931e-12
2.220446049250313081e-16
2.219820824550886723e-03
5.229081287357268196e-04
1.909148061591627865e+01
1.962655853164325848e+01
1.040029926300153592e-04
4.030783979985755328e-03
2.655095910660064362e+01
1.274979369868683177e-10
3.478893489826176477e+01
3.829085490642784606e+01
2.041495287842373247e-13
3.854514313251244317e+01
2.848651789978231489e-03
3.926875039736406592e+01
1.908334908477510794e+01
2.674339461224589364e-06
3.679338614968114030e+01
3.329823471896850862e+01
4.086035735031952498e+01
2.920900093246531526e+01
2.220446049250313081e-16
2.088458189525166349e-14
1.307466748268780421e+01
8.874943086750439886e-03
3.875001909536501898e+01
3.836800561614814598e+01
3.128116108562162978e+01
3.612294741641916573e+01
3.829348255067819906e+01
3.721103227104811140e+01
2.220446049250313081e-16
5.988025348223980298e-15
5.162803214801551244e-01
3.833503687509604418e+01
2.801978517822678683e+01
3.975920069023536740e+01
4.073398375441180264e+01
9.994371634126758552e-01
3.527630995410032000e+01
2.220446049250313081e-16
1.278231958115564640e-15
2.948046430609348079e+01
7.994131894207695372e-16
4.037481654070171113e-16
1.332032871892439019e+01
5.079439816645214389e-04
2.722762434580489455e+01
6.991149961276615699e+00
1.778715530725347094e+01
3.147181422069215273e+01
2.613740460688655887e+01
1.193776990359532858e-01
2.781917989635272686e-05
3.741734921477406317e+01
5.179548183513319914e-09
1.893186825641063775e+00
2.220446049250313081e-16
3.260652525739920468e-14
7.908927737645273789e-16
1.637939306404040707e+01
3.668442095938728897e+01
1.194362575617349975e+01
8.913686762192820420e-08
3.805961478953172161e+01
3.693176170510425749e+01
3.777397989151134539e+01
3.945361468460554732e+01
7.038057505596385433e+00
2.770496627906006637e+01
2.323660254842514306e+01
3.505365012374824119e+01
2.921859719983629589e+01
5.137684456018018018e-14
3.716340692425552561e+01
5.447617825993077149e-14
1.206464508366669719e+01
7.759930020711899490e-14
3.553580608635864735e+01
1.322286928091640767e+01
2.384287551826565489e-07
1.467959555343751221e+00
2.289973630686050399e+01
1.480002630836676580e+01
3.715526572947535300e+01
1.593233940824677219e+01
3.604098686824593756e+01
5.062883338393640020e-01
3.183372212441526372e+01
1.582941341724815310e+01
3.364766166299123995e+01
3.374085579234652243e+01
3.338746215254709426e+01
3.798206223472078591e+01
3.612102927702002120e+01
3.708173310415846657e+01
1.495758234115339036e+00
3.280682083286264827e+01
3.920353798228006070e+01
1.568611630115926034e-15
3.404898556870441695e+01
3.859428843539094345e+01
2.220446049250313081e-16
1.297812528401905929e+01
2.220446049250313081e-16
3.786047561847845344e+01
1.021009179124282440e+01
3.936337551004044144e+01
3.648390193157814565e+01
3.477376351869492055e+01
1.664416761384443788e+01
9.727469620498048641e+00
3.465004039924627932e+01
2.516211492531132521e+01
4.690229430130359312e+00
4.061993401560630446e+01
3.592949681811802520e+01
3.778288046502495945e+01
2.220446049250313081e-16
3.964093766796995055e+01
3.666473164368263582e+01
2.810957817861235597e+01
3.285712922039884631e+00
1.770769977816913215e-15
3.654489254512650120e+01
6.438557813887113568e+00
3.705120624828675346e+01
4.803500526371995982e-01
3.045472635237111447e+01
3.591683691844497162e+01
3.312608193308083315e+01
9.695112096167687099e+00
2.224074781055754413e-05
3.615492416178521040e+01
9.020825352359038263e+00
3.784935653718402904e+01
3.510351785357545396e+01
3.649544046576362177e+01
1.435208116040360515e+01
3.593998332216241856e-09
4.182033870402025202e-12
2.102372244225841769e+01
1.142049044231582181e-10
3.307394096547565709e+01
2.430337473747348653e+01
1.704965399803293380e+01
1.413099247071234998e+01
3.832052051851801622e+01
3.796861433791261220e+01
3.785311445546557252e+01
2.647324797689045539e+01
3.276605529605812706e+01
3.989105360672866851e+01
3.719687948077371686e+01
1.399158932208720816e-04
3.429851693719344752e+01
2.260187509918914373e+01
3.152225986417841597e+01
3.971802099822903642e+01
3.825463602073638469e+01
3.612433500416075560e+01
3.798992689351637364e-01
2.220446049250313081e-16
2.372833776097779790e+01
2.295845799178692559e+01
3.815894146564569667e+01
1.227307693443833259e+01
3.466960588637873286e+01
3.949511708788541142e+01
3.322190676144024479e+01
4.003322572772533050e+01
1.531379259336223316e-04
3.679722603028355365e+01
1.252382357657984358e+01
1.531332114900136077e+01
2.504060096114093170e+01
4.291844108686655446e+00
6.897163358034011260e+00
3.474027241892498097e+01
3.540383270916213121e+01
1.882512066588126975e+00
4.068193329382469869e+01
3.856563046115532956e+01
3.126971217604909725e+01
3.829149974616384355e+01
3.977286792803599091e+00
3.995661870676401151e+01
8.758009688614522281e-02
3.443207820324832369e+01
1.293799808515096661e-03
3.700670895432991614e+01
2.217950256054176117e-01
3.609516799053793790e+01
2.064228085195041729e+01
3.034573359963001238e+01
2.344368705125476993e+01
2.336728678643024537e+01
1.626451883880156046e+01
5.844836517231859041e+00
2.331656049069018355e+00
1.010156723741751111e-08
1.352648299496845574e+01
3.784338890415352097e+01
2.038977199055639034e+01
3.708771790719046635e+01
3.440195552668232892e+01
2.028146923903479504e+01
3.617032120835790465e+01
4.018934709130691374e+01
3.527498802379604115e+01
3.695510177643188854e+01
3.568253440730600801e+01
2.643915400696111817e+01
3.764286351883323078e+01
1.477421363660068998e+01
8.560930533556353694e+00
3.576643139493960888e+01
1.860639776256209998e+01
3.529059805189476151e+01
3.417855156551559048e+01
3.985554218599341425e+01
2.220446049250313081e-16
3.691897742158226947e+01
1.287911460414643017e+01
9.719547957649316672e+00
3.207613019783551778e+01
3.503499342916760639e+01
3.670788206706327372e+01
3.744642625507739098e+01
2.998975977829574546e+01
3.745067966276396731e+01
3.712597185815149459e+01
1.056876572455658393e-02
4.644892220905761156e-10
3.119607460528215270e+01
4.366796145170676280e-05
1.677478073471501220e-09
3.716306251100565561e+01
2.073791745774529005e+01
3.507536952259292740e+00
3.951065979045301901e+01
8.140017900640276261e-15
1.600726212689971506e+00
3.483782924903632505e+01
4.562554393557144959e-15
8.102290533607603472e-04
3.662576479722178391e+01
1.788455016346802395e+01
2.383604514869517033e+01
3.813826052551227530e+00
2.873675238421458289e+01
3.645865013426488588e+01
3.757763757859559917e+01
3.603433905998971909e+01
3.436198277668982826e+01
3.313387511706979183e+01
8.842445997094033672e+00
1.579251574034103503e-02
3.319180380043419376e+01
4.475656127432917357e-04
3.579070957790847274e+01
7.032010572057167508e+00
3.503468593615117044e+01
2.004939174542766622e+01
1.179259336794473454e-06
1.356033864183129722e+01
3.445193920482571315e+01
3.611357082526230755e+01
3.528426975018330464e-12
3.954610916623826711e+01
2.220446049250313081e-16
3.675075731445561189e+01
5.521944824077451695e-16
9.026829395774381481e+00
3.658840901728598993e+01
3.343292717917461943e+01
3.422000317169429451e+01
3.968401468416224276e+01
2.877197108527828107e+01
1.343818056441173026e+00
3.586477577828057406e+01
3.356561221634265024e+01
2.772941084266915013e+01
3.463184135641331096e+01
1.040634117661775448e+01
1.051161726743637459e+01
3.865203722891799742e+01
3.680005083794924303e+00
1.064876412548182749e+01
3.542060331728751521e+01
3.802057930621194970e+01
3.040719479031288941e+01
3.076702822490029118e-02
1.722856339118611047e+01
3.132215362636744160e+01
3.856196849514611102e+01
2.970330907610373927e+01
3.341777284820288685e+01
3.770618731807368836e-09
3.986462426363659262e+01
3.158355572754911123e+01
3.647576188845876999e+01
3.481902962760231190e+01
3.370645143487563189e+01
2.075818077307433995e+01
4.574665488719865947e-02
2.879822608816822482e-15
3.819033796560678695e+01
2.981954550230056711e+01
3.663045962311404935e+01
2.726600644436684462e+01
3.886280306848336608e+01
3.851524438385586535e+01
4.059922227053287003e+01
3.284936677988411446e+01
8.093715851077258605e-03
3.785540165200208307e+00
3.471408090915883804e+01
7.161838148896269006e-11
2.945205169409483644e-15
2.047701237796218621e+01
3.775118440799766972e+01
2.435699696012042637e+01
3.848526198137544441e+01
5.213097007242090597e-16
1.561256941231407147e+01
1.111024297244746770e-15
1.165939381511969763e+01
3.368617496593309560e-16
3.340748434451185034e+01
3.572114170456610083e+01
3.323831405857721677e+01
1.234603555727787627e-01
2.798450790525077281e+01
2.502523942404679147e+01
3.725509430803193567e+01
5.186861532382723183e+00
3.835701438757639181e+01
2.442063268684881905e+01
3.692526862832849588e+01
6.753272738271018927e-01
2.384104807200302645e+01
3.652730091552258262e-03
1.547854146162455891e+01
3.698372517607556631e+01
2.384645063322579617e+01
1.349259492966719165e+01
3.694992222975164253e+01
3.554780167659240675e+01
1.983568422857029390e-01
2.184295172528396556e+00
2.208850783243460825e+01
1.054869779566342380e+01
3.459724678782110630e+01
3.571597467126864700e+01
3.505588271557962798e+01
1.948042982148441737e+01
3.568845455643980813e+01
3.466968943145251814e+01
2.643168977265005637e+01
3.451720100045532291e+01
2.291537190781554348e-15
3.451459486548557720e+01
3.504081198789508989e+01
8.711002185455137825e-01
3.362802520104416715e+01
1.037297474766995720e+01
2.734082918007151619e+01
1.630641381180698130e-15
3.267255627527816841e+01
3.871954543230726387e+01
1.533395710872659023e+00
5.704383875416407790e+00
2.829525745169896567e+01
1.889470039506200649e+01
1.860705595738651352e+00
3.706821025867651542e+01
1.954348906768674965e+01
1.064674202535480596e+01
2.641072003872770679e+01
2.017341723815184906e+01
4.078039415424927938e+01
3.663126683521927873e+01
3.788686162981997541e+01
3.787605057461832558e+01
2.896162892961448576e-01
3.608509555238407529e+01
2.023165245419427885e-07
4.078689059311896146e-16
2.632105616379710611e+01
2.534222718301832877e+00
3.718168939562524145e+01
2.073260410148678190e+01
1.036512024128390719e+00
3.577618815634765781e+01
3.794742712199529677e+01
3.292636852344929110e+01
3.476385511989553123e+01
3.201221492887698616e+01
2.179843520297665704e-01
5.000589843292488901e+00
3.314435403699396687e+01
3.840605186533501580e+01
9.583234393701097250e-15
1.304138939325423544e-14
2.406782451182825460e-09
3.644669606902186842e+01
1.803861395451699678e+01
2.372418907515427714e-04
3.867896776203291864e+01
3.592044697765051353e+01
3.335665361176607036e+01
8.358876254879720872e-12
3.198097379022467024e+01
3.756891014704537923e+01
2.220446049250313081e-16
2.687689510340062071e+01
3.683677241452429030e+01
3.309042193242751040e+01
3.646820282150464720e+01
2.327069185206022084e+01
3.388623732222183094e+01
1.044854647620005572e+01
3.750046978275862131e+01
2.220446049250313081e-16
3.497605668877709917e+01
3.609068275876310139e+01
3.155096542492608336e+01
3.843720686141121945e+01
3.568811693531140605e+01
3.598453758902343225e+01
3.403350720574652399e+01
2.220446049250313081e-16
1.777289126936021191e+01
3.598256699396133484e+01
3.743903981436990591e+01
3.566629038032480281e+01
1.358941517663676990e+01
1.932595855065019919e+01
2.098762068452244733e+01
3.863517207439787882e+01
3.503441491990588474e+01
6.586193248164794035e-15
3.611616113442005371e+01
2.236741670579557351e+01
3.761502276851246762e+01
3.131161306943018019e+01
3.404205999927980031e+01
3.704482741369472620e+01
1.231128841315616818e+01
1.871102673794766602e+01
2.349753526846251273e+00
1.971361591425403503e+01
1.003753883412694492e+01
2.399261509891775646e+01
3.568815116843288138e+01
3.383369318692840721e+01
3.715647474974431219e+01
3.092679165214629222e+01
3.548032215276175094e+01
3.653128534283792561e+01
3.552313214249046069e+01
3.497643663364775790e+01
3.400917776528163472e+01
3.681430782724676476e+01
3.273835694619585013e+01
3.112535840577170276e+01
3.594968769576119882e+01
3.371739766054771792e+01
3.461101282708370519e+01
3.571186274994314402e+01
3.440401810494687140e+01
3.833860858128409710e+00
3.643799834056284936e+01
3.824292001916132477e+01
3.915282156314208351e+01
3.577197295413069611e+01
2.971430744676759872e+01
3.533776528319017274e+01
3.884741255145135597e+01
6.303357583328378540e-03
3.047593633616807907e+01
3.012345099624706535e+00
3.753711248980155091e+01
2.201995408262891729e+01
3.470590122281982559e+01
3.247640459235283362e-04
5.897352405168693856e+00
3.656495194704120877e+01
4.083283498829287740e-16
3.496761848002163475e+01
3.613963917300119988e+01
3.506407712750596772e+01
3.668474552542986800e+01
1.464095233970637011e+01
3.467926421777768553e+01
7.796369664332264589e-03
7.153788985836881942e+00
3.320854849516434371e+01
2.811100315940219474e+01
3.479132465883251513e+01
3.798208720461434496e+01
3.417664587435712065e+01
7.758615260990049813e-06
3.618043243995160907e+01
1.530562884589629746e+01
3.814683355411498411e+01
3.402548737219723307e+01
1.401704859913266610e+01
3.365952432469073585e+01
3.895111372203000855e+01
1.662124822976792515e+01
3.264618368704598339e+01
3.460590206756928211e+01
2.941660363359409303e+01
1.595882248691276247e-14
2.030456648878026460e+00
9.595118198743573856e+00
3.301032035097829720e+01
3.422279661731077738e+01
3.165574201647882546e+01
1.997139729991736678e-15
3.691923461476047663e+01
3.519185977417595979e+01
8.445525790904744312e+00
3.681218449670328141e+01
6.933589105121324980e-01
3.409791398533316453e+01
3.119307722962170004e+01
3.445127680721058994e+01
1.811229550805482091e+01
8.982579232136895797e+00
3.504358501805464954e+01
3.116771098328110767e+01
6.197318163773866105e-05
3.219997860569187509e+01
3.605286472724800717e+01
1.348260829238001435e+01
3.778943510641146730e+01
3.548565308246390515e+01
1.625771595225243486e-10
2.881863857915915348e-08
3.319539400244229910e+01
3.635918847965313461e+01
3.649023625428920781e+01
3.243655954404161434e+01
3.310855142107076432e+01
4.324790149502182955e-12
3.590156566028305463e+01
3.652395258194868433e+01
1.434043187183230117e+01
2.173560084519731816e+01
3.445642261218080904e+01
3.747689968421502016e+01
3.624598473102003027e+01
3.300890075170183735e+01
3.582419815796239959e+01
3.462232347713282365e+01
1.056958003152899650e+01
3.883133753304509383e+01
1.452813786231296866e+01
3.630760332403407631e+01
3.734948154495072004e+01
3.481872416587148678e+01
1.878296609796803907e+01
3.557013732604664114e+01
3.827305249769341344e+01
3.293371094464936277e+01
3.063077520158257272e+01
3.759991581261730431e+01
3.248504420807754656e+01
1.052222274846704941e+01
3.044016315504202552e+01
3.207692677304969919e+01
1.864632707466291706e+01
2.173186380776055415e+01
3.616347875405997314e+01
3.805652450671681919e+01
3.253488381495699144e+01
2.209579910069677775e-05
3.829268323929022699e+01
7.640914992431403263e+00
3.567068672959351261e+01
3.258188576554834981e+01
1.369114914613062695e+01
3.371378437602917444e+01
3.349592040163972229e+01
3.608693536667146162e+01
2.220446049250313081e-16
3.389269529026840644e+01
3.405695096952882039e+01
5.281264684491413109e-14
5.095874772501114425e-01
5.573015231347517862e+00
1.700736261642703084e+01
3.285182960115064077e+01
1.625579340929667893e+01
3.776999441797817525e+01
3.278983676338746278e+01
1.283550698454651773e+01
3.532289804114390108e+01
3.246815864838925592e+01
1.515008056495808475e+01
3.376220060071764095e+01
3.491764412730285727e+01
3.526276774315886797e+01
3.524740324593769714e+01
3.562343365375377857e+01
3.665759386560020516e+01
4.018971201712251212e-05
3.520608019069364758e+01
3.327199913650781582e+01
3.301152635291849435e+01
5.197173618886721939e-07
3.190336107947327804e+01
3.350927244716201869e+01
2.598389761185866575e+01
3.986586062995993984e+01
1.701924236831451154e+01
2.923846024326052628e+01
3.711244410163833152e+01
1.915385081663984934e+01
3.589294844501705484e+01
9.408314630435880233e+00
2.862725079072706080e+01
6.614165672255526032e-15
3.098890920079499622e+01
3.172389322755934771e+01
3.239696636073963276e+01
3.711554170131828556e+01
1.337401218344168541e+01
3.342287766247282832e+01
3.481478192262444082e+01
3.564144691953267596e+01
9.907156279529129250e+00
3.236881421710717888e+01
2.017409864705389211e+01
3.251780767895696300e+01
3.604139950115513358e+01
2.103979669907569416e+01
3.825499733267435486e-03
1.003686738110242160e+01
2.864184152503038305e+01
3.565941510931508418e+01
3.402796974064796842e+01
3.182065741043919616e+01
3.811497875462472251e+01
3.839056287738642226e+01
3.454559496974021471e+01
2.911354225729758483e+01
2.420530467816757536e+01
3.611539567249710103e+01
3.499921654323070186e+01
3.578305407008714667e+01
3.482410896885611606e+01
1.495444258378919855e+01
3.721775516118587745e+01
3.077064549856099873e+01
3.450541417377121434e+01
8.404787913531585816e-03
2.385890981306433645e+01
3.343346955436726375e+01
2.905473074550399915e+01
2.428353905029474902e+01
3.626310559165276004e+01
3.449174291458339781e+01
3.274438069922587147e+01
2.117332167503023754e+01
1.206008168215212528e+01
3.248796547527813772e+01
1.519408588680044581e+01
2.563901684791198221e+01
3.643848969149452444e+01
3.127355213630293562e+01
3.768078706219911567e+01
2.724386929582174588e+01
3.529723565142973030e+01
3.577187728998677585e+01
5.817803802127695218e-13
3.665557261626057084e+01
2.773280550297099012e+01
3.775082585228567922e+01
1.693580137470491209e+01
3.585185647129863895e+01
3.452843326349233166e+01
3.716902312546987730e+01
3.456473740716607068e+01
3.474396373543773819e+01
3.390719213441224156e+01
3.267534153370551309e+01
3.723298390135943237e+01
3.397936177688504245e+01
2.004762446833138512e+01
9.733959640875426089e+00
3.390909408062148600e+01
1.752118647407844065e+01
1.899165907411466492e+01
1.165605850340386995e+00
8.985684903422809389e-06
3.217787572821596598e+01
2.786584792999032345e+01
1.972595288212046682e+01
3.411002348754057323e+01
1.430918978272191211e+01
3.504195764377433875e+01
3.507529764954438889e+01
3.462281868244689065e+01
3.845332172977807517e+01
3.479115736334053821e+01
3.724129442010710278e+01
1.226862549247500311e+01
1.167666794773024996e+01
3.482650677180977539e+01
1.243007392571905356e+01
3.163622837035633495e+01
3.304016260322605802e+01
3.574639033534344890e+01
3.060549254935838093e+01
1.805813713387124508e+01
3.715842337610416735e+01
3.693717131192789083e+01
1.313881234988115843e+01
3.990589933269984846e-02
3.447993359187989753e-09
2.374064407098524399e+01
3.233081005450110013e+01
3.312347521941082817e+01
3.408689766741471061e+01
2.557457247321159599e+01
2.850119297020076203e+01
3.290266182768630188e+01
3.241439578010829337e+01
9.553220961564479197e+00
2.728580459666375191e+01
3.074907268103730118e+01
4.242008867676715436e-03
3.792095544720429956e+01
3.368710411530302906e+01
3.329685718341591638e+01
3.312885297650068139e+01
2.576235513438016156e+01
5.537510832428434376e-10
2.522527765773521935e+01
7.878766991157719612e-01
5.981293782502368650e+00
3.523643106476873044e+01
3.664427136395980256e+01
2.886458292930706548e+01
3.564477501417914596e+01
9.509934037429385034e-01
1.044006653440532578e-14
2.245845783506047866e+01
3.441511939471497783e+01
3.827673137397150782e+01
2.129031412585932870e+01
3.320869691490865705e+01
1.234050080087041756e+01
1.472475922042361911e-14
2.985253352409327832e+01
3.732707719164706361e+01
3.119151906921887729e+01
2.266103076031681240e+01
3.436451514574751087e+01
4.458499122645411816e+00
3.072764520298431634e+01
3.190889757285736650e+01
9.626861026405213531e-03
2.968285796376035535e+01
1.019048569102104551e+01
3.298009309033293590e+01
3.239932653629906412e+01
3.176396617600454775e+01
3.316340720526123675e+01
8.042404289300252529e+00
1.264464749888522554e+01
3.641796988290089132e+01
5.833139041942589031e+00
2.567887386430080809e+01
3.223226731856396299e+01
3.602465145432719851e+01
2.850865452216559248e+01
1.863670601587416442e+01
3.653511001531229851e+01
2.714934933373521275e+01
3.627347924534771550e+01
3.425796175250932407e+01
2.426823541207045665e+01
3.103530957747102548e+01
3.235446770435473240e+01
3.561510303597537330e+01
3.393263144031232059e+01
5.621180617224438514e+00
5.859029895183398118e+00
3.346401025677548091e+01
3.487127397113474103e+01
