6.407050825996778406e-12
2.220446049250313081e-16
2.220446049250313081e-16
2.220446049250313081e-16
5.765232534451406434e-04
3.671433575176423147e+01
4.055316411184074765e-02
2.452219592008374249e+01
2.220446049250313081e-16
2.220446049250313081e-16
4.269594257521967160e-16
2.220446049250313081e-16
2.220446049250313081e-16
2.220446049250313081e-16
5.479659815620370158e-05
6.907187491625429665e+00
1.263385269883271932e-09
2.754978294316068207e-16
2.220446049250313081e-16
2.220446049250313081e-16
2.220446049250313081e-16
2.538571431756705366e+01
1.649393786977663368e+00
2.220446049250313081e-16
9.064844453678761305e-15
2.220446049250313081e-16
6.418674409521343566e-06
1.290744754522362745e-15
3.953897266530407251e+01
4.910278927561779428e-16
2.220446049250313081e-16
2.220446049250313081e-16
1.756569650973667258e-03
3.432492740588636755e-15
3.437026082757978429e+01
2.220446049250313081e-16
2.220446049250313081e-16
2.116326387690002983e-14
2.220446049250313081e-16
3.939493940249265891e-14
5.410862961019933241e-15
2.220446049250313081e-16
6.032933378223941621e-04
4.616852839370603926e-16
2.321534776237451325e+01
1.344430670812586354e-05
1.061916673003951983e-01
5.757959187153338563e-16
2.220446049250313081e-16
2.220446049250313081e-16
3.740100970304790617e-04
3.564285685733173606e-16
1.151978126385753236e-14
2.126782299460590520e-15
2.574737428182725266e-16
8.140599018974155896e-04
3.725350160575872138e+01
7.476693555854358877e-07
2.220446049250313081e-16
1.388137084909773936e-04
2.220446049250313081e-16
2.220446049250313081e-16
4.943960793102775142e+00
2.799788826541731515e-02
2.220446049250313081e-16
2.220446049250313081e-16
2.220446049250313081e-16
2.220446049250313081e-16
2.220446049250313081e-16
2.456329876908432420e-14
3.602400332731935226e-15
3.069406934683568309e-11
7.138444138701931984e-10
3.665858193755220640e+01
2.978870049385590946e+01
3.268493202851109203e+01
2.220446049250313081e-16
2.220446049250313081e-16
9.223412501274152588e-12
3.697311566688678397e+01
2.050710678955950783e+01
4.350363460718424549e-13
4.505731902541220352e-16
3.530118758045909999e+01
3.722067143508320441e+01
2.220446049250313081e-16
3.120002601258775975e-06
3.359163663336058647e+01
4.021250294185916775e-11
2.220446049250313081e-16
2.220446049250313081e-16
2.834728842449663600e-16
2.220446049250313081e-16
9.865343811442405953e-11
2.220446049250313081e-16
2.479806239368274868e-09
2.220446049250313081e-16
2.220446049250313081e-16
2.220446049250313081e-16
2.730374138196119205e+01
9.134389125073065330e+00
2.220446049250313081e-16
8.217170869674943035e+00
3.585759318575671983e+01
2.220446049250313081e-16
1.299042672784913321e+01
3.118531475434879830e-16
2.398483589022795126e+00
2.622598843375462252e+01
6.060973082883585186e-16
4.800163765675736549e+00
2.681486196687413171e-11
3.626435166593308087e-13
3.861500623417779821e+01
3.955919933379465192e+01
2.220446049250313081e-16
1.497061539408777397e+00
1.271907877457461783e-10
2.220446049250313081e-16
9.624207399108994943e-15
2.220446049250313081e-16
4.050809838954268116e+01
2.901906050091150036e+01
3.602320933311156637e+01
3.996692929054003685e+01
9.651165273307256598e+00
3.803081800520944711e+01
1.483398532495663594e-06
2.641391227149430992e-16
2.521596986813190000e+01
3.726692877766679857e+01
3.351760789307102952e-15
1.919280079066874173e-02
1.782680926873561944e+01
3.606763084328513713e+01
3.542453354146998379e+01
3.650001946438076317e+01
1.445992390605604432e-14
2.220446049250313081e-16
3.055439559780792180e+01
1.274704500257751727e+00
3.692470852936734360e+01
3.930683714983722865e+01
1.843980827640890752e+01
3.898003620759904919e+01
1.952913044618670906e-13
1.791121849815777489e+00
8.321672782932771906e-01
7.320323293434212074e-15
3.466302490564665106e+01
3.466560362252035787e+01
3.789523511831454528e+01
1.865553354665299324e+01
3.598281746874457099e+01
2.220446049250313081e-16
2.220446049250313081e-16
2.220446049250313081e-16
3.934317538189577590e+01
1.284763536237064407e+01
1.121101294285524652e+01
3.714149424781290065e+01
3.079742248134586546e+01
2.220446049250313081e-16
3.785340407907734317e+01
3.776867579289400112e+01
4.109781383281486455e+01
2.572436744178097356e+01
1.902502973068875671e-14
3.773012155601708173e+01
6.547562553528404550e+00
3.823726583751409436e+01
3.493467560894383439e+01
1.860440848003979165e-10
3.902475811325307831e+01
3.910607280826115328e+01
3.444464074977796741e+01
2.220446049250313081e-16
1.877952884172610482e+01
3.919106558063825685e-01
2.351457744390403749e-04
1.983440495064647635e+01
4.114595238263257649e-16
3.474244899291133493e+01
3.409100695931152865e-15
3.628902211403240585e+01
8.591004971335091528e-03
1.505391816660717071e-07
1.376050958775847300e-09
2.700719289181785143e+01
2.175376360965186606e+01
3.563753393859661145e+01
4.005302035223125906e-16
2.220446049250313081e-16
1.296293258641333844e-08
3.833476377202037833e-14
5.086347275079525332e+00
3.754950976502291127e+01
3.772136619335847030e+01
3.653740966030722603e+01
4.071135957574622211e+01
1.264760948002688348e-13
3.899491692352243177e+01
1.711466105315737352e+01
3.780025070183653213e+01
5.385988724309179838e-10
3.738683285052816530e+01
1.178726120266477839e-15
1.191917142113985403e-14
5.702623587139141458e-05
4.015170710150474775e+01
2.220446049250313081e-16
3.628518647133892472e+01
8.888345118236284037e+00
3.162789134421364139e-16
2.782147560171346408e-16
1.794418533147013231e-07
2.556450541326415436e-15
3.343039739466110114e-16
3.507131717462291015e-07
2.725907857954292580e-13
1.087533356874877555e+01
1.787497798281322048e+01
1.109713424724882991e+01
2.989436332818779007e+01
2.524750999683011088e+01
3.536785274292279269e+01
3.883092303134044698e+01
1.444889605718785042e+01
3.810659087632689790e+01
1.956323456878546003e-15
8.148680891480271360e-02
2.103885698284146955e+01
1.312704562507446548e-01
1.272015375258584102e+00
3.809440787890878966e+01
2.784939181728901403e+01
4.786714592694129197e-16
2.030301483106113380e+01
5.820082756897196037e-06
5.238234061630573368e-01
3.644201679401732008e+01
5.470643971778790781e-15
3.717548944062016147e+01
6.090455261048830333e-11
2.827860671446352114e+01
3.912060281327973144e+01
3.532493840092079296e+01
4.206552643604669936e-16
8.619327825356746806e-06
3.844387504540476641e+01
3.454672990102687891e+01
2.220446049250313081e-16
1.144839680672682380e+00
3.710307839988710299e+01
3.968804141812137232e+01
2.021823355885349560e+00
2.580823718016974082e-10
3.712140592565982189e+01
3.689046026238982279e+01
2.341964782004375902e-06
3.844832800768901393e+01
3.474531774042031884e+01
2.821034648932476698e-04
5.440258857587650709e+00
2.220446049250313081e-16
3.696737340640441971e+01
3.713772355242205947e+01
3.816673402685983518e+01
2.459041869307153050e+01
4.449849125548411051e-16
3.297267684350094150e-11
3.308206389930637670e+01
4.876715178216355866e-08
3.249354438731572259e+01
3.902435761489538635e+01
7.692328332249583120e-08
2.220446049250313081e-16
5.306048053645389118e+00
2.084844411085003819e-07
4.017903815838757708e+01
2.220446049250313081e-16
4.555563985999795494e-15
3.693911728966477881e+01
3.374488876134907667e+00
4.614072295569153985e-09
2.536937091897616270e+01
4.661264707973005216e-16
6.688864468377699879e+00
3.513191282098013346e+01
3.040698311448776181e+01
1.146990696837808743e+00
3.865002595811760955e+01
3.371595748115824875e+01
3.236973606909392487e+01
3.906184084491692943e+01
3.537982209150982982e+01
3.806048134824103357e+01
2.220446049250313081e-16
3.925588624809863347e+01
3.038287166993899915e-11
3.020947137624002110e+01
3.425935881739119537e+01
3.654023085495302325e+01
3.640183818581720487e+01
1.542247114327216373e+01
3.467710009663318260e+01
1.728082104278589595e-03
3.705620797590619730e+01
5.606596935374606794e+00
2.814778322765504015e+01
1.215102107319146008e+01
3.803258049176385214e+01
3.825474726471466624e+01
3.477088748755231506e+01
3.724804213003189091e+01
2.462057974231744950e+01
3.287245105417544977e+01
2.480797073073481851e+00
2.502879834790535210e-14
3.888172627761380085e+01
2.220446049250313081e-16
3.255290515119454056e-08
3.600600145181496003e+01
2.561154701255272315e+01
2.963890414171017085e+01
1.157327050628545884e+01
8.209066918910448152e+00
3.698502943711150692e+01
9.285086567633357157e-01
3.559954479774111746e+01
3.505791334481627786e+01
1.101623623556298348e+01
6.601069174716222010e-01
2.894557158512719042e+01
3.465063592777546120e+01
1.292015837602947526e-01
3.767732953162651910e+01
2.220446049250313081e-16
2.369441734750962070e+01
3.655500349146420547e+01
1.728905628966529218e+00
4.001106701693478129e+01
4.165628877582107492e+01
3.441341488235844537e+01
6.306666004368596035e+00
3.600775077918078182e+01
3.899011173945658104e+00
5.499688677874699227e-02
1.167501382077291091e-13
3.525220129399529867e+01
5.826580782589274373e-09
1.998049946830816990e-15
2.712970158530828257e+01
3.504525968603223163e+01
3.871455359838059707e+01
3.762798211617693056e+01
3.404276678592089667e+01
3.906179253248469507e+01
3.698687885878249659e+01
3.685882797861901850e+01
3.819800209282403358e+01
1.189129343890114043e+01
1.467834156060851569e+01
3.604744189841387936e+01
1.965333880945238675e-05
3.614584181026114607e+01
1.530739961768195936e-08
1.578875552154303286e+01
3.520296509529316609e+01
8.993446436373640093e-08
4.212633528557161355e+01
3.229743972411255726e+01
3.702319662669136591e+01
2.856077055113970431e+01
1.399791048725972820e+00
3.476078159529375000e+01
3.264073396405964900e+01
4.299020895712422519e-14
1.455244316137352456e+01
3.271321879132840138e+01
3.682191862275384864e+01
3.684483640352674172e+01
4.545371483711732229e-15
3.864859221871119388e+01
3.331499411457816962e+01
3.925049304862722011e+01
3.413649223115982778e+01
3.167691274440766946e+01
1.506782342877829750e+00
3.881977338074696604e+01
3.764169732715185290e+01
3.805106603893411688e+01
2.025337295328435518e-14
2.820200730691914615e+01
2.881495062081195613e+01
1.070614465818992344e-11
3.431638368660223648e+01
3.734678722607348789e+01
4.339976612551770074e+01
5.966652669231759631e+00
7.518838933981216820e-15
3.525078467328122400e+01
3.748823467403246212e+01
4.539109466785976774e-10
1.022902877673246103e+01
3.666302007251985628e+01
3.811579932111798996e+01
3.660742357197703001e+01
3.746011066191742600e+01
2.990517831332880760e+01
3.718521733840420231e-16
3.450627358765628079e-08
3.558688564281808198e+01
3.766778801742159288e+01
3.929058139151502616e+01
3.651056067856046639e+01
3.862189332085876003e+01
3.726982785156769751e+01
3.394611597589332774e+01
3.984359521926356251e+01
3.509793208176900947e+01
3.847445593180751899e+01
3.629379182459072695e+01
3.231893490108415534e+01
3.386772743355086845e+01
3.800969719939097047e+01
3.845558829110071031e+01
3.645865505407575569e+01
4.478212365513761459e-16
3.392062841409382656e+01
3.644193745848364330e+01
4.722961694980686076e+00
9.383946978807667947e-13
3.776444990942398050e+01
2.216629304792430031e-11
3.537132055880542225e+01
1.632648293407673634e+01
9.813682834066543847e-01
1.328622956374751474e-01
3.763288333191123058e+01
3.785966664154467765e+01
1.095531474315232678e+01
3.583541744171231613e+01
2.108395248791648278e-14
1.178095899009089997e+01
2.247536457863455794e+01
3.799529065599134725e+01
2.965218145268574546e+01
3.444529973049584015e+01
2.225903917820977185e+01
3.251217109340083766e+01
3.878214428589415519e+01
9.334330573111391767e-13
1.101187614799777670e+01
9.729897622061892903e+00
1.613507171356480896e+01
3.662297721514699589e+01
3.633968425304573202e+01
1.710772687668510628e+01
3.631201880461203046e+01
3.658910422199362955e+01
1.713345044978661913e-02
2.288602220720560254e+01
2.979077071739475713e+01
3.800190102788361912e+01
3.869507431798628971e+01
3.784719866621348672e+01
3.916657103225287528e+01
3.738937987640844085e+01
8.063719570290164285e+00
3.567202812129219325e+01
1.089704675627068120e+01
8.611398295013996539e-15
3.893533866275208055e+01
3.814203026101100846e+01
3.611642309989193222e+01
3.823180939933236924e-08
2.019715104433283059e+01
3.744749578732955086e+01
3.449904760179035890e+01
2.912116767994904976e+01
3.591369369969034864e+01
3.884550550286387960e+01
6.654123069077058921e-08
4.391188319451321079e-05
3.477244696478478403e+01
3.737311229051356776e+01
3.583701082903453994e+01
3.789209572748189458e+01
1.584714025311031787e-03
2.220446049250313081e-16
3.515790267096992494e+01
1.179974382589543300e-04
1.203447272801895629e+01
3.702456231682639753e+01
3.641065692140317367e+01
2.023794599979774371e-14
3.815238493163112565e+01
2.045557748319552971e+01
2.731738273513660786e+01
3.079587213254193045e+01
2.040183868980480852e+01
3.539267661827301481e+01
3.418262825774900193e+01
1.813349414453965846e-03
3.940300542864536482e+01
3.253420082324048224e+01
2.976803865899211132e+01
3.542888241075386446e+01
7.906229328757082152e-10
2.962935567458625385e+01
3.535714713354711591e+01
3.200061322314694934e+01
1.064363917031038653e+01
8.889752774751816133e+00
2.944562499243575677e-10
2.562029005106673551e+01
2.948266542595489881e+01
3.736452426879791844e+00
3.591444641547143135e+01
3.556580373016041818e+01
3.605374124867051933e+01
3.783382738967254255e+01
3.135897995632672064e+01
3.679533494391921522e+01
3.569226396933738954e+01
3.407451183483846080e+01
1.359119952184324021e+01
3.634408288124522102e+01
3.837377566686595998e+01
2.974610673994764909e+01
3.467862461536343144e+00
1.355609910868295920e+01
3.563973891832484497e+01
5.845292457604783110e+00
1.579330598316679435e+01
2.277485245452819740e+01
3.021262322596574279e+01
3.568776526140714367e+01
2.986151335471878454e+01
3.610982398820519190e+00
3.164428095382347195e+01
3.729780328327831995e+01
3.415367793015466447e+01
1.719132021234351626e+01
3.627437891162785633e+01
3.869721317520408377e+01
6.891033912261870675e+00
3.054479227590701029e+01
3.685192521892032858e+01
3.583825670857274304e+01
3.482567733250986208e+01
3.579827877950977211e+01
3.570529744856392540e+01
3.612993162434604244e+01
1.038759202971070742e-14
2.363391680047761056e+01
2.359072166491388600e+01
3.793059973323807554e+01
3.747007499752317017e+01
3.376042899874420300e+01
3.295947577461561906e+01
3.418783128198963084e+01
5.711139034425948280e-01
3.625101056839958602e+01
3.240886353384656360e+01
3.973551802819246603e+01
4.196286528113017056e+01
7.125022059755865556e+00
3.546456684563337802e+01
3.717279614711646476e-04
4.916247584618595567e+00
3.425291597907555285e+01
3.820357090501190100e+01
1.197165885935881668e+01
3.712295461280699982e+01
2.967028534222047043e+00
2.766883316816299754e+01
3.462843779350411877e-01
3.630813131929331661e+01
4.630637048794915778e+00
3.768662621481455943e+01
3.579716533226282849e+01
1.301120032754960043e+01
3.661018826797557642e-09
3.495121235871109633e+01
9.580728612667172683e+00
3.556168528089185088e+01
6.962426807549821461e+00
1.093756080748310922e+01
2.763195130969024760e+01
3.624523874796037148e+01
3.586046777843959887e+01
8.874195133443913974e+00
3.787703477055449497e+01
1.309733918696212740e+01
1.616977349312552192e+01
3.861035922563317513e+01
3.057013155975376861e+01
3.441258405392722608e+01
6.428511972430493771e+00
3.905239427826496978e+01
3.065111156835796891e+01
3.573115817714308662e+01
3.374538391141743432e+01
3.569488178744252593e+01
3.538848014782823270e+01
3.338718351372443749e+01
3.334860282408433108e+01
3.266228426135320717e+01
3.651907319944763941e+01
1.861873331865499992e+01
1.393192729151439657e+01
3.189786742564386302e+01
3.320197386279912491e-15
3.322927305736401138e+01
3.838448831416735629e+01
3.680294978012441476e+01
3.394056293621718368e+01
3.532482700879227622e+01
1.033428779696413419e-13
2.195592708503923873e+01
1.675996489776141729e+01
3.728213978797356987e+01
2.440568469362160542e+01
3.726799203153731099e+01
3.370832320251614078e+01
1.695089064886356311e+01
3.612130969685297543e+01
3.058035168908126167e+01
3.040193545761892224e+01
3.514894906300794730e+01
3.814262829541048916e+01
3.704194230007066579e+01
3.514445918188987150e+01
3.557931885897387758e+01
6.226006726145774607e-05
2.538801689067910416e+01
1.573202850773802375e+01
3.137534758116262523e+01
3.755158748783748024e+01
2.870827971681207558e+01
3.622821961184620676e+01
3.581670055156711641e+01
3.554131787427620992e+01
3.846149612945883689e+01
3.052706489244846111e+01
3.727697593672959187e+01
3.530760815679680320e+01
2.544166705878181389e+01
3.709182351531857336e+01
1.454904808165143255e-14
1.904662314588617633e+01
3.617069018383462264e+01
2.679370144695779388e+01
3.759736257611219656e+01
3.615830177023427439e+01
3.965059326779842763e+01
3.574508666094464360e+01
3.765572002481759029e+01
8.644208352980274066e-11
3.572491911811818710e+01
1.970814348528452697e+01
3.557130554831262259e+01
6.309224272794425388e-16
3.769168566167842727e+01
3.460954791955471421e+01
3.478435831178092741e+01
1.276284047395101950e+01
2.257171843578907300e+01
2.852435600736967203e+01
3.778954163459928139e+01
3.428608465362844981e+01
2.572336290025697991e+01
2.058735742602758023e+01
3.389893545910040018e+01
3.779109953305288627e+01
3.387010564057567308e+01
3.902828780547606868e+01
1.966734136369660035e+01
2.329235359322069954e+01
3.251539281429794670e+01
3.590936053255941829e+01
3.512046895241416422e+01
3.695885888230273508e+01
3.713141570116359026e-08
3.511440511001366360e+01
3.628349682924974928e+01
7.185516138798436536e+00
3.342699695396017745e+01
2.808655196321315373e+01
1.342803202796139495e+01
3.907957062006577331e+01
3.512336825970016463e+01
3.141342763553094741e+01
4.514192058197828317e+00
1.019443613425499104e-14
3.420772278338915839e+01
1.828018963781048001e+01
4.096205355849967589e+01
9.446313654594441640e-11
3.336136977196731124e+01
3.400516064952547168e+01
3.529384808861332345e+01
1.032776906571403475e-01
3.639652569117058789e+01
8.480050250120642730e+00
3.808329346366774004e+00
3.664913432281126404e+01
2.070295449226038617e-13
3.969311599229508403e+01
1.314550216159436857e+01
8.815427900471335056e-15
3.669887946721219407e+01
2.562286322459486598e+01
3.324415325350278039e+01
2.716580420378721783e+01
5.626140923518711645e+00
3.283374234817234338e+01
3.530190716506474757e+01
3.367515664417840071e+01
3.540129340242402378e+01
3.370643384228588246e+01
6.218054651792660259e+00
3.542802167696305560e+01
3.551519029690341256e+01
3.569315778288821406e+01
9.061966866798042272e-05
2.089226501419539161e+01
3.413308566203044592e+01
3.653467551186673745e+01
3.496810990146537534e+01
3.574401548624268798e+01
3.519689323447126128e+01
1.943630243396050616e+01
1.411022386112399118e+01
1.555300017806628787e+01
3.384451372845408201e+01
1.844212737447575989e+01
2.701551413289824666e+01
1.496401449023450070e+00
3.972932494977587936e+00
3.641293112285858768e+01
3.254572793938542219e+01
3.530046511247920904e+01
3.394623732481440470e+01
2.165867934731949518e+01
3.416862744658078554e+01
3.499549096410139271e+01
3.829143329907634552e+01
3.554605268642426097e+01
3.450099695881641537e+01
3.743193564434231035e+01
3.488489800836612886e+01
3.754952287327272131e+01
1.923818044597022287e-05
2.019906956074311211e+01
3.339069736596783855e+01
2.165341429981945609e+01
3.407310041669348522e+01
3.313463525158954950e-03
3.267240780468802797e+01
2.784224639859915840e+01
2.118095820418427877e+01
1.637236619732763643e+01
3.493225503770157303e+01
3.410416689136253154e+01
3.417886857301540715e+01
3.561856119009357968e+01
3.659240761645892093e+01
2.342565367467831550e+01
3.110655835207005282e+01
1.995164660002187108e-09
3.550700907938071538e+01
3.592697839760275969e+01
4.090691610008906951e-15
3.574535343519988118e+01
2.389849462766823862e+01
3.417566032583381741e+01
2.537458391113712253e+01
3.611138083391330866e+01
4.641377018545847155e-11
3.358206944268265914e+01
3.444373821443456762e+01
3.266803129287674068e+01
2.336967220205764662e+01
3.024526657836093690e+01
3.296790543319018241e+01
3.315828543411495843e+01
3.310389504111250858e+01
3.513907597129259130e+01
3.375826136904895236e+01
2.674303963313574579e-03
3.402366880506538394e+01
1.289471369910630517e-14
3.300981628027390968e+01
3.649707180570722898e+01
1.648183611093717715e+01
3.692249496439146839e+01
3.511257067829316725e+01
1.888782052824889701e-01
2.904972458299814164e+01
3.317387736853253699e+01
3.188593696628230134e+01
2.637129380482256735e+01
1.545436846336060845e-07
3.416959412529117657e+01
3.663313841355085287e+01
3.473787655119924267e+01
3.579998639909101854e+01
3.322484604478351145e+01
2.795711876840286791e+01
3.053128642979272911e+01
1.348470612009186453e+01
3.494133156132352269e+01
1.925931849852729272e+01
1.254680901181385444e+01
4.956750264441525999e+00
3.551116866416600715e+01
3.714120682436782062e+01
3.757122779418303793e+01
2.984596483057916316e+01
3.267762146019864389e+01
3.667603678876056250e+01
3.183498310170336509e+01
3.363575681743669321e+01
1.375200678413972177e+01
2.594810608838100308e+01
1.518550245873835713e+01
3.718944907504991448e+01
2.375797940618144111e+01
3.374157297094065910e+01
3.234469530443004004e+01
1.337429939148696079e+01
3.381336446781349281e+01
1.458774082575150466e+01
3.276553274098402113e+01
3.342476838905755443e+01
5.750389074635635193e-03
3.745132917433571862e+01
3.653028771941594499e+01
3.645609819352529968e+01
3.474785349711947902e+01
1.631378825494656226e+01
3.129022581690866289e+01
3.547127518062034568e+01
1.566538739007399039e+00
3.541213369738493100e+01
3.558096410203458504e+01
2.586664704835126471e+01
3.412964830438315289e+01
3.502024786809890600e+01
2.243038474489241807e+01
3.497539785510535637e+01
3.724955782182336606e+01
3.613393304312756982e+01
3.916729593962128320e+01
3.217214385176444580e+01
3.243858604864227857e+01
3.699687298475038943e+01
3.578604546974587208e+01
3.696652690485800719e+01
3.549314862268428072e+01
3.886440887479795236e+01
2.754189510832432575e+01
1.658927635314380034e+00
8.970645607870409322e+00
3.155589719901268708e+01
2.404369331370373786e+01
3.109074088927074087e+01
3.076238929677872846e+01
2.220446049250313081e-16
3.838696355867661503e-02
3.658558252774697195e+01
3.401831508475757460e+01
3.159527474710224126e+01
5.982607661500480289e-03
3.417915304280599287e+01
1.696895493829884316e+01
3.246870859237922957e+01
8.482111332187480812e-02
5.575844132078437099e+00
2.952739545783060393e+01
2.157980532877062650e-14
1.619944462462103019e+01
3.246886028271013203e+01
3.463439626111440361e+01
3.347689435448742756e+01
3.397285178035007647e+01
2.460811044916611579e+01
1.325661911987137564e+01
8.825055497521191228e+00
2.530707034076087325e+01
3.411959568120707331e+01
1.965540323012241464e+00
3.250004048587685901e+01
3.716438105841823614e+01
1.894114871737748018e+01
3.820504239474377783e+01
3.295919661544152746e+01
3.196431269667254682e+01
3.230412201056580557e+01
3.260017919880379367e+01
3.442312779105963472e+01
1.254972081602456768e+01
3.472614242196824108e+01
1.692455758949935785e+01
3.436890601148955682e+01
1.810313471736282409e+01
3.401690221556346216e+01
3.729511550239189432e+01
3.422619385966125805e+01
3.434296333200830276e+01
1.188811269632335410e+01
1.199134915391043954e+01
7.970997001788709291e+00
3.857672067077785982e+01
1.237723476320527638e+01
3.158329918455484986e+01
3.542562425375889035e+01
3.351358262777232255e+01
3.512648133505714299e+01
3.525497517133787539e+01
3.238481418506474796e+01
3.783890294044457647e+01
3.674112659339306219e+01
3.391151839374524002e+01
3.574072535546902429e+01
3.163284862060788427e+01
3.427430615595804397e+01
3.580833184495723032e+01
5.060627653507455429e-15
3.784494164884714706e+01
3.351198854491304502e+01
3.350017191582416842e+01
3.113051460301097606e+01
3.073568644290255136e+01
3.277972404741669976e+01
6.010123174705069508e-15
3.739249134019973297e+01
2.673371378754929495e+01
3.647697590870102147e+01
2.913817063190622036e+01
3.298773180594868393e+01
3.302514877116245628e+01
3.290558949644313458e+01
3.417933445023377459e+01
1.585736225962590396e-01
3.107387657452146357e+01
2.955857608460737396e+01
2.911923466479037970e+01
1.654746569417299584e+00
3.380841876440001670e+01
4.870755403483912183e-13
3.740317729905040522e+01
1.419329370935241030e+01
3.696465691082262595e+01
3.211368643655224275e+01
3.648036191858892098e-14
3.407894305883310437e+01
3.615914185918262547e+01
3.264711986076533634e+01
3.225328312223555827e+01
3.433843805184719145e+01
3.219989747905253807e+01
7.195397402327526068e-11
3.411874308926684307e+01
1.172443242325646473e+01
3.449972366768526655e+01
3.314356091113418046e+01
3.465644158091152605e+01
3.668484536068159230e+01
3.671523244534237307e+01
9.879485578468059970e+00
3.318255222372202695e+01
3.630949925650629132e-03
3.108053462971114200e+01
2.239180651668037569e+01
2.764947635941105375e+01
3.426529872672407606e+01
3.373073913772654464e+01
3.440681350806075045e+01
3.241313859791434737e+01
1.577479602117358759e+01
3.396887974257539611e+01
4.914037529874058841e+00
3.325624775316080672e+01
2.476101693210607380e+01
3.435966234945526310e+01
3.532708369840169382e+01
3.088202991773005479e+01
3.097324278169978484e+01
3.370218412041316469e+01
3.273650625597839792e+01
3.177096759568650697e+01
3.161699175714485932e+01
3.101532087580587671e+01
1.947981832734971519e+01
2.222005306406135361e+01
3.045340043823989973e+01
4.139759162600215899e-15
