3.022022903934478689e-16
4.001062399505482148e+01
2.220446049250313081e-16
2.220446049250313081e-16
2.220446049250313081e-16
2.220446049250313081e-16
2.220446049250313081e-16
2.220446049250313081e-16
2.952983844206751129e+01
2.220446049250313081e-16
2.220446049250313081e-16
3.425069438688282020e+01
1.322080861039267347e-14
2.119462306362800149e-13
3.379869268313428665e-16
2.220446049250313081e-16
7.304475791065743184e-01
2.159923556796173988e-10
1.029360494577362531e-06
3.104510332525578294e-16
2.220446049250313081e-16
1.929876900847510939e-14
3.609097984350736965e+01
2.745196988856829501e-01
3.428137520996281040e+01
2.220446049250313081e-16
6.918639456162004597e-01
2.220446049250313081e-16
2.556977858633017675e+01
4.332008718264437874e+01
2.220446049250313081e-16
2.220446049250313081e-16
2.843156355421389180e-13
6.032438749549809764e-10
7.550597022034576847e-14
2.976261046851527681e+01
2.254859583164091451e-13
4.345932821511097263e-03
3.600479892660706582e+01
1.318759930473753688e-11
2.220446049250313081e-16
2.220446049250313081e-16
3.862964367759533957e+01
1.362941764539368919e-09
2.220446049250313081e-16
6.137980762069553009e+00
3.196030947470806538e+01
2.220446049250313081e-16
2.220446049250313081e-16
1.089259225053574715e-15
2.220446049250313081e-16
2.997957599039854067e-15
1.622196476668566101e-15
2.678551129909656145e-02
2.220446049250313081e-16
5.783821458708677967e-13
3.967057622000347550e+01
2.974922703511228407e-16
2.220446049250313081e-16
2.270209726313533949e+01
1.530933442820077062e+01
3.649844313018711972e+01
3.327908278090431793e+01
1.874144969017278464e-12
3.834418582327374025e+01
2.629707336273414242e+01
1.429965696815235177e+01
3.043496687196372323e-13
1.036612801655817640e-11
2.086073075699031478e-08
3.805829489379735264e+01
2.220446049250313081e-16
3.537852125648049650e+01
4.057732562693548317e+01
1.391071546572240303e+00
4.024795646252385950e+01
4.053020916043453781e+01
5.265133371727472337e-04
7.023557954668597201e-05
1.148600212149302521e-03
1.422032956411023566e-14
2.304087948094327717e-15
2.734112158259850212e+00
4.254530839975743661e-01
5.098119060820385434e-16
1.317523418397091966e-15
4.356367665047907178e-01
3.770589925745375126e+01
1.917942917865506344e-14
3.456803402181375162e+01
3.988671315733255796e+01
6.711264668416919995e-14
1.637980215822530874e-15
1.662887807429968223e+00
8.284557301540542221e-03
2.220446049250313081e-16
2.220446049250313081e-16
3.192949521299957638e+01
1.140583583074459044e-13
1.627067572997923751e-15
2.084569169217511941e+01
2.220446049250313081e-16
2.220446049250313081e-16
1.241503593078039738e-09
4.224503564273843344e-14
3.444343955752104947e-01
3.211409350294709242e+01
3.276480568980234409e+01
2.220446049250313081e-16
2.220446049250313081e-16
3.202427716517173786e-05
8.883715023257268272e-05
1.729984603154963807e+01
1.731733688925102168e-06
3.319509249646958438e+01
6.110895226397162625e-15
3.846739651249291847e-01
3.865518014174902106e+01
6.315822436342360785e-06
2.999860369845658452e-05
3.550272140587168224e+01
9.883153431780331129e-11
1.885695810306208031e+01
9.422446321851684070e-01
2.308250441787056317e+01
2.239305057008125699e-15
3.313859126669664334e+01
8.195156844337782120e-10
2.220446049250313081e-16
3.873071517807153441e+01
3.602166188534527436e+01
2.778962730616003191e-04
2.220446049250313081e-16
1.370044214329548993e+01
1.436307358403646095e+00
1.679826524575610591e+01
2.220446049250313081e-16
2.220446049250313081e-16
3.210110042288835785e+01
1.272034828880280150e-09
3.651139891190094623e-11
3.525608902372847098e+01
3.313156136187973999e+01
3.660760929514378148e+01
3.877867216937369932e+01
3.985802400631472153e+01
5.892570616535576436e-10
2.220446049250313081e-16
2.988763264025721966e+01
2.297250568076912960e-04
4.764969788066658902e-14
2.220446049250313081e-16
1.419082061571665676e+01
2.102404552543692613e-15
1.939437152401754887e-08
3.944164239697302321e+01
2.220446049250313081e-16
6.687076862929217096e-13
2.220446049250313081e-16
2.220446049250313081e-16
9.994482375096926108e-02
1.315447610667222008e-14
1.914254401809068540e+01
4.561875592377928992e-16
1.917456761766586386e-08
1.653613770369576032e-12
1.079684376671577350e+00
3.700193174964190490e+01
3.497795324402430595e+01
2.825604084804237714e-16
9.442023619232558400e-07
1.733535730688213095e+00
8.132674803294535071e-01
2.626489122303670337e-16
4.814705946421234324e-15
3.699474516554766268e+01
4.649981773524702433e+00
1.210352181859884191e-01
2.220446049250313081e-16
4.161595322756060355e-10
3.702948814930176979e+01
3.700433265026726559e+01
3.729607987480894593e+01
3.748101393733029596e+01
3.686979011559059671e+01
2.220446049250313081e-16
4.098720560120550260e+01
2.220446049250313081e-16
1.698135307265801472e-15
4.015098980471739765e+01
1.453235519204817372e+01
1.066592882136529585e+00
3.980975544026177460e+01
2.026968812863177405e+01
1.161022969772930469e-15
3.989704418204433421e-14
3.685214175863464448e+01
6.836840823765643617e-13
6.132422206509512641e+00
2.220446049250313081e-16
4.118919362891664093e+01
7.253266700372400233e-02
2.738932363667055698e-16
2.191365992556965894e-04
3.764646030241579666e+01
3.950358761103722571e+01
2.101099398757065728e+01
1.327832724679022824e+01
3.690325126517873855e+01
2.622322568465595539e-16
1.821820427443728791e-05
4.147445908143849636e+01
2.220446049250313081e-16
1.108502976703944043e+00
9.474976004524201301e+00
4.045457214048966677e+01
4.315402173070607622e-16
1.821237601371948234e+00
2.220446049250313081e-16
1.060051574828210063e-13
3.672166875255470586e+01
4.062367435734075372e+01
3.623193161640598703e+01
8.874367338784581311e-03
2.311472469339242863e+01
2.220446049250313081e-16
5.691095060549941932e-13
2.817370582870439222e+01
3.742359670470143129e+01
3.912987668730530544e+01
3.437923570123637518e+01
3.713007966574926400e+01
2.220446049250313081e-16
3.993335871095231226e+01
1.882316031172094384e+01
5.385005957721552621e-16
3.917400085422774225e+01
3.474513736312311352e+01
1.134332019716405604e+01
1.335314040054723633e-03
3.293720502512615411e+01
3.923214251477467229e+01
3.749051893130333468e+01
1.889326452677415702e+01
1.204751238801421920e+01
2.820345108403500005e-16
1.247972971737939022e-12
7.654336347755948430e-08
4.019817721017965084e+01
8.588601951807468735e-09
1.625760504804630813e+01
2.600248491026599496e+01
3.515711594585275890e+01
2.517638405167236456e-15
1.693735769926055346e+00
3.457317559126440898e+01
2.867067124241414433e+01
4.557242552404635993e-16
2.771434097893778414e+01
3.627818644758309574e+01
2.220446049250313081e-16
1.106655958983421506e+01
1.055004830519397562e-05
4.058020560360087410e-16
3.441573068072374042e+01
3.929698570424359616e+01
2.485165394480479151e+01
3.573628923068638130e+01
8.100560633275154243e-02
3.861453645580213134e+01
3.565045253451248897e+01
2.882158046861260559e+01
2.944158951059464938e-16
6.003054721022835558e-05
2.220446049250313081e-16
3.538253612578301244e+01
8.112672900344346516e+00
3.998689336555451490e+01
2.429670126043193338e-07
2.220446049250313081e-16
2.703002975493662072e-02
2.897383746328868170e+01
3.402655083331655561e+01
1.404058541426134109e-13
3.632569558734727622e+01
1.146184029118552772e+01
3.864842363153299942e+01
3.875903187813566575e+01
3.771878165957346596e+01
3.660882976908071385e+01
3.583089008441248069e+01
3.775621280833014026e+01
1.930378927971466752e+01
1.672610970482513082e+01
4.785408086480831504e-12
3.740554959731761642e+01
4.000379485142207869e+01
3.777152285870287329e+01
1.727682932804705374e+01
4.978712456148189471e-04
5.633767825463597667e+00
5.624033699016439680e-01
3.675210180105729307e+01
2.005034608112767078e-10
1.378563914731222306e-01
3.791923238470097601e+01
2.730199400234121399e+01
7.552256315221606854e-15
3.577835908381826613e+01
3.584608287979052221e+01
3.774242986902552133e+01
5.759363072804759121e+00
3.900987603028809758e+01
2.879212920329114119e-12
3.620060629144190756e+01
3.691112626059524615e+01
3.671951270361881114e+01
2.908068837319530076e+01
3.755645581308209557e+01
3.452060333647053625e+01
1.104765516220454913e+01
3.486705239274800761e+01
1.183567569186010360e+01
3.402899345411938015e+01
3.531531336165448920e+01
3.944599551344081334e+01
3.146784484129292636e+01
2.220446049250313081e-16
2.086615950083431770e+01
3.996043716923881561e+01
4.121503373767119172e+01
6.883713285963596107e+00
1.914737680453799484e+01
1.899970511919763894e+01
3.642269890597333415e+01
5.698463095832466121e-15
2.241696774372975301e-05
9.314218392460166029e+00
1.100206494565467352e+01
2.229424834824398856e-14
2.881617843190286354e+00
3.712976559280631506e+01
6.553310106353404940e+00
6.672113636148140070e-02
3.088428753759277223e-02
3.569553340856257506e+01
3.449430245663698713e+01
3.927348256608255639e+01
2.965752988925180844e+01
6.616698731828423959e-12
3.378393499229417785e+01
1.238518624052147743e+01
3.393883140091493544e+01
1.265153758641056214e+01
3.885466370075975107e+01
3.787491487266089507e+01
4.763744958642943735e-12
2.147471996889238355e+01
3.388151831982104767e+01
3.810531699554220353e+01
2.438544647064465567e-14
6.749066496917864200e+00
1.140455291152877486e-03
2.156476852458506244e+01
2.353970813318314370e+01
3.456548321299895576e+01
3.474427128493117323e+01
2.921246933462197504e+01
2.554729268755699678e+01
3.814381436961240013e+01
3.853981787591345665e+01
3.546115063217068634e-06
1.570835638053670635e+01
3.428180761242198571e+01
3.597717488571781530e+00
3.567221038445274672e+01
3.303922913889578439e+01
6.728032335275279648e-09
3.622796038260471363e+01
3.783385160678610504e+01
3.039646725806036898e+01
3.783816082438126216e+01
3.460735818758484328e+01
3.563150088511047642e+01
2.855809363787370572e-13
9.767693454138846931e+00
3.684630624397374277e+01
3.630372549236178514e+01
4.783942892062444160e-15
3.548224367622059106e+01
6.151685862482627377e-07
3.497014486056391291e+01
2.261646100645296885e-13
2.677224225464301455e+01
2.786003241398972850e-16
3.893457727848148409e+01
3.703310893156793782e+01
3.332490821949073734e+01
3.578226803471603290e+01
3.349490084607531060e+01
6.851588412370886338e+00
3.611854770604525555e+01
3.086873757481718172e+01
3.074294892143123548e+01
5.361348000249136280e-15
3.762547367068800952e+01
3.843112678283601014e+01
2.946515715317665762e+00
2.390847421778946824e+01
2.781833539907369257e+01
3.887859630935128052e+01
7.733458027080845731e+00
1.959559725595013902e+01
3.108560012265010641e+01
3.645522756496424677e+01
4.414991182541676551e-01
3.792386704271030595e+01
3.466019495914370196e+01
3.669934582838424575e+01
1.641962777561153430e+01
3.580830565809094423e+01
3.479332699353384505e-15
3.599217837540002307e+01
3.426615243915519926e+01
3.801420743593408247e+01
5.368645384046291547e+00
1.739162008296728246e+01
3.325022590104674691e+01
3.821884613375245168e-15
4.034241145325315614e+01
6.896296936491124627e-16
3.572097370773241920e+01
1.573752527037527125e-13
3.892174904438938654e+01
1.336560520667583063e+01
3.379409737493314481e+01
2.969542702137854207e+01
1.990958360420377460e+01
3.209811014877557511e+01
2.220446049250313081e-16
3.343827309114638524e+01
3.832474411094213451e+01
3.653485752871399685e-14
3.135835815951110206e+01
3.603672075223295224e+01
3.708275530238091022e+01
3.364435874462478182e+01
3.773891106625477221e+01
2.616589124371016339e+01
2.348419669374622517e-05
5.802988368850471912e-12
3.144559307170190365e+01
3.076467309597603617e+01
3.691819667217025369e+01
1.003773923849251837e+01
1.476890090192050664e+01
2.251879129670852464e+01
2.830235084593568473e+01
4.973378135105213538e+00
3.923052094948997848e+01
4.123917688169228768e+01
1.144912080878813453e-14
1.810133838074109271e-09
2.628075870523524671e+01
3.602574149634856449e-07
3.674859932885555480e+01
3.439137004289837307e+01
3.956279752713626152e+01
3.167832766705702952e+01
1.855580039233149847e+01
3.033409908113222642e+01
2.518636311365232316e+01
2.200915158939726624e+01
8.454200864335555954e-01
3.804608992378950205e+01
1.507802170690270973e-14
3.642621655189906704e+01
3.029497718385128024e+01
3.560818145880579522e+01
3.510444946593867144e+01
2.084725529932124566e+00
3.899780139485394415e+01
3.625964955867630124e+01
3.794043218228561187e+01
3.482627843620778663e+01
3.140481015686057376e+01
3.102882088181911158e+01
3.167486070365600881e+01
1.660493463669626379e+01
1.231365383113800327e+01
2.983097193829352278e+01
3.586270550384971756e+01
3.582458674938105430e-10
2.311261614227364342e-14
3.660051784887748738e+01
3.737633578346491703e+01
2.220446049250313081e-16
3.867500606333508273e+01
1.054863701682158261e+00
1.132226206072219656e-14
3.663028041650800049e+01
3.467454484158297845e+01
2.214743748070708076e-02
2.914625780296065827e+01
4.176488822144271028e-14
3.689611169974601523e+01
3.782859120537443687e+01
1.879993982209997583e+01
6.825724813234998578e+00
3.281431803342997711e+01
3.114797051216968171e+01
3.511447361603247685e+01
2.594569453793657487e+01
3.499127452358827384e+01
3.788259444335751169e+01
2.082628030374897321e+01
1.758439154700892360e+01
3.709445359371558482e+01
3.776851532715878079e+01
3.831212034885848539e+01
3.207453342680653208e+01
1.420078174051133024e-14
2.065692606255796981e+00
3.189011071405746023e+01
2.211634531517388780e+01
3.739607676259220881e+01
3.673236985661425535e+01
3.524481183023478081e+01
3.490991094284554919e+01
9.611999018455875552e-16
3.740272826938575434e+01
9.237900582380009730e-04
3.593270761542807179e+01
3.719879096494110371e+01
2.061985878022472818e+01
2.100844089542493620e+01
3.689661430268999709e+01
3.571297866527496723e+01
6.944716073495685649e+00
3.618190131174768709e+01
3.731794035048192626e+01
3.442298433645547817e+01
1.362839334653425993e+01
3.550295711246766928e+01
3.634134156405610838e+01
3.307005119720897568e+01
2.105300194832717864e+01
3.581751618626823586e+01
1.535787956318824365e+00
3.710615424441811427e+01
3.787671690113504752e+01
3.544810112079969855e+01
3.736481009962306921e-01
3.661563582771836423e+01
3.779653878302865877e+01
3.487111359190282656e+01
3.340150523631360358e+01
3.364223836207649865e-01
3.030191712684562194e-02
1.727500083483937843e+01
3.505221413999455393e+01
3.267269001009854890e+01
3.524126952364182586e+01
2.220446049250313081e-16
3.332438611814588825e+01
2.192913321034019702e+01
2.695851379488487254e+01
3.989016228074509485e+01
3.513624476670234031e+01
3.092666411651129721e+01
1.779014946731391822e+00
3.837039220811021778e+01
3.637516812965404966e+01
2.959373413890448390e+01
1.809465855242468280e+01
6.851320269830392995e+00
3.659112606877685892e+01
3.690911753008251850e+01
3.819516168323208660e+01
3.575973346448208900e+01
3.579297684140086488e+01
2.008740122155939645e+01
3.718910883247274057e+01
3.450576487540402561e-07
5.734216676625230493e-16
3.104657063889629853e+01
3.187911289653411018e+01
3.717294483588907639e+01
3.956287653133605886e+01
2.069000730231265045e-02
3.518097005845936565e+01
2.630557866865659022e+01
3.746470300785471608e+01
3.803116469839091707e+01
3.036942861131243276e+01
3.749287061772479746e+01
3.680695496743657458e+01
3.397342942928194987e+01
3.264770067505933326e+01
3.377269688826567773e+01
2.511583625810039422e+01
6.970780703175583071e+00
3.610718929305385672e+01
3.564764618708957045e+01
3.160128327194986397e+01
7.736573450431571963e+00
3.873372891424038755e+01
3.939515533826299531e+01
3.340877826805071038e+01
3.492412134249791222e+01
3.186713787707557444e+01
2.810125116682502977e+01
1.595299420988207451e-14
7.452806459982311615e+00
3.580488629034144310e+01
7.442476103227990691e+00
3.582101987960840006e+01
3.544081145974577396e+01
1.391288745171368646e+01
7.254921999442925024e-08
3.787105443962974505e+01
3.327921985145864880e+01
1.188208485470016740e+01
2.829244251303957114e+01
3.118210753601165308e+01
3.829284874576305242e+01
3.058708436022220667e+01
1.174368403316623777e+01
3.760945634321138442e+01
3.638230945293476992e+01
4.854938719909143609e-14
4.192172815935383312e+01
2.169553704817199957e+01
1.033908409866571516e-14
3.722180848392957841e+01
2.757533405666448445e+00
3.623956390301486863e+01
3.224736498373388827e+01
3.504473832472269379e+01
1.504117307870883913e+01
1.700124189727995017e+01
3.250111911090171612e-01
3.674642777870440824e+01
3.189024051859105668e+01
3.519277792731801213e+01
2.490176710265622972e+01
3.535862751285002048e+01
3.629709438670144550e+01
7.583378342651451998e-02
3.502840195343000573e+01
3.423935627208926036e+01
3.766664802721798821e+01
2.038362749281887076e+01
2.304732518717397838e+01
1.917569427704501095e+01
1.124800023723753917e+01
1.867736039626901245e+01
1.118115996849177301e-08
3.625430457854462674e+01
3.687677963389903368e+01
3.111410020194133352e+01
1.731354980101481188e-14
2.505916759875959698e+01
3.438939833553627068e+01
2.676204217311466493e+01
3.404561778824312057e+01
3.460370453044627936e+01
3.560316142033199327e+01
3.131880199199241588e+01
2.865099229854810403e+01
3.584966168958226262e+01
2.980084999217406505e+01
3.530678559712131204e+01
3.305975522844958903e+01
1.306556133808969733e+01
3.390081326031758380e+01
3.742247062103462696e+01
1.407862563246117205e+01
1.111418137856348309e+01
2.214354268509542223e+01
3.619996195259076899e+01
3.566681129356604885e+01
3.543420680166921244e+01
3.605104206162981484e+01
3.619805931493213791e+01
3.473047193797772536e+01
3.707704053754358142e+01
1.006991850638602415e+01
4.122833487175409317e+01
3.612485775107906960e+01
3.571957653345698702e+01
3.472670202248381344e+01
3.583457528935629455e+01
3.555897493470664269e-15
3.631328864390918199e+01
3.183201971764721705e+01
3.890841822554431673e+01
3.595343570839441583e+01
3.428456280401808698e+01
2.965318314634623320e+01
5.215635584635129884e-01
3.694678943775645763e+01
3.611129782762758822e+01
3.226791910664344113e-15
1.956929290504969998e+00
3.411971238412011331e+01
3.446579412058250824e+01
3.668349722737860219e+01
3.524249489925781376e+01
2.786285958021591469e+01
3.886424164381657675e+01
1.100960569381054910e+01
1.282708820610487876e+01
1.985884895031070485e+01
1.592746797062451769e+01
3.450718372741318518e+01
3.808344398429529321e+01
3.172922187992752541e+01
3.550517099324506631e+01
3.673795902587485074e+01
3.402721923410265958e+01
1.836537461075025846e+01
3.778482536525265090e+01
1.272834762023893974e-09
3.377497935068026891e+01
1.481350714478785746e-01
3.467009064339409008e+01
3.759761664753048649e+01
3.750498244337746456e+01
2.705380212460309153e+01
1.702668815807502867e+01
2.220446049250313081e-16
3.310830124908598293e+01
1.660190598338698820e+01
3.086888121505150906e+01
3.699762794506216323e+01
3.403549211586945233e+01
2.868072325460813943e+01
1.512280731972202652e+01
3.701098625046953572e+01
3.602495595730561462e+01
7.809852653573337578e-02
3.650431940715834855e+01
2.921811854074832482e+01
2.940719252348653612e+01
1.116375804064512778e+01
3.786906370013666390e+01
4.154081250145182480e+01
3.720726807053740259e+01
3.571160446603791172e+01
3.527243822438526877e+01
3.672632848467360844e+01
3.282755976064564862e+01
3.689351966500702673e+01
2.616945137217221884e+01
8.761463225698048075e-04
1.150950000742993827e-14
1.758084054792152173e+01
9.202794097278285722e-04
3.886535976961929606e+01
2.801922952436416736e+01
4.480039244690237510e+00
3.568808619183151620e+01
2.487456876115095028e+01
3.596407702634149928e+01
3.322375145328771140e+01
3.584391918339230187e+01
3.716568462592936584e+01
3.662838006878912722e+01
7.001884929707919092e+00
1.459691324831926629e+01
3.448083379865364861e+01
3.111758382159051095e+01
2.805664123643795094e+01
3.497341836555718686e+01
3.643996651822118338e+01
1.091500411937401747e-03
3.477566333177046687e+01
3.541758262197618023e+01
3.257695895737257530e+01
3.422898484920388285e+01
3.649736468794714739e+01
3.527035402021243016e+01
2.182752597622265465e-04
3.651910233706006396e-07
3.258757377567328462e+01
3.449891070798827997e+01
1.165331204048177582e+01
3.494296307393557299e+01
2.981563415989917942e+01
3.577129461281515432e+01
3.204930232140357305e+01
3.559080817607661373e+01
3.390352630264985834e+01
2.767666932373953870e+01
3.498342002579346399e+01
3.679045756447737858e+01
3.156228631047539404e-08
1.052917421173679157e-14
2.190431397430335281e+01
3.598746581334870598e+01
3.469262891994786457e+01
3.848031754034802532e+01
3.812843221350485123e+01
3.645180289840511989e+01
3.184624646709841755e+01
3.643057998189656388e+01
3.575902407758260892e+01
3.377258223462474263e+01
3.468197312491997053e+01
3.458629560210133036e+01
3.677978657307882315e+01
1.685033361085417525e+01
3.744039935455296586e+01
3.080443485203777598e+01
2.873493862644717467e+01
1.825943829013245256e+00
3.427197027851469358e+01
3.679757802684511603e+01
3.210024202377155689e+01
3.307897416199623564e+01
3.416750371572121736e+01
3.774068154798025887e+01
3.499463572920299015e+01
3.612538448335923391e+01
2.552587634276179429e+01
1.538540381967764148e+01
3.228225431508074195e+01
2.029945717496880873e-07
2.711182810781159347e+01
3.774914798753935230e+01
9.085111059773064213e+00
8.876844857154963427e-10
3.760893300036498488e+01
3.712965794995071889e+01
3.168164625338122420e+01
2.478014299721838398e+01
3.186111976428042425e+01
6.590298929548742611e-13
3.723193520703526360e+01
3.458235935462406729e+01
1.009283119187101541e+01
2.999781563691832531e+01
9.116541203463187415e+00
3.414034866341354046e+01
3.326209959145584349e+01
3.791048710165362934e+01
1.629354837502584274e+01
2.999639462219185759e+01
2.977826435090503640e-02
3.302456154255901311e+01
3.379981443262722962e+01
3.494417183261223414e+01
3.514672426396337812e+01
1.887888278965875699e+01
3.292007093596003386e+01
3.500211150157681317e+01
3.169841543410755591e+01
1.740572005522608023e+01
3.105640439787552154e+01
3.500726063051560999e+01
2.607445645833015391e+01
3.429506414648444945e+01
1.899215755533573713e+01
3.549527055979380208e+01
3.583399834113819082e+01
3.493446053885413249e+01
3.670942485060817972e+01
4.480664187658468280e-03
3.280046512871651032e+01
3.274154394939773027e+01
3.635518637237915840e+01
3.654991445998995658e+01
6.506834336909235174e-07
9.273516459085010766e+00
2.023048401411770669e+01
3.615320744161582667e+01
3.709969548570605014e+01
9.965452259975810996e-15
3.814886431333692940e+01
3.061541351590177840e+01
3.583787830489163895e+01
3.621013135257597071e+01
3.562878738606465134e+01
3.299145775335406938e+01
3.268429746326825125e+01
3.539265225684940930e+01
3.557980489982241323e+01
2.081004995843685634e+01
3.512504922376254513e+01
3.481212655237840892e+01
1.631573398834230915e+01
3.713836476153790045e+01
3.687842696885543603e+01
5.113411540163377456e-08
2.095337056600273939e+01
2.798383865781504554e+01
2.872949040127680576e+01
1.852774080275598883e-05
5.648863677817838047e-01
3.227030530218610949e+01
1.393897887574868300e+01
3.300626753297756721e+01
2.444177485254716942e+01
1.759245513836670227e+01
3.309977684584243462e+01
3.404308422783246613e+01
3.346094355964089573e+01
3.008020442390854754e+01
3.665626384383658376e+01
3.992346083126928136e+01
3.327738745117878238e+01
3.586655629139666956e+01
2.959688813792115880e+01
3.371782059785157770e+01
3.537374641914646389e+01
3.807185791416490162e+01
3.629077063485954824e+01
3.367688791950434535e+01
2.799794985566918637e+00
3.765898367659430335e+01
2.500294606879755932e+01
1.282572911260442794e+01
3.322427508478578773e+01
3.475326945490497366e+01
3.306690729145675872e-05
3.676577383210222649e+01
3.299353010272129438e+01
1.850507053021447805e-13
3.603616487318409867e+01
3.380348603222322623e+01
1.236304547740241055e+01
3.040755495973702693e+01
3.337133120743730075e+01
3.500572947909391530e+01
3.518475993962307058e+01
3.183709121179773049e+01
3.396800362919683636e+01
3.490178011379528300e+01
3.131445511523483560e+01
1.979862124142975688e+01
2.797366617125215882e+01
3.565658552228103417e+01
2.705193266057311874e+01
3.646354883431261129e+01
3.225043900302745925e+01
3.269958938834875539e+01
9.710033412954090729e-15
3.536139062028087920e+01
3.536331936689647648e+01
6.060078884075531399e-15
3.405705016942950891e+01
3.593156141495533262e+01
3.453726906652136108e+01
3.081651945354417066e+01
3.477069500415773717e+01
1.500540758555903335e-04
3.618616506911069308e+01
3.574305168590059623e+01
3.213277065338668592e+01
3.648571287293645327e+01
3.467396540124333626e+01
3.209894668762854764e+01
3.263850876796374223e+01
3.420806147373736650e+01
3.260701823128228938e+01
3.279107235975567392e+01
3.163006447872668403e+01
3.395079550620763342e+01
1.744394692129015711e-02
3.254053482762650162e+01
3.260017416863023243e+01
3.236875174281395573e+01
2.200802056368982562e+01
3.540379676863280878e+01
1.164068379137317777e+01
1.736466388443461085e-03
3.463622102627613941e+01
3.043325718159702120e+01
1.619473959046306888e+01
2.608607420076235073e+01
2.504962740879503613e+01
2.148969687357249020e-14
7.440857999744069151e-09
3.417756975496040184e+01
3.454984142721601614e+01
3.442586397149997879e+01
3.645102459585236687e+01
1.321658876790539470e-10
2.167507735888428755e+01
2.240713031659463539e+01
3.198427941212205639e+01
3.456079447932165749e+01
3.470943894188970802e+01
3.540119688027222367e+01
2.556612631092605881e+01
3.241004535001620468e+01
3.246864702828180071e+01
1.847459709223379321e+01
1.067421410142728000e+01
2.056067770030074016e+01
