2.424488146648978669e-06
1.593952324121177369e-15
5.320913035353956211e+00
7.180999754007779258e-06
2.220446049250313081e-16
2.220446049250313081e-16
3.756292489398794032e+01
1.533291804077879369e-15
1.083634409118114306e+01
2.220446049250313081e-16
1.464245314212530778e-15
2.220446049250313081e-16
2.220446049250313081e-16
2.220446049250313081e-16
1.949375537396274552e-04
3.422688226974020154e+01
2.670596195101454384e+01
1.698358767029987919e-12
2.220446049250313081e-16
2.220446049250313081e-16
2.220446049250313081e-16
3.600327586417286341e+01
7.570260397061097379e-02
3.618160476043355800e+01
6.809152017913623567e+00
4.649692498172515620e+00
1.873665295759964049e-06
3.819550128053582938e+01
4.024364245566236065e+01
2.220446049250313081e-16
1.628868304234334830e-06
3.819950149802530098e-03
2.220446049250313081e-16
2.714562194184551913e+01
2.220446049250313081e-16
1.352918698759261126e-06
1.195236289995712807e-14
3.358792380185273885e+01
2.220446049250313081e-16
3.534638096646742930e-16
4.596654762159164232e-14
2.418509075672881685e-16
3.257521578554327983e-14
3.311196964184527758e+01
1.712176542963969230e-14
1.042067383313851297e-14
4.551680920115212501e-12
3.610210202092785181e+01
1.120204962384282743e-01
2.340700155762899410e-06
1.772213624932986420e+01
2.220446049250313081e-16
4.508190742897982928e-08
2.220446049250313081e-16
2.895047202910192769e-16
2.220446049250313081e-16
3.054844015540376745e+01
4.054125016951956439e+01
3.274987805887454018e-16
2.220446049250313081e-16
2.220446049250313081e-16
4.624042205196272626e+00
3.970160248504107869e+01
2.220446049250313081e-16
2.220446049250313081e-16
2.220446049250313081e-16
2.203075518406120992e+01
2.310520838564989177e+01
5.812356876859828149e-15
5.637058229306971475e-14
3.335602979231470755e+01
2.220446049250313081e-16
2.220446049250313081e-16
1.894016934099020128e-09
2.220446049250313081e-16
6.449314642007297760e-01
2.468575450704961954e-10
1.676273026161821508e-08
2.220446049250313081e-16
2.220446049250313081e-16
3.780892698227868465e+01
3.217234729345188310e-16
1.879395670546188070e-08
2.220446049250313081e-16
2.101019295519002082e-05
1.873243021822222328e-03
3.387068478795502102e+01
2.220446049250313081e-16
2.220446049250313081e-16
3.208327775104535107e+01
6.604790835159071685e-06
9.924866711117305992e-15
2.220446049250313081e-16
3.638366544701118954e+01
5.758788219747284799e-10
3.888180972056958495e+01
1.360924865416531521e-15
1.878418408932112627e+01
1.569036295842802176e+01
3.471463471781568769e-16
3.749596930318446653e+01
2.220446049250313081e-16
2.220446049250313081e-16
3.052494936949321414e+01
2.220446049250313081e-16
6.747564988909689469e-13
3.998484504218684066e+01
2.220446049250313081e-16
3.847323864470016019e+01
5.843697149870493490e+00
2.108476732136691512e-01
4.097713818401268447e-13
3.821599753101951080e+01
6.444793913996579717e-11
1.193219418121766651e-11
3.274535892154503358e+01
1.095214164858957923e-14
1.545728309953281175e-15
3.834995663372270513e+01
3.183940585417499326e-16
2.220446049250313081e-16
4.229354153306157826e+00
3.030043435123354101e+01
2.220446049250313081e-16
3.537188929109380098e+01
2.220446049250313081e-16
6.058807978306359615e-02
3.033758503313883914e-02
1.452372881393144688e+01
7.017301330123436820e+00
1.660173555232632836e+01
3.027706989420574502e+01
6.932140818297891638e-01
9.867173214025727335e-01
8.843321934326874967e+00
5.812731119643208544e-01
2.604434663380067150e+01
1.435185674679934742e+01
2.802284518116709933e+01
2.381760223826846926e-12
2.220446049250313081e-16
1.365058006014299704e-15
4.651867391850415224e-13
3.228651336999019605e+01
2.891977357789412295e+01
4.018906999355731813e+01
8.541523921944117248e+00
1.456369028576498525e+00
3.778803949366795296e-06
2.824434822598426820e+00
7.357758038586553972e+00
3.273300307488211303e+01
4.112440889048136761e+00
3.250452251041155449e+01
1.304583773960248626e-02
3.676918230920495034e+01
1.919314460558778634e+01
2.442899395660556255e-15
2.685339345883171876e-16
1.343990549276993995e+01
3.754519842491451698e+01
1.905081310161357518e-04
4.001257397694231344e+01
7.338046115022028637e+00
1.508305334088585781e+01
8.857964398436424795e-06
5.659730469958718757e+00
5.550569859146172291e+00
3.531691206609411182e+01
3.711195635009791260e+01
9.675231972005200090e-16
3.918264746248313912e+01
5.447518299010932985e+00
1.386593153721366711e+01
3.459704792179004329e+01
3.597507984588936125e+01
1.730373819584854544e+01
1.554458285244912830e+01
1.174834347925202077e-05
3.586648823535887942e+01
8.715479352345118192e-13
1.724801121851555408e+01
3.802627141748780559e+01
2.220446049250313081e-16
2.944983964553064995e-15
2.220446049250313081e-16
3.657679402105222977e+01
2.726202054314765277e+01
2.772959372460037031e+01
6.007003745530636429e+00
3.912518469830573054e+01
2.974034428303565036e+01
8.343393451764308466e+00
7.994824207486858625e-03
2.054575074104603161e+01
3.488364344385850302e+01
3.716872678032102417e+00
3.022013653532406252e+01
2.220446049250313081e-16
3.724765238288309632e+01
4.023999584236747040e+01
2.220446049250313081e-16
1.073774739463421446e-01
2.666873168552299234e+01
2.103261571270375189e-15
3.345121604047143649e+01
2.220446049250313081e-16
2.220446049250313081e-16
3.709933282031004609e+01
4.391383369024510408e-11
2.220446049250313081e-16
1.633864253803473332e+01
2.220446049250313081e-16
3.785113817365992617e+01
6.354473284713083814e+00
1.112022255158032635e+01
3.363799751857079912e+01
2.903564918917018178e-01
2.220446049250313081e-16
8.301048340769956457e-02
2.549222815339242487e+01
1.305563565444659702e+01
9.826985977391270411e-16
3.357126188402737910e+01
1.579341611122757572e-15
2.220446049250313081e-16
1.433077107309901813e-15
1.458829386476364176e+00
2.215690366685814705e-08
3.236127736178054448e+01
3.775164751508385308e+01
3.587093585133224138e+01
3.810287477229577779e-02
3.968580506046948386e+01
3.681715714879628365e+01
3.593612441721420225e+01
3.799161098253387792e+01
2.220446049250313081e-16
1.257173189399080904e-01
4.074389449801875429e+01
2.768910265002619653e+01
2.600804539877275001e-01
3.643607175099850082e+01
3.862795253690079278e+01
3.901364352916917966e+01
1.417107389912746385e+01
3.750880353354457952e+01
2.220446049250313081e-16
1.318573000423439788e-04
3.654615060342518262e+01
3.522019714408187951e+01
8.956614850606175793e+00
1.617436482525131280e+00
3.507052041110880225e+01
3.959758070812110731e+01
1.772914709056292182e+01
2.544306846172092307e+01
8.453533497706108930e-16
2.140622488335234102e-15
3.684978040625182416e+01
1.995313462502616361e-02
3.843542207065058136e+01
3.150373334491516084e-13
3.065895135998506049e+01
3.092365393731353507e+01
3.735661116749650290e+01
1.195804158847375565e+00
2.087020075900577254e+01
3.031586388103135832e+01
2.031494885866484879e+01
2.931405120319391600e+01
3.838888049614967457e+01
2.644579161724885908e-16
3.487673685816957914e+01
4.302424191586435853e+01
3.568495912747590637e+01
1.682064959385823129e-15
3.697068206331839235e+01
5.539415068430410883e-14
3.960793878332945894e+01
3.720490206032076230e+01
2.716326176985039018e-14
3.361289094538235865e-12
1.755557971782571158e+01
1.259810997110531083e+01
3.777160578478439845e+01
3.930836989114117586e+01
2.656880417537134166e-16
2.220446049250313081e-16
3.434028807280301976e+01
3.898814394741809508e+01
1.208553032419115247e+01
8.495131203801635777e+00
3.554101278578782086e+01
2.884063230240565545e+01
1.507896317530449578e-14
3.103638497221014703e+01
2.257121197935288796e-12
3.655289544821319936e+01
3.653516897415418896e+01
1.074621581254095837e+01
3.725814404647280043e+01
1.178054878397374239e+01
3.471303471780224470e+01
3.240476856862836286e+01
6.750685586116350612e-01
6.247579257140863263e+00
3.748317518126088288e+01
2.980417513954745345e+01
2.380883883220774422e+01
3.914338689330124055e+01
3.695830391442128329e-15
3.360842138566713544e+01
3.566049274332121399e+01
1.575800555081510090e+01
3.810138813660919510e+01
3.790275693508345256e+01
3.687823527051892114e+01
3.544507033526895867e+01
3.566916656091420634e+01
1.158075233856255097e-02
3.876667279656161469e+01
4.384887326341983185e-15
1.108460341993228937e+01
3.550472877431650431e+01
3.617052499397241405e+01
3.744666374949697740e+01
3.272840236206596387e+01
2.796234399382603186e+01
2.655531329460901173e-16
6.426943408331628449e-16
3.753643293474329568e+01
3.880131568846463352e+01
1.342452082009837433e+01
3.739973125180306823e+01
9.298192465530037298e-15
3.903033531426469575e-06
2.370678731648861515e+01
2.993141185270605312e-02
3.661389304467132888e+01
6.169190209223689436e+00
3.952771864988385004e-14
3.747367037048010019e+01
3.031721142667549884e+01
2.503883133959069340e+01
3.639019646362348936e+01
8.454715157673476505e-03
4.069800940750778363e-16
1.831279686557457254e+01
1.883455482103226686e+01
1.713786410271791283e+01
8.524409659244501470e-16
2.457133729980141013e+00
3.843539791762275826e+01
3.161875289859645477e+01
1.047415668109525596e-06
4.230421298234109884e+01
4.009768635404232384e+01
2.712474685472094649e+01
6.713632158896438932e-14
1.423993629894526869e+01
3.661468904960929649e+01
8.525151866796558957e-09
3.265998570079105434e+01
2.220446049250313081e-16
3.290657926999936933e+01
1.218657914270559495e+01
2.989062499562035313e+01
4.096111756349938560e+01
1.818817998891971306e-05
2.059777356949220817e+01
3.149984160380818205e-03
1.927724460773395521e+01
3.797848966405788218e+01
3.347042204945014987e+01
3.248352460598042057e+01
3.875464242567851159e+01
3.941830492967620359e+01
2.243299092605142775e+01
2.383090266664950139e-03
3.814084270116266850e+01
5.403770008827575047e-14
1.478930116980734409e-10
3.375508568325030723e+01
1.454713128503697028e+01
3.494212799920974533e+01
1.865050202082656483e+01
3.294136385508056719e+01
3.910345338372999890e+01
3.805049422914686374e+01
1.788130177832987400e+01
2.567384661421942482e+01
3.311442298033644960e+01
2.919360328616956712e-01
3.721706679611791913e+01
1.309341417462880663e+01
1.184017388285623899e-11
1.882444840747659720e+00
3.568235039899758476e+01
3.556796940267753371e+01
1.193433162818208389e-03
1.470953615116662938e+01
3.702934259510814030e+01
3.422659486393079220e+01
2.029260627867038735e+01
7.591228442425430340e-16
1.734291990141038924e-15
3.619810685028571129e+01
3.459859724358698685e+01
2.596402762422647825e+01
2.905618986061708718e-16
3.747545331442931626e+01
3.636655749324789610e+01
1.606778199619264414e-05
8.548745693397652788e-08
2.079008291606445979e+01
3.756685165202238608e+01
3.492825381718185440e+01
3.583569326873552541e+01
2.220446049250313081e-16
1.281901522715289459e-03
3.668573750033973411e-07
2.198719796964556394e+01
4.018302572718407428e-10
3.605525649219949713e+01
1.241084097878722703e-01
3.425850574101674795e+01
3.996308546542908147e+01
2.606807076713842264e+01
2.474143168372064494e+01
3.849184600115215460e+01
3.893034797005289960e+01
3.351861369932536405e+01
3.273234242028283347e+01
3.704986986238097302e+01
9.774013176129106066e-12
2.418847816693639174e+01
3.815951056476994552e+01
1.366846519422229456e+01
3.790349872761635197e+01
1.361796855929527569e-08
2.864707146248705172e+01
3.745828506190662921e+01
3.685699309742339835e+01
5.816414702851571583e+00
3.800917391335410400e+01
3.694108470949569067e+01
3.231373809686932930e+01
3.648879987713208806e+01
2.491363124144065164e-03
2.398737561533200235e+01
1.452662146039583746e+01
4.029249575283997586e+01
4.033987234338637506e+01
2.738514049309082943e-14
2.716546942481214799e+01
2.543548456133267877e+01
3.400518232622773951e+01
3.502232444755130558e+01
3.816315968516970258e+01
3.935927268929536638e+01
3.735459623610707069e+01
3.343600981946892148e+01
3.844018355265976794e+01
3.972784132847828431e+01
1.763203973048689122e+01
3.297057116639809493e+01
1.957277711493571104e+01
5.017186966109980079e-04
4.085889026543384261e+01
3.880944866528145099e+01
1.112217439698814125e+01
3.586502296140873369e+01
3.895667693987898872e+01
9.968494934175843980e+00
1.248157201189863308e+01
2.996615986216113114e+01
3.118749162239756956e+01
3.723310562314760830e+01
2.173014195435591844e+01
1.816310092273612042e+01
3.848154321439670866e+01
4.670836350884062563e-09
3.786818507699448588e+01
3.582125352094114135e+01
3.799418119093924417e+01
2.330362514613800951e+00
2.220446049250313081e-16
1.185120178204875074e+01
3.420823265268503377e+01
3.614645762928281414e+01
3.716932371723969908e+01
3.479421015979475129e+01
1.951757091813958667e+01
1.749240304320158198e-14
1.959231976523251397e-06
5.770554739935414013e-01
3.271675657165737050e+01
3.425657930549059671e+01
3.624069338743463931e+01
3.990072881435715146e+01
3.041305785527371341e+01
3.394420458693754483e+01
4.050497049945366569e-12
1.171552556590602201e+01
3.526550338664694592e-09
3.812587950407468185e+01
3.729601103296486286e+01
3.499925429449323833e+00
3.690861179578020312e+01
3.223934989104144222e+01
6.927190166294078244e-02
4.407369401686796806e+00
3.172458689858656555e+01
3.987032379467312637e+01
3.522883130837836774e+01
3.506890340709222897e+01
3.455662792303372299e+01
8.401585933156676234e+00
1.682458822780034680e-14
8.958023858230820480e+00
3.316221337796236668e+01
3.801422719900333647e+01
3.749698359589775265e+01
3.655174077273220945e+01
3.885422601953221289e+01
3.505765994174061717e+01
3.731760998371059657e+01
3.802195666174577582e+01
3.786214287917421473e+01
3.503927561366260335e+01
1.307897854652602199e+01
2.067037244141747045e-14
5.720461333914371060e+00
2.887788869614865916e+00
3.553205015149370638e+01
3.423993620529197557e+01
3.685168389624492136e+01
3.760819206931708436e+01
3.062118063735060061e-16
9.770737347988667665e+00
3.063099723642313066e+01
1.265199543691522515e-05
3.845012276483865321e+01
2.065096768212328371e+01
4.304013841989970501e+00
3.656900330175921709e+01
1.932658913353634844e+01
3.570380443662761394e+01
9.717923511694849026e+00
1.237959256866566449e+01
3.483800579625295057e+01
3.665285322374277399e+01
3.548787457104759113e+01
1.410273264418392358e+01
3.662352514377392509e+01
2.137462266883204975e+01
2.512627112828356957e+01
3.570238249089720028e+01
3.240571443602112112e+01
2.032774188294312889e+00
3.718134012691744061e+01
2.428711793761321047e+01
3.569261175924790308e+01
3.803489537595525150e+01
3.603717278871815921e+01
1.502315322478946223e-08
3.682777882720679230e+01
1.560892198502148531e+01
3.909736699815238836e+01
3.719747045924187745e+01
3.333701751896509791e+01
1.745489583130976285e+01
3.323202747137155910e+01
2.102461944168451780e+01
3.656360947179103249e+01
3.602237257154000361e+01
3.153538634092413773e+01
2.814821502248159035e+01
3.322526121072392868e+01
3.751684169700779847e+01
1.849964341517061488e-13
3.314628903959577855e+01
3.620266901515250169e+01
3.150801394499178443e+01
1.537423566525655336e-06
2.062288103284563689e+01
3.914580970801458903e+01
3.362421283624658486e+01
3.397887047646462122e+01
3.451651150822032221e+00
3.545637198537593093e+01
3.704592145488697952e+01
3.411191149992292537e+01
3.077085011980434005e-16
2.991655664432992623e+01
1.435110919151032682e+01
3.381623555330650532e+01
2.546899435379899757e+01
4.104043271556964356e+01
3.883810934666581005e+01
1.722630125371886756e+00
5.887496358448933265e+00
3.711169508972110975e+01
3.629922336046489306e+01
3.782910810534828272e+01
3.549647830932334358e+01
1.870023115212952192e+01
3.319812539438709820e+01
3.967316689842595970e-15
1.091307853750601531e+01
3.534683702452228715e+01
1.153013790620713086e-08
8.192083807605705648e-01
7.412189198432727721e+00
3.886702135469480623e+01
2.382393376766789217e+01
3.153281847466076826e+01
3.246291449642574634e+01
1.127725921142371596e-09
3.661591258651242242e+01
2.983186699339419334e+01
2.232054937364365443e+00
3.404230986072464304e+01
3.765382934368501822e+01
1.329325403858608720e-14
5.048824820091626269e-04
1.919030468307111548e+01
3.687007502347520216e+01
1.251755605157947748e+01
4.615028451536971055e-01
3.771729784095393256e+01
3.635836292286237637e+01
3.203217185226829855e+01
1.750427298197971382e+01
1.537980999822013750e+00
3.481374898678873109e+01
4.097711894042314640e+01
8.844537560455745902e-13
3.820143727345519835e+01
3.090568464905258494e+01
3.418885444113433891e+01
1.815579756001577394e+01
3.309832622712720251e+01
3.402056112935991194e+01
1.337338649222676068e+01
4.400759239946215651e+00
1.782252536707919788e+01
1.261979297603279093e+01
3.647393281384047015e+01
3.525126765433002163e+01
7.589957466636585437e+00
3.483722837707249198e+01
3.670838721813182559e+01
2.741769471246784917e+01
3.743527354434774423e+01
1.371787907921024008e+01
3.599292869656959937e+01
1.124352844691162216e-04
3.424919990834637673e+01
3.630599374127544365e+01
3.816700319361613225e+01
2.527463527208307070e+01
3.317678664812796541e+01
3.568538052061315824e+01
3.886783504602517780e+01
1.738350394245470582e-14
3.245994293219680316e+01
3.285906777733688955e+01
2.539378934333365123e+01
3.764390224043039979e+01
2.497160419281485844e+01
3.646148119435876822e+01
3.642903323932730331e+01
1.145439350580075022e+01
2.366084559497173601e+01
4.078019894275585422e+00
3.539485188608247768e+01
3.431374585784752185e+01
3.655965091154103419e+01
2.481161499734462413e-10
3.139706874306141415e+01
3.774660541448513129e+01
1.646939593017906489e+01
1.120322420247740780e+01
4.966622316760475955e-13
3.479678136354323215e+01
3.669794286142672490e+01
3.634389308323615353e+01
3.401644120408517580e+01
2.252740291579898368e+01
4.671999112034105117e+00
1.864786951288572134e-12
1.075117572858791500e-14
3.607008306564409850e+01
3.663248223870299825e+01
3.267179152729416103e+01
3.325096160045477234e+01
8.634133525809270182e+00
3.670078576486566391e+01
3.307287842292032565e+01
1.356741191446813843e+01
3.297276791812628005e+01
3.373980959785087208e+01
3.569298688387934249e+01
3.082709279789147416e+01
3.635882972666613711e+01
3.695113738120858926e+01
9.492699470973295917e+00
1.650319977325286320e-06
3.448932398388982534e+01
2.084657299541205333e+01
3.769369449210251588e+01
3.246562829724000920e+01
2.794624972030642288e-15
3.078580861747650488e+01
3.593658828555557250e+01
3.576865281801762109e+01
3.301826514369135879e+01
3.339638357259311618e+01
5.107255918755014773e-05
3.651985557597551235e+01
3.580199269034061871e+01
3.575989190190572486e+01
1.176968018839923502e+01
3.864178245291771674e+01
3.229631862466860071e+01
3.388314608359869595e+01
3.329039155793260107e+01
3.455181582945373009e+01
1.859735685569322783e+01
2.994794534609431125e+01
3.351627073066497076e+01
5.544258124838957080e+00
1.440054841039721545e+01
3.493638712367976495e+01
2.857645704460400893e+01
3.277279170711750567e+01
7.649026255908794703e+00
1.669065001902956575e-15
3.250626616250663403e+01
3.477102924557112118e+01
2.543443560811754622e+01
3.859898770096216225e+01
3.678195477739126318e+01
2.770279205536575873e+01
3.428548600669349611e+01
1.976700466342882004e-02
3.655860272966573632e+01
3.835622913124068845e+01
2.166852106174616566e+01
3.545560219964651338e+01
3.424707204298104557e+01
3.537790683851756057e+01
1.949921372514919682e+01
3.607291229571386282e+01
3.777003655551179406e+01
3.616571474604529612e+01
2.478010929903382831e+01
5.360425302239033130e+00
3.686974512050885266e+01
1.346861955428880897e+01
3.475404824475210575e+01
3.374778813631129282e+01
3.657741095331883940e+01
8.530096592826021507e+00
2.228061684973929957e+01
3.521629370378349222e+01
3.361482467752018310e-01
6.274166358789038611e+00
3.674960867205271597e+01
3.348855816033695021e+01
1.511857347827931847e-14
1.345417974046216791e+01
1.010819864276183111e+01
9.331877663786791288e+00
2.292593398995740728e+01
3.950308386521743896e-04
2.387270793646387901e+01
3.880334278245458535e+01
2.657741275815868676e+01
3.889160073371631654e+01
3.654159751527878086e+01
2.089582598586475015e+01
4.180405547339377005e-13
3.408259013414531324e+01
3.510940033731218080e+01
3.415641614992615871e+01
4.071388108030213715e+01
3.901035921243126836e+01
3.776308535714059644e+01
3.334548877259111777e+01
3.719738071529502577e+01
3.310532127578127870e+01
3.321615585347702648e+01
3.220427367628187199e+01
3.591599101998995280e+01
3.518054416732853440e+01
1.927465598695159343e+01
3.684335813969757112e+01
3.260044827156022507e+01
3.906234097466068533e+01
1.431094585527344475e-05
6.973582889271381523e-15
3.346990430292984087e+01
1.463851155978234608e+01
3.421777518933519957e+01
3.513508264994168684e+01
3.435557708919112940e+01
1.057933317069016255e+01
3.315442414785414371e+01
3.261937707533859054e+01
1.233077089370029356e+01
3.702370068040810480e+01
3.646430888677018345e+01
3.360502736281287639e+01
3.605825341728768763e+01
3.443449433011966931e+01
3.343270778351191552e+01
1.666612448488118403e+01
2.535807671587666690e+01
3.463400815767973029e+01
1.876531020028229268e-14
2.220446049250313081e-16
3.770586904997766453e+01
3.451992524720919420e+01
9.410929110557576749e+00
3.707052489794486405e+01
3.361171822966302614e+01
3.416236221923477245e+01
3.735428297415501930e+01
3.093355342983500478e+01
3.336912244393455751e+01
5.713238330362229949e-06
3.485131950086358898e+01
3.075526277798127237e-12
3.650213974638326420e+01
3.202608721584353191e+01
6.993739892094237250e-05
3.539540733041353349e+01
2.885156477885902859e+01
3.482121262660248107e+01
1.715348528142423490e+01
3.594693236582809703e+01
3.189199114523413670e+01
3.366183712777986159e+01
3.574945702863620056e+01
3.794051728236618004e+01
3.305376644117187368e+01
3.547789400600889564e+01
9.733212016120180721e+00
3.477902836407770337e+01
4.906114760423096577e+00
3.325185073544056280e+01
3.713674340973978616e+01
3.680229923703000594e+01
8.168728086633064933e+00
3.522417349590205760e+01
3.711196577127110885e+01
3.693390599561369214e+01
3.289919936280065826e+01
1.746372829800937865e+01
2.340473551159136889e+01
3.086268514061065935e-03
1.926056213443198217e+01
5.267871085414720916e-06
3.709992118191382815e+01
3.921733372147701147e+01
3.360278841828392871e+01
3.642218511162970174e+01
3.156831890674968832e+01
3.791604487593079398e+01
3.302018670562528513e+01
9.562662651246453649e+00
3.270307543338743983e+01
3.545452519077979758e+01
2.223767088862003906e-14
3.166823342224724414e+01
7.622685187298358322e-11
6.875882971420631540e-01
7.818882882129468692e-01
2.809496144638150028e+01
3.449104597786307380e+01
3.494082180010003214e+01
3.392640648176330842e+01
3.150993955773614275e+01
2.297165824000229506e+01
3.190118120864020312e+01
3.621492505211504920e+01
3.843815506223313250e+00
3.607497481249853877e+01
3.168522273051325300e+01
3.640524348866789950e+01
3.422972552280999992e+01
3.596718033045588925e+01
8.167778355959633529e+00
3.415264258632500116e+01
3.563624646386673334e+01
3.696624541807418041e+01
1.907843136899516083e-14
3.401142566802234146e+00
3.664925916877568568e+01
3.166960649644978787e+01
3.560580506673065315e+01
2.884700279234770548e+01
3.077872157685933630e+01
3.338783653110897376e+01
4.471842792711109293e-01
1.762056372112324673e-02
3.502995415697412795e+01
3.487467879238353419e+01
1.039099083693393287e-03
6.267009762781492910e+00
3.659459540527080890e+01
1.514920909050523790e+01
3.293428713375689654e+01
2.235651860058002427e+01
3.169409540180519613e+01
3.405309836313251992e+01
2.860308397727600394e+01
3.226713187437083974e+01
3.075205025714579321e+01
3.191841029325309620e+01
1.344075212832542121e+01
3.188945457431025332e+01
1.054539193831316729e-14
1.115407164807606044e+01
3.425232039696848574e+01
3.705887629176402243e+00
3.465659568676039726e+01
3.764199111996334324e+01
3.348738809567825570e+01
3.480455993867437314e+01
3.684570924812743442e+01
2.427994232198553703e+01
8.828731036613133134e-05
3.445943060823584148e+01
1.097223363342364344e+01
3.343148821477414856e+01
3.413182588740025381e+01
6.574842083069252463e-14
1.052641443875376481e+01
3.729356143461913575e+01
3.620791837056084717e+01
1.205985441190830798e+01
3.379597218996124042e+01
4.425729601812902888e-04
3.437649512866699553e+01
2.534929325892265339e+01
1.271714077961695555e+00
2.208678297153170433e+01
1.608897497898516973e-05
3.628699005497772845e+01
2.068317218019844717e+01
3.258796472281475332e+01
3.647758883542799424e+01
2.539650561573499488e+01
2.886906366246850186e-04
3.428793113162512896e+01
3.482982221259972988e+01
3.329302927156804515e+01
1.704956480369822813e+01
2.570326041330924571e+00
1.785298346526565538e+01
3.515532344412888932e+01
6.910716872125844290e+00
3.064209116644733299e+01
2.376211363137522525e+01
3.215920648399799120e+01
3.456166419588785743e+01
3.325069478587921878e+01
3.483825369820340256e+01
3.142107619011411401e+01
3.410806457074561138e+01
1.437594714566158949e+01
3.405854818535846817e+01
2.991513351527381204e+01
2.202655168059338919e+01
1.938518789869409886e+01
2.542804184266928047e+01
8.366876351817504222e-16
3.428933938802793335e+01
1.762981461693972562e+01
3.590141098428356514e+01
1.888934449616225564e+01
3.388329123192308145e+01
3.660084558123506326e+01
3.052896728482621924e+01
3.472335212390036929e+01
8.678210891891101397e+00
3.279716631865341725e+01
3.351195317834906717e+01
2.552338601196875700e+01
3.308799012565876296e+01
6.243992610396759346e+00
3.563513107479106878e+01
1.729093203874000061e-10
3.293733822650541043e+01
3.404124258032076256e+01
3.513603410780902436e+01
3.354881422653460277e+01
