1.914777659730301806e+01
4.402316068414743899e-04
5.841551231896630875e-06
1.988508611007991374e-15
4.643949711851375203e-16
2.220446049250313081e-16
2.220446049250313081e-16
7.049962749877246318e-16
2.220446049250313081e-16
2.220446049250313081e-16
5.255232309204645172e-09
6.171546362676614256e-15
2.034382650790056424e-01
2.220446049250313081e-16
3.833644052022220450e+01
2.579724102503248000e-11
2.220446049250313081e-16
2.220446049250313081e-16
1.365735805392617599e-15
2.220446049250313081e-16
3.167785952671713545e+01
3.603701348419493655e+01
3.710427829577717063e+01
2.220446049250313081e-16
2.164451231347690197e+01
3.448100644158942174e+01
2.220446049250313081e-16
2.719268381586479922e-07
2.220446049250313081e-16
2.220446049250313081e-16
7.677928022036128917e-13
4.330489289714032144e-03
1.034618087004761038e-14
9.450051934613585579e-12
2.400427244810901369e-13
2.220446049250313081e-16
1.811511540293076458e-08
2.111398069013145087e-05
3.146486520926024602e-11
9.499739782598134908e-13
2.220446049250313081e-16
5.748547371920344496e-09
2.094953180285611470e-05
1.218105922711420867e-02
2.273896145728608680e-06
1.381495922174541481e-14
2.220446049250313081e-16
2.220446049250313081e-16
1.250877695616217444e+01
3.616225713965291533e+01
2.220446049250313081e-16
2.220446049250313081e-16
5.205966370697364971e-04
1.360082987366370097e-14
2.220446049250313081e-16
2.220446049250313081e-16
2.220446049250313081e-16
3.625716818162318589e+01
2.220446049250313081e-16
2.767313594660497955e+01
3.741330747243311095e+01
3.525521702238446409e+01
2.220446049250313081e-16
1.744177259188864566e-08
2.220446049250313081e-16
1.571081865123473165e+01
5.380288490742146656e+00
3.087867195179455071e-01
2.756867848436527924e-07
3.369645606112744218e+01
3.917986413615382272e-14
2.220446049250313081e-16
3.052822120229574310e+01
1.237075005327366028e+01
3.032439382906569847e+01
6.358857309312205628e-16
6.659110326599352508e-08
1.993600347723086230e+01
1.072717689011473922e-09
3.438469484745933613e+00
3.155562033281738325e-11
1.303170349230009263e-11
2.018883740306732122e+00
1.106174168276156739e-07
3.173137899719276979e-07
2.973521559499615474e-11
3.332763662685514388e-09
1.366737815356695080e-10
3.995878988170557733e+01
2.230261358224548118e+01
3.588988655691987987e-13
7.736120297552040921e-09
1.304577569418594507e+01
1.204899419882672973e+01
1.509056984280507916e-14
1.808676733586457530e+01
3.837284094507017329e+01
3.831700664431141234e+01
3.545608034488189730e+01
2.220446049250313081e-16
2.791981727148745307e+01
1.816256122208206036e-01
3.858234535688314537e+01
3.932235658461520700e+01
2.220446049250313081e-16
1.108099785976143004e+01
1.035244582188284296e-12
4.394715565363235044e+00
4.260016001033633870e+00
1.018763393367414965e-11
2.578224551063002576e-16
4.038486738352861131e-10
2.220446049250313081e-16
2.220446049250313081e-16
2.220446049250313081e-16
3.937661375733390656e+01
6.130180353538692284e-01
2.220446049250313081e-16
3.823403712395431597e+01
2.272139830712119846e+01
4.817289129931427268e-16
1.724140760027131591e+01
3.913773313366840779e-16
2.220446049250313081e-16
3.945360995082955924e+01
7.507065922331664808e-09
9.343715595328373119e-16
2.220446049250313081e-16
7.352757732037848800e-16
7.471011867735041228e-10
7.816590996166482563e-01
3.453147870046363010e+01
2.220446049250313081e-16
3.597110076536441170e+01
6.511130163699567319e+00
2.927959434359708735e-01
2.220446049250313081e-16
2.195492108068016902e-06
2.220446049250313081e-16
1.594096097084606186e-13
3.497362204277655451e+01
2.220446049250313081e-16
3.006195058772762252e+01
8.753494972019554510e+00
3.169663738041504430e+01
3.739379186046706193e-08
3.689615735376573724e+01
2.220446049250313081e-16
2.220446049250313081e-16
3.823110807344188800e+01
1.351381998805338824e+01
3.223263374108223189e+01
1.919996995743408164e+01
2.220446049250313081e-16
3.652621796058585346e+01
5.573818886527219829e-09
3.969058118184640449e+01
1.927531581853781972e+01
1.300929234903041376e+01
1.996605545344467103e+01
3.219865050287008997e-16
9.236847675563938154e+00
1.535302993009746902e-15
3.344307155250577779e+01
1.509350301731908126e-07
2.251322361328492566e-06
2.208261347043032432e-04
3.751831463693693536e+01
3.539606946062515647e+01
3.977067589593934827e+01
2.962464007012278344e+01
3.832288526223315728e+01
3.847525739886398810e+01
4.051637570034607450e+01
1.654012489419428694e-09
6.930217452141609856e-13
2.410272851224324597e+01
2.825885838009626738e+01
3.954571340644727684e+01
3.097604440069396995e-07
5.761085347512753607e-08
3.427436570437890735e-16
4.432534509216009267e-16
1.298605226669272739e+01
9.253420574220003967e-14
1.000039051105641323e-14
3.361266376169421477e+01
8.665581474804478779e-13
1.797535660283667430e-03
2.220446049250313081e-16
3.331509791770595355e-16
2.153091466182201328e-15
4.001025333959555975e-16
1.936568960516265747e+01
3.067893384018966785e+01
3.052192076064284265e+01
2.534844943351959046e+01
3.244376658920909318e+00
7.916769156236616034e-01
1.910317945367176362e+00
3.061918752151658640e-16
3.183644697163443738e+01
3.659177823554320241e+01
4.518273482252091702e-16
1.116361209164970880e+01
3.899174787045880919e+01
1.720772391486467257e+01
3.059614633825841666e-16
7.615106352518265059e-06
2.220446049250313081e-16
1.069960130220046210e-11
2.220446049250313081e-16
3.722008981128312399e+01
3.117390040116420380e+01
3.459327486757000969e+01
3.709408844179918674e+01
2.220446049250313081e-16
3.772424340114932306e+01
2.387329218440094536e+01
2.752945033062615465e+01
1.658063479147081375e-06
1.989948711163865624e+01
8.204854142772669334e+00
3.026327494697099569e-15
3.773616376781198767e+01
9.978062013609666561e-03
2.530765377816213046e+01
3.542355871724592475e+01
3.906481759781213725e+01
4.900624725937448467e+00
2.918611587266216389e+01
3.687208544646649955e+01
1.233079370333337188e+01
1.072445415863259122e+01
4.657362140777030720e-06
1.049537580267542367e-06
1.797552273686364899e+01
3.644550827481259603e+01
3.750448283335110489e+01
3.828760277792748212e+01
3.445554873773000537e+01
3.510176388022112093e+01
3.469454707595623688e+01
4.039263490280536217e+01
3.063461575789527998e-04
4.062873756302574435e+01
2.220446049250313081e-16
2.921938948455855467e+01
3.384173555434310998e+01
3.935744009192006843e+01
7.385667568747726906e-16
2.767407963329673848e+01
2.856261352406652260e-15
3.043096594232385144e+01
2.874082998953271328e+01
2.220446049250313081e-16
3.534735240080375007e+01
4.753101674784293834e-16
3.224758529328362044e-01
3.875013746476793841e+01
1.257923319497488279e+01
2.486450286272020804e+01
7.731462952054522830e+00
3.850833219363038129e+00
8.789275599287684493e-11
2.577471924501904965e+01
2.137451206873167919e+01
6.301262728923908263e+00
3.034572512282057488e+01
1.576223682469669041e-01
3.579484520710514062e+01
3.872568406250427842e+01
1.535769599659536645e-14
3.725287170795384384e+01
3.430638359526997760e+01
2.558709454040626241e+01
1.597176914379922819e+00
3.593683229110040145e+01
3.647949952168917775e+01
2.433115684397442450e-07
2.334914636577558511e+01
3.461363063655741001e+01
4.207696636487504721e-02
3.961272315637475572e+01
3.732307616419691954e+01
2.438524967889039630e+01
2.381001037241506779e+01
3.661423534749356179e+01
2.220446049250313081e-16
4.112488117151644218e+01
3.572206482184700604e+01
3.607469444163547934e+01
1.531038889650921142e+01
3.772831787926067193e+01
3.728609199767959836e+01
2.220446049250313081e-16
6.405399220914300171e-10
6.308984498275396252e-11
3.305014460554444611e+01
3.814993160203727030e+01
3.781503463649048058e+01
9.442606563230768443e-15
1.635303518680940726e+01
2.493184837167675393e-12
2.726448830437708537e+01
3.853168613430979406e+01
1.018591314135638254e-14
3.138523845495646469e+01
4.100363703996092113e+01
3.292158012826775781e+00
3.439030076325351359e+01
3.692520987158363255e+01
1.660390441742061896e+01
2.022817897749589378e+01
4.035165844770244803e+01
2.624334449740993591e+01
4.029884731383017282e+00
1.588006029796831342e+01
1.464489838473961925e+01
3.705014391502757576e+01
1.027408349051823855e+01
6.044656187157699174e-08
3.896002304500016322e+01
4.211513462115607406e-08
2.605881391884923771e-16
3.827961264504990879e+01
2.535710207768639006e-13
2.708118925891002249e+01
2.389080331744706408e-05
3.807366946872236468e+01
2.220446049250313081e-16
3.230921962882502640e+01
1.417385468541150217e+01
4.578132103927475605e+00
3.820258409573878566e+01
8.417984851889126929e+00
2.245703346556912550e+01
9.608596066784420732e-09
3.878092614970200191e+00
3.739786556503729997e+01
1.774570257495862080e+01
3.060556182851416111e-16
3.035743587946827660e+01
3.582565953516985502e+01
3.937966593711340835e+01
1.915191487743351573e+01
3.955241815941055705e+01
5.144441776178851375e-13
3.165260712876369453e+01
3.657884929404971075e+01
3.462805402321602344e+01
1.053099401121334999e+01
7.864516056904609712e-03
1.205561739256860614e-11
4.827899625118975635e+00
2.220446049250313081e-16
4.084302672513458465e-01
3.466267930665945585e+01
3.694594381510599135e+01
3.580588709745113363e+01
3.587426575433111253e+01
2.164728543630472402e+00
3.913719822072397392e+01
2.962224839964896717e+01
2.087871751233639356e-03
6.202641494417206799e-07
3.729194766856684851e+01
3.840782946368045003e+01
1.341695654496369094e+01
3.657671342021517003e+00
5.781276151925063167e-11
1.229034174410378277e+01
7.790504056227426905e-08
7.391620635720469586e-07
5.039739436053351618e+00
3.646317523139320826e+01
4.019554012040952529e+01
3.971243556994787838e+01
3.702277988310010670e+01
3.616512407895785941e+01
3.476658218081450968e+01
2.483728294577518625e+01
3.489359094616308710e+01
3.660708932806090843e+01
8.161632764838934406e+00
3.518019013950953422e+01
3.600844788798606544e+01
1.232083416688629462e+01
9.215701027027259684e+00
8.673602745276454584e+00
3.266615661572726736e+01
3.770007374186076277e+01
3.273427399661875370e+01
8.612450051106895765e-01
3.443604951244542889e+01
9.084102579063108251e+00
3.165414200606404194e+01
3.578895079024515269e+01
3.282594542659054326e+01
3.089812184288861729e+00
2.715219180338846527e+01
3.534846260112136918e+01
3.768926416217420439e+01
1.289336927983911307e+00
4.082947924675442408e+01
8.224281452881585963e+00
4.271151140442786698e+01
1.459663034941297788e+01
5.441313735550708196e-12
4.055470316471301118e+01
4.163752670375764304e-16
3.593547939207276443e+01
3.319050149138902839e+01
3.997071500156998525e+01
5.978168349343571109e-02
3.401676634231267116e+01
2.683578188743867798e+01
2.341858782234405467e+01
2.540633549221076948e-16
3.444205003449713587e+01
1.157735256404132862e+01
2.514556541162245296e+01
3.933374451298485752e+01
2.787511934682379433e+01
1.525887548856245068e+01
1.621579312042848642e+01
2.298324424460719229e+01
3.807979282211756811e+01
8.504648108108757426e-07
3.432877910015037060e+01
2.276631716927504812e+01
2.373469105898141780e-14
1.359646687208726235e+01
2.618193509668471464e+01
8.170400591841751492e+00
3.574171901504607973e+01
2.911119261280838444e+01
3.659972947874037175e+01
1.870238867218114365e+01
9.683914922848332098e-15
1.431293158517279398e-13
4.116757612776725495e+01
2.344562729299563486e+01
2.809363489703805428e+01
3.864408578484953694e+01
3.983417145853915287e+01
2.242029223746045119e+01
1.269637094761653160e-14
3.419818381934640428e+01
2.220446049250313081e-16
2.022763097004136057e+01
2.165635154373554627e+01
3.876957459286003882e+01
1.886363783578834230e+01
2.325031288851717171e-01
7.871388994875617051e+00
9.934684096263719863e-12
3.717391465993920718e+01
1.973483584510768907e+01
3.929854045896472314e+01
1.253989733588661319e-14
3.477636277850348989e+01
2.195461356671918907e+01
8.659866083105515746e-04
3.136543974676017754e+01
3.548534507767431023e+01
1.633513065350162208e+01
4.672647198462954732e-01
1.488615740047236675e-11
2.511383984278717207e+01
3.569801350497154857e+01
1.576979190986029788e+00
3.967474862676448311e+01
3.303434257482296488e+01
1.854410007583116027e+01
1.147382685260528312e+01
3.737878706403223172e-01
2.776548210000606698e+00
1.725908248049861982e+01
3.799589588619716807e+01
3.420074964061308975e+01
3.383226818614867426e+01
3.559709717358573755e+01
3.642397604750625817e+01
5.120151595323793048e-01
1.570601194136876977e+01
3.380905435759872855e-06
3.549158526593069496e+01
1.242614537318165624e+01
6.714730032702428963e-02
3.388983759180761979e+01
2.325616928011675203e-09
1.807645486095086440e+01
2.396933933495701652e+01
3.735410661809478228e+01
9.687097861958007261e-01
4.396401594763701404e+00
3.681171083974668790e+01
3.642092420100379258e+01
1.829335108502256446e+01
3.896047061531123035e+01
3.203575164072790926e+01
3.723405957225478602e+01
3.246073212603710090e+01
2.413953641064716038e+01
9.875136505179238396e-07
3.473988368897855850e+01
3.609465441077350789e+01
5.146332164243666741e-15
8.383407229265895211e+00
1.185525774223335560e+01
1.397762804017751037e+01
3.016636365731520186e+01
9.218869289269036926e+00
1.405019045598649896e+01
4.849523574560160277e-08
3.894053371240726591e+01
2.935695914994360578e+01
3.243293828614799423e+01
3.566396486997747672e+01
3.879887729551724362e+01
3.612744693578203936e+01
3.851631991461377424e+01
1.355180167303569486e-14
1.001532864721081140e+01
3.635435578482357499e+01
3.211059654934577168e+01
1.557408131246569383e+01
2.429017463091874944e-11
3.516313856357309930e+01
2.454377705137008547e+01
1.411390620287212650e-03
3.371851514677237560e+01
3.323156679567721650e+00
6.935196910997207809e+00
6.702440090782310733e+00
3.180364206489850787e+01
3.649032550630973759e+01
3.512204187935014232e+01
3.576835544486717566e+01
2.885942666068112672e+01
3.513473061615275839e+01
3.418152057382898334e+01
2.858449490250063008e+01
5.771871961323847167e+00
3.745126752389406732e+01
2.549861779960570374e+01
3.512561651610208457e+01
3.416809210903426930e+01
3.409167793090068699e+01
3.704585695332486495e+01
8.463519006072937796e-09
3.615549351265918432e+01
3.654418090772078642e+01
3.587181140531028944e+01
2.128083460416628014e+01
3.612280185769059671e+01
6.478976444599743312e-01
3.284825927558308223e+01
3.711190068360112093e+01
2.839844538132000995e+00
1.162068078247248559e+00
8.339135165374194484e-06
3.738927310211363420e+01
3.860323222045664693e+01
3.722833433532410970e-03
2.943929218419035365e+01
3.705953187626409573e+01
4.454009391930703998e+00
3.841028505483288313e+01
3.572705130997280776e+01
8.360104601923279422e-01
3.169670227488441938e+01
6.095612798971922051e-12
3.752346834028828937e+01
3.796138958239757955e+01
1.137740664880749174e-02
3.524332847316292150e-01
3.501065060125090156e+01
2.630356873586390520e+01
3.591446316178618758e+01
3.949364086828119014e+01
3.147633480512964255e+01
3.148447871262545306e+01
3.565293478109244063e+01
3.105623714142643266e+01
2.780594049577088711e+01
4.071829801314384412e+01
2.071757283175692521e+01
2.875908406098749381e+01
3.628208345405441548e+01
3.601436062642038394e+01
2.242827150487776322e+01
2.403889953209847263e+01
3.539976291921356477e+01
3.299519479894712504e+01
3.944052399174437795e+01
3.546597264987077835e+01
3.685076488800270766e+01
3.316515413209896934e+01
3.583494007442222085e+01
6.251369216838591961e-07
8.067371498351677772e+00
4.664708214949030152e-07
1.639095882167814366e+01
9.945362385064061783e+00
3.583382526605922891e+01
3.457915663804154605e+01
3.454167952866903590e+01
3.216077044722712230e+01
8.839276732052571361e+00
3.336651319904493107e+01
9.598687855866065314e-15
2.745055787406302272e+01
1.093912963426060792e+01
3.747051649109469196e+01
3.750418840733829029e+01
3.598368048018856058e+01
9.990451173689812947e+00
3.393709074093580114e+01
3.570512640877290522e+01
6.063947588612267126e+00
3.938465190234709468e+01
9.019690399423673455e+00
1.926037598369702408e+01
3.669391435635223786e+01
4.036232011913159567e+01
3.764877108644616754e+01
3.769993879499342171e+01
3.815945622690379935e+01
3.428114016142315279e+01
6.790388449259965320e+00
3.655158573202819383e+01
8.922457532741139355e-04
3.660788483055151232e+01
2.425958688758518278e+01
5.478580138380245712e-01
3.106452183161194469e+01
3.280305826318929263e+01
3.769775743440816740e+01
3.673047033678262352e+01
4.352875779032351622e-03
2.406029400277530220e-14
3.423202402941590350e+01
5.186376936616993838e+00
2.034923591569542722e+01
3.194222576254348311e+01
3.550055759117680054e+01
1.055988450611217822e+01
1.266856540953363286e+01
3.077940232435741308e+01
2.359782353172493430e+01
4.026112686331104840e+01
2.549666895538044642e+01
3.806135261704710615e+01
3.626769052212112143e+01
2.673439534364087677e+01
8.136177703623712065e-02
3.315034359229409233e+01
1.260701886924911719e+01
2.298032383933235603e-06
3.687444164751888565e+01
3.903340304188640886e+01
3.071943634206694540e+01
3.519992065590023600e+01
9.392366993841084977e+00
2.465392419710292771e+01
4.134300095478262449e+01
3.558512601445576706e+01
3.440938335913608626e+01
2.030697265346697833e+01
2.946265320996627679e+01
2.374496950852917365e+01
3.632347921550218928e+01
2.702032614720135228e+01
3.241976832869782044e+01
3.775636324820049072e+00
1.845202758736632764e-03
1.701427616711933055e+01
8.380276974562733017e+00
3.734047153335386326e+01
3.525846564505777536e+01
3.554411584984346462e+01
3.523976551984029726e+01
5.400038508557306827e+00
3.515484309084323655e+01
1.672700511143625590e+01
3.504017992278642879e+01
3.694251199141530861e+01
3.638716257974277113e+01
3.129857486827041058e+01
2.935920807140154575e-10
2.609961362621742964e+01
1.131622734695654481e-14
3.049189291408170432e-08
3.521086344553114600e+01
3.710923022458256781e+01
2.701041409071488886e+01
3.529846595189906111e+01
3.604815448741653228e+01
3.527369520365221689e+01
2.773752941391126114e+01
3.256257866508295962e+01
1.920854251234649723e+01
1.652229928331830067e+01
3.953217452228538065e+01
3.213168091917894742e+01
3.578106589967156737e+01
3.690952457922654162e+01
1.733586899550537197e+01
2.806325643047521368e+01
4.887420394950160729e-02
6.937931296497418465e+00
9.511244007907057707e+00
3.646739156941595184e+01
3.664939669163193514e+01
3.705209105437140238e+01
3.298278482001187939e+01
3.559945559783970026e+01
2.955059400371772282e-01
3.388917742794507149e+01
1.332194231567204084e-03
3.205837445444679849e-03
3.764323875298141786e+01
6.199610411603879989e-02
3.369666412136998446e+01
3.499864921662668138e+01
5.302865586511258833e+00
3.340276673914830496e+01
7.235484730898267748e-15
2.777764698126598830e+01
3.572504738430941984e+01
1.514664136136581921e-11
3.575260941868125286e+01
3.710972362391267865e+01
1.168556263236215997e+01
3.118305553712638911e+01
3.627322976490162887e+01
3.386991254638892457e+01
3.721952796681225095e+01
1.941052181388816678e+01
3.837240948085597125e+01
3.740444026639171682e+01
3.678103031448680582e+01
3.120080811557610900e+01
3.598834259570150351e+01
3.550783960998143129e+01
3.671312887627983912e+01
3.130304611963457262e+01
3.726553353818273706e+01
3.211269313486963739e+01
2.192236545907629264e+01
3.351227145284909170e+01
3.573460709156262283e+01
3.210555233521850482e+01
4.509195963805926466e-01
5.349823319543483059e-16
2.247443193195726252e+01
3.618552266457439970e+01
3.736876901231833870e+01
1.680475201325857526e+01
3.468422515607429091e+01
3.253438216132356053e-08
3.406912530763470670e+01
3.402541678723148522e+01
1.831229525627633947e+01
3.383637737374315435e+01
3.723964681125733733e+01
3.737203523832286578e+01
3.686193372855546357e+01
3.978879480510835975e+01
3.373145567333868655e+01
3.557091841257206966e+01
3.475617759396484274e+01
1.784370089581688035e+01
3.626074224690491121e+01
1.228280729818739836e+01
3.795003356130844452e+01
1.071846840138771917e+01
1.834346970068098415e+01
3.857152204303091025e+01
3.656343373686329556e+01
8.962713195338649186e+00
3.333717716774843609e+01
1.957276788397445404e-08
3.554045120859078821e+01
6.365251066793802168e-09
3.629332111094023361e+01
3.677980424008084981e+01
3.333632916106877531e+01
1.201546616112768540e+01
6.198485575877658166e-02
2.307437178686271650e+01
3.244030881876083328e+01
3.649697799864717496e+01
2.691657086129095333e+01
3.765636957984437316e+01
1.196472997367068736e+01
3.046609648357948641e-07
8.733524628657604594e-02
2.995311751208395279e+01
3.295915426730216780e+01
3.494600596988779984e+01
6.458791300314618844e-02
3.764593283385152489e+01
1.162912591494949261e-03
6.090852797137710439e+00
3.394118791372112298e+01
3.699056366226010084e+01
3.421325821366893649e+01
3.596582748792391726e+01
3.432378770926181488e+01
2.353513857980958690e+01
3.846472362577030424e+01
5.646312805052222217e+00
1.983386615475824755e+01
7.198390858972274486e+00
3.551206813295543441e+01
1.587829194082210016e+01
3.377671179054635786e+01
1.494182902127571388e+01
3.043572049036951910e+01
1.126195354736811716e+01
3.045379413882398723e+01
1.816230615940101956e+01
3.587397578603843584e+01
1.992044571530655713e-06
3.370899315729787560e+01
2.568071370770595152e+01
3.532848464002191946e+01
3.621139244832989590e+01
3.708469195214967584e+01
3.811955407587251443e+01
3.760125929637640496e+01
3.467306031407784417e+01
3.577571624572290432e+01
3.657756000900815252e+01
3.634051318090429561e+01
3.366849891612402890e-01
2.015370455319990128e+01
3.492944740010750593e+01
3.220458954890418823e+01
3.424150561801388903e+01
3.421121503037477396e+01
3.573048598724417957e+01
2.897777892770249153e+01
3.272610945348368716e+01
1.348021019828533085e+01
8.753740776827843850e-02
3.414454828617787996e+01
3.847159367999892510e+01
3.203988214635917586e+01
2.063060728955675671e+01
2.855711671832404264e+01
2.103449763699422093e+01
3.511627172678418418e+01
1.835844846919999540e+01
3.554325003443423014e+01
2.632318493897232159e+01
3.224899167137629519e+01
9.597997418032521155e-01
2.328650143136466610e+01
3.521159757777910926e+01
3.638157558517051626e+01
3.467084615968965267e+01
3.016335449300827776e+01
3.440558208232872062e+01
3.641886901418798317e+01
1.708812411221408119e-10
3.700234364102907136e+01
3.162253768290010569e+01
3.669364537924619185e+01
2.023536248416491645e+01
3.592442170391367284e+01
3.141571867038826227e+01
9.860254656483219068e-12
2.343445441951093144e+01
3.321266673354857346e+01
3.597725524932672414e+01
2.904649849629491243e+01
3.181250287562938439e+01
3.676055944002806797e+01
3.451847189816664496e+01
2.424294881642595811e+01
3.872153789584605477e+01
3.659990958243256642e+01
1.996462717404794773e+01
3.300615045003488746e+01
3.006712234849731402e+01
3.537084748104899035e+01
3.516245180718320285e+01
2.877495302606832084e+01
3.505793364993844818e+01
3.268184172459257297e+01
3.566993065838385490e+01
3.463471030657118632e+01
3.706542442177783414e+01
3.207704426762167316e+01
3.663014143693454372e+01
3.300555481101554989e+01
3.439500163084053241e+01
3.000400831366988896e+01
3.474644323652345435e+01
6.812124734791628278e+00
5.645639862710012246e-05
1.628869854994215061e+01
3.670350513949455973e+01
3.355165211109359547e+01
3.384750650388374993e+01
3.976153600552667911e+01
3.222369045658921749e+01
3.563010982185335629e-01
3.073493889590720585e+01
9.917445115851446502e+00
3.382161103824480364e+01
3.476771038002309666e+01
3.567622711130829316e+01
3.688298382195819869e+01
3.372164539304567654e+01
3.114373341802362205e+01
3.289389184556247869e+01
3.232068237917915354e+01
3.175794874538468804e+01
1.899645128278644535e+01
7.826036821018503176e+00
3.212006209426345293e+01
2.556897773580544708e+01
2.288799206268875608e+01
3.634881239782203011e+01
3.092097862574473410e+01
2.473730150791923421e+01
3.351623148218880743e+01
3.641809824928074590e+01
3.335253408794237373e+01
3.130005877319390706e+01
3.711483344407279361e+01
1.870755618851876534e+01
3.495674076260655738e+01
3.220454181713564878e+01
3.943324344586307006e+01
3.160956327925353548e+01
3.122789589436735369e+01
3.339318254855769652e+01
3.488907171212963476e+01
3.585221219982680907e+01
2.400885349515657197e+01
2.992899731224012072e+01
3.465848283388791629e+01
3.434112934674958240e+01
6.741690463072633920e-06
2.997687126409870473e+01
2.816683008131552057e+01
3.333574422079305322e+01
3.532774491746567236e+01
3.352414401574621650e+01
2.781460132204754743e+01
5.676369961753343851e+00
3.395047790027852841e+01
2.957689798762236322e+01
3.334798619650722173e+01
3.097394022426669125e+01
1.680866479186282847e+00
3.436468454694900032e+01
1.007402707154204864e-04
3.429616360142340881e+01
3.401525673768496461e+01
3.197036446926054509e+01
2.542038718350476856e+01
3.537407291576283797e+01
3.142612396017084819e+01
3.591856147281536238e+01
1.853109261458723722e+01
3.639836850149283975e+01
2.515713470681883379e+01
5.098807941571153357e+00
3.360732486012344822e+01
3.790497068407122327e+01
8.509186148538391947e+00
3.410586800560790977e+01
1.576516960013974966e+01
8.343841292561140488e-01
3.659931867247180293e+01
3.590716093142798826e+01
2.593459413085331278e+01
3.244974835992962170e+01
3.580777306799880222e+01
3.011065172958441138e+01
9.722227587758853318e+00
3.508916196497218465e+01
3.526116555762244786e+01
3.664100252488925946e+01
3.490938895906317185e+01
7.014564617311233206e-04
6.722382861873740302e-08
3.214551763874936086e+01
4.698219897800917085e-05
3.454098832295239418e+01
3.416848611881347608e+01
1.480684998663581275e+01
3.394316801635880410e+01
6.293288496226960405e+00
