6.462747182931383678e-14
2.220446049250313081e-16
1.405997741989820268e-13
1.295757591113513077e-15
7.077704204262046676e-11
2.422234000033790258e-08
2.220446049250313081e-16
2.220446049250313081e-16
2.220446049250313081e-16
2.220446049250313081e-16
2.220446049250313081e-16
2.220446049250313081e-16
3.889062318570701393e+01
2.220446049250313081e-16
3.996104295624331826e+01
1.453836988348547190e-14
1.627223906380823913e-14
2.447515744659109161e-09
3.492207434602386661e-16
2.220446049250313081e-16
2.220446049250313081e-16
2.220446049250313081e-16
5.051008139770384098e+00
8.411849891433250665e-09
3.674334469815658366e+01
2.220446049250313081e-16
1.921461765960212353e-10
5.109428786164050351e-15
2.220446049250313081e-16
2.220446049250313081e-16
3.431823598624349903e-16
3.670948644301515605e-16
2.220446049250313081e-16
2.220446049250313081e-16
6.929625490737808871e-10
2.891422057489106718e-06
3.300912878623378362e-16
4.587759450165496830e-16
2.893485744288141764e-12
2.220446049250313081e-16
3.880710515929582982e+01
2.220446049250313081e-16
2.118282042857075709e+01
2.965132264206143731e+00
2.220446049250313081e-16
2.220446049250313081e-16
3.101448692546586372e+01
1.403143022561180902e-15
5.497625752536257515e+00
1.438545566725950131e+00
2.220446049250313081e-16
3.347615498731889971e+01
2.220446049250313081e-16
2.220446049250313081e-16
2.696242031379823466e-16
2.220446049250313081e-16
2.220446049250313081e-16
2.220446049250313081e-16
2.220446049250313081e-16
3.760497894459274448e+01
2.220446049250313081e-16
4.352332832646783167e+00
2.518579078705076313e+01
7.500361040172654112e-15
3.247068235521367424e-11
8.045420041816176397e-16
9.361171179456896141e+00
2.793627219217300706e+01
2.220446049250313081e-16
2.270647094771256639e-08
2.220446049250313081e-16
3.213838032298729599e-10
8.938775253324639221e-09
1.550070492745566554e-15
4.150967826139243231e-07
2.220446049250313081e-16
3.216553402037880005e+01
1.470270168321451289e-14
2.156186342461866801e+01
1.325349017677430282e-11
5.364100763056534553e-05
5.318894616083980742e-05
7.773325832668873071e-05
3.736000422229364659e+01
3.623303498766282615e+01
2.220446049250313081e-16
3.853252367047091553e+01
3.973382520621664327e+01
2.220446049250313081e-16
2.220446049250313081e-16
2.909889058623366661e-13
2.220446049250313081e-16
2.220446049250313081e-16
2.555477305772342689e+01
3.518287782236400596e-01
8.230627355827144775e-01
1.598758661148900551e+01
3.722404124316252005e-01
2.220446049250313081e-16
3.083132916510977140e+01
2.220446049250313081e-16
8.518630391181892573e-06
2.871692782739370536e-02
2.808556741345102018e-11
7.136854272787249265e+00
1.510208012443756548e-07
3.689905882314482710e+01
2.870150338663193238e-14
1.428874971017749829e+01
2.220446049250313081e-16
1.118288418212751373e-05
3.615454673969652788e+01
3.876273925330673364e+01
5.731194801165189617e-02
8.221710997134746609e-14
1.434167753232430728e-15
1.878014801289517965e-12
4.508330792552560156e-05
1.704097344924637714e+00
3.706437962201179914e+01
3.998788327658689923e+01
4.013510819997240020e+01
5.434121184535279048e-05
3.822742285050222932e+01
4.610575093169539280e-06
2.220446049250313081e-16
5.708321655326985991e-07
2.472670892916956298e+00
3.361217404922266638e+01
2.220446049250313081e-16
6.380229735838020666e+00
2.220446049250313081e-16
3.993104462799600896e+01
2.220446049250313081e-16
2.757437855291360765e-13
3.210402290952382742e+01
2.088887287167744589e+01
1.248012485050768609e-15
2.821882044638325852e-15
2.132228114859129064e+01
9.358263533713248705e+00
4.000216971863064686e+01
2.544720709123671210e-02
1.625494234546936414e-15
2.642821976934407988e-16
5.627475878746557252e-15
3.706637718153195493e+01
3.725134858929472917e-15
1.291033830496503398e+01
5.140295754908342245e-06
2.220446049250313081e-16
2.723248685223491854e-15
3.731928621173862837e+01
4.101299696382822901e+01
4.706768081573793464e-04
4.101646201348206233e+01
1.418432891238666116e+01
2.220446049250313081e-16
5.194237834650503594e-01
2.220446049250313081e-16
6.808722372408515499e-16
9.523231003911354744e-16
2.038845750083436670e+01
1.291165165120948899e+01
2.745851021586822063e-16
3.765732819715019275e+01
3.913388265901108554e+01
1.767083966445042245e-02
2.852876160575396369e+01
1.388344451834051494e-15
2.651059635171522899e+01
1.138388071063158258e-04
1.036554099532259534e-13
3.748361184422768133e+01
2.244209788191380161e-08
4.327044809732840508e-04
3.993074373766512508e+01
3.620264774090128887e-13
1.380948621261198502e-11
1.896562665961454064e+00
2.920838291650954233e+01
2.978828149782014734e+01
3.221653604825487349e+01
1.533566349087636205e+01
1.140827712814046531e-14
1.019374983713794869e+01
1.733258960316152530e-14
3.958732276191280765e-16
2.220446049250313081e-16
3.696040953362644643e+01
1.615682718233856254e-12
8.045000610060963453e+00
1.580945541714915414e+01
2.432346622754167598e+01
3.638399665503089864e+01
3.484386425029893530e+01
1.137666154857821255e+01
3.957396055348085184e+01
3.726104596085097143e+01
1.125408929431697888e-02
3.735845214570137784e+01
1.423937201828530119e-01
1.187789668094316120e+01
8.625015257461925376e-16
1.166323657391207829e-05
3.489173311467035887e+01
2.220446049250313081e-16
1.957898674942840600e+01
3.444432163967482552e+01
2.220446049250313081e-16
3.948242628375538033e+01
3.479061088514522737e+01
7.685357604939645704e+00
3.660943772375898675e+01
1.430166258510799437e+01
3.888712379629593840e+01
3.751547031443821822e+01
4.061244266450330542e+01
3.198308252563224485e+01
2.220446049250313081e-16
1.903624547545156309e-01
2.442414306614807198e-02
3.896458759426111840e+01
1.221351267182767784e-02
1.059525388949641293e-15
2.220446049250313081e-16
2.134785331405888674e-14
1.441547248859833985e+01
7.649181855019927534e-01
3.819072249158205778e+01
3.518356165017608106e+01
5.566742483162662247e-15
3.696373068846666854e+01
3.831575439962678331e+01
2.220446049250313081e-16
2.569728171267468753e+01
2.140299132864118548e+01
3.771058240724828181e+01
2.220446049250313081e-16
5.376201039249227354e-16
2.299415170197316982e+01
3.919178006283794247e+01
1.579688546454011977e+01
2.220446049250313081e-16
3.686141768860743184e+01
2.220446049250313081e-16
3.048553006804447563e+01
3.741722539100730671e+01
3.514557042278917720e+01
1.639122681321534269e+00
7.044287620378690384e+00
4.062970149272938158e+01
3.412786678691097109e+01
3.568983802046603415e+01
4.582404693541461405e-02
3.678891864665114042e+01
1.567214142469077132e+01
3.128447454735782535e-02
1.135890116925689586e-10
3.955183909154931854e+01
1.120442721468158354e+01
3.537637262168210128e+01
3.520045587945376298e+01
3.614630148084734884e+01
3.563463404921542832e+01
3.311057460612595804e+01
4.068221426642837457e+01
3.652678314281479288e+01
2.589638818046382404e-13
1.309341704857483002e+01
3.406044176528914136e+01
3.772537336552071707e+01
3.365818909300719497e+01
3.072607662312975307e+01
7.488867819373815764e-11
2.929645566637077970e-16
2.676440647122463847e-12
5.619388485140960395e-14
1.759557283315512066e+01
1.845971132465176723e+01
7.639128571077143069e-14
6.084970109931802244e-12
3.487760266906292372e+01
3.231382376543187007e+01
2.220446049250313081e-16
1.051645193888251162e-11
3.613375736772451319e+01
3.832900267612640022e+01
3.313585017580968639e+01
1.485560471967765750e+01
2.220446049250313081e-16
3.601658561634164357e+01
1.668988402571250362e-01
1.559058418077320773e+01
3.031163870504254376e+01
1.469593931317234259e-07
3.743166796670493110e-10
9.777971655656129968e-02
1.094513739101164082e-10
3.121526086647610754e+01
3.882907812061596786e+01
3.481619684163567285e+01
1.159578301285234259e-02
3.618988576788598266e+01
4.119170215377521060e+01
1.369210788980881688e+01
2.399924494490039140e-01
3.265699959122714802e+01
3.640545436959082792e+01
8.991267985280629205e+00
3.659979684005400458e+01
4.135208254595201538e+01
3.237780763826242492e+01
3.609250229566121249e+01
4.072894511646990210e-05
3.839224796748988666e+01
2.220446049250313081e-16
6.090348860662578757e-09
1.897178282634657975e+01
3.958702432580639652e+01
3.637119798693117900e+01
3.862585583026655911e+01
3.968127321195331092e+01
2.709645402843774005e-06
3.074122606910619027e+01
1.106708928160853489e+01
1.281876018617342972e+01
9.270699898612978274e+00
3.376897536184002568e+00
4.027242556315967903e+01
2.236515277378744671e+01
2.329908639577454817e-14
2.754756848057859386e+01
4.979640424445751081e-11
7.005843547684006965e-13
3.765962909431820549e+01
1.281145135967105930e-14
2.514870534132675672e+01
3.680480577115634588e+01
3.629082841480497024e+01
9.437197432155413068e+00
1.146273439110426366e-15
3.653241411939521299e+01
2.220446049250313081e-16
3.714933773579910081e+01
2.827105911001521577e+01
3.826278474024105236e+01
3.849307759839135201e+01
3.999455612192922871e+01
3.988932753269580189e+01
1.326829955298756414e-01
4.075210641755307250e+01
2.582154826788125490e+01
3.690483657322866407e+01
1.870710365450299051e+01
3.864603698652647523e+01
3.456761475385847149e+01
3.957084281948655757e+01
3.323705788528011595e+01
5.160338960799510932e-01
1.008991115967180718e+01
6.060826980840403611e-01
7.600269256003414076e-02
6.826682979007400398e+00
3.852589904374059415e+01
3.677123809754375117e+01
2.950992459228079001e-16
2.220446049250313081e-16
3.476351364789937293e+01
3.835820716737367064e+01
3.756695734844231538e+01
3.141054811076282860e+01
3.629585854330451156e+01
2.359429761543231763e+01
3.699350976092975139e-16
8.620409906172821158e-08
1.851975661825994734e+01
3.964339759637870486e+01
1.518565338657710841e-09
2.925596277005591972e+01
2.462823854999705020e+00
9.526800173480829415e+00
1.596835193981359069e+01
1.465863771141441241e+01
5.654179641879931995e-02
3.638445451774424555e+01
3.634943871445238882e-15
3.733725628878193703e+01
3.582790734246359676e+01
3.776299546760277792e+01
3.434320748416386238e+01
3.625842369747873306e+01
3.272705021645726475e+01
5.400903257033647265e+00
5.171714046762676796e-16
3.532258183837527099e+01
2.028809326964118395e-14
3.867011185948751972e+01
3.851871318804358424e+01
3.558624917156608092e+01
3.695048243191140358e+01
3.933022862011950593e+01
3.581740681840379636e+01
4.035880063169594610e-15
1.422163011990611814e+01
1.444929699525548017e+01
3.805360973696976856e+01
3.494783843564470516e+01
1.377100471763302667e-15
3.614341320013182468e+01
2.245028455094327580e+00
1.541530162593466180e+01
2.220446049250313081e-16
3.479966988132265016e+01
1.296586158186696805e-14
3.590073518524970098e+01
3.421705492490899303e+01
3.116939565184859973e+01
1.849958936396638975e+01
1.128488857542582788e-08
1.489948336606152510e-03
3.499320293368887747e+01
3.902950259014107104e+01
3.243569275999670509e+01
3.759862683372641357e+01
2.220446049250313081e-16
4.104739253570026136e+01
3.589902702258454781e+01
1.000699234656210690e+00
3.659798738419592468e+01
3.884699544571108731e+01
3.770351744546742623e+01
1.105188022305937781e-04
3.081876465904868212e+01
9.427130945257677113e-15
8.786730247091126600e+00
3.836956116428416408e+01
3.633827718822223154e-14
2.662286189243086199e+01
1.943089264117436699e+01
3.707702306387370328e+01
1.292335957904338972e+00
5.927194570848108665e-10
3.642718607515198670e+01
3.389313352932905588e+01
5.309813048889526929e-14
2.453168448123429002e+01
5.381474242179259296e-15
1.388284551863979907e-14
3.723001629590942230e+01
3.675163768899316352e+01
3.598090583974368428e+01
3.585722835315269919e+01
3.690580928239154446e+01
3.567119968342682057e+01
7.920250844106356825e-01
3.700461080187285745e+01
1.355159314448843944e+01
3.869724390582723572e+01
1.171909432119265701e-06
3.756310640623123476e+01
1.800950840605347025e+01
3.760775620735854829e+01
3.696002059590291111e+01
3.783242928456273938e-15
1.199842653563849915e+01
1.640262089353425434e+00
2.104954597828298191e+00
3.357059067540215125e+01
3.660416584930569428e+01
1.309841527868127287e+01
4.184005918234736754e+01
1.471974691561170090e+01
8.212423766484580057e+00
3.291517867735154823e+01
3.681825843320201130e+01
1.035376475249009109e-01
3.154895842427298192e+01
3.649031486477607444e+01
2.727944243302016930e-03
1.221308553311993977e-01
3.647203072884785513e+01
3.344462791444195204e+01
8.202598726554152009e+00
2.338881605776923678e+01
6.961782814666500165e-10
7.336827235352282983e+00
1.076265483835078740e+01
2.220446049250313081e-16
1.183296134302782134e-03
3.785250150621713061e+01
3.611507762355273599e+00
3.796150244952234232e+01
3.109182173465518773e+01
3.684778880851153815e+01
3.426509542032840017e+01
3.659096381766607209e+01
3.285286577002877806e+01
3.934252609495125341e+01
3.432814706463283727e+01
7.833306508613909536e+00
2.780606594767682793e+01
2.891826474882125453e+01
3.605510777068019479e+01
1.112751197156076977e+01
3.715803654122170485e+01
3.628833487512663680e+01
2.593985036717274537e-16
2.926659931880114840e+01
3.854554134015185696e+01
3.668435030403763619e+01
2.398333215199330041e-14
3.689223300067451561e+01
1.166668423827926373e-14
3.428689352999953854e+01
6.213704598626495178e-03
3.846628993414366704e+01
3.538812537451294560e+01
4.011472159676216620e+01
3.732506103814038312e+01
2.923951135261347553e-14
3.353328621887855121e+01
3.737857535028283631e-16
1.910233775969107128e+01
2.952941179457897647e+01
7.127921117177248966e+00
3.463780180986316992e+01
1.690920526010478264e+00
3.596076154490219068e+01
3.611610249289884678e+01
3.536871739906025880e+01
3.632522386963206884e+01
3.246393798754295545e+01
3.584133600694563171e+01
3.531554471538995443e+01
3.272331362436438695e+01
3.627588531603601041e+01
3.676407654161746308e+01
3.782497608266172051e+01
1.747672400465918940e+01
3.363691571622600662e+01
3.558475082447183269e+01
3.756759329988380358e+01
3.903763968900845782e+01
3.476633551447175563e+01
1.172629112243840976e-14
8.947310260475424215e+00
4.083769826892356747e+01
8.918613400642412259e+00
2.309509310448685023e-07
3.364075347969227892e+01
9.146674354934479112e+00
2.120101224712170307e+01
3.939290549212053349e+00
3.322171117178136512e+01
5.031057520478749545e+00
1.300740407347280403e+01
3.276882182603000615e+01
2.169718754149164042e+01
3.391522553609708268e+01
9.554235254865188381e-06
3.763832798244624200e+01
3.713946025642329829e+01
3.337148397637414377e+01
2.693098807887480106e+01
3.161271957236974117e+01
3.976596059810394479e+01
3.443206260824692322e+01
2.473084528313335144e-06
3.422969362503269508e+01
9.698383552185154435e-06
1.192662046763688899e+01
3.502647984975462236e+01
3.871144750714272931e+01
1.630853342618937063e+01
3.666999477177331812e+01
2.038024453552640480e+01
1.943478499981232588e+01
1.427214375931092150e+01
3.931690203662445526e+01
3.802038640687469240e+01
3.595320215266339403e+01
3.620270399242012616e+01
3.588924403425983911e+01
4.752850912095721303e-02
1.634878217018664870e+01
1.797227989445407204e+01
3.407078655923413635e+01
6.755117925089829484e-11
3.449038218381976151e+01
3.383175920646347379e+01
1.620258869454727524e+00
3.644265950260729880e+01
3.430671457708507432e+01
3.297425283761307213e+01
3.766790327232014590e+01
3.651771002663659260e+01
1.389816761664025435e+01
3.769498801152593614e+01
1.015418009655009476e-14
3.185693051837378320e+01
3.126063209264498965e+01
1.083123465607571134e+01
2.991697560149845003e+01
3.863493147778397940e+01
3.295090497333763579e+01
2.587044239644541932e+01
3.079522035888576781e+01
5.341650533422214525e-15
3.263048506775812285e+01
3.618056646057188885e+01
3.883016559998892347e+01
5.205183633634137053e+00
3.708083154253603908e+01
1.773386700456570964e+01
3.654269491523734814e+01
9.579444593654640627e+00
3.605400898273423138e+01
4.371754680529080368e-15
1.635891025337846225e-14
1.378669835572937252e+01
3.541587603144631657e+01
2.831644068932698488e+01
4.002195893154383555e+01
3.652976765202928533e+01
3.513720126139790523e+01
2.389221498078148187e+01
3.424108825977834414e+01
3.672637837103273739e+01
3.317805894996900662e+01
3.817857777722041845e+01
3.477968920036929035e+01
3.321518593460697133e+01
3.341340288539000625e+01
3.671956193345770458e+01
3.437998066608380299e+01
3.913603550168817691e+01
3.459521184725399223e+01
3.805965168582736169e+01
3.614571896648522653e+01
3.260912347712599768e+01
1.405781269532499500e-05
3.372043166261694580e+01
3.854502175470943115e+01
3.318740801207182756e+01
3.096491619383453298e+01
3.763655628044966051e+01
3.497431767957753124e+01
3.190512787055795485e+01
3.773186240720983875e+01
3.313703233920544555e+00
7.258985045731811248e+00
3.755525005365858249e+01
3.323819617709960994e+01
3.439168526982219021e+01
3.551525615897467958e+01
9.863750725289836652e+00
3.655680746841360929e+01
8.834852567061172834e+00
3.736473550647403385e+01
3.533966733760556878e+01
3.365169159885697781e+01
3.695117175189959369e+01
6.259131773603023419e+00
3.087747156242996027e+01
3.749092494749839943e+01
3.454411481032714448e+01
3.599665570103078238e+01
1.806302152233805073e-14
2.886190342071788351e+01
2.991020362990086667e+01
3.556132135675179740e+01
4.027713524734024553e+00
1.415847772750732189e-14
3.788361956560617472e+01
2.645146438979051950e+01
6.514075207317287204e-15
3.403305730272415985e+01
5.266713057492707835e-11
3.806678131652378738e+01
3.460086071479891245e+01
3.557209925407598661e+01
3.138458385940692352e+01
3.693512108767218649e+01
3.638581875968542789e+01
7.091514634656438609e+00
3.581027100897497917e+01
6.636752840416227706e+00
3.679478187814254397e+01
2.914986924031804521e-05
3.354370992564390974e+01
3.843160780254053321e+01
4.000098904245717080e+01
2.661576046081580537e-16
2.223601673018454150e+01
3.556037233993932034e+01
3.947791388955751302e+01
3.696052219136058170e+01
3.670846070812502404e+01
1.793686802944846548e+01
3.433103872414867652e+01
2.981876414392560548e+01
3.557323554538662336e+01
4.258256749704190547e+00
3.302978193585376232e+01
3.635017792233698941e+01
1.094548491420075109e+01
3.629851641014428054e+01
3.678252019268122552e+01
2.634660400875435116e+01
3.642304738446838286e+01
3.926810086381092191e+01
1.883784097092080279e+00
2.848310032388391733e+01
6.929456769860597998e-01
3.601666260254947360e+01
8.930754261359921496e-15
3.126889196760541978e+01
3.515784452086967349e+01
3.578758774665048747e+01
3.813593131692339711e+01
1.280305899863366097e-14
3.612665977475619883e+01
3.466590800698410391e+01
3.537103596796207938e+01
3.413455489420837097e+01
4.453493314301509853e-02
4.717725559589230205e-02
3.421923713347369045e+01
3.227451338954540461e+01
3.062919121699694358e+01
2.438017116258612560e-01
3.506868259281917233e+01
3.491061191616003612e+01
3.608535188242010605e+01
2.660569266528372978e+01
3.374307578691686871e+01
3.479089021019281347e+01
3.544403846586958906e+01
3.425304582638118944e+01
3.716976150137690382e+01
3.759829042469164051e+01
3.422895164406764934e+01
2.514248817368471123e+01
6.099024823658788711e-11
2.340916883982463403e+01
3.527599813595136169e+01
3.622006938088823347e+01
3.413975475047387675e+01
3.847505975541650969e+01
3.344565582787870994e+01
3.649036132710030955e+01
3.465828154269975414e+01
4.639231870521133889e-09
1.552540728008917270e+01
2.003633648397580203e+01
1.122470706806414320e+01
1.544311388523052742e+01
3.593713764090542639e+01
3.490849657821372887e+01
3.424497140289285824e+01
1.899707729740385176e+01
3.930214366801540393e+01
3.864539242954706566e+01
3.595623910510483512e+01
2.926558581473000828e-04
3.613882851783028372e+01
3.324559268908525667e+01
3.511523435541235472e+01
2.339200775821444722e+01
3.701018712494401797e+01
3.459906075492590816e+01
3.256729042471258850e+01
3.945120522726587353e+01
2.411975339852026323e+01
1.352523004382789296e+01
3.331071004446143036e+01
3.630009136742582143e+01
3.674954822721509373e+01
3.487451695209911406e+01
3.527878057693926905e+01
3.404057896152383478e+01
3.756429086649418281e+01
3.849255711972097771e+01
3.221387911159846595e+01
3.663349471480749742e+01
2.220366820962973164e-01
1.238464914722881183e+01
1.688840528042037192e+01
3.611287144990471631e+01
3.574467586213273051e+01
1.671645288529706974e+01
3.332311295515191318e+01
1.842540095348295637e+01
3.104287107375778376e+01
3.880774887731624290e+01
3.387626509434147692e+01
3.906467603489060991e+01
3.608817152675627682e+01
2.905752741417836305e+01
3.618648688140508796e+01
3.601550476283176039e+01
1.727005831062969321e+01
1.318538947544571016e+01
3.348985328988058541e+01
3.564909636153569750e+01
1.008001107981394284e+01
2.794981359130902376e+01
3.334869456030831003e+01
3.874169849026582568e+01
3.598131791578085625e+01
3.916059776265292165e-07
3.536366235509397171e+01
3.455293812508669760e+01
1.090202532170592953e+01
3.457270921039355471e+01
2.183938417452928604e+01
3.104789835343863658e+01
9.382993450904361765e+00
1.557268110041938602e-01
3.391255957985907088e+01
1.819854507221193884e+01
2.745419669727730394e+01
3.962083269792906037e+01
3.101051025862170363e+01
3.247899329368048882e+01
3.303814635846956804e+01
3.081238709856944880e+01
3.630310104296769680e+01
3.195072395434680601e+01
3.302270146069977130e+01
2.571036835034045964e+01
1.903643405820096035e+01
3.508593812904739906e+01
3.598067065911575924e+01
8.554423313900550997e-06
1.617364717351382808e+01
3.468278106078565770e+01
3.566056989476349770e+01
6.708110529581964004e-10
1.118132040760705692e+01
2.125035404435711683e+01
3.699373501622458349e+01
1.771935774673200470e+01
4.007953884798343580e+01
1.197794238998127803e+01
3.228350251996067755e+01
2.233138015944849997e+01
3.540710619711538953e+01
3.583923277167458821e+01
3.348099512595730798e-01
3.113171606329725449e+01
3.603448598995061047e+01
3.357749075602595212e+01
3.636566368513177139e+01
1.588753871997022671e+01
3.402380152800422053e+01
3.387847295829531191e+01
3.465154902337531695e+01
2.467976516144332777e+01
3.785965416451047361e+01
3.508103371067827680e+01
3.682621440661534251e+01
3.416857503099648596e+01
3.484335095733808885e+01
3.380935568780727607e+01
3.351286093323650306e+01
9.645650160853577390e-03
3.137734014221895862e+01
3.325490606075457123e+01
1.556745273250992945e+01
1.341414943392364378e+01
3.395409076534549087e+01
3.102146938534261267e+01
3.354197328422056756e+01
3.606367044921788789e+01
3.151872433126306206e+01
3.492340171024977025e+01
3.360440319277085308e+01
3.462916763706077461e+01
4.750653195443343968e+00
2.786820208803946031e+01
3.626527718267843170e+01
3.658995846794122997e+01
3.184499067291604746e+01
3.626676505398159378e+01
1.080426410479154775e+01
2.173038094925875185e+01
3.257067170207697870e+01
3.246282664285963193e+01
3.691673411749718525e+01
3.115651677108094120e+01
1.126055009546535857e+01
3.740759219764412080e+01
3.527708423330026477e+01
3.486784082533561957e+01
3.781704579410043010e+01
1.653204232376920757e+01
3.248116021413783727e+01
3.439104624656681608e+01
1.617716208012140910e+01
3.534549300724999910e+01
3.722761825218216103e+01
2.255264791506577282e+01
3.479870313316316555e+01
3.095752755171639592e+01
1.069483894400634183e+00
3.467420670974846075e+01
3.524831935966611240e+01
3.272743871304481189e+01
3.583711754432705021e+01
3.665504819332020503e+01
2.978093107545528184e+01
3.588279652237353901e+01
1.120811008035061995e+01
3.539219152519815026e+01
3.006873932931344484e+01
3.883873138389062519e-06
4.681547033395795990e-03
3.821677168880245290e+01
3.464843529066110506e+01
3.175143831153517482e+01
3.311785482587485774e+01
1.472065619931574950e-14
3.463429561464429440e+01
3.368284515961570946e+01
3.345303597195063361e+01
3.539613858306214667e+01
3.170045018592408681e+01
3.474141219086786947e+01
1.127019640586794580e+01
3.647558953329643572e+01
3.071723030962425227e+01
3.430563070790097413e+01
2.889161520101136698e-14
3.222810303794687314e+01
1.886500960641761537e+01
3.059907779089576252e+01
6.860751975940348579e+00
3.451955619592062163e+01
2.288285782412960145e+01
5.289895091944673000e-01
3.486152222445233662e+01
3.418689241586530159e+01
3.223670495962918636e+01
3.403870822313889022e+01
2.886788824792631658e+01
3.127243112431104197e-06
3.532177323541902325e+01
2.190699632303071809e+01
3.502847289340423487e+01
2.435841612189931027e+01
5.783456258792474713e+00
6.049276736976103126e-06
2.858953739793165028e+01
3.290945591049896279e+01
3.455304523911874526e+01
2.761157681165700239e+01
3.416845653343631994e+01
2.042579361438187391e+01
1.241230648710193130e+01
3.572404726196761970e+01
3.110934568165746938e+01
8.660482294011636384e+00
2.220446049250313081e-16
1.031734233676348644e+01
7.427580509630343775e-01
3.213835793110401795e+01
3.616782013603526735e+01
1.951335318396865048e+01
3.182894297691689900e+01
3.479047769595282347e+01
1.575698549918070768e+01
1.170732599605978130e+01
2.861926677259445384e+01
3.564863167185473003e+01
3.512579113482971849e+01
3.410694814804270436e+01
1.034506023635553262e+01
3.787653716411930560e+01
2.334226800102011623e+01
3.451772338154507480e+01
2.481325484283789251e+01
1.209227221193282057e-13
3.358842698690544637e+01
3.380220413563952775e+01
2.410065483726194557e+01
3.645969195569853127e+01
3.446700054332988117e+01
1.881469462461354780e+01
3.448817888228645501e+01
3.592740289614811644e+01
3.570737472183973438e+01
3.647752020818899155e+01
5.706218968243399914e+00
6.931688925026521183e-12
3.123894980997130233e+01
3.284494093576316232e+01
3.185213944959749810e+01
1.912296639557089506e+01
3.413086115243337559e+01
