2.220446049250313081e-16
2.220446049250313081e-16
2.729666072366896640e-16
2.177550397688349548e+01
2.220446049250313081e-16
2.220446049250313081e-16
2.220446049250313081e-16
3.470867549408053776e+01
2.220446049250313081e-16
1.614076486691802370e-15
2.220446049250313081e-16
3.141883507379771956e+01
2.220446049250313081e-16
1.746116540331994689e-14
3.930803868817374536e+01
2.220446049250313081e-16
4.799343878936686458e+00
2.064056893088044369e-11
2.220446049250313081e-16
1.300849263890688334e+01
2.220446049250313081e-16
3.650814859605387852e+01
2.220446049250313081e-16
3.772367005771672631e-03
2.220446049250313081e-16
2.725388085973321973e-16
2.220446049250313081e-16
1.424405850762017423e+01
2.192925812484500270e+01
2.220446049250313081e-16
5.941876993225966537e-10
2.772978032107053401e-16
8.435463698659807970e-14
2.220446049250313081e-16
3.875532643067877814e+01
3.708467728241527794e+01
1.157804560164990383e-14
5.258586081360586029e+00
3.338278501256943542e+01
4.273207210189461691e-16
2.220446049250313081e-16
7.223675687105377517e-03
2.220446049250313081e-16
3.867587647592191047e+01
3.740519072027184677e+01
8.028251277405168196e+00
2.220446049250313081e-16
2.220446049250313081e-16
2.220446049250313081e-16
9.389259688885399635e-01
3.459036233458580512e+01
9.512138646866241665e-02
2.405545664119295129e-04
2.220446049250313081e-16
3.492247188588725493e+01
1.756974306587391514e-15
2.220446049250313081e-16
2.220446049250313081e-16
2.220446049250313081e-16
2.580854805194155333e+00
3.008601965837754168e-16
5.984515433533878637e-16
2.220446049250313081e-16
1.130651208235048862e-13
2.652190285842206033e-07
2.220446049250313081e-16
3.554924012620262630e+01
2.556594516351438173e+01
1.530527047706979335e-15
3.827425691743408738e-06
2.220446049250313081e-16
7.281164869459540142e-06
2.220446049250313081e-16
1.623390015691980881e-01
2.220446049250313081e-16
3.729411844513801810e+01
1.869746509596744452e-08
3.894057852888139593e+01
3.807697005990992523e+01
2.220446049250313081e-16
5.881068194630353213e-03
3.699469496185098905e+01
3.651989211057383500e+01
1.130688971612670662e-14
3.442143319152685876e+01
5.811000110642694061e+00
2.220446049250313081e-16
2.220446049250313081e-16
2.220446049250313081e-16
6.483783750600404794e-01
3.790484970415429444e+01
1.822450851723663590e+01
4.507946514594137686e-08
2.220446049250313081e-16
2.549186518410988000e+01
3.743176217701812902e+01
1.888384140096530661e+00
2.220446049250313081e-16
2.220446049250313081e-16
2.220446049250313081e-16
2.585923219469277983e-16
3.740023327975804079e+01
4.057153747938646404e+01
8.971729514274601414e+00
3.487920926554605927e+01
3.013299075549547568e-01
1.324157459929829509e-12
3.711376120995724570e-14
2.568160082610430095e+01
1.872442594769163193e+01
3.687729761837330500e+01
5.230012072158724739e-11
2.220446049250313081e-16
1.075481644406336403e-08
3.515273222522517216e+01
2.455578673917921305e-12
2.698564593798928623e-04
1.022207375526196274e-14
1.252118563151373198e-05
7.380322649338580732e+00
3.958583095712459254e+01
2.318061970952037367e-09
3.840202016499568316e+01
1.557770568920403831e-01
2.220446049250313081e-16
2.220446049250313081e-16
4.160957337518642873e+01
1.433572576084689534e-15
3.583965317134532569e+01
2.220446049250313081e-16
1.688273178633598048e+00
2.610306283038078208e-12
2.220446049250313081e-16
9.645951090059756705e-01
3.105142790329519009e+00
3.536328088159888239e+01
8.362452568080355420e+00
2.920945494273155063e+01
3.913580878366283144e+01
1.194892449795441358e+01
3.922396145665911860e+01
3.769278440799288887e+01
3.572674716103283872e-16
3.914847380269932131e+01
2.851486082074769257e+01
2.311609526439774388e-16
5.424402534159813955e-14
3.469313248971265473e+00
2.220446049250313081e-16
1.033332558213582731e-04
2.244958395470975887e+01
4.483573112566879984e-13
3.705938075887752348e+01
6.854358846578816495e-08
1.831414480903819633e-11
3.324663252028901184e+01
6.880596059669579009e-10
4.419256388386263146e-16
3.610679583883454313e+01
3.428701567699316399e+01
2.328977050612421563e-14
5.631427012835175105e-01
2.871220333073777553e+01
1.787096952455457810e+01
2.685989261034648479e+01
3.933017292698013279e+01
6.883579735960554835e+00
1.066177591545737829e-13
8.362107382612606083e-12
3.621921597722861463e+01
4.060227732815618218e+00
1.428973400869819876e+01
3.739649573478153144e+01
3.290195780220459199e+01
4.030730882481260124e+01
4.115524360616917932e+01
3.892037276959440106e+01
2.521497323702323357e+01
3.446108993133541798e+00
3.401418570948698772e+01
4.007010674631067104e+01
3.211845652028029817e-09
3.709108162826840527e+01
3.736393922145336433e+01
3.209658156300524876e-16
3.676534495795513707e-12
7.932186536470433147e+00
2.220446049250313081e-16
7.461752406014227068e-01
3.304868111535033139e-05
6.054083206960871044e-02
1.866977432835402028e-12
1.562239357563912279e+01
2.220446049250313081e-16
3.942211076025729710e+01
2.220446049250313081e-16
3.760355153744171730e+01
1.359379552139177588e-08
5.279676012803102836e-03
4.030866965730739793e+01
2.116760693068571758e-12
3.754111213134108738e+01
2.298913591801358081e+01
2.490541319643195450e+01
1.097642981537681095e+01
3.425218912619406098e+01
3.843292576137739047e+01
1.898183880023269053e-13
3.106267112564410127e+01
3.871928424850855066e+01
2.109202403756727051e+01
3.654672717963214978e+01
2.934163852325853780e-14
3.982945772450236888e+01
1.390832667951612082e-02
2.949520450883461538e-05
3.704693427906177305e+01
3.875063024198101614e-08
1.296750268275207764e-03
1.712028843354253027e+01
7.975714507185947155e-11
1.518358787533032572e-09
2.629530259025368077e-16
4.871577254560877314e-08
3.623278717029647567e+01
1.483536100851931572e+01
9.645154377046052385e-01
9.149931646801931649e-13
3.182379151863036881e+01
2.220446049250313081e-16
3.626663847457874112e+01
2.343678680189002606e+01
3.507689054128407946e+01
3.713515118390149894e+01
6.572337177932598140e-02
2.220446049250313081e-16
2.164435914535071684e-09
1.118224353526440318e+01
3.312455828057106342e-16
2.566768405152779309e+01
3.916620220326139901e+01
2.220446049250313081e-16
1.434896687784726232e+01
1.326871607647799566e-02
1.437334610270261548e+00
1.512157600665033218e-11
3.692580056593229898e+01
7.939194035703906138e+00
1.244609276457033431e+01
3.889677584831891011e+01
3.809364530136384275e+01
2.220446049250313081e-16
4.150046202670890239e+01
4.043015948170672402e+01
3.564727236861202186e+01
1.369102390050794327e+01
2.328399373671784645e+01
3.666845959454042732e-15
2.119474588602324738e-01
4.535536667140402799e-09
1.731992311316283152e-04
2.670881180406529865e+01
3.209237931242326880e+01
3.580314921419695651e+01
6.963433342896683285e-12
3.549846481760532413e+01
8.979449560422901655e+00
3.127779164310289417e+01
3.404524469732737657e+01
3.674601978074427677e+01
2.179917065695527074e-09
4.698855707977211082e+00
2.220446049250313081e-16
3.728294907207505560e+01
9.894245005422723782e-01
3.997076303524397645e+01
3.353780618007171262e-03
3.709850813275205467e-02
3.950651952174758147e-14
1.691813787705908823e+01
3.796125260174245852e+01
6.073964083105894647e-14
2.172352370310534099e-06
3.311050283810843808e+01
1.947123070338310313e+01
3.647937694196032510e+01
3.173130810797163548e+01
3.797180118045648811e+01
3.332507922541608281e+01
3.473881730951200808e+01
1.531402978912932156e+01
3.744046535795742159e+01
3.647635391482747735e+01
1.030262707005210610e+00
1.874310031569567563e-13
3.501141449478184597e+01
2.800157919879629276e+01
3.519584920284739837e+01
4.210722949914112181e-05
3.657693980068258099e+01
1.751190404451518942e-06
2.659385075804522002e-09
3.819318191097591608e+01
3.136699530566951921e+01
7.959241882300729376e-01
2.857435291574814902e-11
3.498771385608739237e+00
3.481156041611150442e+01
9.257550691665683546e-15
8.965431843436574511e+00
1.178743771361562234e-07
1.047713494983819515e+01
2.510121476179668321e+01
3.860357222015462497e+01
1.946431737755954572e+01
2.753983109989183120e+01
3.533985956421749108e+01
1.968481916078284399e+01
3.411601718935374095e+01
4.899997428689676325e-03
3.476310665705012326e+01
1.078818807989020989e+01
2.886208546319511825e+01
3.860659419892592581e+01
1.836009018820804783e+01
3.880471521219415365e+01
3.673883165171294962e+01
1.121690282309032938e+01
3.088149795697210465e+01
3.650689907656207822e+01
1.305412136656993315e-14
2.335398795759605051e+01
2.958713450476959039e+01
5.451561032276160290e+00
3.934673299666140167e+01
2.972994787254122429e+01
5.861494812793505203e-16
2.220446049250313081e-16
4.795228369194675357e-11
4.191497552141806437e+01
1.494576590729989718e+01
3.594547342873023865e+01
8.009675391142501155e+00
4.429110809563523432e+00
6.722653515649302136e+00
2.451184350333332889e-07
2.451507322962537261e-03
3.340266789057753272e+01
3.281169178304710954e+01
2.147132995031489600e+01
2.182170805230219912e+01
1.886169957249490636e+01
3.732830437181532801e+01
3.600012163401975585e+01
2.515486485750760792e+01
3.220117528928884099e+01
3.712767313925817803e+01
2.278091261775362852e+01
3.507059428290314429e+01
2.186833345487384861e+01
3.713416943201796272e+01
3.863526559933062288e+01
1.032412262646745660e+01
7.542504432510283019e-01
3.038163919227791686e-14
3.776847491121060330e+01
3.463940925412258771e-08
2.735681350551121227e+01
3.537412680565862644e+01
3.797642912225675360e+01
3.480147269674576194e+01
3.815541346200053852e+01
3.986088510838703058e+01
4.934216089341744022e-03
1.339971276887996154e+01
4.041305203776643395e+01
3.695144288701695956e+01
3.898401512429248328e+01
1.668325849213529466e+01
4.039404882575357902e+01
2.358221144406764580e+01
3.374553630266314741e+01
2.265795783960285803e+01
8.545675896656305781e+00
3.555262220308951981e+01
5.675228286352592022e+00
5.831136176614258204e+00
3.404518458589419083e+01
1.483917097362872894e+01
3.779821805756311193e+01
3.983451208599806392e+01
3.827901356162095681e+01
1.331646380040079138e-13
2.093312834231657504e+01
2.920737383667301756e+01
3.509681075166403730e+01
2.255126540461957063e+01
3.908727878791176380e+01
3.765435465897515144e+01
5.481213730478368795e+00
3.224911604961273071e+01
3.702661732664893179e+01
1.345773464531320052e+01
2.198514043706729737e+01
3.374234049556159221e+01
5.333447870257972845e+00
3.280294411395538456e-01
1.222804029954587287e-08
2.544236569664280267e+01
3.022596187563488142e-14
3.433169244270007425e+01
3.510528468304609362e+01
3.773524519629096829e+01
6.450762016181932187e-12
3.582520336607053935e+01
6.346528589465176395e+00
3.729420810108514672e+01
3.817203227324621650e+01
2.220446049250313081e-16
2.962854769975474412e+01
9.719392843713229979e+00
3.591995014366270311e+01
2.439922762511091392e+01
3.829139835291263694e+01
3.904095553622735792e+01
5.455758946028992059e-15
1.689943208598067770e+01
2.973779460915099692e-09
3.785364596989437302e+01
8.106768076910805912e-08
1.412483644525545368e-01
3.751008994427576226e+01
3.803252832956002294e+01
1.188457203998708245e+01
2.567133935853396220e+00
3.847581601653901373e+01
3.786529643253444277e+01
2.829299866791280316e+00
3.775714505794705644e+01
3.444334961276926381e-15
3.578582954322165222e+01
3.271164843471188988e+01
3.633768899311140643e+01
3.533282092755665360e+01
1.904175613154504987e+01
3.631439349644114145e+01
1.921341380985078228e-14
6.546285169156920967e-12
3.536126289194471184e+01
2.220446049250313081e-16
3.694203064708236184e+01
1.048945887068412475e+01
3.092731972532203732e-08
7.533764864477295653e+00
3.391786360274598877e+01
3.714839746854929103e+01
3.452228411062711899e+01
6.737405582431495482e-16
1.056118671553905042e+00
4.222728825349914672e+00
5.415926651961074263e-03
3.578704182262609907e-13
2.709369341411131415e+01
2.027752991406650906e+01
2.669924863284519390e+01
3.560159477722070420e+01
9.665386084936471547e-14
3.269230211248861195e+01
3.334868484927212506e+01
3.105274488092564766e+01
3.560038845494934634e+01
3.746861367007845445e+01
3.343621899443373735e+01
6.686293064449913004e+00
2.746540245457321916e+01
3.481289645163666790e+01
3.120986836038747619e-15
3.190252365131925893e-01
7.494172360252218112e+00
3.405421267333037072e+00
7.484718358934821794e-16
4.042156580691092849e+00
3.306821333495546611e+01
2.938009459760240105e+01
3.554366266576833766e+01
3.638952368480997990e+01
1.383279591722446585e-13
3.404462606035049532e+01
3.824552952076574996e+01
5.652970396318580448e+00
3.599663929018234398e+01
3.912240837691442152e+01
7.278911846361414639e+00
3.881527412820319967e+01
3.314814099926489632e+01
3.425731230829798335e+01
3.894800661258573626e+01
1.723766112201617300e-14
2.169999524821533043e+01
3.853363383565245925e+01
3.485368880940059455e+01
1.451205989769382324e-10
3.749095005870555752e+01
7.692716623878168569e+00
3.658944620986972041e+01
3.762025780917647211e+01
1.180842503095417584e+01
3.274644452000089245e+01
1.316738346056351894e+01
2.885979861621146725e+01
2.652737137196684714e+01
3.957822134315703266e+01
3.524537678992417256e+01
1.139544045914814596e+01
2.465237391048763187e-06
3.319768718563343413e+01
3.618668649511680258e+01
3.249127655407451698e+01
3.640317815336585028e+01
2.667563977684831292e-07
8.820122120286031378e-13
5.368172708183113429e+00
3.202617609909389103e-03
3.504133306367374701e+01
3.570745937430094585e+01
3.252011448420113737e+01
3.543104336281524525e+01
2.206440537960230586e+01
2.917135086520088194e+01
3.870373918470424002e+01
3.728749348522827489e+01
6.289877376929952453e-04
1.741719189772516430e+01
4.876925710662633584e+00
1.008874329074168053e+01
3.838904277083128846e+01
3.548132492942348648e+01
1.377388496952419577e-14
3.193265406443711656e-14
3.499232126645356544e+01
3.277041416506477844e+01
3.555466446145765502e+01
4.962451655952998308e+00
3.459188172261841032e+01
2.976999895361326409e+01
3.588552053503570249e+01
3.875088770052796259e-14
3.802113753768348658e+01
3.810531397338397142e+01
3.411149836178945094e+01
3.945730798769717751e+01
3.577490006549390955e+01
3.085044604371264043e+01
4.026256703495990763e+01
3.786183858405468072e+01
2.000259809186228566e+01
1.898400220912333580e+01
3.297256663081409300e+01
2.255022452038514852e-15
2.950284803565136116e+01
3.586793811466772297e+01
3.260093795794720757e-15
3.107582181813890898e+01
1.158889017187354034e-14
5.617451362347309612e-14
2.243851326357157561e+00
2.219644932404734802e-02
1.436867330230204764e-04
7.141896977502226740e-02
2.024151109716751762e+01
1.030304688454470252e+01
1.623548373139297851e+01
3.432557027949587081e+01
4.101152420551277800e+01
3.750220805107073119e+01
3.869183558718873428e+01
2.640380654153414497e+00
3.824125963531937344e+01
3.488084215648428454e+01
4.086202165830324873e+01
3.489794774338017191e+01
3.438309621395558935e+01
2.296456118827725490e+01
3.843791405970743824e+01
3.800296567843195561e+01
2.413809534519255706e+01
3.605323343052703677e+01
1.137926212758020306e+01
3.032070263008663602e+01
2.101709762577306427e-15
2.452745968135574017e+01
3.800190845418453733e+01
3.859848053739237628e+01
2.230488370000948979e-14
3.492257707592080607e+01
3.703623758257998588e+01
2.676777050968624749e+01
3.513852458145093749e+01
3.617459515104380330e+01
3.475294455365471435e+01
1.790708822443551540e+01
2.429498796154157646e-12
1.121864281470562652e+01
3.587552788154327743e+01
3.802221235973742353e+01
9.740086763763129707e-02
1.078207933110272333e-02
2.273821670899567948e+01
3.524556642290671959e+01
4.000854140683182436e+01
3.575651656373273113e+01
3.579110343400635941e+01
6.305213703313117257e-02
2.045577073659554657e+01
3.329098051530187188e-03
3.063778378175467410e+01
3.608558785199592478e+01
3.746635057895247911e+01
2.305729484121344086e+01
1.208446331753983749e+01
3.378376297275021756e+01
3.640873041977658886e+01
1.652982064843394383e+01
3.470851157589230240e+01
1.235846337689522478e+01
3.638203179108748486e+01
2.195358491002706103e+01
1.971486958964086966e+01
3.527840841470249700e+01
3.653681546316111195e+01
3.566101215853272066e+01
3.290112007123622817e+01
2.284731742153480027e+01
3.466143528887462111e+01
3.654533688317413009e+01
3.500616199020962682e+01
3.793432579146386985e+01
3.662691695066310871e+01
3.907154979761566693e+01
6.746482108690600790e-13
3.798352875487179148e+01
3.396433177943488602e+01
3.127226765037070777e+01
3.155758010141781966e+01
3.604342874867437985e+01
3.675578775652719088e+01
3.504794126037749180e+01
3.796451345463837868e+01
3.790258514410859902e+01
1.846150341441119984e-14
3.683282062442321347e+01
3.701304716336750289e+01
2.437667091699232103e+01
3.721020318088918089e+01
3.529828197648590304e+01
3.419115379005482680e+01
3.761415308984113182e+01
1.903406193409593072e+01
9.336736520695993136e+00
2.140979175442232219e+01
6.704932931968154620e-09
3.251714395005463132e+01
3.520451170020241705e+01
3.521897531182934671e+01
2.207772505388625817e+01
2.136721126885413113e+01
3.518771406182532669e-04
4.284614578581757362e-10
1.512626193952766407e+01
3.611391648750178263e+01
3.780156113514130567e+01
3.618208770550245390e+01
3.255732341441384392e+01
3.324188300153542741e+01
3.634094144495528411e+01
3.764760085274628665e+01
3.539357742135916851e+01
3.380234200322913551e+01
3.936978603558915779e+01
3.697698358001012764e+01
3.617840931710553320e+01
1.866361110779022092e-09
8.928717613076619930e-01
4.616055881683019224e-15
2.370440606254421212e+01
1.547383748098155110e+01
3.264868085473943182e+01
1.639433986494971762e+01
1.150683577702948135e+01
3.538217807998285025e+01
3.693236061210782850e+01
3.482386513849240828e+01
3.464065017295413895e+01
3.517674102638945755e+01
3.495533770168346166e+01
3.262513791634459182e+01
2.665088782516667095e-06
2.895057571306372068e+01
3.545434348822881532e+01
1.095002796846724106e-03
3.656050015892834182e+01
3.488320182816185167e+01
3.686384687239716129e+01
1.640300883328801262e+01
3.932978078476627815e+01
3.698701368215684226e+01
3.237367802519069926e+01
3.504806657772238765e+01
2.486966147669430782e+01
3.423891430859623597e+01
3.662428447167556556e+01
3.550537449226498410e+01
3.525854512037697219e+01
3.226940179327422697e+01
2.642566654011826088e+01
3.399533884313314758e+01
1.352486073601096888e-11
3.411314683521695201e+01
3.233989540903464643e+01
1.528657719105172319e+01
1.991860146029438638e+01
4.929128675024550295e-05
2.016443699259085776e+01
3.539299948410579333e+01
3.480180407829599432e+01
1.434639892690336538e+01
3.582527054678780587e+01
3.042917679076043314e+01
3.636506515587096544e+01
3.545470842258527000e+01
3.311477878496325335e-03
1.007406400779366044e-04
3.295528171660031092e+01
6.023123329168178053e+00
3.604063944153396193e+01
3.525172155207748403e+01
3.673332053245014350e+01
2.453194289851508714e+01
3.573702455149731350e+01
3.813455293196236795e+01
3.684302039164779075e+01
3.313813531310071170e+01
1.806037290747775759e-14
3.426765392877678806e+01
3.273026444137187241e+01
3.668326366900835467e+01
3.525690662971678080e+01
1.228900916801837084e+01
8.525547941688872200e+00
9.592561852478927101e-10
3.852012067914731830e+01
2.721296712508595415e-11
2.772692515274788150e+01
3.507709164286248438e+01
1.585295047831970727e+01
2.171157372677173073e-14
3.466864381917640969e+01
1.884569325717098920e+01
3.225266059206663982e+01
3.628585878397824871e+01
3.468427179195217747e+01
6.125060854522428391e-03
3.691977602912779588e+01
3.765161526376422785e+01
3.293479853305669991e+01
3.435609607610641802e+01
1.447745667799630531e-06
3.510373709752541771e+01
3.735588166312003722e+01
3.545540135925870828e+01
3.483546978143297679e+01
3.135873488001851683e+01
3.288859734323687434e+01
3.778398072329026292e+01
1.122059747402080809e+01
2.813150927369668963e+01
1.307385653495575006e+01
1.399854460794046525e-02
3.436060152154122704e+01
1.642765310239543908e+01
3.585492250383542512e+01
3.374051208088071974e+01
2.276220137792518017e+01
3.465833319949455671e+01
3.523844384002647701e+01
3.581767805745911915e+01
3.280688903130091205e+01
2.050596054297380988e+01
3.444047241733213127e+01
4.173290514369650504e-13
1.663590088518738241e+01
3.524357409981402611e+01
3.152627382716181970e+01
2.967411379561164964e+01
3.638843971135404587e+01
3.595268204018547209e+01
3.651338321726188241e+01
2.871290322360919234e+01
2.987634430532916596e+01
2.730828084016603441e+01
3.946899888450601424e+01
2.762470496015747301e+01
3.259367372614729419e+01
3.485688537742706927e+01
3.611061507677301563e+01
2.688366539453409132e+01
3.684469586134556351e+01
3.460775209401120378e+01
3.633183616427003670e+01
2.856018130674146249e+01
1.026754135418502636e-13
3.112989899519220671e+01
3.752779534576801979e+01
3.371402036687833004e+01
3.451601930315039368e+01
3.725984580466698048e+01
2.232834159177805944e+01
3.270744022316075217e+01
3.432775575282673231e+01
3.628459785465733489e+01
2.815187765552499854e+01
1.799987041582241432e+01
3.667893404781476363e+01
3.296251977516008225e+01
3.709483267657574856e+01
5.406708562032701337e+00
3.675353098562995058e+01
3.323890017200688618e+01
3.787973354665986392e+01
3.398485649672741715e+01
3.151675362303544858e+01
3.406261174937005620e+01
3.171911121840130576e+01
4.000523557180956402e+01
2.997040989799728905e+01
7.597324155336797336e-02
1.486233687690594962e+01
3.598495429924554401e+01
3.395047232483543809e+01
3.526951809776293345e+01
2.220446049250313081e-16
3.897634778281548051e+01
2.520977132763769646e+01
3.479942830696621314e+01
3.120262515460448327e+01
3.489081019349343649e+01
3.700956317223771208e+01
3.442278828689129000e+01
3.440202060565079023e+01
1.681148273728028997e+01
3.282883528295077724e+01
2.021370748828878941e-08
3.095085889071083685e+01
3.725108944879539052e+01
1.431934954370182389e+01
2.970535493663513904e+01
3.485900249395551498e+01
3.611537334853790071e+01
3.509170020561571590e+01
3.377402146280057593e+01
1.370626969330098710e+01
3.661144663727446869e+01
1.785007298761491260e-14
3.271869836519526586e+01
3.308914726548566421e+01
3.583586725544700613e+01
3.363833528059203104e+01
3.429337503455098357e+01
3.504421756676612887e+01
3.813567040599424018e+01
3.267518114565231002e+01
3.658780042551801159e+01
3.700799705987062538e+01
2.928799284610715858e+01
3.529266472116943731e+01
3.508901394911340077e+01
2.224502105172494141e-03
3.402288442258604562e+01
3.475779981738127589e+01
3.073155037501968323e+01
2.968356648775706486e+00
3.211513429166805711e-01
2.331149944231949434e+01
3.529655698063267977e+01
3.296679987370021081e+01
3.709429761083589483e+01
1.888633671570951702e-14
7.605385648776558760e+00
3.503559460111912927e+01
3.588743092531296419e+00
3.350422744740537695e+01
3.685796808231688004e+01
7.947136700971479506e+00
3.717932817210821383e+01
3.675596130234871595e+01
3.123984617024250454e+01
3.289075884171801079e+01
3.402610318281303847e+01
7.145466667332374094e-15
3.704761786363809506e+01
3.385848471356698042e+01
3.329583546854049558e+01
3.783259606173834300e+01
1.511892971754470738e-01
3.589055495766081183e+00
3.803083506515657319e+01
1.175288282163753806e+01
3.659022993600375173e+01
3.314370176338460539e+01
2.656159766441038173e+01
3.313983599200648200e+01
3.401860920509648878e+01
3.530309074512037881e+01
3.816973493083531110e+01
2.071915578259483226e+01
1.428507763754773663e+01
3.467772728798218651e+01
3.309539782227121663e+01
3.589324136466612458e+01
3.756675288762361475e+01
2.677042389011869295e-03
3.428387789712365930e+01
3.629850170299939549e+01
3.492431196543427774e+01
3.632360747985075022e+01
2.840775200822449165e+01
3.767949442145275185e+01
3.410572479253586664e+01
3.417970835669085261e+01
3.640927215074411549e+01
3.208762332379689752e+01
1.479967069847409888e+01
3.246054973954565526e+01
3.153269950897068341e+01
1.324794297301756529e+01
2.636598612987435430e+01
2.866235794157844907e+01
3.620353092165355235e+01
3.454507317645362718e+01
3.392705596737723539e+01
3.299394213768494666e+01
1.485947534032047379e+01
3.252738241563265120e+01
3.608550371903744747e+01
3.576603060136515211e+01
3.627398613531001814e+01
2.986011266178784496e+01
2.203998033340418061e+01
1.059695281140633405e+01
3.298488170799609520e+01
3.560170376530297887e+01
3.342966881732743843e-03
3.310677831397147486e+01
2.425508379955458338e+01
2.817317178458954530e+01
1.983090918804019154e+01
3.134706197713285647e+01
3.083434832186299701e+01
3.584901404326323870e+01
1.097063136057977140e+01
3.123279924038928357e+01
3.295556732176457615e+01
3.330888389815741846e+01
1.121655940479701208e+01
2.955870923825981933e+01
3.022291506359196234e+01
3.223613915435765165e+01
3.278664458566942841e+01
3.415605143444032876e+01
3.332319758905876483e+01
3.083862602289836730e+01
3.350663634912396560e+01
3.143240783794957593e+01
3.421970079888694727e+01
3.680811150935515741e+01
3.502861051487445820e+01
3.615906013046655687e+01
3.667913401697005327e+01
2.500123969409209579e+01
3.570107679198133610e+01
3.082770222044780795e+01
3.643841130517110827e+01
1.983911375834841806e+01
3.469874390447539980e+01
2.465529414970194466e+01
3.474362464535298756e+01
3.307723670896768198e+01
3.391540188362152719e+01
2.581902384054650668e+01
3.446818589704607660e+01
3.314724053230793999e+01
5.396385865066549492e+00
1.545735165411888445e+01
2.353541522166045752e+01
3.318782894744105505e+01
3.408041318663502750e+01
3.328482212881571201e+01
3.284828566298351404e+01
3.295386389899499591e+01
3.480867567164517595e+01
1.851796527440313275e-14
