2.220446049250313081e-16
1.610203064445260641e-15
5.012138724270687308e-16
1.264282968569017759e-10
2.220446049250313081e-16
2.515104580526429490e-12
4.103285629860070571e+01
2.220446049250313081e-16
2.220446049250313081e-16
2.220446049250313081e-16
2.166817689770274901e-10
1.292366899011525886e-13
1.467628877758886223e-02
1.012899707982071777e-06
2.220446049250313081e-16
4.028397528654259929e+01
7.287925091448057557e+00
2.254773935029412979e-01
2.220446049250313081e-16
2.649630460199999593e+00
2.220446049250313081e-16
3.692107535448776900e+01
3.476156605839856130e-07
2.220446049250313081e-16
2.220446049250313081e-16
3.986308703816262522e+01
2.308356310237151376e+00
2.366698138665706033e-12
4.019579162488135893e+01
4.569652117759406121e-08
2.220446049250313081e-16
6.301923450846338981e-02
2.220446049250313081e-16
1.301173444418991095e-15
2.220446049250313081e-16
2.220446049250313081e-16
3.637760734152693942e+01
5.180882558562266191e-14
2.220446049250313081e-16
2.220446049250313081e-16
4.831802355052631847e-11
6.339446913338785802e-15
2.220446049250313081e-16
3.641765954420053220e+01
2.220446049250313081e-16
2.235969571062911276e-01
2.968896224200397248e-16
2.220446049250313081e-16
1.625512181519179578e+01
2.220446049250313081e-16
2.220446049250313081e-16
3.693297613010312830e+01
3.724410183155968923e+01
1.571800946787078046e-01
2.220446049250313081e-16
2.220446049250313081e-16
1.245085741073474881e-15
5.337415236293423623e-08
1.110427396470424626e-13
1.529122941732826408e-15
3.923927119675672870e+00
2.220446049250313081e-16
2.220446049250313081e-16
3.125067050065097329e-02
1.584607964230911689e-06
3.096806856839283739e+01
2.220446049250313081e-16
3.498358687716890358e+01
3.808412362218290781e+01
7.244586122609042000e+00
2.386139952360601515e-08
3.968940724160409117e-13
3.624390078596749021e+01
3.734095249545632100e+01
1.555369054453218853e-05
2.762231600724238234e+01
2.220446049250313081e-16
1.695395666675751301e+01
2.947831056888250423e+00
3.297173746405204753e+01
1.436832139802560075e-15
1.754519103449314847e-13
1.302639127231794575e-12
6.847479672021426766e-02
6.492314554194345181e-16
3.074195859239798878e-01
3.678781061479342185e+01
2.388527742086538470e-15
1.489031670217415148e-15
2.403203695635484869e-10
2.555140187217793457e+00
6.850954374200156797e-16
2.681243896287165060e-16
7.305136433875619460e-16
2.162663960985690892e+01
7.359575003625647005e-16
2.649866781625416432e-16
7.101140056572520683e-03
2.220446049250313081e-16
1.555481326662666759e-02
2.404198398058156434e-12
5.802134951431168977e-16
8.235235135157968839e-04
2.220446049250313081e-16
1.586860287079759632e-05
1.518694359353699497e+01
3.159726106353798869e+01
6.622089560784608454e-11
1.171270421428722278e-14
3.008854690987774561e+01
2.220446049250313081e-16
3.086886287146565877e+01
5.930150571999424969e+00
3.764919337880465872e-02
2.220446049250313081e-16
2.220446049250313081e-16
4.669228078861552333e+00
3.055833452894327869e-16
2.372157715342222348e-02
3.350083196690449228e+01
1.135363674106673670e+01
6.624191119027762475e+00
3.741777869992706229e+01
1.082359369183332749e-15
2.220446049250313081e-16
3.989401631490523670e+01
3.072608581549053142e+01
1.034186433823870384e-07
2.021310162376015845e-13
3.708959700379363511e+01
2.960442883352564891e+01
3.054122224441488953e+01
3.113410825229918188e+01
1.501043644362037988e+01
3.914645271320461717e+01
1.488033715482987240e+01
2.220446049250313081e-16
3.696917372771501675e+01
4.103019977820292752e+01
2.923138038065147981e+01
2.220446049250313081e-16
3.766481984478335931e+01
3.513976381533955617e+01
1.259780794313583208e+01
3.495273085229977994e+01
3.960008790338943641e+01
1.088414354867960787e+00
2.881971230995418096e-05
2.114090161729343276e+00
1.162270013140015719e-15
5.337009919007127763e-06
2.846857997828823102e-15
2.220446049250313081e-16
3.938778504810679532e-11
3.606223987619942051e+01
3.425465255739165224e-16
3.622852154942389546e+01
2.220446049250313081e-16
1.894529870979835912e-15
3.738549133765676658e+01
4.696694093579654727e-01
3.511115692913090669e+01
3.224522035764561423e+01
7.998705852618864469e-09
6.226159706871960405e-11
2.220446049250313081e-16
5.285893186282470116e-16
2.220446049250313081e-16
1.043604868076631575e+01
2.638475377484452267e+01
2.220446049250313081e-16
2.220446049250313081e-16
2.220446049250313081e-16
3.458939554150844486e+01
9.854174910350258984e-03
2.194526205254299001e+01
4.109993107854043558e-03
6.325561517321269371e-05
1.008914574339063799e-03
3.795416467518364811e+01
1.590208046966158406e+01
3.170920147798612376e+01
5.703185241383600612e+00
1.255256205889548338e-01
2.190906566631798569e+01
3.013142139830567601e+01
1.036742051358889918e-10
2.004479244554500245e-02
9.813471164624205656e+00
3.724688385283021574e+01
3.859835222511826913e+01
1.820649089178675739e+00
1.029673114481914967e-02
5.883794831935238445e-01
1.784329141087256085e-14
1.602299436617176222e-15
1.279440852868043327e-11
7.762356735178981698e-03
8.440618063793035475e+00
2.899847120996617045e-08
7.078246824110641100e+00
3.650454192006070997e+01
3.256107369429483912e-04
3.766449969172921186e+01
1.781567046999291648e+01
5.196654812522908980e-16
6.314854355609203806e-14
4.984972054544044766e-11
1.019088108035580120e+01
3.761563625385605292e+01
3.543649550135598503e+01
1.998285393689039520e-03
3.781867629508158757e+01
1.632320644221362904e-06
3.765431084550385066e+01
1.677646519795537827e+01
3.828476304152530219e+01
1.184307712442192153e-11
7.466558091100859329e+00
3.805134792542163780e+01
1.144030405057921217e-13
3.746454260026271754e+01
2.948555497459791752e+01
3.698467330173456702e+01
3.732652514659221765e+01
2.274828326769235119e-11
3.815488274613714736e+01
3.431067118958929285e+01
3.691910398407627270e+01
1.866730710878221691e-02
2.146790001041203280e-13
3.657542554274062496e+01
4.026380583908208166e+01
3.696407697577541995e+01
1.807246737298085293e+01
3.525321805457581803e+01
3.548673991643548931e+01
3.318213294286908166e+01
7.045106901949991238e-04
2.220446049250313081e-16
3.878908341168882146e+01
3.475950570180846269e-15
3.706422262385589050e+01
4.023806197016750730e+01
4.001413459178039744e+01
3.759469929846562053e+01
3.522634284792155098e-15
3.352775845033377777e+01
4.196736236232889055e-05
2.925257089666500221e+01
1.210773888295948630e+01
3.779965083506679946e+01
2.220446049250313081e-16
5.848692108855230387e+00
8.061936057808834211e-02
2.220446049250313081e-16
1.622111771820073608e-15
3.444824464388356944e+01
3.367909571708028693e+01
4.008242361776358109e+01
2.998334954129470376e+01
1.544910798296125224e-07
2.576385057876030871e+01
1.517948703628562157e+01
3.795139729567476650e+01
3.087992789340169297e-01
2.464293101348852740e-16
3.941160098201742557e+01
3.446088156737196329e+01
3.297155322159696311e+01
1.885029266611606502e+01
2.666955541804502161e+01
2.371724603008643420e-02
1.428646731333836005e-13
1.125307432690269687e-04
2.220446049250313081e-16
1.792089379716857067e+01
3.122135310028066613e+01
3.779747287340649819e+01
2.220446049250313081e-16
3.769519484909109508e+01
3.391830685490795361e+01
3.884934462216528317e+01
1.786219604398974425e+01
6.937611894672840010e-07
4.224960854117182407e+01
3.337622029101461152e+01
3.954772015443271727e+01
3.114743148350319046e+01
2.220446049250313081e-16
1.540147396866671947e+01
3.828037194696771905e+01
3.742919434021708014e+01
5.835257801545286505e+00
2.548689687338801946e+01
6.219083838056475244e+00
3.581649975699862409e+01
2.863034385699404183e+01
3.734810935056709269e+01
3.783928103846364621e+01
3.247621408638031607e-13
2.131867941382134291e+01
4.429775557510889614e-16
1.541155189887831511e+01
6.355238902060635343e-15
1.054580492409758723e-04
3.870005377446358352e+01
3.227069004138328978e+01
3.624529677691110408e+01
3.747084011647313417e+01
3.180558167538037040e+01
2.171370304269215623e+01
2.351690681873076727e+01
2.723676157999518921e+01
3.803951393252648749e+00
3.660376992976563315e+01
3.079981195378203584e-01
3.820290707114323681e+01
1.990229321919047933e+01
5.483713161428890537e+00
8.254380850705725692e+00
3.846945962989732237e+01
4.064514907279469946e-16
3.857512170128286044e+01
3.736881922176410598e+01
1.362705708541628091e+01
3.436245260038313987e+00
1.555046109559359913e+01
1.343701621797377969e-06
5.204934657279346438e-04
3.508437073512530446e+01
1.001522415055930600e-02
1.987960836895085137e+01
3.594565231396218508e+01
7.585839146333463039e-16
4.716559605300362890e+00
3.516406753730952772e+01
6.774457691047231450e-13
2.597177501280460510e-14
2.497580131669487492e-04
2.966735328068801536e+01
2.913867363715902314e+01
1.386201368142737422e+01
3.821035222431797962e+01
3.883165476513351422e+01
4.975948849652958135e-16
9.650199366313847449e+00
6.355695587821346138e+00
6.175006194089339040e+00
3.410525260981857087e+01
3.327288290096549161e+01
2.220446049250313081e-16
1.902079087965505622e+01
2.788566679014741112e+01
3.212015497859871541e-06
1.507529733780684289e+01
3.892252592114779475e+01
2.088047687834229649e+01
1.442282653412767957e+01
4.828124849239877262e-15
3.628769431992323291e+01
1.396373650951919565e+00
3.687571504729046978e+01
3.703157965839312737e+01
2.604349573194053664e-09
3.860632870568379360e+01
2.111981644172691475e+01
1.030240871822002921e-08
4.210355847250664141e+01
3.474758995352743085e+01
3.762214428521328102e+01
3.673218011298316554e+01
3.230481117474621300e+01
3.834858687588997128e+01
1.922626916845101495e-12
3.745785390078505372e+01
1.299524032578589150e+01
3.469447970624069910e+01
3.731260247066556701e+01
3.736362902908678763e+01
2.844443519519743341e-16
3.642192811655448281e+01
1.282890132627362512e+01
6.987713849800269550e+00
5.964090482976964645e-04
3.935293746124207814e+01
2.030347789089019628e+01
2.035107363979753870e-11
3.504576828029748015e+01
3.241889683431725189e+01
3.868851068269273696e+01
2.814094002833733305e-04
3.595336382551591470e+01
3.182972035829266488e+01
3.501717237314228726e+01
3.551409089487681570e+01
1.728822732735662626e+01
3.673939525490339975e+01
3.759740877932122061e+01
2.220446049250313081e-16
4.083649592717424071e+01
7.465679192042137247e-15
1.535689889585835388e+01
4.111962792978107295e+00
3.596835455298977990e+01
3.386206460937743401e+01
3.939340750729831253e+00
3.641990327023155771e+01
1.067783708029410927e-09
3.693838632293848434e+01
1.323547407509468243e+01
3.740419834926584031e+01
3.756426483361754975e+01
3.542973392440966052e+01
3.437996879686790663e+01
3.615412597502112391e+01
2.611740031501750536e+01
3.051142924296396330e+00
3.357690147701474359e+01
3.890050568341702331e+01
1.473352596835642458e+00
2.491381596102401241e-16
3.756846537500943128e+01
3.663304505467969108e+01
3.600739315390030981e+01
4.050708614709977695e+01
3.639444397980107482e+01
3.850518095307563016e+01
3.429675116456310491e+01
6.360517372968155919e-03
3.636050745269860585e+01
3.414409963026967176e+01
2.363987935698602487e-03
1.370218201415856098e-11
3.574050121635378474e+01
3.650394777266748036e+01
1.508734087154631887e+01
3.761658898633953640e+01
9.132113122679266107e-15
2.015650923664392735e+01
1.070233070793637090e-03
2.255070609917700608e+01
3.364924884870328015e+01
4.149053721324334987e+01
3.642509006561677154e+01
3.511621562916639760e+01
4.072220850601051723e+01
1.267644371528709435e+01
1.656653752143692770e+01
2.212757173082014416e-04
2.006298584239373639e+01
3.732490643101429129e+01
3.715182430546650494e+01
3.944212872960435590e+01
2.029015004896740137e+01
3.293972975653789576e-02
3.327966932141691103e+01
1.508799613063961509e+01
3.640787593495868890e+01
1.471918103188065530e+01
3.959219075303703050e+01
3.715875121735921738e+01
3.953774937486465291e+01
4.032583796475361027e+01
4.145217322651132719e+01
1.624263293067867874e-08
3.616411050946450700e+01
1.612719446570623205e+01
3.298534121992358764e-02
2.302467768710553386e+01
3.691854533074682365e+00
3.546925405869309333e-03
3.562275606490101865e+01
1.518230562595878057e-03
3.480253965640117997e+01
1.767732881519847510e+01
1.858882130669805832e+01
2.547757767978069054e+01
3.410892092879537074e+01
4.033653049379056199e+01
3.628269506994317339e+01
3.942936731464427424e+01
3.689748792596907379e+01
3.596821519832652569e+01
2.147760440435112628e+01
3.729692576555271444e+01
3.374331649488094342e+01
3.719071193323310354e+01
2.686179222438444094e-04
3.823108371293772478e+01
3.343568322521278446e+01
3.897229610344240314e+01
1.440168111825337149e+01
3.566594229662120341e+01
3.713104375731835205e+01
3.506985665143385944e+01
3.672091940644840236e+01
3.444186976928167354e+01
3.527254897497297748e+01
2.398649993645625969e-14
3.574664004447519261e+01
3.803577911302988213e+01
3.572145925835645386e+01
2.125211598471762608e-01
3.483045747049079921e+01
2.255149340371572464e+01
9.657937424211830546e+00
3.484633140644749005e+01
3.736350922104334416e+01
4.635063511305365092e-02
3.767250522790202183e+01
3.901004219136535056e+01
1.039851153781303061e+01
3.532991614160521010e+01
4.101270348150168132e+01
3.816601241189132310e+01
3.362005002668013987e+01
3.404513842944443525e+01
3.752923844676563192e+01
3.533644024920767635e+01
3.503681935929216706e+01
1.181692174341670665e+01
3.881393478330450364e+01
1.605743776970764358e+01
2.260326244261218420e+01
3.978999907163701977e+01
3.678707069711762045e+01
4.790129958039827305e-14
1.326611885306397853e-05
1.091731729050853872e+01
1.600358514025606382e+01
1.197299854264477936e+01
1.851015809120465505e+01
3.845848172648587138e+01
3.680196261232659793e+01
3.687540394765196083e+01
2.148313532945796211e+01
3.830690592742283229e+01
2.206758916093652090e+01
1.756172022439919544e+01
1.370030407304052922e+01
2.567262544268501312e+00
3.484756941640368666e+01
1.170329479886835244e+01
4.138567417627067613e+01
3.819429393547434870e+01
3.787863566991793363e+01
2.510075266424730600e+01
3.983557854353073679e+01
1.520117661315678961e-11
2.167337725430961370e+00
3.661591105767642773e+01
1.147478559232559725e+01
9.788895049164239026e+00
3.742596527063486889e+01
3.012744028022947518e+01
3.747311074492007066e+01
2.020002756376165465e+01
3.349921543388683887e+01
3.433859767435677668e+01
3.415643338988977007e+01
3.133033937771028121e+01
3.746059825831253676e+01
8.027883764527404473e-03
3.502490950507333167e+01
5.141169534400090774e-08
1.255513371484817853e+01
3.908388481968730588e+01
1.650013398499068362e+00
4.888110246194423247e+00
1.335042558473254459e+01
3.162580096209279645e+01
3.599624229311025658e+01
3.434495184631234110e+01
3.343578814521118403e+01
3.810367284075851302e+01
3.810366767992294257e+01
7.864736738727924365e-05
2.011850283017560770e+01
1.468785966540931476e+01
4.077465788818301462e+00
3.534635661167802478e+00
3.416640226196450669e+01
3.289529532214301355e+01
1.410415179329831633e-13
3.456340857153847423e+01
2.891952563875302573e+01
3.311331866770493093e+01
3.252701211484865951e+01
3.218451584327402770e+01
1.849362441774084371e-14
3.568413787023799699e+01
3.564031306112311892e+00
3.635855198919620079e+01
8.632914302714897256e-15
3.863211057050969544e+01
3.638929949357389404e+01
3.167612906200053402e+01
4.026914411490100633e-08
3.820663331002939600e+01
4.986208925616086418e+00
2.220446049250313081e-16
4.000162700959740647e+01
3.531792890908311477e+01
3.834562067129786556e+01
1.471887588377418913e-11
3.507835660555269897e+01
3.919591194086445540e+01
5.224859190660055219e+00
3.425696184975738845e+01
1.478079106329373182e+01
3.306918948812006676e+01
1.415830939781671027e+01
3.672308854069476780e+01
3.863786034578450476e-04
3.889061837559373203e+01
8.811976808171539943e-01
3.776765443028917701e+01
3.707697490663569795e+00
3.443765219327132598e+01
4.638316279328214442e+00
3.850724241944911341e+01
3.818358433728463552e+01
2.402388776829816093e-10
3.577031609397404566e+01
4.083759546191245704e-01
9.835587751878184692e-08
3.399185479940769028e+01
3.602280912493933585e+01
2.643238877420539623e+01
9.006078954339635345e+00
3.757495537130205321e+01
2.948990240393909090e+01
3.342402879890495626e+01
3.912783586285569339e-15
3.604187223949151075e+01
3.494814737536661653e+01
1.619093586459732492e+01
2.901338640739307806e+01
6.302879830611789025e+00
3.553159253040498555e+01
3.464588160146661266e+01
3.710153887498103131e+01
3.688520160460397790e+01
3.385302962946536098e+01
3.501397053187407948e+01
3.745852282625736507e+01
6.658926555305917244e-15
8.288436511351816804e+00
3.699696916863522489e+01
1.739032954059434319e-14
3.659433692815584749e+01
4.514868952856969549e-03
2.193125403403135465e+01
3.474299560048228130e+01
3.417400193073491010e+01
3.502823876169225770e+01
3.891565534982984076e+01
2.437788614829853628e+01
3.647325710095869056e+01
2.035472583463921611e-10
3.657782976807764896e+01
3.620955217206201837e+01
7.052457309077081682e+00
1.981758988987003534e+01
3.248064476062985051e+01
9.510762218125886847e+00
1.113513715525957994e-08
1.527750215139828605e+01
3.173996569190137285e-01
5.021016263250323759e-14
3.719386636786884281e+01
3.460385032220428769e+01
3.453064314409108704e+01
3.669674584021718289e+01
3.805334688449359959e+01
3.445129121003051154e+01
1.623896174629722466e+01
3.892601346667976259e+01
2.747586113534093855e+01
2.918889495019840297e+01
3.503236259286695287e+01
3.366867135053119853e+01
9.598863640419240895e+00
3.669003372642956151e+01
2.059330104551479224e+01
3.587300948520792332e+01
3.469869550640508038e+01
2.194382496015306518e-13
1.696708794834029987e+01
3.784578175775774156e+01
3.308426141975233954e-16
3.332575987968746745e+01
3.550066419112811644e+01
3.645173558717829110e+01
3.152066058105010882e+01
3.404204560932369361e+01
1.621063275112773638e+01
2.819420246351857173e+01
3.421063532865300516e+01
8.279907129380779551e+00
3.518434476067313454e+01
3.051662089056662452e+01
3.860371064071637903e+01
3.420301834434952326e+01
2.267403218684807698e+01
3.535404436568786224e+01
3.804256508688452953e+01
1.111529292198824451e-14
3.492300545487683650e+01
3.521155428860649295e+01
2.655225076944491391e+01
3.503553257848903968e+01
1.513162456199401973e+01
3.496440980605859750e+01
1.698368964744217252e-03
3.385900464881276406e+01
1.616997149218902052e+01
3.367116253475612098e+01
1.568593686256166803e-14
3.645807533101555720e+01
1.824332830797674698e-14
3.769110008806962497e+01
3.368583235839909662e+01
3.442239887128337728e+01
3.498771425618293307e+01
3.404582540299128368e+01
4.035399739819526843e+01
3.581150571330171317e+01
2.114896622515599134e+01
3.802227629540429632e+01
3.615410636355094454e+01
3.404164324526571050e+01
3.589816203005442219e+01
9.714274636534954155e+00
3.449140199387508687e+01
1.708488759751762065e-14
3.670275164636327503e+01
3.634253293212343294e+01
3.783726363770381340e+01
3.598029372806425386e+01
3.487594446169048723e+01
1.283331790422296295e-06
3.400744939387753618e+01
3.426392156925276566e+01
3.235544077911291083e+01
3.634080177955060265e+01
3.568074792324726729e+01
3.219584041056494073e+01
9.972271529857010819e+00
3.509757851935198403e+01
2.687360338926236760e-04
3.198215941973089471e+01
2.986529938052973421e+01
3.485818731466384435e+01
7.675895481346492133e+00
3.475184022517687765e+01
3.003215648896523504e+01
4.354621449230530850e+00
3.598578115947736222e+01
3.663476719568589601e+01
2.847689779323771120e+01
1.952865641636467231e+01
1.438940138684153247e+01
3.462782367105584314e+01
6.599935920898684878e-10
3.472489402917580747e+01
3.550163466257357214e+01
2.458034384075864764e+01
2.001847010683311368e+01
1.684297520299156048e+01
1.177485474463508552e+01
3.599119723481137356e+01
7.754372054716910355e-05
3.911011739062452364e+01
2.377010095915816024e+01
3.509342689896532619e+01
3.437881383797297730e+01
3.752303243042521785e+01
3.835456978603799172e+01
3.800148497960093152e+01
3.495871844887522428e+01
1.424243149303888423e+01
3.648896291039491757e+01
3.637960046838419714e+01
4.526739819107102214e+00
3.494317489268282628e+01
1.380942203130329560e+01
2.416194277036511906e+01
3.494293182757755289e+01
1.832892036364211814e-05
3.439151605927197153e+01
3.390515665932002065e+01
3.658174684664111709e+01
3.551033215810467425e+01
3.559341735304786170e+01
3.883601231743473815e-10
3.807344002805789529e+01
3.065997544376835293e+01
3.434812331207326963e+01
3.514778533181530662e+01
1.575482433903100925e-07
3.710723270737190660e+01
3.189138714635618754e+01
3.623042984874408745e+01
4.892393771467872021e+00
3.450295350200400435e+01
3.581516346795824290e+01
3.376262416083659446e+01
3.653218697379713831e+01
3.787652571529185508e+01
4.566707125524737588e-10
3.812486733677647521e+01
2.293155971471640342e+01
3.426248966242963689e+01
1.193210502564052611e+01
3.202457059695831276e+01
2.715858842899099201e+01
3.123833136671792410e+00
3.464639597270566185e+01
1.215018283935812882e+01
2.145300058663745801e+01
2.290188395942266197e+01
3.552510375425562472e+01
3.630906307627114415e+01
3.088960350044873238e+01
3.042504113789690834e+01
3.434103591055546900e+01
3.200421236860504504e+00
3.396201442508669288e+01
1.162371850033528631e+01
3.300181199183920455e+01
2.309994530761541246e-05
7.133739676222363531e-15
3.684774426543416581e+01
1.685788820485403861e+01
1.900530384854029364e+01
3.479798522991048770e+01
3.526219781882605275e+01
3.462813828302353869e+01
3.408269858275351538e+01
3.177914951786439346e+01
2.946264889748042748e+01
3.566771216735208583e+01
3.703881331393794341e+01
9.143363271086096589e+00
1.840820208551456716e+01
3.679669367143683445e+01
4.109710694344123993e+01
3.832138940398723292e+01
1.818614178285059424e+01
1.347388611008397774e+01
3.522354534663180914e+01
2.765606018835837787e+01
3.400976898887524413e+01
3.605548848810196461e+01
1.350982914897260834e+01
1.246996722371616784e+01
3.049012576181441858e+01
3.708853382446396552e+01
1.893617559920498650e+01
7.363210135713450732e+00
3.597416430099168139e+01
3.100092709747339725e+01
3.343381165722339432e+01
3.631701062054067108e+01
2.781056525553071168e+01
3.578539069168560616e+01
3.398116835121962964e+01
3.737737533572350657e+01
3.073236408587847279e+01
3.034504125707102062e+01
3.714246982014440146e+00
2.205207209751402075e+01
3.249933789610107482e+01
3.041343671084214861e+01
3.645999257887880418e+01
2.973798808447860509e+01
3.414048127919014775e+01
3.225116547811018819e+01
3.714476939527943955e+01
3.334241625093368100e+01
3.476008060175809788e+01
3.376187707136586624e+01
3.323444325553505507e+01
2.912650349257997107e+01
1.619696732317120080e+01
3.692369831543235392e+01
3.295122533649430352e+01
3.631708608323461362e+01
1.244392424792246032e+01
3.609590141908304872e+01
2.596067761331824286e+01
5.496096773569450729e-08
3.188980418783065261e-13
3.507152035648018540e+01
1.273497276179514376e-11
3.016676901684431655e+01
3.236793197276440992e+01
3.378217760868644604e+01
5.481009437294629989e-04
3.354789713162987397e+01
2.876401202401122603e+01
3.687860562881810722e+01
3.673601817802668279e+01
3.284513634577695740e+01
3.633062308086827130e+01
1.112222176629232204e-08
1.860969204658650611e+01
3.648100196995949318e+01
3.645267006859884873e+01
3.342462145831376574e+01
3.689656993843561850e+01
3.590187301835424449e+01
3.322410464069201197e+01
1.524557231654171872e-15
2.383946012241480261e+01
3.482291754747222967e+01
7.499038647796724355e+00
3.132043771982529634e+01
3.389344363123027648e+01
3.160615018178049240e+01
3.660285703765717358e+01
1.896631289216059102e+01
3.446043206797533998e+01
3.680518308695693719e+01
1.487747161960523123e-06
1.511520531066026685e+01
7.345006924065859089e+00
8.372589594715879713e+00
3.416728158559180173e+01
3.336482243891222765e+01
3.347192214577181346e+01
1.569040747264384095e+01
1.989995298486529052e+01
2.992380715899484400e+01
2.915432346836246325e+01
5.050292894280855573e-11
3.528049397251504615e+01
3.646126525303068888e+01
1.436498918910639411e+01
3.192319289206723454e+01
2.146616418545151461e+01
3.481783333834172112e+01
2.883259869648787443e+01
3.555894275322342679e+01
9.753639057271932057e-13
3.266412615183963908e+01
3.530825750113498174e+01
9.591814056232612906e-02
3.615579997227783338e+01
1.991726122262107643e-04
1.001384244276624230e-03
3.689426562731709680e+01
1.139866004605116778e+01
2.861499329112343659e+01
2.506926837781832656e-03
2.386461456677795889e-10
4.261348651453816139e+00
3.647699920038615318e+01
2.687955297009303379e+01
3.507304402601319282e+01
2.163294399561446824e+01
3.217673939814794437e+01
3.357365713399310891e+01
3.715576757381847273e+01
2.730120239826863937e+01
1.794934246375381548e+01
3.769807961457648560e+01
3.469834305556431531e+01
3.409796830427101355e+01
1.962550894324256845e+01
3.652172034775701803e+01
3.473130015859351261e+01
1.658731473684464319e+01
3.166038561816143115e+01
3.403993851421491001e+01
3.439823960385731993e+01
3.531332156258461197e+01
1.882804005952559834e+01
3.212323366239431977e+01
3.544506384044110803e+01
3.519662103638167849e+01
3.250827405666348824e+01
3.670472151082358891e+01
3.580955307772612883e+01
2.160924081476436598e+01
1.688558857100878186e+01
1.466101085811391869e+01
3.487375697229465743e+01
3.373511726810524181e+01
3.195934068836660558e+01
3.042045415652113860e+01
8.706759148831173079e+00
3.262754267880841752e+01
3.437393960820768513e+01
3.627938375428799134e+01
3.318041745656749697e+01
3.432730730465561209e+01
3.413693813592450965e+01
3.552646532597962192e+01
