2.220446049250313081e-16
9.470245228738845000e+00
2.220446049250313081e-16
3.447362761440645329e+01
3.067957143796435271e-05
2.220446049250313081e-16
2.220446049250313081e-16
2.220446049250313081e-16
2.669599384244532902e-16
2.220446049250313081e-16
1.063102017909729838e-12
2.220446049250313081e-16
2.220446049250313081e-16
1.879336654499540060e+01
1.561291331256125896e-10
9.672928123754122725e-10
2.220446049250313081e-16
4.213334618057311661e-14
2.220446049250313081e-16
3.923386583365138591e+01
1.997623840020251151e+01
2.317776508558596049e+01
2.220446049250313081e-16
2.501172480905410565e-11
3.729163275376266995e+01
5.620925332402255600e-04
3.929353695277443848e+01
3.254382192412955155e-16
3.643509381253816339e-16
2.220446049250313081e-16
2.220446049250313081e-16
3.744895754413202302e-03
3.294463233037495797e+01
2.220446049250313081e-16
2.220446049250313081e-16
2.220446049250313081e-16
1.598591523118640431e-15
3.688573248435226999e-08
2.220446049250313081e-16
2.171088898560580380e-03
2.220446049250313081e-16
3.590375589825527669e+01
8.516214624029611713e+00
1.267275539584975874e+01
3.561007226867818733e-09
2.071968865372370772e+01
6.354436333271461746e-08
1.245882146097729165e-08
3.929385158441550630e+01
4.034201522573695797e+01
9.723400477884897031e-01
2.220446049250313081e-16
5.573701491094627687e-15
2.522946285880593464e+01
3.352578073210421650e+01
1.617710622737054890e-09
2.220446049250313081e-16
3.444813019262709471e-11
2.200524469555439211e+01
2.220446049250313081e-16
7.051922362460323862e-12
1.777302139861048236e+00
2.220446049250313081e-16
1.670033977811262815e+01
2.220446049250313081e-16
2.220446049250313081e-16
3.767332961694748618e-16
7.764187440179947177e-16
3.713990855283955739e+01
2.475930075812626571e-14
3.991783471600081157e+01
2.220446049250313081e-16
3.781641560885887618e-13
3.718126909401416214e+01
3.748244856268513558e+01
2.809522685085860267e-16
3.896731997219066073e-16
2.220446049250313081e-16
2.220446049250313081e-16
1.549517191185361753e+01
1.130489143740115665e+01
2.220446049250313081e-16
2.637399426237752366e-10
1.912106574467587962e-15
6.743403703148817733e-13
3.614867942336139350e+01
3.028518529641615942e+01
3.249667104454550781e+01
4.038088952429628620e+01
7.001701113754246197e-01
7.697834226309161160e-10
1.298598165845669870e-14
3.900825110003768970e+01
4.549999713185348911e-08
2.220446049250313081e-16
4.289016326050290928e+00
2.143936375425510288e-12
4.085874269969979552e-14
2.220446049250313081e-16
4.176530807874664221e-06
7.049556094978618542e-16
1.204171917226441359e-12
2.735203455482510443e-15
3.184163871614753205e+01
4.228178722468305117e-02
7.065372775888878457e-07
9.298229629020045915e-15
2.053289151484769578e-15
3.656622745248478168e+01
6.455736004759599486e-07
9.040359604386044622e-10
4.056823451158228977e+01
3.894169427705469388e+01
6.186635089618672508e-15
2.075596534541524818e+01
8.772568340662343376e-15
6.272098606612869445e-08
1.414326287827740991e+01
2.220446049250313081e-16
2.220446049250313081e-16
2.220446049250313081e-16
2.220446049250313081e-16
3.629097831203123548e+01
5.930929917271667299e-12
1.320276672925166192e-11
2.220446049250313081e-16
3.590707018292916786e+01
2.220446049250313081e-16
3.270486993903616479e+01
2.220446049250313081e-16
3.424700171456643005e+01
7.861482317541168162e-16
2.220446049250313081e-16
2.220446049250313081e-16
3.432416676162645786e+01
3.750496120037321646e+01
8.321858578172587563e-05
3.626618754137630418e+01
3.694897065064414221e+01
2.603299455449530433e-15
5.898037407622954781e-16
8.098873404993732443e-06
2.220446049250313081e-16
3.522207405922294331e-16
3.608516755952727806e+01
3.435012266845296690e-16
3.015663786860968031e-07
3.942792284264337610e+01
2.220446049250313081e-16
3.490398429462882746e+01
5.306066663402939723e-16
3.785952356740886415e+01
2.197775591181284072e-01
2.220446049250313081e-16
4.457944078916659336e+00
2.527900325623185784e-01
1.241742222459662557e-14
7.495079263686002413e+00
5.918481212468930575e-16
4.280999424532144854e-13
2.239822261990045860e+01
1.740904662379660195e+01
3.648244727936195630e+01
4.640012595513832993e-16
3.640244250434150075e+01
9.434418040796387350e-01
1.372991678210904593e-03
3.861296161412452221e+01
4.439803739095592942e-14
4.603697587837464411e+00
1.638232389627811969e+01
3.599495723654146673e+01
4.008287638687345833e+01
1.561379349547291324e-15
3.789367937685319987e+01
1.826222992405087808e+01
2.437291593280336244e+01
3.813809073131177740e+01
7.763767589384464899e-09
2.261504756619467649e-01
6.892006591250174347e-14
3.830378121266456048e+01
1.235726370007117714e+00
9.218234302828749709e-08
3.874381670018469492e+01
4.023942200854093443e+01
1.121949144792627104e-11
2.600832990070969176e-05
3.193417428763407705e-12
2.873514585768690921e+01
3.179181414788603277e+01
3.900247630637444018e+01
1.797316039906751255e-12
2.142150613576984377e-12
2.220446049250313081e-16
8.370745137049966089e-02
3.725803462922627318e+01
5.164145480225797708e-12
3.713867855248563643e+01
3.795497881096945036e+01
3.603076209626215132e+01
9.049334506570059222e-01
3.801973648976053965e+01
2.220446049250313081e-16
3.543391805908401437e+01
5.517203702405338639e+00
9.124427288282135201e-03
3.394956463660151513e+01
3.164401207517169112e+01
2.220446049250313081e-16
3.854069042557231484e+01
3.709462724116005461e+01
2.002158184648946015e+00
2.110590379083935986e+01
3.354045184519070943e+01
3.908835540676323461e+01
5.340026873251052666e-15
3.912865961374869528e+01
3.708876532848903196e+01
2.158974248011476504e+01
4.554530161136109703e-12
5.299930481930049265e-11
2.719395623947543431e-02
4.331843396967882853e+01
2.718384764348440541e+01
3.435828460105867066e+01
1.808303060850477806e+01
3.912205960626390322e+01
2.304726256026364657e-04
2.395712225403612905e+01
4.222544428775443053e-03
3.253219858526843922e+01
2.220446049250313081e-16
3.628326455706695697e+01
3.859534646056119556e+01
3.898730115623774140e+01
3.010737946757194905e+01
2.278692055060222899e+01
2.438523281810160537e+00
3.716112146158900487e+01
7.922391034386863318e+00
4.171170812468461264e+01
8.733438783746441558e+00
2.220446049250313081e-16
1.274929112072442855e-03
3.665713109865137653e+01
3.922692685580356908e+01
2.139360238546032633e+01
9.364349079969118026e-04
3.830838964774564914e+01
5.346237354770257382e-06
3.734712125883107348e+01
1.554306881481371505e+01
3.758251715595759634e+01
1.406696600922423102e+01
7.552381905109788462e+00
7.017295819335844342e+00
3.756497467896050324e+01
2.184210117773661660e-04
1.588711768207132025e+01
1.633022326074220524e-15
3.322158799886463498e+01
2.080316277280049420e+01
3.435265708145945496e+01
1.685742243664833140e+01
3.797321339525550599e+01
1.179191041996683076e+01
2.077768052325386705e+01
6.499161522723176709e+00
3.720773523866423460e+01
2.709012522244043097e+01
8.569448568081189203e-04
3.842289845335972932e-14
5.831724794166889997e-12
3.770172460878758613e+01
3.667375477978517750e+01
9.944961016312853533e-09
3.616558985772045531e+01
8.528523023317678309e+00
3.690776071412832948e+01
3.873087564168854868e+01
3.595860179919908714e-16
2.744467793682407286e-05
5.577851178481232134e-08
2.220446049250313081e-16
1.556579652020839433e+01
1.188426806808857159e-03
4.036237717901349242e+01
3.887316521236290612e+01
3.802940852457298604e+01
9.175376930091826422e-01
9.175087484737687879e-04
3.730520699590235267e+01
2.951813958159209460e-15
3.275283847557343364e+01
2.161336765667036275e+01
3.614710793947171652e+01
2.067622736402076455e+01
4.403862478720146527e-16
8.484161234861973711e+00
3.640187806937629489e+01
1.851895817331146787e+01
3.500602961854254147e+01
8.567630135378736966e+00
5.544943404362389672e-15
3.517246349597990474e+01
2.830980908919396200e+01
3.513746943482902196e+01
3.285343088122527178e+01
3.725064505574396634e+01
1.506276970262838510e+01
3.655883179286795581e+01
5.361426796411462177e-11
3.480351880527916819e+01
3.637948043639881490e+01
4.024516628596006740e+01
3.594107880346187756e+01
3.909836962893046319e+01
3.963680879762368647e+01
3.626831313989620753e+01
4.103818115237873876e-01
8.097577047796034914e-16
4.070893791146579588e+01
2.220446049250313081e-16
3.824564324691753825e+01
2.124163684420433995e+01
7.657204620802695594e-01
2.032853953744062991e+01
3.859884898085149985e+01
3.888406079612885691e+01
3.645385637783796540e+01
3.748130977492022708e+01
3.017883350604230941e+01
3.775413092584159358e+00
4.143127116112982122e+01
2.376427020908715271e+00
2.366237778394436475e+01
3.688127904602336571e+01
3.758356163641142444e+01
3.510404279852821929e+01
1.653059700068415339e+01
3.565976434689228824e+01
2.011298372989886829e+01
2.992546068653791735e+01
2.175580892002579247e+01
1.039707322466122122e-03
4.643538505696726856e-07
6.148956701897415654e-14
1.470241816380912722e-15
2.220446049250313081e-16
6.895973114619224908e-02
3.751408967424255669e-01
2.788786691510921401e+01
4.675992848853512129e-03
5.242164087791498783e-01
3.357433775616284066e+01
3.390993941821250957e+01
3.638575951150237131e+01
2.048526845921731077e-05
1.176872856708467430e-15
3.729616406620001356e+01
3.693263729719306099e+01
3.338218944595907800e+01
4.063809778426114150e+01
7.967062656709197555e+00
2.363487848441280548e+01
1.447325186779093234e-03
3.305717243938669725e+01
3.462909139278217197e+01
1.791864037160722931e-05
3.584082964469543953e+01
3.487491380775575323e+01
3.875271978469301359e+01
6.906583685672599060e+00
3.514508591011475147e+01
3.941710594485190455e+01
3.837915941539998954e+01
3.146452732213758097e+01
8.220224919072630643e-01
8.660576227728058789e-08
3.587857323227296291e+01
8.459176515772041816e-10
3.764147818890156572e+01
3.995287405264663860e+00
3.871589008888835082e+01
3.836888777028770647e+01
2.592221452165160370e-04
1.063432594899753170e+01
3.740105258517673548e+01
3.775345125330508012e+01
3.517961110175626516e+01
1.861657002301630781e+00
3.958696070243952647e+01
3.693916573036551654e+01
6.524469578613849364e-06
4.514080320048510786e-02
1.501636384212544684e+01
3.748450115019377193e+01
2.228140895153305934e+01
1.313763612078512581e-05
3.771481143272804104e+01
3.817619837429200658e+01
1.949623562226987517e+01
3.434836356690870929e+01
3.084555757510864282e+01
9.404779460302627569e+00
3.513070844851971941e+01
1.082355132318982641e-15
3.822645858649540429e+01
2.884600026452335258e-05
3.516591350590595511e+01
1.428101931217823051e+01
3.470561651128609526e+01
1.566589810282411577e+01
1.554556916368008856e+01
3.653346449290343401e+01
3.418183330739347525e+01
3.710200361648803380e+01
3.588171781683647055e+01
2.388042840261326205e+01
3.342274153335591080e+01
3.699044572721729907e+01
1.316989518128172598e+01
1.536252231517527868e-13
3.794744831018891063e+01
3.593071859475109875e+01
1.859488032592236095e+01
3.967340160887648892e+01
3.129672260744749224e+01
1.067522431090664092e+01
2.425991053185992996e+01
1.524215745890843365e+01
2.220446049250313081e-16
3.390655238532512072e+01
3.660365141226643715e+01
3.752087571984230863e+01
5.228861838211933156e-15
3.715213674063642202e+01
6.766389309194747754e-04
3.397369215278851584e+01
3.814338532172126150e+01
1.757851519868123920e-12
3.735496931108325924e+01
3.773381358307562294e+01
3.307070143021880426e+01
1.490609338059567502e-10
1.265557824590030123e+01
3.787030784082803336e+01
3.447476607065974719e+01
1.039679714004751499e-12
1.166245021190591835e+01
3.849243500506712934e+01
3.105427824801938996e+01
3.372890300781734151e-15
3.804566176204512118e+01
3.726990385475646406e+01
1.091380368153851244e+01
2.364314972429665184e-12
3.514155086885524781e+01
3.542176600261224451e+01
2.125170143712767867e+01
4.035705743376372823e+01
3.579486561000722133e+01
2.615461324685077571e+01
3.098830024050900889e+01
9.161115842303749091e+00
9.051141873293351292e-01
4.030710654655343461e+01
2.056277055285378097e+01
1.125178632577017801e+01
3.462943859270943392e+01
1.238178688614760581e-14
2.362532663521756859e+01
2.906494889905161116e+01
9.684521597043191932e+00
9.866052028828946163e+00
4.559576894290486743e-14
3.701028240243981315e+01
3.496512320327774859e+01
1.584655570757077392e+01
2.003383990965304117e-12
3.578604166694969990e+01
4.080563339632163998e-15
3.659387883089005555e+01
5.706575737299816988e-16
2.186442547744561082e+01
3.741187039464841746e+01
7.504112618734666285e+00
4.279116888185690470e+01
1.368053178111664912e-11
2.611541334323300608e-16
3.295175188640124020e+01
3.404967354467569152e+01
2.932100608347870718e+01
5.931845555568758173e-14
3.605982978254152727e+01
3.243174015901000473e+01
3.683585556843561903e+01
8.441016955650814313e-05
1.362256824724302007e+01
3.790348146288700804e+01
2.172263778755145935e+01
3.636167353011963144e+01
3.208238500950307159e+00
2.194228676502957710e-03
3.454288541773087218e+01
3.326676849522446133e+01
3.579428921151809107e+01
2.399745724777050746e-08
2.609400811775039131e+01
3.746039070066895960e+01
3.660336522140931237e+01
5.813610871675396474e+00
3.499665159473732956e+01
3.293064226071960121e+01
3.403846164904805249e+01
2.519263693377394020e+01
3.517875889193609851e+01
3.905732114175122405e+01
1.697919757563310261e+00
2.908757450766223940e+00
3.921503616116571322e+01
3.913271037713469269e+01
3.667505346136606903e+01
3.912956489685256400e+01
3.409228841612269179e+01
3.959590361302804240e+01
1.676354221161135172e+01
1.367835256634559663e-12
6.297723199915255421e+00
3.511165414596199952e+01
3.677193071076756326e+01
1.398139274851265323e+00
7.457086924324299204e+00
6.703824085860214943e-01
3.575496283445969681e+01
3.335547958936413693e+01
3.551030584773463517e+01
3.580112478456268121e+01
7.375150150734488782e-16
3.811508192706933329e+01
3.498946354019578564e+01
2.354004719073822915e+00
3.511233771931463821e+01
1.999908517528741925e+01
3.733891026928726831e+01
3.616093447808348316e+01
1.212564409252621189e+01
3.390326405046500469e+01
3.937836455458170093e+01
3.667539930969411444e+01
1.312834053654202443e-15
2.169418249464555615e+01
3.700862138965087667e+01
1.481619863146622684e+01
2.741088474787157381e+01
2.966947266749526690e+01
1.014845004022068764e+01
3.518660408701011022e+01
3.197850584498715776e+01
3.649789482015480502e+01
1.095587665177520087e+01
1.093200215262631403e+01
1.107306544651291169e+01
1.387288309028463829e+01
3.816218935394737599e+01
3.414884906088990846e+01
3.651539161697458269e+01
3.159213107620957928e+01
3.632791247791974598e+01
3.463790991889641901e+01
3.478541803772774443e+01
7.809861782180062661e+00
3.510610150137075181e+01
8.586634918599381772e-01
1.130835750278327190e+01
3.065602922542356623e+01
3.676803710910024847e+01
3.501742621157532653e+01
3.812588553771450961e+01
3.594822504458542767e+01
2.613704329287551431e+01
2.804941374435384560e+01
4.384892926009881897e+00
5.257151798779006347e-07
1.630046440827940366e-06
7.662533214392391656e+00
3.390606015245327143e+01
3.915347243362067076e+01
3.723175546596408481e+01
1.192196024834309936e-10
3.650262180708254078e+01
3.515806772500318544e+01
3.522098209838118521e+01
1.310123841975130432e+01
3.315972161591074752e+01
3.727304985270394155e+01
3.168295087937549681e+01
3.611341375163141976e+01
3.822156687531389707e+01
3.509101892826122082e+01
3.781247758548825999e+01
3.267705163313124217e+01
3.456175676490064319e+01
3.370610673085322873e+01
3.511093657929694700e+01
2.144993460342517722e+01
3.562900070851571144e+01
3.803791467012945304e+01
3.169776081151997360e+01
3.722201576014030167e+01
3.587071143120324024e+01
3.412650209258215028e+01
3.498098374089592255e+01
3.637364956710517561e+01
2.494135954122700722e-07
2.541598108201582562e+01
1.938930729869115489e-08
3.743718957098278111e+01
3.355744854538104960e+01
3.776477980403382873e+01
2.949929932734687910e+01
3.638746920968948473e+01
1.133697697037536400e+01
2.840919410651918042e+01
3.868024255316830562e+01
3.502614743842251954e+01
4.447435342119494831e-14
3.651083791845679372e+01
9.375431314307386375e-15
1.692418853443498250e+01
3.489526982522336596e+01
2.327396816113360600e+01
3.628681176262774244e+01
2.939277594816182341e-15
3.532256932829453433e+01
6.643154531142188290e-02
2.655719842370366734e+01
2.347621813857096384e+01
5.973294430206726346e+00
3.931445361722588672e+01
3.332023583038558456e+01
3.758665579578885030e+01
1.454235901147067911e-01
3.520011226898080281e+01
3.642456891980048539e+01
3.570545621454451179e+01
3.717299441207812549e+01
3.732584534859489622e+01
2.850400987388384522e+01
4.692646628068416703e+00
3.711424936232697291e+01
3.736261284100302049e+01
3.481782320888031279e+01
2.220446049250313081e-16
3.465024149648071727e+01
3.550651699673747430e+01
3.186617046201196501e+01
3.273726962903930371e+01
3.328401993678413362e+01
3.635468498275584892e+01
3.950635550600052426e+01
3.547494677537521568e+01
2.652915459748286153e+01
3.882114144123841015e+01
3.645833598405011600e+01
3.724395309733538539e+01
3.490232919390498267e+01
3.535210618159580775e+01
1.574174284434383690e-14
3.210370959868996010e+01
3.514070592864542419e+01
6.345261668799752286e+00
3.570492402791196440e+01
4.165877562234715725e+01
5.286209122264756910e-13
3.579065988142728827e+01
3.587102502048807651e+01
3.504250090717827248e+01
2.342562792759347090e+01
3.602156957067331433e+01
3.699456988674730695e+01
3.461043275007506992e+01
3.669343296654412967e+01
1.765817082229398594e+01
3.461540370238473940e+01
3.815284742803972051e+01
1.240326946573957180e-13
3.586824572944073708e+01
2.965464163548116616e+01
3.655787160055224660e+01
4.499653413643435971e-15
3.725186543184178589e+01
3.702282744821960847e+01
3.388405553553030103e+01
3.397361689618579561e+01
3.798654801160015637e+01
3.794014008808964888e+01
3.616231414852785520e+01
3.634790913488463104e+01
3.528823316565915746e+01
2.062997430473280380e-02
3.558691210417177331e+01
2.443838064194425008e-09
2.696375917607436179e+01
3.421369038101445170e+01
2.286964610799129360e+01
3.448501274730478627e+01
3.719826419883901991e+01
2.539391647636252713e+01
3.544804801032747577e+01
2.570370955706824034e+01
1.395386456738928871e+01
8.799431312060619348e+00
1.590558987134997437e+01
3.417604791720230395e+01
3.181229527557291448e+01
1.702955803517742694e+01
3.718395906057386924e+01
2.202705978421457563e-14
1.335889149784308404e-14
3.450889406712780527e+01
3.429826928522204099e+01
3.376830964538883961e+01
3.802065207644537992e+01
3.757356059584011376e+01
3.655765682225913338e+01
3.674785192437261827e+01
1.372561432114100980e-15
1.973212219658982747e+01
3.538766067308671381e+01
3.835264387952268095e+01
3.667323828454961188e+01
5.772280575802271052e+00
2.536333481263666201e+01
3.335043440476545840e+01
3.752556973922963834e+01
2.476069401139619330e+01
2.094389725119756918e+01
3.423779302743778175e+01
3.592239255926084951e+01
1.851462994922358263e+01
3.782803797320865158e+01
3.309110850165199852e-13
4.662839765221551318e-09
9.462912835894389474e+00
3.913620220209196532e+01
1.359478815665168838e+01
3.570344763666295052e+01
3.697650428383952459e+01
3.657544506682881291e+01
3.499857017308786311e+01
3.440046351343004716e+01
3.438122549525570548e+01
1.423613177826630860e+01
3.394736804120114471e+01
3.658418822560983585e+01
2.901117949010123154e-06
3.762371035938011232e+01
3.671758544619525111e+01
2.152210181495820862e+01
3.519512922561206381e+01
2.882746448030482966e+01
2.739857823211047716e+01
3.315309998700000449e+01
3.558114724777973237e+01
3.488782349234887192e+01
3.732069466515653744e+01
3.648748666044814115e+01
3.512965940905248630e+01
2.068652846015823243e+01
1.536250495458842735e+00
2.248035250030933341e+01
3.068073379744811291e+01
3.103249308784617799e+00
3.630718966204039333e+01
1.045113815543212610e+01
4.965503355392396623e-01
3.248965782927566437e+01
9.550578203595315729e-01
3.558607882345233264e+01
2.240728233561161677e-14
2.257882288294207385e+01
3.550717568387836565e+01
9.529114144512820159e-14
2.549831275438650225e-09
3.776148913817469577e+01
3.602521121076362931e+01
3.449642512383623227e+01
3.475084691419503713e+01
3.137372276262512827e+01
3.328489995438671656e+01
3.260197675901748227e+01
1.164596392519212362e-14
3.280556197874138746e+01
3.960621355729816884e+01
6.237128107010557088e+00
3.182114075469390357e+01
1.879826375801716765e+01
1.618189931131910697e+01
7.639444903107074636e-02
3.174320652698523659e+01
3.528315924854868513e+01
1.101247678379890083e+01
1.123752589088558573e-01
3.449838275100687923e+01
3.832191522917543125e+01
3.713772524887072279e+01
3.427594832825843696e+01
3.369503459303093251e+01
3.426278607533640752e+01
3.407408898729533320e+01
3.634000021012965220e+01
3.524768463354352122e+01
1.336111227693949645e-15
2.329916062066805083e+01
3.238897154092244079e+01
3.505483137201491672e+01
3.615547511813338843e+01
1.055669291543064858e+01
3.611241104166699500e+01
3.417197342946069227e+01
3.176856662396855668e+01
3.509898435612767287e+01
9.416287984310613979e+00
3.397345720023496085e+01
3.199674986650190434e+01
3.515360963002991213e+01
3.593502647008725859e+01
3.468952178045622503e+01
3.352220893772670962e+01
3.047932028255799583e-08
3.753987692488558991e+01
3.071253037371810279e+01
3.476820130861717928e+01
2.705973747840723220e+01
3.404762388525507077e+01
3.648059975890525664e+01
3.744588991865474981e+01
3.913707367452528274e+01
2.413282767282240826e+01
3.580358633569025528e+01
3.624476458424182113e+01
2.424081157857539992e+01
3.392903849862648258e+01
3.762919791689480320e+01
3.568319166049971614e+01
3.351424856972613497e+01
1.502606929910254545e-14
3.113849095779624676e+01
3.257176604299614553e+01
3.519565066051417546e+01
3.445870450039511468e+01
3.079106383037045092e+01
3.152346108255026280e+01
1.100429706968728707e-10
1.850275146160708672e+01
3.531466115234452019e+01
2.063470795837149296e+01
3.081578446547000283e+01
3.616038880655532584e+00
3.151711775103955659e+01
8.283755342410536746e-06
3.374399949039246849e+01
1.823458629026740141e+01
3.368362950437924752e+01
3.410214915112398160e+01
3.409385213899828670e+01
4.221091421066736515e+00
3.550329190093089693e+01
3.669677542346094867e+01
8.741722759606496140e+00
3.296645393497999521e+01
1.528775728269639700e+01
2.749625182934145329e+01
3.233992343943278058e+01
3.118339582160659162e+01
3.300694650223807969e+01
3.332661402016008623e+01
2.267878091648711347e+01
3.242927153849743860e+01
3.647715772546261093e+01
3.567432931866414947e+01
3.661528323096865023e+01
3.313788382892724371e+01
1.504702355283012238e+01
3.287617729135021705e+01
3.416417397928725563e+01
3.301894102636912010e+01
3.535238787577083741e+01
3.469499742847335710e+01
2.945731766427474341e+01
3.301212493677319770e+01
3.772350396433822084e+01
3.187909943652744360e+01
1.170630612156543116e+01
3.625305665386736109e+01
3.100226617297234810e+01
3.288223635260255406e+01
3.576455658149047423e+01
1.796891478607977533e+01
3.474026254775471756e+01
2.177249980939362217e+01
2.961704460995101940e+01
3.467969654656420886e+01
2.589148715548277124e+01
3.555824562731520899e+01
3.577677596611820121e+01
3.411239842274034118e+01
6.585316972879627900e-04
3.763501818878017957e+01
2.849935220858861484e+01
3.443590656934550509e+01
3.370078373881131029e+01
3.443811106537528843e+01
4.801356644460175104e-14
1.135790455142235622e+01
3.544182693971040266e+01
2.633660536356802950e+01
1.124811198509263477e+01
3.393607600458228291e+01
3.487283474953699880e+01
2.877119938962258772e+01
3.625246948108837586e+01
3.301452656592536528e+01
3.451857336960131306e+01
2.762071788810611395e+01
3.784262277025139554e+01
3.668290381293426350e+01
3.743565171015426074e+01
3.227593936003750485e+01
3.413367788176414308e+01
3.286950856385684006e+01
2.197377977059698750e+01
3.524948290191591127e+01
1.201215163048390444e+01
3.419315714738582557e+01
3.487768045262929206e+01
3.421652368020981783e+01
3.686934672900268595e+01
9.067291585572116119e+00
3.668830452684522214e+01
2.426579228698160406e+01
3.398849931902279309e+01
3.267124868710472185e+01
3.566305630479585176e+01
1.557948456256570033e-14
3.390953756574618438e+01
2.796612226608914753e+01
1.848381241736803915e+01
1.928824019045977334e+00
2.240694354212505512e+00
3.280889344026604704e+01
1.197578573447891159e+01
3.575961372561700813e+01
3.470359076654342090e+01
3.236868703910120360e+01
3.554036238016962557e+01
2.957799947447163547e+01
3.311144162025115634e+01
1.258950383233941928e+01
3.367560749842949974e+01
3.144008055440168903e+01
3.479504356546660659e+01
3.151625217582964567e+01
4.797381983762303848e-01
3.308311286645343330e+01
1.265035626344022779e+00
8.562255712179396738e+00
3.247098970379563099e+01
3.554453980037136773e+01
1.434452647793469282e+01
3.309728086464173913e+01
2.973198573407212209e+01
3.461421692746071699e+01
3.555557180314681176e+01
3.736432649109709558e+01
1.007286349978565143e+00
2.961318255065373251e+01
3.357814604286970450e+01
6.010757298172962218e-15
3.263003783605400798e+01
2.935313923162752658e+01
2.520913706284656186e+01
3.162854658477708014e+01
3.200015252824154288e+01
3.078453110202158527e+01
3.052025716169208636e+01
3.562087832102831442e+01
3.107098250082320590e+01
3.939715071826011439e+01
3.130572800003103140e+01
3.506077258090151361e+01
3.269086471538412297e+01
3.443860183019867804e+01
1.661796777654395640e+01
3.117595398044757005e+01
3.512371718080094518e-01
1.090137289450058944e+01
3.288494435194461829e+01
2.757405239701489919e+01
