3.650249416390268231e-01
1.425615312906904246e-09
3.277304846421455475e-01
5.895872115935335556e-02
6.578155800561082398e-16
2.220446049250313081e-16
2.220446049250313081e-16
2.220446049250313081e-16
3.801435535108721808e+01
2.220446049250313081e-16
2.220446049250313081e-16
4.847280190700227198e-01
2.220446049250313081e-16
3.548854959593543867e+01
2.220446049250313081e-16
2.220446049250313081e-16
2.220446049250313081e-16
2.220446049250313081e-16
2.867505617118988887e-16
2.220446049250313081e-16
2.220446049250313081e-16
4.196206834761230580e-12
3.367923045848577094e-10
3.442909243051469304e+01
2.220446049250313081e-16
1.261259590997055291e+01
2.220446049250313081e-16
3.307479951603469459e+01
2.376059704105434357e-03
3.381375979898116668e+01
2.220446049250313081e-16
2.220446049250313081e-16
2.220446049250313081e-16
1.397514964845811611e-15
1.646308248460624563e-15
4.727145047665702754e-09
2.220446049250313081e-16
2.903268420551249118e+00
3.488870349826378003e+01
6.025651838861127985e+00
2.220446049250313081e-16
3.034505270280973541e-13
3.407332112638790278e+01
9.875191359333204133e+00
2.220446049250313081e-16
1.509249296568574918e-15
2.220446049250313081e-16
1.183948380894007520e-15
2.547273011689522752e-16
2.220446049250313081e-16
3.542924909293039093e+01
2.031340431657233797e-03
3.160616645466277910e-05
2.885067933872555912e+01
3.493859888358862520e+01
2.841443970766144744e+01
8.317958247815091846e-16
2.786294690346711078e-16
2.397382942840823716e+01
2.877199244529392435e-15
2.220446049250313081e-16
1.838152697839627336e+01
2.220446049250313081e-16
7.503345896170344527e-06
1.646206414202656904e-15
3.258187911294602657e+01
2.220446049250313081e-16
3.955480449410145383e+01
4.033115704677741498e+00
2.220446049250313081e-16
2.920211549428742424e-16
2.220446049250313081e-16
6.962964103375452764e-05
6.444547839483848184e-02
4.538310687976284883e-16
2.726195910443735986e-16
2.220446049250313081e-16
6.482077631398452890e-08
2.220446049250313081e-16
3.768070638214585699e+01
1.565066466843057793e-15
2.062802248211591770e-04
2.263550676680632992e-02
1.406103246360120629e+01
1.513765623657777701e-13
7.609374969411960129e-14
3.531886979178996455e+01
2.953260944749860784e+00
3.949641583904945657e-11
2.000696267019765672e-08
2.220446049250313081e-16
3.420844354180974989e+01
3.156084398242670433e-11
3.829636604911872411e+01
1.445055385086607954e-15
6.423607841792484933e-11
3.105379479040113466e+01
2.304613095456855014e-15
3.597016613191486556e+01
2.735535771357017865e+01
3.521539229052023501e+01
2.220446049250313081e-16
3.155137815977354631e-14
1.019336421142203033e-04
1.132546439746121081e+01
2.220446049250313081e-16
1.846637142797531072e-11
2.220446049250313081e-16
1.470243198806896245e+01
6.375573671241392034e-13
2.237830285015319731e+01
7.323530206289145639e+00
2.183777647946655875e+01
4.247451245148074861e+01
1.145004139110449159e+01
3.826503560864620290e+00
4.092095171616327853e+00
2.220446049250313081e-16
2.220446049250313081e-16
6.797980543851662729e-14
2.639207309233828269e+01
3.843577132808007946e+01
3.559740826296185073e-02
2.280734733636469969e+01
3.314881277179416230e+01
2.220446049250313081e-16
3.328132053346670931e-15
2.220446049250313081e-16
3.875836947705056446e+01
4.042211045409141690e+01
5.574341539578044113e-15
2.337925766401641601e-05
1.268265819942696881e-01
1.146945082223462897e+01
2.220446049250313081e-16
2.884527205476430497e-07
1.263444780624938768e-15
7.368432134865843272e-15
5.484390016905009269e+00
3.032486831500965607e+01
1.670582394641484317e-14
1.281424419802058183e-07
3.857103908135649295e+00
1.000218850086415401e+01
4.296312877446191148e-10
3.092929473442092103e+01
3.778033983086903191e+01
1.772437264268345558e+01
2.220446049250313081e-16
9.912965396620574976e-15
3.988771218840545174e+01
2.220446049250313081e-16
4.934304678519887445e-03
2.975150703735114632e+01
3.494341680217899802e-06
2.096227754199822257e+01
4.074652498605554740e+01
2.220446049250313081e-16
1.434407153832639636e+01
1.013847100949654489e+01
3.620201115294486272e+01
3.748722859920004424e+01
7.629115981964847155e-16
3.821450081082270600e+01
3.235927271850382425e+01
5.677326874116285005e+00
2.122885886723491019e-14
3.565037431285217107e+00
3.495643871098737776e+01
3.534432990750622139e+01
1.130833937031546910e+01
2.220446049250313081e-16
2.585247292995984836e+01
3.477596735581624898e+01
8.477961140737829027e+00
1.689209604074214610e+01
2.220446049250313081e-16
8.606329611435046317e-06
1.277565592646947223e+01
2.237861698401328145e-15
7.114545366540196092e+00
1.128758717973781245e+01
3.684753672406223757e+01
2.992790585245271373e+01
3.826113044320949724e-15
2.149886563371730748e-09
2.196753788980951327e+01
3.264320392161191364e+01
2.515607866773029166e-01
3.132076804491743616e+01
5.789659326070298814e-12
1.933850741102773441e+01
3.341362799555742669e+01
3.923581423805706692e+01
1.315622003530300091e-05
3.503834570919003255e+01
2.220446049250313081e-16
3.047157788652998800e-01
2.001711431710830524e+01
3.777615407863939367e+01
2.220446049250313081e-16
2.220446049250313081e-16
2.783133865813113096e-13
3.274621103478526862e+01
3.163229588543700999e+01
1.745065226952831949e+01
3.818711052624493618e+01
3.527193456812255334e+01
2.373451828990035590e-16
2.001225530755529556e-15
3.198707260559999099e+00
3.577472260527662234e-02
2.220446049250313081e-16
2.220446049250313081e-16
9.289100970676566591e-15
3.616237018165423933e+01
2.501591780956881550e+01
2.220446049250313081e-16
4.176595676142870097e-12
3.898736055858491056e+01
1.039059307469842430e+01
1.777806386596020971e+01
5.816240808319727423e-02
2.000383551421830219e+01
1.474960951476125826e-01
3.718644933169176880e+01
4.052278394481516699e+01
2.116424201548966622e+01
1.024388811397596747e-15
1.649766554632746107e+01
3.619561750763041630e+01
4.820486025416876196e-16
9.178168859854322646e-15
3.663880832220207395e+01
2.782758524548977874e+01
3.213974773702229726e+01
3.604160560325067308e+01
5.026889703648844344e-16
5.068857057346803918e-01
3.519666770035540537e+01
2.098782506721581509e+00
5.153932620104906270e-02
3.501096059210686207e+01
3.522804713220101291e+01
3.558749587030395567e+00
3.895368686915094258e+01
3.696163254681294319e+01
5.206618213227604617e-09
1.639469350727544260e-06
3.032917930649137137e-16
2.924566491967693334e-04
3.805496786094584394e+01
1.712136127934233443e+01
3.751322507867173073e+01
3.598892553216911949e+01
1.325895807899507070e-11
4.100295997735386067e+01
5.930231849658868654e-02
2.197468265777989416e+01
2.220446049250313081e-16
3.796111523237488683e+01
3.000350347402590856e+01
3.337034039070739055e+01
5.647843695277472171e-16
5.257122126865597006e-16
3.077628439603012467e+00
1.982513677784624662e+01
6.814738787422129629e-02
3.745170384978686684e+01
3.795081284853738879e+01
3.936113011311025645e+01
1.426347391776698233e-12
3.924844878220000055e+01
1.190938800634528683e+01
3.459317768732353926e+01
3.909421568853022677e+01
1.372700482107312844e-14
1.312981331718667757e-05
2.220446049250313081e-16
1.126258307376776330e-14
3.757723970561827542e+01
2.619271324814311352e+00
3.687066248221773890e+01
1.653186001567779684e+01
7.901658419405313438e+00
1.924959118658748025e+01
3.204272466249410911e+01
4.380675857785032383e-16
2.399851532027294910e-12
3.684465153198560472e+01
9.346683593677195034e+00
2.740312032005978323e-07
3.996779451292827900e+01
3.690955254769272642e+01
3.849979403469655725e+00
3.729810203909035238e+01
8.872218467502002159e-01
3.625353859137713641e+01
4.106199383963330263e+01
3.582953376488087116e+01
7.939382871823076023e-12
1.378354025812735095e+01
5.580473100424188537e+00
2.017322483099551178e+01
1.868820431796492506e-06
1.647371117832058807e-01
3.510906748798548449e+01
1.314600782464285622e+01
3.761690326065430412e+01
2.530928548722907223e+01
4.217149858514647320e+01
3.621330816456416102e+01
3.279431778332189396e+01
3.602876346538405272e+01
3.573288966341758055e+01
2.220446049250313081e-16
4.079865749549924914e+01
2.091002525914958099e+01
3.597965169428498200e+01
2.131040294397904944e+01
3.535674659296901723e+01
1.249279754660418718e+01
9.483098211259571642e+00
1.379726955986519329e-02
1.432485335805216664e+01
2.006952461379054853e+01
3.496916863533365927e+01
2.876942507886008975e-16
3.488494909933336174e+01
3.615983038928141013e+01
1.815445480085381647e+01
1.064029846341768864e-15
3.372535136252305676e+01
3.628431480739286030e+01
3.663649125720287003e+01
2.220446049250313081e-16
3.931373822515583072e+01
3.813934894197357295e+01
3.977262557062621084e+01
9.261960316195883891e+00
2.055546728003118062e+01
3.567129488281695870e+01
1.748188649931959304e+01
3.690233994807878304e+01
3.629242195057234710e+01
2.220446049250313081e-16
1.979102895342615275e-12
3.104679289622346872e+01
8.067110756328809327e-11
2.453382227412651062e+01
2.088344586036504325e+01
3.268487905222680467e+01
2.220446049250313081e-16
1.230858658369928982e+01
3.663956483748700066e+01
3.569286562441993027e+01
3.653994474491372557e+01
1.625007036712370834e+01
4.850693650977997479e-14
3.689290302526503496e+01
3.715008093285046442e+01
3.817821596086135116e+01
4.963247498822082339e-12
1.635340182901619865e+00
6.356558334420705503e-01
3.844047016174265963e+01
5.811322067945638992e+00
2.435733946871423694e-01
3.733406506597813035e+01
2.535177106149855525e-16
2.486335825102236940e-06
2.400047157335288261e+01
4.023803648962809376e+01
3.223112691721884970e-01
2.177180820763929697e-11
3.725666868557041056e+01
3.555704198567902807e+01
3.677452264763133627e+01
7.014678321578614174e-12
2.220446049250313081e-16
1.220405670659224207e+01
3.676660309290941342e+01
3.921558202654903624e+01
3.652345537336911718e+01
3.989821258081209265e+01
2.084294936364951667e+01
3.259267964616518043e+01
3.513827068483664817e+01
3.744571766566667037e+01
9.029224145040922522e+00
3.651859008002907103e+01
3.766290507344772465e+01
3.647323599727011612e+01
3.669749882619831283e+01
7.933386148525898246e-15
3.495382618947834885e+01
1.310141484188020986e-09
3.809313708658086028e+01
4.057633829576299433e+01
4.006516335055384559e+01
3.541215155537026504e+01
3.588510000809001355e+01
2.879934314480331636e+01
2.210456388558758789e+01
3.945827341318184978e+01
1.677997092332415503e-08
1.289628313830110073e+01
3.699519555777673219e+01
3.623917461290000119e+01
3.808076676020479567e+01
3.168505774967174915e+01
1.573313967557677403e-14
3.075658341052098521e+01
3.461782844435521156e+01
1.054909829698349880e-03
3.299972636062096143e+01
5.679688590044110086e+00
2.220446049250313081e-16
3.738173603416926483e+01
3.877105474255002093e+01
3.535895181279317256e+01
3.052680758082016810e-06
1.932482906987037907e+01
3.849458350467828893e+01
3.363044313081444159e+01
2.431382693077978891e-09
1.368501060113756345e-08
3.891302305219271318e+01
5.829694455457844898e-03
3.767662616998131142e+01
4.084992918880196555e+01
8.068615974324649075e-04
3.658811697546136088e+01
3.728320803396914584e+01
3.663945411223640036e+01
7.974028393970201967e-02
3.860488168128424746e+01
3.623530151948545353e+01
2.263194715717863303e+01
3.898902654338986196e+01
2.017939412379359965e+01
3.645518479390847943e+01
1.200273738012413549e-14
3.571101741942447205e+01
3.734209480884570098e+01
8.082804933555502558e+00
3.189589257379045506e+01
1.757699137402207512e+01
2.332323118699773445e+01
3.560960181575839556e+01
3.287780240300641310e+01
6.395745835121917189e+00
3.622596463115805676e+01
3.039420263210978094e-16
3.677973377236421726e+01
3.508448626261764502e+01
5.870389480746666597e-03
3.810761802146399901e+01
2.889979553259526668e+01
2.345783748846994854e+01
3.786938466337706188e+01
3.502969748634081526e+01
2.926056167137910435e+01
3.533875443797060001e+01
3.214129092628563455e+01
3.372761139908923411e+01
2.377202410394077451e-15
3.424603031521574081e+01
1.004348564040359487e-14
3.749354175249486887e-01
3.629816777859363697e+01
3.877079820569156254e+01
2.537750336726853106e+01
3.515741005771798200e+01
5.384571931720146206e-13
3.798215600598570774e+01
3.286620343207321326e+01
2.087718995113032960e+01
6.930821252923561639e-03
3.766770645579175181e+01
3.346819965058462931e-10
3.626152012990502271e+01
6.138483916599708934e+00
3.634165472575660516e+01
1.419044789616955882e+01
2.603353203776739022e+01
3.587736597492683188e+01
2.845641584702971727e+01
2.208867505368106521e+01
4.818888054823574407e+00
5.466417000271380710e-15
4.119994100009097338e+01
2.046042361281155308e+01
3.700305855692014489e+01
1.973050862323436405e+01
2.909269753652831625e+01
3.456178084347561708e+01
3.675977116683893087e+01
3.793379878535376548e+01
3.607939681995605952e+01
1.218409038549743695e-01
3.624368291742466397e+01
2.837616949223944118e+01
1.836908928399055085e+01
3.345419560527148661e+01
1.541137291643898688e-14
3.783393694600319890e+01
5.040642385640971106e-03
3.701081226959839654e+01
3.464043048646401957e+01
2.943963030314775864e+01
1.152652650771611406e-05
3.903514040253722328e+01
6.693286074641069838e+00
9.112966865905759489e-05
3.704047570078660101e+01
1.709666653723800709e-14
1.441176061845696361e-02
3.371645157703033391e+01
3.547763218136128671e+01
3.846846707510335506e+01
4.001065482856746058e+01
3.549673377717432032e+01
8.387581536192197262e+00
3.301265867099819928e+01
1.070855451073798470e+01
3.721712789259677123e+01
3.642481806395325350e+01
3.843703677088839754e+01
2.428323496034197859e+01
3.410054022988678923e+01
3.125436787459563881e+00
3.061765123172295233e+01
3.722822295970017592e+01
8.592846318912195969e+00
3.633140980016420230e+01
4.370093174373376743e-02
3.720163365382574483e+01
2.523318797877859510e+01
4.880994735836942997e-14
2.153561162460419354e+01
3.857694784917870123e+01
1.448734203571114428e-12
3.429998249623090345e+01
3.891171426567422742e+01
3.660516137822564531e+01
3.067728401737455712e+01
1.914461239184532104e+01
3.379695526994828469e+01
3.354520388804699138e+01
6.014198983790053354e+00
3.654720117347430630e+01
3.602638040240876904e+01
3.495509657812761617e+01
5.085997027728880728e-09
3.727220601987395554e+01
3.831012107677239698e+01
3.739506614888727398e+01
2.589132426155729135e-16
9.775284767433023100e-11
3.869856690245882902e+01
3.748688002784972184e+01
3.336631458131567740e+01
6.420684369031219826e-08
2.225221077892543065e+01
3.427706927257550973e+01
3.746814275651788506e+01
3.863792338811720128e+01
7.946136318531478171e-01
5.989405017968801059e-08
3.619855775598772141e+01
2.769888291879658127e+01
3.810527004668868756e+01
3.405746473019231502e+01
3.810722327573014923e+01
6.524473866542986923e-03
3.061328324093726039e+01
3.434332616749036760e+01
3.508742713001662139e+01
3.468541944604393024e+01
3.661086081110046564e+01
3.370205156798072466e+01
1.643565945944420292e+01
3.708632238577969531e+01
2.440529138572779289e+01
3.644272768822457920e+01
1.402042851016393807e-05
3.336053841442077328e+01
1.873879705467445333e-14
3.491862962045507146e+01
3.682432074646437314e+01
3.414215315413424179e+01
3.005750870749848147e+01
3.171337289494255529e+01
3.620231946093365849e+01
3.889868708034607891e+01
3.614242710553754279e+01
2.332831773458259611e-05
3.664466507445039412e+01
1.042772076917976853e-01
2.469768146668942066e+01
6.222965026300323110e+00
3.698177172879645269e+01
3.938098401481204291e+01
3.710068697492186374e+01
1.802317806598357445e-03
3.305640170806603351e+01
1.262361436747969200e-14
3.094465494949026407e+01
3.363603651626120694e+01
3.779639527152797740e+01
3.620934268460997885e+01
3.359823489688611176e+01
2.778798140148491314e+01
3.097294784803828471e-01
1.963121026062269436e+01
3.675427971276059225e+01
3.137038111390605621e+01
3.350086793754741876e+01
3.679940243361826901e+01
1.610694338277797755e+01
3.776340987181596631e+01
3.148416809965854313e+01
3.661666708575553031e+01
3.664421231270515733e+01
3.691794723893667651e+01
3.267120632187457119e+01
1.193084791018499580e+01
1.400130295592832930e+01
3.727122733429996515e+01
3.668937694259134474e+01
3.737898073840052149e+01
3.760915245243452887e+01
3.065123998424047613e+01
3.588021196022868509e+01
1.760995353917094874e+01
3.069293941675989501e+01
2.904500250599500077e+01
3.570857952806186120e+01
3.345133134741625724e+01
3.650293540801296643e+01
3.842888529798524644e+01
3.666517533275970209e+01
3.544568226550575218e+01
5.778953939464970269e+00
9.849396224209687120e-03
3.780793024350753484e+01
3.543744362439407780e+01
3.495735798257728533e+01
3.550932467493490918e+01
2.813563642552875166e+01
3.501380657045398692e+01
3.999598399128472197e-09
3.589158413741738229e+01
1.699902512716025882e+01
7.127910691013354061e+00
1.113707821150620880e+01
3.539819282680354462e+01
3.604404452243134926e+01
3.766825371292912905e+01
3.564949711748227656e+01
1.469365380634248550e-03
3.246256866273214570e+01
1.067833227289972020e-03
4.722013988688415667e-13
3.549253963796037681e+01
3.777096284295657824e+01
4.045102714308959513e+00
3.713386589444807129e+01
3.622944273943467408e+01
1.087171015747523877e-06
3.510668699217536926e+01
3.371122131980993686e+01
3.595681185212435338e+01
2.892052580006469142e+01
2.463350953320852454e+01
3.671861831173882962e+01
2.193107047690133869e-07
3.260887543399765320e+01
3.627306891266357525e+01
2.213761220178814781e+01
3.396540869706475974e+01
1.316381701498417378e+01
1.614397960894128303e+01
3.670032377393344802e+01
3.212081478764347509e+01
3.504498001256168749e+01
3.742970297017343739e+01
2.953524504936929418e+01
6.584733330949277548e-15
3.506449906706662745e+01
3.494224931004824697e+01
3.367594361897504029e+01
3.597373728208395960e+01
3.014079494650938784e+01
1.079429894518056088e+01
3.645622822962452858e+01
1.268246059183473307e+01
2.372819966703603001e+01
3.586854751298236010e+01
3.142977682497984926e+00
3.509841295894744917e+01
1.238521862332605217e+01
3.018367555273388803e+01
3.448773005606214070e+01
3.257424974320332467e+01
3.611133067918376582e+01
1.340109324722670436e+01
1.394001675958184875e-14
3.268165796504290910e+01
3.837028853979661847e+01
3.137099948047983489e+01
3.112937478384139589e-01
2.653117984599041890e+01
1.705621038026191272e+01
3.722041500804231617e+01
3.377011622444357641e+01
9.823311765355613900e+00
2.223073573651898371e+01
3.730140036422240968e+01
3.878990551322405622e+01
1.013812299217716273e+01
3.648811006333095008e+01
1.312697648882063284e+01
3.475254489123433643e+01
3.160223929420893185e+01
3.684737461731612740e+01
3.853623537080981265e+01
3.515186678232404915e+01
3.264257739294448157e+01
2.423534702985738933e-16
1.879807562014803660e-10
1.690161985023780034e+01
3.256476197799006655e+01
3.550906995227595786e+01
3.750438418708218791e+01
3.960472579658096492e+01
1.251767985874879940e+01
3.603118380610966025e-15
3.206432155053059319e+01
1.610120499748009237e+01
3.186210221067319637e+01
7.106671541125145097e+00
1.222931353211346028e+01
2.398675952139500822e+01
3.254352771734119187e+01
2.685528194111908107e+01
3.539487462777608329e+01
3.696692069479669129e+01
3.307258952520277262e+01
3.039476182455105757e+01
3.559106638654478072e+00
3.480994700019208210e+01
3.921394563122517241e+01
3.712480165989472880e+01
2.122953874591349788e+01
3.283539775636516111e+01
3.500903224287044679e+01
3.771680674111983933e+01
3.481797621380341923e+01
3.160176974501028369e+01
3.728609388611824471e+01
1.379101708071996807e-02
3.254069125958491071e+01
3.851913379370950707e+01
3.398084971566645862e+01
4.096837741867821736e-02
1.472721036516048621e+01
3.403419393263598636e+01
1.699384986494525407e+01
3.473431066155382752e+01
3.375095562770378876e+01
3.405770451233632201e+01
9.582712507528204111e-10
2.816576437637624508e+01
1.075119141188381455e+01
3.273943253203973569e+01
2.103611490567844941e-04
3.702538977552316624e+01
3.609243444763942676e+01
2.953236960352382212e+01
3.641750161511431827e+01
3.538767931535553402e+01
3.589829113357527035e+01
3.468831869514525579e+01
3.211268236697644340e+01
3.802864346847266575e+01
9.072940077066885323e+00
3.687670059876740680e+01
3.551346316985366514e+01
3.461510859882205438e+01
1.626330958884919298e+01
3.397659955399929999e+01
3.450065079186014572e+01
3.687242349986540546e+01
3.104048871154172318e+01
3.744671668187371694e+01
1.702593119133417332e+01
3.270882448004410037e+01
3.782848948762330821e+01
3.394889083112746420e+01
3.566589731464487301e+01
1.455852852266453823e+01
3.388613335589383269e+01
3.430276197920955639e+01
3.636313159831668429e+01
2.211224870056775060e+01
2.498480328921933591e+01
3.484988202337002861e+01
1.585115229275277038e+01
3.353801772842425777e+01
1.633505534121420055e+01
3.376085045032953502e+01
3.209579199339217581e+01
3.364511435188168775e+01
6.982020675614468281e-09
3.640203944683327109e+01
3.671459814054723836e+01
3.768633739438668329e+01
1.059154699432304557e-09
2.920841461680462248e-16
2.118415645189184460e+01
3.401292713586848038e+01
2.128857324947289342e+01
3.406448606415267477e+01
5.273406242402500776e-01
5.157006279661481285e-01
3.530141725414125631e+01
2.958120771259665105e+01
3.458273325342241833e+01
3.557957124466902599e+01
3.606502271455819653e+01
3.562466224851418417e+01
3.370720530262928349e+01
3.576238379403253731e+01
8.105384788602876256e-02
3.676495487414312180e+01
3.109341199039126025e+01
3.028146975270217567e+01
3.731633295036288445e+01
3.735251696892091644e+01
3.385225755870951758e+01
3.027632228503139089e+01
3.265612374255187689e+01
3.583165052304764231e+01
3.743233826231364247e+01
1.001513595004168700e+01
6.874010835644864592e+00
2.100324102638445467e+01
5.147258251195481126e-07
3.698787282918309671e+01
3.622070662911291805e+01
3.437366066929187269e+01
3.511869639819838085e+01
3.122691858361248762e+01
3.609157742598046781e+01
3.592293704007439459e+01
2.064541375297908488e+00
9.114006773521447613e+00
3.729635215684977823e+01
1.961482404344584753e-06
2.319049634030218598e+01
3.682652563915324606e+01
3.151693671819676368e+01
3.366881758002672598e+01
3.574460584427782095e+01
3.759951114387365578e+01
2.781608775304064807e+01
3.541724750088057050e+01
3.782355453810733081e+01
3.397466955816355494e+00
3.409884059496462072e+01
3.245304945792565121e+01
6.105471419743047967e+00
3.446833741937273743e+01
3.496906164828301655e+01
3.317912484938194240e+01
3.233801825664521346e+01
3.376916563547542438e+01
3.503037122912970602e+01
6.307909864575479419e-01
3.497690654248975761e+01
1.160294592076776919e-12
3.572479538152200718e+01
1.514451265513596884e-09
2.941144882650772274e+01
3.474431080329499366e+01
2.886269731889832002e+01
2.813857698900481097e+00
2.497114592203527650e+01
3.712425945389875892e+01
2.680640022902803210e+01
1.230032459870214723e+01
3.643172154362076043e+01
3.843043955285769897e+01
2.434793177907950579e+01
9.607607721454352045e+00
1.362508245593976852e+01
9.870271302560126164e-03
3.250059238623182978e+01
3.635792553403921090e+01
3.677686534494842618e+01
1.296726272813710423e+01
1.947544168389570629e+01
3.664355739697244729e+01
3.580056234982703955e+01
3.811366248266023149e+01
3.146396029378382053e+01
3.285278928061684667e+01
2.319361384614448696e+01
3.620540894767725604e+01
3.608597061690588959e+01
3.368661456504558771e+01
3.587927795363928851e+01
3.401488692677514791e+01
3.202287714637005678e+01
2.912398515060155191e+01
6.222420691314530572e+00
3.448442009854123569e+01
1.477724234907969603e+01
2.103682529447293703e+01
3.449372780554888607e+01
3.572904611801219232e+01
3.541355176414931805e+01
2.476289161843441988e+01
3.497416780794788682e-01
3.544870273742325395e+01
6.200838248348742532e+00
5.256485897574903809e+00
2.058971416333339022e+01
3.404277769278777299e+01
3.473017737427230855e+00
3.369802209899663126e+01
3.515749180308727517e+01
3.138244664961297659e+01
3.290990417943279311e+01
3.367771256456710915e+01
3.313456929163187681e+01
3.570291010560697487e+01
2.397343569423699350e+01
1.012949358377804643e+01
3.046229204517477385e+01
2.956493941747545762e+01
3.648732829423125423e+01
5.732717298971544473e+00
3.583461836065301998e-01
3.437613040553779342e+01
3.731636144632501839e+01
3.270123249608600702e+01
4.939220090349699888e+00
3.314719478671946717e+01
2.817970490712363230e+01
3.293028512223068560e+01
3.573560472804569343e+01
1.889868631009446620e-14
3.302064495487863383e+01
3.219478509788671516e+01
3.678967457892894544e+01
2.548538667919191814e-01
2.771510881720968911e+01
3.426699867021294210e+01
3.246575298667169562e+01
3.291871959885423848e+01
3.645856880890482898e+01
3.376073588747619425e+01
3.399895152846005431e+01
3.234764089734604653e+01
3.166620995375672365e+01
6.107455582842976975e-13
3.324594840320246192e+01
1.577148093028479890e-03
3.620026768020827745e+01
3.272812307058364212e+01
3.743018774540710325e+01
3.532452550954109682e+01
3.528743523766850387e+01
4.542538096759175803e-02
3.484548448176838065e+01
3.341511484782847674e+01
3.817391218077852422e-01
3.352360617622814232e+01
3.419235090370008834e+01
1.524661762892688266e+01
3.338017157964936388e+01
3.622282718961535153e+01
3.610108045886214967e+01
1.221919641231127507e+01
2.935947888571315900e+01
1.534041835172932913e-04
3.352315437678340260e+01
3.089747001247447500e+01
2.982223182180016963e+01
3.463827457420200773e+01
1.642006059383630756e+01
1.460646777284088138e+01
3.011551063339724621e+01
3.485554538507390987e+01
3.180903929001267016e+01
3.481020878826933540e+01
2.192410717499186035e+01
3.125290387170929307e+01
