6.695652653375015838e-08
4.665610012859886722e-16
2.220446049250313081e-16
2.220446049250313081e-16
1.442859520728082553e-15
2.220446049250313081e-16
2.220446049250313081e-16
2.220446049250313081e-16
2.220446049250313081e-16
2.573218078799251922e-15
3.334435098551638532e+01
2.000103026239547935e-15
1.594253256216849346e-09
1.461081932856739672e-08
2.743142984964625007e-16
2.220446049250313081e-16
2.220446049250313081e-16
2.220446049250313081e-16
1.314433786515682158e-10
2.220446049250313081e-16
1.730164728339839968e-14
3.977087817466360775e+01
2.220446049250313081e-16
2.220446049250313081e-16
3.861902950821222191e+01
5.640452568095797938e-10
2.666325170499844896e-13
2.220446049250313081e-16
3.186709062539772219e+01
3.425668891546246186e+01
3.612292703777690406e+01
2.220446049250313081e-16
1.826239296719700178e+01
8.044907185210380248e-15
1.469587908699351536e-06
8.372487788295689404e-01
2.220446049250313081e-16
5.599747439255722352e-15
2.220446049250313081e-16
3.835150417810353929e+01
3.122755519459925315e-16
2.220446049250313081e-16
2.220446049250313081e-16
8.144701168673051491e-11
3.069289344107111607e-11
6.171953556529417462e+00
2.220446049250313081e-16
2.220446049250313081e-16
8.622178960062428919e-14
2.799814079043034099e+01
2.220446049250313081e-16
5.233365995093212319e+00
2.956956562781677178e+01
2.698915586287216080e-16
1.917823321736533870e+01
3.943868972769077175e+01
3.808796090064306128e+01
1.641007046969799288e-07
1.601711549875183452e-05
2.220446049250313081e-16
1.570195690973199831e-01
2.220446049250313081e-16
4.148513671994827100e-10
2.220446049250313081e-16
2.134861174260683040e-15
1.112692548616835003e-01
3.922668800418648709e-13
2.220446049250313081e-16
1.379974137566484016e+00
1.723439125628262314e-10
3.363315388194223777e-06
3.567491451742655784e+01
2.163201246052487866e-15
2.220446049250313081e-16
2.758916503142273546e-01
2.220446049250313081e-16
4.298663776667088811e-08
3.296473996792639127e+01
5.793567019976327788e-13
1.533652020370955273e-10
9.401554605238220074e-13
3.982588158724394134e+01
1.787069257750076900e+01
3.933868370195471309e-01
2.141161293522882841e-02
1.340194374233374952e-02
2.220446049250313081e-16
3.646404122865361330e+01
3.719810649813427261e+01
5.764782206088738653e-15
1.455941727159241309e-15
1.502379379476598942e+01
1.254100305595353797e-13
4.637559470484047252e-11
3.453419991390075694e+01
3.391093479053640181e+01
2.220446049250313081e-16
2.380349427331798395e+01
4.201501886540632848e-07
1.949636837045865789e+01
2.220446049250313081e-16
8.796280122454988979e-15
1.243943677856438737e-14
5.334929533517599191e-16
5.711120512197575216e+00
3.950715687737006493e-14
7.826234913262779536e-01
3.301229062570226347e+01
2.220446049250313081e-16
3.791943172146259400e+01
8.945536560703372331e+00
2.220446049250313081e-16
6.759095254456518804e-15
5.468325386495286322e-01
3.157942355540387069e+01
1.771369400310934950e+01
5.186658492018343451e-16
3.488625473085347295e+01
3.314929142412814269e-16
2.262963062240133283e+01
7.027247516348951553e-06
6.366844701435049325e-01
3.462013078666031497e-14
8.139603084901066987e-01
2.220446049250313081e-16
3.812832992263145826e+01
3.445573009941668374e+01
9.907398252895525470e-05
6.466362846062701504e-08
2.220446049250313081e-16
1.942830848898010407e-09
3.311039862292657432e+01
4.399541084850970268e-15
9.749168576022371694e-14
2.717109108906346267e-16
2.220446049250313081e-16
5.563955057501799681e-15
8.007304715157228969e+00
2.220446049250313081e-16
1.495075282064985700e+01
3.697571892194688559e+01
3.488819945519737814e-13
4.106648373858740797e+01
7.273411883490896894e-10
5.411118075527181946e-16
6.242293437904031959e-16
1.085666604784480427e+01
2.332376029514861941e-05
2.220446049250313081e-16
2.181424560178302301e-13
3.241372459024652208e+00
2.075388904494896141e-03
4.968291646753708428e-04
2.382208073725637709e-14
9.066354763749082948e-07
6.208189402937829358e-16
3.346507960120671754e+01
3.824161457501519834e+01
3.475042290284547875e+01
2.220446049250313081e-16
3.729261939021286310e+01
4.022682584934440086e+01
2.839300263610509134e+01
2.220446049250313081e-16
3.955662508472679662e+01
4.293546989016519931e-13
2.220446049250313081e-16
2.691231140407908029e+01
3.909783219226606121e+01
3.887209030187314340e+01
2.824992790622798111e+01
1.578634518572137679e+01
6.352882635019871773e-04
5.481183375775606306e-16
2.388815266986663488e+01
2.220446049250313081e-16
5.626865726868450768e-01
1.754619843953124120e-15
2.220446049250313081e-16
3.681143563919163597e+01
2.220446049250313081e-16
3.057647462470487909e+01
3.572847975982783453e+01
2.101081030035934205e+01
2.104493043139222349e-11
5.566021701755502619e-16
2.910614277044076559e+01
6.367067978924606641e-07
1.719426235393589053e+01
4.953941304837613277e-12
1.616639235091189098e-13
1.379293327586413974e-11
3.364555217325013814e+01
1.270547308083994362e-06
3.402134328200749991e+01
1.178265080965224578e-15
1.133916415735415164e-10
3.689771267237150765e-01
3.697548495829622794e+01
7.444333382542719577e-16
4.006513512342465333e+01
3.410390482107940358e+01
3.623522995149231463e+01
2.054537216315358350e+01
3.554279230704896975e+01
3.537908775739899170e+01
2.471171212786891402e+01
3.635791900455038217e+01
2.031400797122348223e+01
5.245163089514191306e-16
2.732557571363221968e-04
3.566219816752210647e+01
3.384170731084212413e-12
3.649592124434641249e+01
6.981956296791881014e-16
1.840369178771775180e-11
3.533933767098866241e+01
2.888930025289176279e-02
1.598980335043109235e+01
2.220446049250313081e-16
6.915533922118819454e+00
1.017137656443750101e-13
2.220446049250313081e-16
3.961782895862417320e+01
1.094909077341730530e+01
3.120484992396250590e+01
3.069583201469573764e-13
1.767112166005873675e-13
3.585087115408818903e+01
3.800610470454956413e+01
1.770799549670467460e-02
3.197022579026268119e+01
1.510188702129864780e+01
9.404308505973486936e-15
8.606397859215094925e+00
2.422900851099674213e+01
1.139156403870131840e+01
2.133593584086733230e+01
3.007358400125245623e+01
3.615137868211648708e+01
2.803056946109416359e+01
9.885768262131927386e+00
1.817523037163574884e+00
3.231049913001412222e+01
5.337805098019233326e-14
1.749191295307190031e-01
3.288355574025932526e+01
2.145309955476395043e-09
3.333551373994095002e+01
2.085257533411879916e+00
3.281302567005639759e+01
1.113544252121104271e-13
7.150101620839730110e+00
3.740847102664400126e+01
3.483869271834154091e+01
2.051792038288783004e+01
3.761308391717672350e+01
3.762663717298394062e+01
3.740975029672886620e+01
2.201880540530076047e+01
3.228134967608800565e+01
3.960554863524870228e+01
1.649245504555226374e-12
3.102487032700568786e-14
3.822115241236130601e+01
1.556760716578518533e+01
3.241999188524410158e+01
4.307639665257115784e-14
3.522121195739197930e+01
2.831537064552488371e-16
1.337648872396111344e+01
8.725854054913273927e+00
2.905587970450378066e+01
9.756790628550318090e+00
5.351319559748012695e-04
3.664225274272317479e-02
2.364760001262092715e+01
2.661700747459082826e-03
2.304262411527102650e-02
3.864424110621572339e+01
2.599462543922662050e+01
2.914801183444945059e-15
2.202293834470722937e-07
3.319754120420570028e-12
1.524678426966936359e-15
3.482432335594953088e+01
3.251879097521091921e+01
2.060291975224711747e-01
1.166546789315509036e-02
9.152676409604378893e-01
4.302072114322702845e+01
3.653904597963757084e+01
3.535859364339204092e+01
7.176047663252363762e+00
2.648454523864677279e-01
1.852242793531572103e-13
1.785906827448069478e+01
3.627798936946041330e-07
2.755817486431017471e+01
3.564151184925732707e+01
3.715532297085785984e+01
3.747289004908075327e+01
8.473888065586494989e+00
1.814581896987205749e-15
2.417050372934754960e-11
3.558879113147899886e+01
3.478624375137221136e+01
1.068072614813602168e-15
2.505229917714179913e-13
3.750132681909873611e+01
3.739055959017181863e+01
3.554555252528004416e+01
2.298187184989274101e+01
6.130998000387352320e+00
4.948824278713913219e-05
3.335241604748987498e+01
3.633804612072804474e+01
2.709022350872659501e+01
1.199689324464907969e+01
3.658937935948389963e+01
3.581907451009730892e+01
3.633569185239171873e+01
3.064133533944996126e-05
1.173953872354618611e+01
3.588701907043961370e+01
3.421224435670877995e+01
1.512197088930416733e+01
3.092863537597757784e+01
2.758291725939832872e+01
3.741450800861603909e+01
7.962222789923002370e-16
3.484330777627025100e+01
7.508733798118836233e+00
3.966816757179404362e+01
4.083801035303851990e+01
1.438916993389473653e+01
8.067503602006203423e+00
3.408623683772171375e+01
3.747563632966907932e+01
8.289754328616569801e-01
2.449169895209163172e+01
4.873598666231227472e-16
2.193325909155118339e-02
1.227618023222760178e-14
3.784953630982430184e+01
3.177305823484811441e-13
3.114092583164030453e-11
2.220446049250313081e-16
2.985813192616337020e+01
3.537403728440273198e+01
3.462635491767000673e+01
3.176710382575851099e+01
3.530820974693315861e+01
1.345802438278633417e+01
3.605695230521259020e+01
1.451536916830119672e+01
1.692664950179782224e+01
4.646015616199890911e-11
3.420795065670211802e-03
2.461309326375755280e+00
1.140007354896534427e-15
2.220446049250313081e-16
1.375575464670668246e+01
2.991323183324778867e+01
1.763935063045968255e+00
2.530636853674118925e+01
3.335410282300548346e+01
3.757361071217424353e+01
1.430890204202595051e+01
8.085332742513100968e+00
3.788514600988051484e+01
8.888167193214546438e-14
3.743347831911226820e+01
3.694296897312221262e+01
1.033476406812846093e+01
3.478202980339764139e+01
2.423192215788034432e+01
3.955935429679609427e+01
1.146109806885031132e-10
3.961834953281083216e+01
3.534903585767970213e+01
3.085178007438495840e+01
1.591547938953422836e+01
1.923705487384375346e+01
7.237935368034753125e+00
3.064708177411613121e+01
1.200737848513768036e+01
3.909834001636696854e+01
3.820319959856217196e+01
2.337314027606922551e+01
3.522984206213501324e+01
3.684035146928857074e+01
2.367302680084950006e-15
1.034028791727017982e+01
3.570386231565724700e+01
7.752054061756634944e-15
2.401744258579704905e+01
7.130875006228711557e-07
5.646542237269569497e+00
3.594642788669476374e+01
3.242274512317889190e+01
3.746328926799071013e+01
3.625562805595334481e+01
2.759444876178739431e-14
3.750691090591972454e+01
3.873124051124032974e+01
3.788291400631543837e+01
3.242786244705521170e+01
1.423932361319900330e+01
4.291301511916924660e+00
2.220446049250313081e-16
8.359660111720810211e-13
3.689855859509702185e+01
3.096852114718981142e+01
2.048225419690778537e+01
3.634575596898243788e+01
3.071462052481247085e+01
3.729963914682138437e+01
3.829805309897452759e+01
3.065467079902445984e-04
2.559727982495015297e+01
3.372662979074929268e+01
2.660734951186144315e+01
3.860217699566489102e+01
1.372820972607411427e+01
3.655941476464743545e+01
3.088497088821991099e+01
3.561922383335629405e+01
6.096370753742692152e-15
3.255574865109607430e+01
3.937394093259611338e+01
3.510406642146319456e+01
2.544707183491746250e+01
3.849031330928667671e+01
2.162578129092304526e-14
3.932483925241027833e+01
2.652138826773983382e+01
4.101808603715063128e+01
3.792239320148176063e+01
3.287298507194427089e+01
1.762555447610778805e-03
8.394122026658795477e+00
1.122649153890993290e+01
8.808596537245467151e-08
2.161856825631951295e+01
3.784759107976568515e+01
1.877506172608154600e+01
3.669532079268483926e+01
1.024199235955789256e+01
2.935298157670330676e-16
2.731744613283734679e+01
2.356414920805539381e+01
3.748157381341906813e+01
4.130729157893971859e+01
1.915286810018459690e-14
3.564348165576095795e+01
3.800492049489370316e+01
4.007597229567182495e+01
4.079356812239442576e+00
3.054386721027976037e+01
3.718920288772079630e+01
1.663209976605050779e-14
3.606412300783524216e+01
2.413428348444901417e+01
3.610808427503028639e+01
1.365370410462028516e+01
3.431783989732966234e+01
3.525905927727288258e+01
1.302783315772662220e+01
3.465975347971699705e+01
3.763392788499039909e+01
2.433944947166230932e+01
3.751121853858436594e+01
2.573978417622456760e+01
3.811007790998592526e+01
2.082016927829306453e-15
1.307835980630710715e+01
1.936093601821113097e+01
2.139354689327828751e+01
3.612815256228825689e+01
3.629090358657656878e+01
2.017289060736207578e-08
4.066519817399418457e+01
3.868762404878710015e+01
3.841372261894029094e+01
4.518169278107843634e-01
4.203992267039287611e+01
1.163678146835189864e+01
3.791996702510893158e+01
3.577028064507563698e+01
3.186221752283111641e+01
3.498745048391922552e+01
9.191612766922283018e-02
2.476712344141528988e+01
3.144773141593839227e+01
3.728997285271085360e+01
3.924726665062814135e+01
3.278911043293027128e-02
2.842260869377006927e+01
3.641755512063855349e+01
3.555457894904625249e+01
3.067485549577864444e-16
3.512376630761658447e+01
3.406177839457075862e+01
1.881620183307846261e+01
1.898514655731064238e+01
3.117205316495602219e+01
3.727580601297800911e+01
3.048255299076206626e+01
4.051271960949779337e-03
2.229254808914304675e+01
3.578081174461895131e+01
1.916302184671345188e+01
1.909744710066549089e+01
2.203484562268750935e+01
3.924425111024149970e+01
3.851531579728891680e-04
1.118221914778420256e+01
3.457067216994454384e+01
3.719031460667412148e+01
3.722832706560171800e+01
3.783363991718914576e+01
3.390538582932313005e+01
1.083215639665726293e+01
2.603321118493811426e+01
3.591959884689437388e+01
2.708392620184323718e+01
3.258860950183286320e+01
3.183884408201884497e+01
1.394922998091117705e+01
3.401325914315513188e+01
2.699638458518706940e+01
6.088355674746551038e+00
2.431941271865442644e+01
3.335613805466302750e+01
2.855835964989660880e+01
3.485693435015114261e+01
4.026348538039128755e+01
3.243240411584309868e+01
3.414767415337149714e+01
3.424400295500313263e+01
3.772939219149070311e+01
3.686481282082129951e+01
2.157419182151826931e+01
5.432910056414367949e-09
3.900985283880134880e+00
2.725377896843272296e+01
3.540487981463351730e+01
3.441374727295485769e+01
3.675158600796176955e+01
1.618755146754128660e+01
9.482741379217074496e+00
1.912428931400963705e+01
5.789574627340786056e-16
3.568500067511882179e+01
2.594814106304699308e+01
3.961260464003147774e+01
3.472165248185832809e+01
3.355196801787033678e+01
3.593116972587327496e+01
3.206874424420087877e+01
3.654632245590905626e+01
3.867471789348801536e+01
6.491120041743877245e+00
3.246529373447487643e+01
3.918380277201924144e+01
1.849853720656922107e+01
2.823379553371451323e+01
3.589329284128658060e+01
4.075733453209513851e-08
7.311053655427547164e-11
3.332276330629594696e+01
3.611968104430826543e+01
3.320611067583599407e+01
3.729015695180635248e+01
4.504039046266353211e-11
2.296325148277243144e+01
5.059389825620803194e+00
3.280765530753613746e+01
3.552163776294538167e+01
3.625142096684405146e+01
3.589676352066643972e+01
1.135441259228149313e+01
3.494627355136552982e+00
3.722192510758898720e+01
3.485995277768306266e+01
3.431733400200581485e+01
3.225419342486922147e+01
2.707974851103909941e+01
3.725121504169354836e+01
2.638068919645168364e+01
3.371526104132606605e+01
3.447357989160499159e+01
3.757085227453428899e+01
1.165345893528522359e+00
3.807211155590981377e+01
3.638531498610284132e+00
3.370068521464772004e+01
3.887978700281681910e+01
1.412802347057678176e+01
3.301211789689123322e+01
1.548477248436804032e+01
3.771073741137928437e+01
3.706316300594992441e+01
2.220446049250313081e-16
1.003601184599647311e+01
8.637650733048559459e+00
2.813410824688629755e-02
3.396794658170770020e+01
3.577501299153866654e+01
8.095321959846665250e-01
1.223215793603945123e+01
3.675857624424471481e+01
3.575668196472975779e+01
3.782984703272483529e+01
3.571370783943141449e-04
3.414557264238476364e+01
2.463739150621790845e-16
3.188402422234884526e+01
3.357842903594476525e+01
3.536778409958075997e+01
2.988384582293351244e+01
3.543830866535216018e+01
3.365151988745520129e+01
3.765628602878540931e+01
3.643615599547030115e+01
3.866385792496846818e+01
1.243339008853518723e-01
6.402039132585049704e-03
3.900311257254054453e+01
1.361726670473874279e+01
1.088473750300656206e+01
3.413466449897441635e+01
9.645046450653293711e-12
3.706451493980678435e+01
3.649535599576421419e+01
3.751379946562642687e+01
3.593854695310347580e+01
3.126118187492875578e+01
1.640365569175626481e+00
3.420230330867673985e+01
3.750742823252204516e+01
1.809883405174755922e+01
3.924244790018044426e+01
1.552795349440049577e+01
3.361396307639846981e+01
3.304754041372468265e+01
1.195350218953134025e+01
2.204653539614630375e+01
3.557088872189008555e+01
1.731130449882132538e+01
3.493028525720551869e+01
3.899988735349600688e+01
4.224551982033367546e-13
3.048097452493156556e+00
3.158379082151051520e+01
3.767889022512068209e+01
2.720246710420617475e+01
3.588018038934613685e+01
3.241019668943437892e+01
2.457940298277470959e+01
3.784505547274731185e+01
2.548674533794045516e+00
3.400815573836690220e+01
3.721171766895179189e+01
9.060236540469013278e+00
3.743889709526693821e+01
3.248307473544278423e+01
2.431962992409217250e+01
3.744879518686768449e+01
3.398698623230588822e+01
2.427969952585344160e+01
3.750821094280299661e+01
3.835953003355280799e+01
3.827666953327960897e+01
3.414369132248438632e+01
3.463022927510567683e+01
3.256782216438917033e+01
3.582698482597611189e+01
3.011276408962761053e+01
3.723436619947657533e+01
3.639328753339177780e+01
3.560281702327840492e+01
3.778576430116992668e+01
2.238127273369274114e-14
3.679186802107894749e+01
1.015033659190442172e+01
3.585928176090504138e+01
1.568757727772279331e+01
3.868489581107007069e+01
3.653005576091271678e+01
3.680088584214060887e+01
3.519294754375901846e+01
3.710397674892644915e+01
3.683903122946158248e+01
3.232055364118555474e+01
4.079821351207477420e+01
3.534647805174829927e+01
3.408585780363289786e+01
3.238920884160408775e+01
2.931116823397546511e+01
3.829080341402697485e+01
3.436010518875179542e+01
1.813443385396649887e+01
3.462646831132067149e+01
9.116523347160658375e+00
3.718525116413203335e+01
2.320427706959761303e-09
3.083069089716401834e+01
2.743336409538864729e+01
2.335144807915217058e+00
3.452531000322001375e+01
1.113379990978742917e+01
3.561761428876594948e+01
3.189819167073560280e+01
2.712739520359450296e+01
3.529912192814609995e+01
3.567572849548891156e+01
2.099685569354185155e+00
3.730248788467840626e+01
3.249550792248945896e+01
3.728450713600710742e+01
3.182974612793487523e+01
1.359998352929523632e-14
3.644538858287027239e+01
5.389345532554448148e+00
3.278538090319366205e+01
2.032140144384149494e+01
6.011677324004033872e-07
3.419995185595500686e+01
1.914335336862016135e+01
3.297220691109794188e+01
3.647154087139878698e+01
3.230072734920700128e+01
3.404019775066616660e+01
3.468193078325526812e+01
3.233186541655198454e+01
2.948179702048302175e+01
3.625452750730087104e+01
3.086691238630609035e+01
3.205773144666889607e+01
3.603817853665223225e+01
4.022891459438078243e+01
3.296388465704352200e+01
1.663969945013408849e-14
3.718577735412257113e+01
1.603810658409200585e+01
3.134473671799305095e+01
3.374047942154116697e+01
3.645466794894866069e+01
2.727219734780375759e+01
2.494530162003766804e+01
3.403139421193117187e+01
4.865868854824110714e-06
3.624313378994408197e+01
3.564161052622175418e+01
3.177265659228464045e+01
1.332676663679389151e+01
3.571816034458637290e+01
3.101969636932157215e+01
3.782172137676400325e+01
3.848899083833799750e+01
3.437643042384025449e+01
3.543116578831158847e+01
2.643002655061945205e+01
2.220446049250313081e-16
1.241884376262664347e+01
3.568306340495006879e+01
3.231600099114930202e+01
1.332313087181665745e+00
3.702045288314860016e+01
3.788163437738062811e+01
3.571565780973939752e+01
3.295236201519757202e+01
3.935231766256384134e+01
3.614255212398694539e+01
3.350498132013279218e+01
3.412142148886123749e+01
3.327390988402324723e+01
3.663430680317405574e+01
3.939467758970250344e+01
3.268672856128622328e+01
3.393151828807709336e+01
1.941087564166816648e+01
3.248589049430026421e+01
3.505879532062704129e+01
3.804464731574388736e+01
1.467194030257101467e+01
2.651481020756736839e+01
3.655502407366333983e+01
3.505899754853786021e+01
3.460819322055164093e+01
3.271259404757381617e+01
3.498122814255385293e+01
3.764118468183168176e+01
1.485206061506385744e+01
3.464888971657990169e+01
3.586784629548397163e+01
3.400128539534127725e+01
3.741870116159749671e+01
8.392154561307766203e-09
3.372952816808061272e+01
3.188169573739530804e+01
3.515021375895591405e+01
3.643583415582841667e+01
2.824393938930976233e+01
3.624548554076227447e+01
3.639180014862128587e+01
3.405423205573261924e+01
4.344867198460196721e-09
3.573692251529871555e+01
3.866930720818955081e+01
3.755468381054392779e+01
3.371448852613305291e+01
9.652531228050965049e-04
3.293218938732135115e+01
2.389083842690043724e+01
3.081996492866988646e+01
2.987165944205107593e+01
3.328864747326949214e+01
3.527417414119086914e+01
3.432745467530227046e+01
2.968378235203283921e+01
3.462467200832536207e+01
1.545379112463218352e+00
3.585972893490081503e+01
3.527886028117382722e+01
3.532303159251586777e+01
3.322014367194874040e+01
3.564465892226349553e+01
3.636181723945288979e+01
3.155647308891358804e+01
3.690171550247585230e+01
3.380412432227185349e+01
3.146229588711796410e+01
3.469480796383733434e+01
1.980851514381595280e+01
1.691509745827939248e-06
3.400087423769963380e+01
3.488050821035970017e+01
1.748010169275665504e+01
3.432273236210777156e+01
3.199631918020095966e+01
3.818726045108606471e+00
3.498499595836408815e+01
3.505993339884199145e+01
3.435237853091371107e+01
3.606090159810695894e+01
1.651721639372590644e+01
1.805542003909636861e+01
3.172791506495074643e+01
3.536968081723031787e+01
3.598060193683227226e+01
2.194516653758087088e+01
2.207244328777273168e+01
3.096908794699411871e+01
1.057256367428704991e+01
1.350487385962013320e+01
1.042037723254117765e+01
3.294283154845954442e+01
2.687451726739210045e+01
3.352662143363809832e+01
3.249320462769773599e+01
1.210664126489685763e-13
3.639900301452611586e+01
2.648726773323265352e-02
3.504326135446900281e+01
2.399377295601632198e+01
6.962056093845098835e-07
3.436649180354753241e+01
1.904491293693174825e+01
3.165290816501208078e-16
2.859551356938353095e+01
2.273689060596903744e+01
2.578265566483828763e+01
3.722768001446360131e+01
1.410887406064111005e+01
3.056742153684813346e+01
3.443879170330656336e+01
6.755083408531941558e+00
3.609853736006953540e+01
3.076793050698242382e+01
3.692653175091486162e+01
3.289522020183328976e+01
3.395815859966197081e+01
3.433393387751240766e+01
1.896360735750876714e+01
3.184743763214101619e+01
1.741715085769387628e+01
3.162925081759013324e+01
3.187669750356053200e+01
1.261827411717577974e+01
3.729704937502097550e+01
3.525761163270964005e+01
3.168126403609140951e+01
2.955209187468278031e+01
1.223465158183619117e+01
3.544451970855504896e+01
1.973075993979979970e+01
3.616281415339864935e+01
3.075639259816043491e+01
3.490201897054341629e+01
3.525414312064661715e+01
1.549038566242788661e+01
3.515820464051342498e+01
2.840674613679953353e+01
1.969917354913863861e+01
2.917167176607807022e+01
3.323440701475488623e+01
2.212083489558380123e+01
3.152713587677755314e+01
3.451661314421681226e+01
3.553571814089630720e+01
3.513544404114279018e+01
3.886622542990493656e+01
3.265713754726301232e+01
3.193544418051548917e+01
3.724946416601856214e+01
3.177000384783666220e+01
8.786145239053571032e+00
2.940360071825741173e+01
3.459535233049852820e+01
3.434659639437013823e+01
3.532014655624594468e+01
3.374158769879444009e+01
8.619772161206167738e+00
3.355159306652721796e+01
3.300692342865532680e+01
1.810528369256706682e+01
3.484670396388891334e+01
3.381733251771274240e+01
3.623436206972823470e+01
3.147380452652592808e+01
3.208093136907949372e+01
1.001138455715438802e+01
3.225692040224172530e+01
3.646045107705271704e+01
4.054624843172407367e+01
3.624987600283295563e+01
2.044445386329636349e+00
3.676619267666004731e+01
1.359727647524567473e+01
1.064600495819736354e-05
3.443433273095768499e+01
3.503361663403831017e+01
3.381066987915022537e+01
3.751924199519356051e+01
3.438696279246586585e+01
2.243365235754121656e+01
9.665423198355316714e+00
3.231159913532372485e+01
1.859995164093503295e-11
3.216563027977225175e+01
3.314274371888136272e+01
8.242245704497181080e+00
3.402283976212059002e+01
3.557711769226891363e+01
5.474776741580102524e+00
1.662624740539484106e-14
1.753233878200088913e+00
3.377776881483350735e+01
3.070968465592784824e+01
3.245413015769024412e+01
3.640752451040017235e+01
2.089483852875664027e+01
3.359564864829737019e+01
3.325601545216248667e+01
3.460618546247792437e+01
3.452230376556526181e+01
3.421233043391564621e+01
3.257348783795308833e+01
3.130265944691808411e+00
1.521019130562885024e+01
7.850832641327174954e+00
2.824655134322197725e+01
2.952442281249342670e+01
3.349978880519611835e+01
3.611993724979338793e+01
3.929128522840521498e+01
8.436469416924326836e+00
3.733564411345038536e+01
2.717479158308836773e+01
3.346384943175313964e+01
2.426599934544058712e+01
3.391354831300901651e+01
3.124121698624641397e+01
3.455938431420511137e+01
3.577334163857189253e+01
3.242426780486312765e+01
5.339106402601404788e+00
6.693854762505778710e-01
3.496211465792124784e+01
3.309095314173522695e+01
3.346768539464503078e+01
3.214203552097261962e+01
3.380466553673175412e+01
1.987478364858859337e+01
7.974234870412601595e+00
2.432399008079950242e+00
3.798693629315436482e+01
3.505917855981842735e+01
