3.699153229473104432e+01
3.959506472658976861e+01
4.252899819485438972e-12
2.585447637879704481e-12
3.658596065122203811e+01
5.525990448522304259e-14
2.220446049250313081e-16
6.696222372136409414e-16
9.748934754025119079e-13
3.660621779965570965e+01
1.818631113401666388e-01
1.418344515161360142e-13
7.023221463566124191e-05
1.519134804863418416e-15
3.856370981020736366e+01
3.774814662116408215e+01
2.220446049250313081e-16
3.726294619997852831e+00
2.220446049250313081e-16
2.840796316671251542e+00
9.292294408085517432e+00
2.220446049250313081e-16
3.480730059988755443e+01
1.215661075424720322e-01
2.202890772749082921e-04
2.220446049250313081e-16
1.589452668265571104e-15
1.586355759612042183e-09
6.038008422731396925e-16
8.575579625730542332e+00
3.659231114792385142e+01
2.220446049250313081e-16
3.294321185968161814e+01
1.621616362654246342e-15
2.220446049250313081e-16
2.220446049250313081e-16
2.220446049250313081e-16
3.883379984522338901e+01
5.156314459840451807e-14
2.851980925117301308e-02
9.790879295987026263e-08
2.220446049250313081e-16
2.133153191931806044e-09
2.624707786001974450e-16
2.220446049250313081e-16
1.384569985431399175e+01
2.220446049250313081e-16
2.220446049250313081e-16
4.682803813231674594e-16
2.220446049250313081e-16
3.730430262939582065e+01
4.481754257110837081e+00
2.220446049250313081e-16
2.220446049250313081e-16
2.220446049250313081e-16
8.865531415223747158e-03
1.967827342705163796e+00
3.128827533864673605e+00
2.963715017583889775e-12
2.362465509870085612e+01
8.959077062120919255e-01
2.220446049250313081e-16
3.795647072694013957e+01
3.673225620064173569e+01
2.806789658093140926e-16
4.028536786738503395e+01
2.220446049250313081e-16
1.667044669349939481e-15
2.220446049250313081e-16
2.220446049250313081e-16
3.130884854085329007e-07
5.346029939876005097e-15
2.220446049250313081e-16
4.043284167987178632e-07
2.220446049250313081e-16
2.850038789844333564e+01
2.220446049250313081e-16
3.003944885945057930e+00
4.181562331687701572e+01
2.220446049250313081e-16
1.203868209923780361e-15
8.904022331578607563e+00
3.329739325498268282e-15
2.220446049250313081e-16
2.220446049250313081e-16
3.430796760614169042e-04
1.613030343053954490e-03
2.220446049250313081e-16
2.220446049250313081e-16
2.736591261496787647e-08
1.344599459817511915e-14
1.266464953920703351e+01
1.505445934791988094e+01
8.216008881653799175e-08
1.034803480346424483e-10
3.520007415647884841e+01
5.990354224080475993e-14
5.520227384343946416e-09
3.901032335961845954e-02
1.731775621935846843e+01
3.266429004401891234e+01
3.415476628029006179e+01
2.782937545560610487e-02
2.220446049250313081e-16
1.114091314648464615e-03
7.211476749825067710e-15
2.220446049250313081e-16
3.823382906520740931e+01
2.733253307171459392e-12
2.220446049250313081e-16
3.115755042002208388e-10
3.871401122746714663e+01
3.853182102373617113e+01
6.427272760567118048e+00
2.220446049250313081e-16
2.220446049250313081e-16
3.684266711395823535e+01
1.151882150924258674e+01
4.024256308250399172e+01
2.220446049250313081e-16
1.675619463858275182e+01
3.114580899776514045e+01
6.305218310715005214e-07
2.220446049250313081e-16
2.941888672711057080e-16
1.903172938670283420e-15
7.655604886383258340e-03
5.678479826879930803e-01
2.059190201396740182e-04
1.720223736976677387e+01
3.113028954153739392e+01
3.679719881832721029e+01
1.416340403173327189e+01
2.684266978458549701e-16
2.034592953059631785e-15
1.912704351218296769e-14
3.954440121785728784e-04
3.588172848010414384e+01
1.941230595173833293e-04
6.651589926144784630e-04
2.220446049250313081e-16
1.830142603623354514e-01
2.220446049250313081e-16
2.220446049250313081e-16
2.646369105017130630e-01
3.896936825909681801e+01
4.078204093756053972e+00
3.603731950931653927e+01
4.553661736257478054e+00
1.622387111617622999e-09
1.355175848269990213e-01
3.272218435517230986e-16
2.220446049250313081e-16
3.673031194359028007e+01
3.012854110163306487e+01
2.606283552743408156e-04
1.256598174744891563e-03
3.589864284557651786e+01
4.619999078919233719e-14
3.815588555491895306e+01
3.852181522920860601e+01
2.181226117522729879e+01
1.056425789710932047e-05
3.725463058099803959e+01
9.308471510658300474e+00
3.753164136603457024e+01
1.614201984062443174e+01
3.664120906287681123e+01
3.700325762965062637e+01
2.584679644983353703e-13
2.220446049250313081e-16
2.606015718422629845e+01
2.354331333021071160e+01
2.578902723327164219e-04
3.381954824418917385e-14
2.220446049250313081e-16
3.704169458282100891e+01
1.643225887498195478e-08
2.220446049250313081e-16
1.288353575288850306e-02
2.763123816414950440e+01
2.907773510905116510e+01
5.315079525588102101e-14
3.800996130000797280e+01
4.021748271629863325e+01
3.946209396706316141e+01
1.833037421940023037e+01
2.220446049250313081e-16
2.220446049250313081e-16
2.220446049250313081e-16
3.802968059312449611e+01
4.874896164121285602e-14
3.514406937679598997e+01
2.220446049250313081e-16
2.220446049250313081e-16
1.753323363547803139e-13
1.199719009319566928e-13
2.072160029766479949e-01
1.152644076432663998e-07
3.553992346111997591e+01
4.016551669985309087e-06
2.499652505744701614e+01
1.567223900085104593e-02
2.061942659985573023e+00
6.108901739788119123e+00
2.376225499202680416e-16
1.671961649294091032e-13
2.220446049250313081e-16
3.736458181244261567e+01
3.785698514152377925e+01
2.654624864031176942e-05
1.086521962043407105e-02
1.622697261454702351e-09
1.878747195877107923e-01
2.296970877888844953e+01
2.737981565664029304e+01
1.836777616140171432e+00
3.957736999702325420e+01
5.169271974067467922e-16
2.915866885487814741e+01
3.461122334460684868e+01
6.552679719541386901e-16
2.062234665419014590e+01
3.730021015970736897e+01
6.256400605662462657e-16
3.270798141531035697e+01
1.340520190597811911e+01
4.644924619841111292e-16
3.199220490340728133e-14
3.908193853841507348e+01
2.428120825714010067e+01
1.441086535328823796e-15
4.010689928772924517e+00
8.562063547207191760e+00
2.502387559845716680e+01
2.220446049250313081e-16
3.045459796940925301e+01
5.265871731329660749e-16
3.380730414035886611e+01
3.897863538115541360e+01
2.477583042700708843e-12
4.292389364412859898e+00
3.591000907951121945e+01
5.809613779832122071e-02
1.754501490989089874e+01
3.267536670682277133e+01
3.676799155220700754e+01
3.731222374182192425e+01
3.483267299591216926e+01
3.515584524714065395e+01
2.382979350776056785e-14
4.171417488292911661e-13
3.190722375956575618e+01
9.419099899501368021e-06
1.727819972173274721e+01
2.220446049250313081e-16
7.184608640723051387e+00
1.044228520893350672e-02
3.383628983150916270e+01
6.126886257180512254e-16
3.812855232146842610e+01
2.697772391350259014e+01
3.556718125902032313e+01
3.834507965126307028e+01
3.538298576535835593e+01
3.581537771970593553e+01
1.311517967627038317e+01
1.753972499780812599e+00
2.043485814039545545e+01
5.162371630581301602e-04
9.936100171487967092e-01
3.841173507957489619e+01
3.651628766985361096e+01
1.634871353578493469e+01
9.383467237006043218e-15
3.748904085555810894e+01
1.641561300446575443e-09
3.330610463775352059e+01
3.509555221348013987e+01
1.178105921298086400e+01
3.807853441406595607e+01
2.008318045265707852e+01
3.129213761679947936e+01
3.010698383126748419e-14
3.775423947781168010e+01
3.662082785897266035e+01
1.743542167455663261e+01
8.318647116029988979e-16
3.156888510697652528e+00
2.851388824386485155e+01
3.705500342801136782e+01
3.382889288750641299e+01
3.565097115939710193e+01
2.351579011770826000e+01
1.541328230695988744e+01
3.977823998538665506e+01
3.956884546120046053e+01
3.982948748734965960e+01
7.344195428326958807e-11
1.267512664234061542e-07
1.143549367401011521e-03
3.642281193272939532e+01
1.030131031296054269e-13
3.731347926473384291e+01
3.918267616592837044e+01
3.398389440597213706e+01
3.384710485290392512e+01
3.751639107806381190e+01
2.490710571897230707e+01
3.545055777151149101e+01
3.291172918597252028e+00
1.848797593140536700e-14
8.633576655088296414e-01
2.220446049250313081e-16
9.151874178722212865e-05
3.644059469457420164e+01
3.601212306242811678e+01
2.958108852567088547e-16
3.816764000159183468e+01
1.719037659540126467e-09
3.599688171121948699e+01
3.768187405181476539e-15
2.029088306271953002e+01
2.396407618839717912e+01
8.626997510869527375e-01
3.906830549588475776e+01
3.304314220864056750e+01
3.647396067781094331e+01
3.853146645802969772e+01
3.022904725636243128e+01
1.024774163580478689e-12
2.442996514301512434e+01
3.968688275124209497e+01
3.950671219511304599e+01
3.884909700646831965e+01
3.119897626751069453e+01
6.538715376507058325e-07
9.291485431022975305e+00
3.555107198602361507e+01
3.081783613776756070e+01
2.753394585438278241e+01
3.847397728337438139e+01
2.428554130521204478e-16
3.886095206439271976e+01
1.244020642525124787e+00
3.581067273959087061e+01
9.435438561928437145e-16
3.844722209325822604e+01
3.188373363398878347e-12
3.559664842457880424e-02
1.501286249131234062e-14
3.194850167723615542e+01
1.340072376842545232e+01
1.131257238214510991e-01
3.697381370520347588e+01
3.305152257481588407e+01
3.553042044284364209e+01
3.448094702042445725e+00
1.556300107177169600e+01
2.022167415307934135e+01
1.912833189256334876e+01
2.220446049250313081e-16
3.506542559822482019e+01
1.394446044477412272e+01
3.537954348866349363e+01
7.065733351763177073e-01
3.551170826914775347e+01
1.000477751785001749e-11
3.381472068927467767e+00
5.593423815947585271e-06
3.530396440766698873e+01
2.084195677455110740e+01
2.417131424406826882e-14
3.059418998927546873e+00
5.260597961014507370e-15
3.114850957057915082e+01
2.220446049250313081e-16
1.637332525775114789e+01
1.140091475356840572e-13
3.795832661648083774e-11
3.564261543709834257e+01
2.965926640891686006e+01
3.362388440705900194e+01
3.505067623108659802e+01
4.033156482864907814e-16
1.574806026326920261e+01
4.642109229768241058e-02
2.220446049250313081e-16
3.140660170267809903e+01
2.374117667583374569e+01
1.994029132293637660e-04
1.939174590927623498e+01
3.625486833339272152e+01
2.352704728780784293e+00
2.243412842799461160e+01
1.946724711134681840e+01
1.868537747278786298e+01
3.712008076550674929e+01
1.309161494373435808e+01
3.836423299399916687e+01
3.617458268681266986e+01
1.963687753076614229e+01
3.927874693842591114e+01
3.221583562054032512e+01
3.973274589807623158e+01
3.573015757449217489e+01
4.101655163785851954e+01
3.514155895344524794e+01
3.306283193611754712e+01
3.515619321690785881e+01
3.414312768670027509e+01
3.154794412685794214e+01
3.407943217718946727e+01
3.753606925056924837e+01
2.581686272066450982e+01
2.971422491278345035e+01
3.588386176054277854e+01
3.922110991611446451e+01
1.218215027565361375e+00
3.725903642365229729e+01
1.850781058586353467e+01
2.220446049250313081e-16
3.834591630107994575e+01
3.511566415553399167e+01
2.220446049250313081e-16
1.160198287630180503e-09
3.810734779268727124e+01
3.496776607124873237e+01
5.236999995200358542e-15
1.701690905787433294e+01
3.922934530039433043e-01
4.000806855451272526e+01
3.530890884369798499e+01
3.524585815854446962e-10
3.501964781426567441e+01
3.768813427864431276e+01
3.634680304112658433e+01
3.993814423425116900e+01
5.611674647666223592e+00
2.002995725794425752e+01
3.429557897554096257e+01
3.878748866859088196e+01
1.770522154025218242e+01
4.013528877064257853e-15
2.603369880375523785e-08
3.819504438487188480e+01
6.922650970080671201e-05
3.436045261644493820e+01
3.980791034224827030e+01
3.395665389022792624e+01
2.220446049250313081e-16
2.349976586942157602e-14
3.512141197059046505e+01
3.321216495713137463e-11
6.383996132979687488e+00
1.144092346221602455e-02
3.553594286704373547e-03
3.662559282612018308e+01
5.702690343057056133e+00
3.449246288407713479e+01
3.662859735624467561e+01
3.394459419391183985e+01
1.409365337219400871e+01
3.781410552933593294e+01
3.125503500273866919e+01
3.584689852432640578e+01
3.734873367138585820e+01
3.658182912603798087e+01
9.819067832632665249e-01
3.435017376227811781e+01
1.999156478915797663e+01
6.205436694838654987e-15
8.735724848781631025e+00
3.100408560348211040e+01
3.758315632917000926e+01
1.200208416942946776e+01
1.181029157801371277e+01
3.883865967735147962e+01
3.436240275043859072e+01
1.300812380832596382e+01
3.869196180220641423e+01
2.334239809353339723e+01
8.505779777336625713e+00
3.881590079500811896e+01
1.655120049103438618e+01
3.717687814552640901e+01
3.842594261038747607e-11
3.604778621148587092e+01
6.994905376699549808e-11
9.714776883174776057e-01
3.414981845872838306e+01
3.714314171863120606e+01
1.173196922742729775e+01
1.680480985830292440e+01
4.321274735692396618e+00
3.565561458703410125e+01
1.110866892047099519e+01
3.487955584536903331e+01
3.771972789972441831e+01
3.804739534072480467e+01
2.311232351212785545e-15
9.477151475907125621e-06
3.405469759822639020e+01
2.865984330601464514e+00
3.708801773283786929e+01
3.806295022068037071e+01
1.788221223650479175e+01
3.769618834904275673e+01
2.916655381286849291e+01
3.674737024748134218e+01
1.802558117866762131e-09
1.668378806591839330e-10
3.680518985773634455e+01
4.273074323424138621e-01
2.035441527904984582e+01
3.237635883926483160e+01
3.633984378111398428e+01
1.650959369116428732e+01
1.809336369415395751e+01
4.250998591829391882e-01
3.470911918246332561e+01
3.107442863022361124e+01
3.761490663749920316e+01
3.274071000926664053e-04
2.081919124683527815e-14
9.505766327860001045e-14
3.937149039360542959e-04
3.601490606901940339e+01
2.378639952328740748e+01
4.294583375351663462e-08
3.693113452267960639e+01
3.433766605177237352e+01
3.797092486150762625e+01
1.838080645127708479e+01
3.334333486651504330e+01
2.187979288108474663e+01
3.388206822683778796e+01
1.378318523446186283e+01
1.382656927564538618e+00
3.168923048973043777e+01
3.271871260617095345e+01
1.300992687185939900e+01
3.248345922222313931e+01
2.529605435309415284e+01
1.079956152269792113e+01
3.815011533502132579e+01
3.718182899873434621e+01
3.588808581709941592e+01
1.192914067819537127e+00
5.346981219353527659e-02
6.856035958542594955e+00
1.557114486107727735e+01
3.482116343154285687e+01
1.792796870013786048e+01
3.747161671328132826e+01
3.827252929821984395e+01
3.649464663942185183e+01
1.040908249108818318e+01
8.803137569233955517e+00
3.677761252015565674e+01
3.857240130102839970e+01
1.649832578405375472e+01
1.790182336015028464e-01
2.305522312889158343e+01
3.353199391237312454e+01
3.603706393802697505e+01
3.165180773220929211e+01
1.638790317029796029e+01
1.349842989931922678e-14
3.201633456784598053e+01
6.476580578644856785e-15
2.051876883524205881e-05
3.486036113918523682e+01
3.722231227260085262e+01
2.084702450794680573e+01
1.771167746460679027e+01
4.021873628841847648e+01
1.359361747506417362e-01
3.615633817660435767e+01
3.199864642429259476e+01
1.931981856509113982e+01
3.434524021587881037e+01
3.731275848629125136e+01
6.653066765933700388e+00
3.744010326305907910e+01
3.756831553211487318e+01
5.417739061583947230e-15
3.402135098772323829e+01
1.422686126376833826e+01
3.342392574888172874e+01
3.784242950543676898e+01
3.495624411050790314e+01
6.678615546368723344e+00
2.956244913366299443e+01
3.428643249078979949e+01
3.714123875741950798e+01
3.630862986601116660e+01
1.465036383083352797e-14
2.056241036216426821e+01
3.426729552691400471e+01
2.939467273795048285e+01
2.353468132809320645e-16
2.733100086456559907e+01
2.771419104066944072e+01
7.203677755663890458e+00
3.230284885214591384e+01
1.655310616893688869e-09
3.574483891056430451e+01
1.616718118455730529e-03
3.319929557805890141e+01
2.197535089840843270e+01
3.737016822487433387e+01
3.602476207069868508e+01
4.692618817844750545e+00
3.501970633426267199e+01
3.702367381309135652e+01
1.685928091056217162e-05
3.740700394781178062e+01
3.651658330330104718e+01
3.354335814050240572e+01
3.522712244684745997e+01
3.250361645959674206e+01
5.580041395074650801e+00
3.510982788507934771e+01
1.071751547007218797e+01
3.691794587994468202e+01
2.170597958852814457e+01
3.095373501999733179e+01
1.963867772360033304e-14
1.336510957414686729e+01
3.663323545696927397e+01
3.626680900241021277e+01
3.702860185633604573e+01
3.810654028882545674e+01
3.939954774040359542e-01
1.063300250076547604e-01
3.527461661116863922e+01
1.166319877261944350e-14
7.464488054716019035e-15
3.655553326579821771e+01
3.425309617884453672e+01
3.685525402737903988e+01
3.363324746967595757e+01
4.624133514887251214e-04
1.079537653987529033e+01
3.195297479560473874e+01
2.931920561097306077e+01
3.921198019334683949e+01
3.586246258188618441e+01
4.349278167354614588e+00
8.930748713657111537e+00
3.724770518722156964e+01
1.391428804363619420e+01
1.762932790149710272e+01
3.317462001531370941e+00
3.559232666664551914e+01
2.580832995484089779e-06
1.226826682031894578e+01
7.402416448126304986e-05
3.464218007803084021e+01
3.488321195973930600e+01
3.526860783979234526e+01
3.322888170882789893e+01
3.530572261000712331e+01
1.936396299414710143e+01
2.232464170618930055e+01
2.674665723509727755e+01
2.102282675974932502e+01
3.583683911659802135e+01
3.533809401922576399e+01
3.500796215205748751e+01
3.642893458873697909e+01
3.617881583670907730e+01
1.937233350453676550e+01
3.593629438266644627e+01
2.465280977410807361e-15
9.267466380189320674e+00
3.088536025478356706e+01
3.594448923780410610e+01
3.450777743082830540e+01
3.622161245071772129e+01
3.681025985123095268e+01
3.463339731928097365e+01
3.750377434637911023e+01
3.324226632727025077e+01
5.001638323696334432e+00
3.880023555080011732e+01
3.440396570000886811e+01
3.118737204080529324e+01
3.266595373853865425e+01
2.601663030766248852e+01
2.460651060617878372e+01
6.990509182385104658e+00
2.082311197942548020e+01
3.506610517119464276e+01
3.397178087504829591e+01
3.658540133957030593e-01
3.457353853947114430e+01
3.445897902293384618e+01
1.414857114373198267e-14
9.607047857411220740e-13
1.053443932858309476e-14
3.687667062347744462e+01
3.715830978610140534e+01
3.650694057757026201e+01
3.596579210914298841e+01
3.733380229510585480e+01
3.385207360979437397e+01
1.478827605774198872e+01
3.588183102149369574e+01
3.728777393760553593e+01
3.654431792238629839e+01
1.418162720950013548e-04
3.689431453799090832e+01
1.458503475056790677e+00
2.741085477316613250e+01
3.391450921323230716e+01
3.122004959318746842e+01
1.563955900527972884e-02
2.709828390775406959e+01
3.435555498496381688e+01
3.577076126581415494e+00
3.290174831423887980e+01
1.781526578454679210e+00
4.361212680262502861e-01
3.220645864335006081e+01
2.892348875788724172e+01
2.290166399757467275e+01
3.428546226191609492e+01
3.702446499373218813e+01
3.741692345784993279e+01
3.473195568102457997e+01
3.740501716560674339e+01
3.238957600771234269e+01
3.183001709014635949e+01
3.503213241565437386e+01
3.444090069797270104e+01
3.471839180214546872e+01
7.696720616593792030e+00
2.535002781649864545e+01
2.412425879479994251e+01
9.952947780367213714e-15
6.573371347115348129e-04
2.232168634955138486e+01
3.807189740885073803e+01
1.169383243708029159e-02
1.014210842964274129e+01
3.758894396835820118e+01
3.806888603169512209e+01
1.808543876120330092e-15
4.173864493983329993e+01
3.368269190583625061e+01
3.440439400904836020e+01
2.663737325762971153e+01
3.437413046622740609e+01
2.158820127620960250e+01
1.731868759742249964e+01
3.395550618994590053e+01
9.618381041218167837e+00
3.408386143477374475e+01
3.422037828445824914e+01
2.241268440865744438e+01
3.779697026782328351e+01
1.012674378494081833e-13
5.469648116332839649e+00
3.735504670245880732e+01
1.129542448484010642e+01
1.571621865616939928e+01
4.168281077098590259e+01
3.422276795279358197e+01
2.333955248236748758e+01
3.268259218593745175e+01
3.434078429447362169e+01
3.419964444925565772e+01
3.794301540633294678e+01
2.665552500394232638e+01
3.272700153966302139e+01
3.349505311454619516e+01
3.692322389945768890e+01
1.785784824656228054e+01
3.557531305381711206e+01
3.124794527985752524e+01
1.683234336405881493e+01
1.749831501155990843e-06
3.552484008657087600e+01
3.668318265935968014e+01
3.360576231225566346e+01
2.367742328890076028e-16
3.571350478435721243e+01
3.063627471575297889e+01
2.019471219483463997e+01
6.610728962153157084e+00
3.636590352475952415e+01
3.599613771102033866e+01
1.955416543520288133e-12
2.656577118646484337e+01
3.299769346657399893e+01
3.489853984789560570e+01
1.920048995919357893e+01
1.675371780002470246e+01
1.655167965684828868e-11
3.333739113974744583e+01
3.653569266247679082e+01
3.617472588565804870e+01
3.258773774056820116e+01
3.287176913664250577e+01
1.495022244515829968e+01
3.592557735928394180e+01
3.561164761292707226e+01
2.675084897123032235e+01
1.726524046714231986e+01
3.946189758446222129e+01
1.018451677842729868e-13
1.463131725663008353e+01
1.138561709315228265e+00
3.719080939017901244e+01
3.298801711109381074e+01
3.586785321415722905e+01
3.289665557231306536e+01
3.551116582322626414e+01
3.349791970732733404e+01
3.635349836352833108e+01
3.347764930868257238e+01
7.248455841475336549e-15
3.603672411185823421e+01
3.313363062029905137e+01
1.094620991890557882e+01
3.343710303693171682e+01
3.135615162244373266e+01
3.684627671019850936e+01
3.482171671953667413e+01
3.469274838298030517e+01
1.617765643062802283e+01
3.728185135171684550e+01
2.579665715963156458e+01
3.546727508914723614e+01
3.565003925892898451e+01
3.148331528357608988e+01
1.365510141982961140e-02
1.292610795833711024e-01
3.397807613066047594e+01
3.232042362734336649e+01
3.652735713712375798e+01
3.371074569634297546e+01
3.237768050028182643e+01
3.613019790084820926e+01
3.531306887594189092e+00
3.278088798679542748e+01
3.554106294697245261e+01
3.493539883911229538e+01
3.438720999488455021e+01
3.847434461939676709e+01
3.149709960134316944e+01
7.661610969715169084e+00
3.659905022879679137e+01
3.234215436364065965e+01
2.408004672136959456e+01
3.190414372961297218e+01
3.357253274053449843e+01
3.465474057635989169e+01
3.380136282374058254e+01
3.491450207188056964e+01
3.676694269235627388e+01
2.692415899543979663e+01
1.095070915859830762e+01
3.485470221258660217e+01
3.179473133205105739e+01
3.463337245312564505e+01
2.913776949623782997e+01
1.372311738730311426e+01
4.010063475889596418e+01
3.626309309231139309e-06
3.486463019988880774e+01
3.454344265232100497e+01
3.375129547653376960e+01
2.053030938675543227e-14
3.143443093193046067e+01
1.239337380286934298e+01
3.275112105163379539e+01
3.571766328113444899e+01
3.474510161843165434e+01
2.764283247063835347e+01
3.801593810167383225e+01
3.290941422618416112e+01
3.042781221790907153e+01
3.563969044608143122e+01
3.274961491617661125e+01
1.491206794348794418e+01
3.791402951451078707e+01
3.413994969566401494e+01
3.487171677291674854e+01
1.243477284795453031e+01
3.690537409622724141e+01
2.253688180814424424e-07
3.529814947340165787e+01
3.565698879015491940e+01
1.250377707472988931e+01
3.686172468209246489e+01
3.183664479786899548e+01
3.451430694637157615e+01
3.527058263352670053e+01
2.644771107760292850e+01
3.042425864494915544e+01
3.409700253526739999e+01
3.424680140182510257e+01
3.547965632219939636e+01
3.464343735691190318e+01
4.073134064087175688e+01
3.305433062007430323e+01
3.409622477348870717e+01
3.754739444850218177e+01
3.147099968248697266e+01
3.615817027322130173e+01
3.687416368650404763e+01
3.569406498630952029e+01
3.039143557199258794e+01
3.451720347057774063e+01
1.664606993759371534e+01
3.159240053552403893e+01
3.356117011142745099e+01
1.664337242519878046e+01
1.882404347115980592e+00
1.626582522269223219e+01
1.412749965690648501e+01
3.308533690996696208e+01
3.599885126783043177e+01
1.132952266856994650e-14
3.708076437067638409e+01
3.545297102484090601e+01
7.647070993483952250e+00
3.376110151827714390e+01
2.898236904916607770e+01
1.009450221224843425e+01
1.751166090893378779e+01
6.412279859748640121e+00
3.325887399491773522e+01
4.967258384498711266e+00
3.102557887941602388e+01
3.414988157382698830e+01
3.584088696667456730e+01
3.271784357415427280e+01
3.698134370727517251e+01
1.720131543597888809e-15
1.527979512147206620e+01
3.282089829939894798e+01
3.823954482550412592e+00
1.636096857637539870e+01
2.906947676073652076e+01
1.226722489321951763e-02
1.330264243518968748e+01
3.092827924304716092e+01
3.700603622841027374e+01
3.374977742084212196e+01
3.178993769477514419e+01
3.300019628527372362e+01
3.518156235177065838e+01
3.955521301482072971e+01
3.686121169212167814e+01
2.362708928930346630e+01
3.372661039369553038e+01
3.533082649794734920e+01
3.185343339396623819e+01
3.252987222624381047e+01
3.222142238055148766e+01
3.503172693349076638e+01
3.012140491734802694e+00
3.204861988633929570e+01
3.537680512077370309e+01
3.489832989676148856e+01
3.614457594627449311e+01
3.594538083008691132e+01
3.282309693500241821e+01
4.069096354473443711e+01
2.782076911519706641e+01
3.328581044480191053e+01
3.379246620590590311e+01
3.429794815821252030e+01
3.400020847342026542e+01
3.234168731568065880e+01
3.391737513292993356e+01
3.515209156238582722e+01
3.540629783157550747e+01
8.568756477816900918e-02
3.351619887155018063e+01
3.412850103946517777e+01
1.183043007740021757e+01
3.544676774778613293e+01
3.467013154952234544e+01
2.737488574788602591e+01
3.245465155933232637e+01
3.410847420138233588e+01
3.592632466082360310e+01
3.346792571784411763e+01
1.478487847854471227e+01
3.556521345741078477e+01
8.779342314435574224e+00
3.428691946132682489e+01
3.404931830670911097e+01
2.853248794552751377e+01
1.708976217729146896e+01
4.163014147984500983e-08
