8.037304764751453812e-11
7.795342537672364763e-11
7.232969294619088764e-11
7.102387731925252833e-11
6.873664926836135085e-11
6.511361376415413526e-11
6.247480008811617440e-11
6.074592995708844167e-11
5.815787641422174022e-11
5.613840069010971522e-11
5.456008350906848112e-11
5.175759045351218389e-11
5.061305022991288984e-11
5.061481275844842984e-11
4.830392514086448460e-11
4.590670128333196029e-11
4.194828175602155140e-11
3.854670341522824853e-11
3.627854659126854399e-11
3.446191226224459972e-11
3.436515474265618344e-11
3.345331362647559391e-11
3.118292178031336234e-11
2.930963619129489677e-11
2.833965457344904052e-11
2.662415666838093024e-11
2.539490502473339827e-11
2.368418927272738737e-11
2.259330593450928211e-11
2.140968293641095714e-11
2.111418214048447051e-11
1.955473996210954684e-11
1.855660367230787286e-11
1.819015840730535382e-11
1.741159302328147316e-11
1.741591432818485127e-11
1.715266263316311108e-11
1.659936855926346820e-11
1.635492688807438958e-11
1.618813210513766282e-11
1.621887822820850540e-11
1.572106370869281377e-11
1.583102903739544737e-11
1.650516120118319605e-11
1.592183272729341861e-11
1.684856776531191839e-11
1.811346139352941262e-11
1.693213303112343006e-11
1.591563782919502364e-11
1.470630852694163294e-11
