7.499543824412965467e-13
6.922031233712747152e-13
7.785164877372883411e-13
8.341854808881346539e-13
8.279305785439017688e-13
7.157076448130214371e-13
7.684482750045902223e-13
7.247456698324930999e-13
7.025471076745594205e-13
6.874372673659549626e-13
6.765202950895621506e-13
6.819260290368469029e-13
7.558282889715662675e-13
7.378472876635055773e-13
7.511651414844003082e-13
8.361849069681692567e-13
7.944790009305024501e-13
6.707293938492915255e-13
5.995599844290828021e-13
6.986122018909974304e-13
7.611107633133405956e-13
7.047584762354526545e-13
6.844779999723803103e-13
6.886533703735074739e-13
7.398858293881153024e-13
6.793098205200665027e-13
7.065817317211953722e-13
6.910156440762097893e-13
7.602062157967814273e-13
7.654627888773907683e-13
8.225926457024490098e-13
8.227701876230150899e-13
9.056238624407249568e-13
8.695418395561991438e-13
7.883982179029922303e-13
7.491649520697914231e-13
7.766414208142341883e-13
6.855914399255143176e-13
7.697609792553514986e-13
7.142507993345431616e-13
6.934960153036809697e-13
7.487130230457085342e-13
6.077158812181675867e-13
6.554124551208146911e-13
7.570845724524823868e-13
5.920824384779114903e-13
6.768837866142328513e-13
6.428050659761003486e-13
6.620217384083420896e-13
7.487034318870119636e-13
