1.216074261214002056e-12
1.126095776264026086e-12
1.117985328295412731e-12
1.154163595148901413e-12
9.866543105146228505e-13
1.037011267938211860e-12
1.059115992723870681e-12
1.030690948135589695e-12
1.024977719203074081e-12
1.034878417995167828e-12
1.024106404166943851e-12
9.928857747611188902e-13
9.899306105878750321e-13
8.950168278295906436e-13
9.795923595674947009e-13
9.187082644078129562e-13
1.015449477748069871e-12
8.983122133650321036e-13
8.560089101357563344e-13
9.044875690413639969e-13
9.346525505038550968e-13
9.406490044318150764e-13
8.840933444622100136e-13
8.049637972342765951e-13
7.907305484822121491e-13
9.005911468067327177e-13
9.655445612595214538e-13
1.014915900199212331e-12
8.990134022818367563e-13
9.073744583658118337e-13
8.705461345253767819e-13
9.488016270361750379e-13
9.224990686940453763e-13
9.898508130748393645e-13
1.124134399583315534e-12
1.103608139375075787e-12
9.538611810775756676e-13
8.915986693016197060e-13
9.486133463225573985e-13
9.000059028217555843e-13
9.046783559826974722e-13
9.834788224716145103e-13
9.504110148735985696e-13
9.870290119723851094e-13
9.063863541828528846e-13
9.129327746858872652e-13
9.225124613801090088e-13
9.960592776378103960e-13
9.525585011725199100e-13
9.257286977010075847e-13
