6.267371496218540436e-13
6.330839695179738207e-13
5.484805275416355212e-13
6.979226149214786624e-13
8.506412468690353646e-13
7.960940835652861347e-13
7.970743985059344736e-13
7.102191642993828877e-13
8.041785294902279473e-13
6.933362104836235502e-13
6.152826465293279598e-13
7.655903149192334391e-13
9.254828956255444589e-13
8.532327625070388806e-13
7.506345999452511177e-13
7.081846773235868834e-13
7.276830982417081126e-13
6.961051418694551354e-13
8.392430007385863394e-13
9.945077096613882253e-13
8.992789962593577102e-13
8.143263950168938146e-13
8.647560263800308647e-13
7.909477250449542943e-13
7.396519862133578368e-13
7.110950044734487032e-13
8.623487265720284077e-13
8.134729742825625531e-13
5.876446084360178733e-13
5.700239425941848146e-13
7.779338468145377596e-13
7.315268630150180987e-13
7.294046316240242236e-13
8.240120968890456505e-13
6.429275578711703716e-13
1.024353954253299127e-12
9.484463410644575431e-13
7.451702706255014774e-13
7.957550392466608257e-13
1.019277042597762635e-12
9.027949786976399919e-13
7.461914170902948016e-13
8.556665245201520839e-13
8.626882594507674393e-13
7.572376896924453341e-13
5.738336439165475178e-13
8.028296964228594116e-13
7.561481513514299603e-13
8.944608797685270064e-13
9.597081280801230152e-13
