7.341604598507077219e-07
6.731624441325508083e-07
7.140889271060848772e-07
8.294125955894591254e-07
7.205140207871346505e-07
4.563245932843082342e-07
4.237656487525573056e-07
5.458882521172301922e-07
6.991434179002101584e-07
6.474106831037992697e-07
5.842948236873254394e-07
4.158302358673482821e-07
3.816376305542020640e-07
4.933871668817699168e-07
5.404791678467320145e-07
5.401359475694602303e-07
4.369025599232992311e-07
3.755435928787370662e-07
3.090003966028818227e-07
4.033671158408021282e-07
4.773972757557290837e-07
5.720857914280774428e-07
5.482682433772484679e-07
4.105203128567204295e-07
3.560326858977846647e-07
3.878559389244700384e-07
5.385820091811189154e-07
5.773360877357019015e-07
4.365599404974594658e-07
4.088105010573334203e-07
4.959933692978892866e-07
6.179687291734364704e-07
5.795833050577135730e-07
5.926586343271001252e-07
4.488230236432304399e-07
4.740573377874926449e-07
5.135293702279745346e-07
6.249378159948335241e-07
6.061649209455435436e-07
4.911126777121223881e-07
4.700145119694201720e-07
5.922253887648132611e-07
6.156035340130568954e-07
6.354263019124681433e-07
6.772281558423686685e-07
5.833873095272485924e-07
5.218611095559839449e-07
5.552386847730990725e-07
4.479778551695508693e-07
3.994231194474854919e-07
