4.695423890617717588e-01
5.623550821006447764e-01
5.910487117351924669e-01
6.928034212016079829e-01
6.658010107056644422e-01
7.575907580929819307e-01
8.833123145027790279e-01
7.534815454571867077e-01
9.942664232242285349e-01
9.557004086477021154e-01
9.464636856005520515e-01
1.041782186227165674e+00
1.023083362906842320e+00
1.246385646111036527e+00
1.387494822361493574e+00
1.431339166244697481e+00
1.405880432505413946e+00
1.396076446739557220e+00
1.711115028036496621e+00
1.663370793301056416e+00
1.610067917500688894e+00
1.775738196470919128e+00
1.948163246487441658e+00
2.206613676684121561e+00
1.875445087228343466e+00
2.650760900821440558e+00
2.551698676149241507e+00
2.981120666079070336e+00
2.877688294496699051e+00
2.908233386631536188e+00
3.253241286152765088e+00
3.235522345034500979e+00
2.950378274165093906e+00
3.222404569632964844e+00
3.409615965483908884e+00
3.621386545816831060e+00
3.332361788993714935e+00
3.549681371068237112e+00
4.112058286344550062e+00
3.986479493463543911e+00
3.715465591856053962e+00
4.013170745945742190e+00
3.979773069789888318e+00
3.903951973124591301e+00
3.960019542408757420e+00
4.261206104295735209e+00
4.358256893967038970e+00
4.813548333804090973e+00
4.779744631595011839e+00
4.684037962619001405e+00
4.839096648633475439e+00
5.129603427228357937e+00
5.430290198188796325e+00
5.227679902525269817e+00
5.386747093331296199e+00
5.539561487236723814e+00
5.774672616985752960e+00
5.945879152531016842e+00
5.728532350843237531e+00
5.739001048434982266e+00
5.957830218837403713e+00
6.396742296735896893e+00
6.860373869427473181e+00
6.672500586222256835e+00
6.292852291262420295e+00
6.106893268962150678e+00
6.321620628084088089e+00
6.818389285832949120e+00
6.885715992245610373e+00
7.261446036803627990e+00
7.174855238875685437e+00
7.088478394343237454e+00
7.708268158671472747e+00
7.248097149468930134e+00
7.082956151748331486e+00
7.226687497816752348e+00
8.058897001626403878e+00
7.185645306957325396e+00
7.297242987718058238e+00
7.370245290719065423e+00
6.756047674375362355e+00
6.622489201420957095e+00
6.784501245354474186e+00
6.781865661209436347e+00
7.229386034388095794e+00
7.279556240040281345e+00
7.680054131098387415e+00
7.889735854477896382e+00
7.820635881277554269e+00
7.319608117696740024e+00
7.456874879960952995e+00
7.636231883375814711e+00
7.635667686872580795e+00
7.624235752792290377e+00
8.870626428453054046e+00
8.832576050574370896e+00
8.752701738120633124e+00
8.576446497914851363e+00
8.792607855401824324e+00
9.332373672874357595e+00
