7.155724150346098877e-01
7.279768721722648106e-01
6.916651685799350968e-01
6.922507973843171625e-01
6.933574804112778711e-01
7.116756408916392607e-01
7.195382521596532799e-01
7.102941663833067798e-01
7.086111634466584208e-01
7.201673429219497269e-01
7.128868531927275987e-01
7.098296939065339428e-01
6.941108759849260457e-01
7.336008007033522071e-01
6.931245862124105761e-01
6.798891339301798009e-01
6.676512377511175655e-01
6.721670728856686816e-01
7.117851605951573957e-01
7.040161748349618165e-01
6.951563532928716205e-01
7.236947880507840214e-01
7.171492782103782160e-01
6.983670695554706764e-01
7.050195520692614792e-01
6.905874162888858692e-01
6.800343931679131426e-01
6.714532107335353661e-01
6.371964347847473009e-01
6.490109291705786765e-01
6.495194462063890173e-01
6.548077393421894987e-01
6.780794987735033752e-01
6.518266297246552154e-01
6.246496327271934268e-01
6.054651044211478705e-01
5.960008198823297798e-01
5.749235871186161306e-01
5.898034464674289934e-01
5.918343604113175394e-01
5.880263356463842905e-01
5.743059650437277730e-01
5.795575367487090235e-01
5.836990858371746693e-01
5.859728756711362063e-01
5.672620383782015496e-01
5.441602939231128255e-01
5.455579210241731092e-01
5.299275570197720109e-01
5.140189303192648218e-01
5.398111945569743497e-01
5.401270465717425973e-01
5.472496581764669799e-01
5.341509028379649582e-01
5.381966420125106065e-01
5.570312171346222252e-01
5.503593707534710777e-01
5.322546867508799462e-01
5.219106324129799690e-01
5.311691569106439248e-01
5.247419322300133082e-01
5.205868284494203913e-01
5.211646507725276045e-01
5.170563067626305909e-01
5.217323617469343811e-01
5.206247608356087131e-01
5.025595890588214765e-01
5.044170411436913470e-01
5.102143373631795598e-01
5.238047927245984559e-01
5.246238367323752261e-01
5.267498175837570518e-01
5.013116519329170462e-01
4.753726056364572239e-01
4.731100171888091843e-01
4.637694812523686649e-01
4.803693160625682190e-01
4.918734241178824851e-01
4.956959032387308062e-01
4.826828949982312489e-01
4.733266249537117498e-01
4.768504700631442939e-01
4.752681466090061257e-01
4.594915307724648512e-01
4.407872799551821874e-01
4.462031984507616733e-01
4.509795984009483116e-01
4.563125946681138023e-01
4.628538530953335006e-01
4.543321001000858450e-01
4.611669709016731900e-01
4.445882746075238146e-01
4.465509026023343209e-01
4.526832899365195728e-01
4.447817659510204802e-01
4.509150441648056562e-01
4.453689833462345926e-01
4.444694663545771807e-01
4.274576829311984016e-01
4.385560144795009330e-01
