2.789045156702031902e-01
2.781147772216088776e-01
2.882046188704416312e-01
2.861100429263876976e-01
2.882918406366221098e-01
2.795331701927467605e-01
2.787929265849067861e-01
2.722020122796665054e-01
2.614569201589728165e-01
2.587312641722911422e-01
2.572112569742893151e-01
2.495440926131889114e-01
2.491557763050691321e-01
2.561301525029073822e-01
2.590592107885791306e-01
2.500893735165763965e-01
2.399039384266518915e-01
2.343917427326260572e-01
2.213582037383871881e-01
2.142751566731205259e-01
2.115520390842446086e-01
2.069287923555919728e-01
1.982462937420261251e-01
1.864555136842502292e-01
1.889360473489553882e-01
1.875388682783893091e-01
1.823882988592701315e-01
1.811350115733335320e-01
1.772915757439504081e-01
1.777856501387437282e-01
1.802563142481640179e-01
1.768288620652830045e-01
1.811407016836450445e-01
1.800936389118056313e-01
1.737923039405473158e-01
1.682230165593555649e-01
1.698345029785151838e-01
1.593947354229818536e-01
1.542708982256145167e-01
1.613393763057525687e-01
1.542091760276914358e-01
1.591999552222746750e-01
1.621519440720230465e-01
1.664477254395103634e-01
1.607643870147977549e-01
1.511338182729007606e-01
1.554607909404452093e-01
1.621823494441298752e-01
1.579248892960708750e-01
1.587856294943981172e-01
1.584752061789115596e-01
1.544099223569929680e-01
1.499632391281197075e-01
1.497908839607217379e-01
1.496083239033598744e-01
1.536451245791263243e-01
1.530213704982453238e-01
1.505553796535556987e-01
1.527581577630271747e-01
1.507469719792451923e-01
1.510010730814392577e-01
1.501347097753560622e-01
1.561788758030514257e-01
1.529826874436077955e-01
1.374010747874072347e-01
1.378767868850323541e-01
1.364603465885559641e-01
1.331701482231386624e-01
1.305366769519003545e-01
1.327626638075422860e-01
1.342987292023105073e-01
1.346538330354749569e-01
1.354512326685683998e-01
1.357100271820869675e-01
1.370208609079821005e-01
1.335441079008862775e-01
1.310592914205466475e-01
1.273095949128411064e-01
1.217882010005050392e-01
1.185906832311921094e-01
1.232297614309445233e-01
1.196388670987961755e-01
1.146355513251110930e-01
1.160417684838325053e-01
1.204826457591605116e-01
1.217883860885307368e-01
1.157680116642093721e-01
1.134449089602940497e-01
1.076137772624840422e-01
1.019341651900713130e-01
1.008261833376909167e-01
1.032637968971731601e-01
9.679759848745299322e-02
9.122347947836803583e-02
9.257734026882726008e-02
9.261957356775792072e-02
9.764722946478125720e-02
9.195902789174915937e-02
8.960629687371869656e-02
9.042954186151616613e-02
