2.772315028528402059e-01
2.643734977988385637e-01
2.851172395008228500e-01
2.761987551822727704e-01
2.827748925690637405e-01
2.702710831172290273e-01
2.909868770787780168e-01
2.922106964076076063e-01
2.649340027250932650e-01
2.482161711929768699e-01
2.456155177774874132e-01
2.635424243794143306e-01
2.616805922948490237e-01
2.498578931086112842e-01
2.368621344577925281e-01
2.236733728476201222e-01
2.242067909101721213e-01
2.263764157628433971e-01
2.420329722283632579e-01
2.486458138445320210e-01
2.489847712880855768e-01
2.291680581254878502e-01
2.169540936954687249e-01
2.297670077644114461e-01
2.281724029372375617e-01
2.174068669913578611e-01
2.277694016553051537e-01
2.157431895672331790e-01
2.209231272763430842e-01
2.380280683938144626e-01
2.330557555217902810e-01
2.272405094683090376e-01
2.029455622218895861e-01
1.864998123253827078e-01
1.986615222175076856e-01
2.115661770341862868e-01
2.095771210389001382e-01
1.863813021950677384e-01
1.879854969933865971e-01
1.812272701535979913e-01
1.820522802723431588e-01
1.790130450274169949e-01
1.719388191474527927e-01
1.751618654922037221e-01
1.489774574585298883e-01
1.467919756553316135e-01
1.447761815731195001e-01
1.399216983469615261e-01
1.399178033519507813e-01
1.270018979421630723e-01
1.294755143201791747e-01
1.344584776093653011e-01
1.429438259792725763e-01
1.419733926369823596e-01
1.408113698145432302e-01
1.373187265156247672e-01
1.287938534016503378e-01
1.310402021398000272e-01
1.402187957841911081e-01
1.425345785644167862e-01
1.365369260613632230e-01
1.234309831294655713e-01
1.196880398036963278e-01
1.168648796714583105e-01
1.167850509414051496e-01
1.124207404652674686e-01
1.162578800405391910e-01
1.239629878575363164e-01
1.130209905701137080e-01
1.228652595998629693e-01
1.192653848789078791e-01
1.165571477406876916e-01
1.098138602242751671e-01
1.016496416950609105e-01
1.126995378978063317e-01
1.091469223015375661e-01
1.127174577501080660e-01
1.101402655057659580e-01
1.000625443479348370e-01
9.147343990298013872e-02
8.414758390216976747e-02
8.319046808397964621e-02
8.598511268408320918e-02
8.817969816818750639e-02
9.445867249629098794e-02
8.764671055280577605e-02
9.336261966788322875e-02
9.526100114921037809e-02
8.587152516030534255e-02
8.425673456021916252e-02
7.902223809637298757e-02
8.674783534989097267e-02
8.558015577889609149e-02
8.405764368588866664e-02
8.750200066159015411e-02
8.174782362617674658e-02
8.034834854518833891e-02
7.385706401433510260e-02
7.687696651194286801e-02
7.577772143078972955e-02
