2.928971173974727615e-01
2.756382924819536506e-01
2.628011532053716182e-01
2.576450266869161898e-01
2.476651017475962890e-01
2.501387034691411326e-01
2.495389260881927251e-01
2.580188860715599275e-01
2.562805956045254296e-01
2.458643128737125483e-01
2.439385274840260021e-01
2.440985814369120988e-01
2.390744074430766752e-01
2.216364047509460367e-01
2.203478364375043852e-01
2.134865914097072714e-01
2.160172719690618137e-01
2.127647412941727767e-01
2.042649367042394803e-01
1.946706375237799158e-01
1.843987740409622766e-01
1.863289950807217599e-01
1.767714767389163277e-01
1.753403647507643937e-01
1.693677770909535751e-01
1.700522131067874199e-01
1.693221689771307326e-01
1.651594469880650617e-01
1.603080930912675894e-01
1.553793819247052399e-01
1.458390781979218287e-01
1.447481043411471546e-01
1.449463232366226817e-01
1.389769413449851720e-01
1.361765748696944778e-01
1.355546091959290156e-01
1.369057273174829614e-01
1.388445436286079304e-01
1.341095483730685156e-01
1.309978734450111537e-01
1.311005790965844853e-01
1.255897608578375735e-01
1.210110270779655300e-01
1.150897655129970720e-01
1.161543905063802673e-01
1.150410331656373381e-01
1.092333766955207175e-01
1.128533624230272092e-01
1.082953616673390379e-01
1.044432751934787490e-01
1.049799453236254093e-01
1.085666120153218200e-01
1.081159735684431716e-01
1.077525285913090575e-01
1.063116019321632688e-01
1.024486755142163946e-01
1.012868731524612237e-01
9.972590474635788238e-02
9.917220712070758115e-02
9.731420127306460166e-02
9.358474535689392804e-02
8.868578914388386414e-02
9.174289721165805600e-02
8.959363064813020971e-02
8.523374338438118036e-02
8.367872032881486233e-02
8.431679674204438368e-02
8.469509851010444124e-02
8.583977515764881772e-02
9.010457911462843583e-02
8.444068920454105009e-02
8.339331031055813304e-02
7.983809966621870091e-02
7.450426811482431522e-02
7.195210772033361346e-02
7.672167795272909208e-02
7.624649525750944179e-02
7.796200756966513434e-02
7.639888309180627168e-02
7.336260408725719939e-02
7.101612790062394875e-02
6.965401243910113172e-02
6.411781486184429946e-02
6.767479129077902389e-02
6.792251615494250550e-02
6.440545903078417900e-02
6.361344286379626289e-02
6.563943244379018271e-02
6.329219054901225050e-02
6.270340096609396119e-02
6.144918472604471438e-02
6.023606722329030716e-02
6.105697353924259552e-02
6.167796887108015214e-02
5.836147731668804572e-02
5.819131834937999598e-02
5.702617778175893271e-02
5.681134323132681907e-02
5.766988629151988122e-02
5.852562564510174065e-02
