2.330829990268098659e-02
3.390197237649962558e-02
1.869186672723226750e-01
1.460623353457763396e-01
1.066083418049076637e-01
1.981439555548338283e-01
1.056758111694504204e-01
1.009616965907471908e-01
1.388074880993789839e-01
1.085844795775033761e-01
9.490976059426714517e-02
7.337785841349059313e-02
1.354773766813562319e-01
1.259835333635827559e-01
1.197001822544260380e-01
1.168760622525225751e-01
1.440673593664189844e-01
8.703549487046406685e-02
1.473983039257295291e-01
1.541981503754593363e-01
