1.460482306348908088e-05
1.472198701128823370e-05
1.308627759084773491e-05
1.213125006512259004e-05
1.248317615318545148e-05
1.218245599738816913e-05
1.122570197507501071e-05
9.927700817255544484e-06
9.068334390905636282e-06
8.674465484959739431e-06
8.366989899000988056e-06
7.603502419759378284e-06
6.918438673206645236e-06
6.194890677104661648e-06
5.619128373248547868e-06
5.187721212302449820e-06
4.869818991968230987e-06
4.670373115330558196e-06
4.500123636788841883e-06
4.261512980373350794e-06
4.058805605295788886e-06
3.867668393653258335e-06
3.613943422486434080e-06
3.278315137039025539e-06
3.020856054275321487e-06
2.944524714081463400e-06
2.938032786733664151e-06
2.882689145676084184e-06
2.775591447827375161e-06
2.597613685292895422e-06
2.486539383108661690e-06
2.379212046708984674e-06
2.225067749366887549e-06
2.102463659957689099e-06
1.996761784116586840e-06
1.885007995290545902e-06
1.786725269171757373e-06
1.794699497371144981e-06
1.820463429434769712e-06
1.795038961091932246e-06
1.704165912413788234e-06
1.598141923088216288e-06
1.460689635570190219e-06
1.318592604995267128e-06
1.147219700703131257e-06
1.040172472804541854e-06
1.002733290924465526e-06
9.127832151048647575e-07
8.411360256736484861e-07
7.816914700715051904e-07
