4.733035984021969837e-08
4.300906374112569983e-08
4.014788173379517886e-08
3.539718191928922918e-08
3.217107825388527063e-08
2.900284067058797755e-08
2.812225025663227773e-08
2.616096018758970242e-08
2.506659490486053674e-08
2.181545317428372172e-08
1.908328041237371167e-08
1.746610812122192948e-08
1.521498009870390678e-08
1.318380457218677623e-08
1.147741734051050361e-08
1.030971183111324246e-08
9.581404206636784089e-09
8.814682452802119365e-09
7.849816351653884112e-09
7.097424650991606247e-09
6.396342098977446469e-09
6.162380645110953718e-09
5.788973815298705107e-09
5.111333786649988930e-09
4.418450977944941320e-09
3.750668525592277635e-09
3.395923150258952784e-09
3.327610546241252025e-09
3.113621483293361110e-09
2.916487908800361591e-09
2.569078194552565090e-09
2.287816640205345095e-09
2.141882715737613752e-09
2.001901628784736753e-09
1.886756497693239283e-09
1.691809084351046546e-09
1.438263004761762886e-09
1.325949664928823397e-09
1.287985992961795187e-09
1.240346197335124944e-09
1.135056461288619136e-09
1.020547555101548128e-09
9.524111022064058095e-10
8.916040696623099639e-10
8.599929501769256140e-10
8.106308230240304110e-10
7.884316928121935531e-10
7.241617174670049637e-10
7.280833067789949799e-10
6.982128428497463430e-10
