6.117848598248407981e-16
5.908083737223774702e-16
6.084443884235286138e-16
6.025709542296478160e-16
6.166950904246436665e-16
5.999376717588148574e-16
6.015447338777072566e-16
6.096282446359055173e-16
5.971230359283532796e-16
6.015976694919081795e-16
5.963712314401975598e-16
6.059617873006671388e-16
6.107288261113947530e-16
6.099476492751772555e-16
6.030015778425571769e-16
5.953905315510817810e-16
5.997088373548119734e-16
5.973735584743182903e-16
6.045812883006918661e-16
5.999851377022263675e-16
6.037208604589827626e-16
6.109112196345191435e-16
6.016273590625657795e-16
6.063349446327068859e-16
6.034332356221760111e-16
6.035772244170303562e-16
6.003769495737490308e-16
5.995799854942930203e-16
5.986259848877362774e-16
6.051331445962183504e-16
6.107018211261624567e-16
6.043792084491750092e-16
6.108413014742600842e-16
6.051796622079406840e-16
6.002899226066158847e-16
6.050212192693819726e-16
5.913118190519583097e-16
6.016256518220200721e-16
5.946568733576042702e-16
6.080222115415641381e-16
5.977283248941768317e-16
5.928766105935462429e-16
6.105124383625134849e-16
5.946116427481956705e-16
5.997573505815274444e-16
6.069172768572605954e-16
6.010098413993402509e-16
6.108866757902967897e-16
6.087276252462238675e-16
6.004839020106001949e-16
