6.490414521143310183e-08
6.470089843971800902e-08
6.448574398292648624e-08
5.930174939403951527e-08
5.548158489464440437e-08
5.156346259045982998e-08
4.693448126778475439e-08
4.395538090969469195e-08
4.132683045592577612e-08
3.729820601101274554e-08
3.415781707885326013e-08
3.083489440440181574e-08
2.756147326699849599e-08
2.468301319407876090e-08
2.330155133861421048e-08
2.358485131151554825e-08
2.238445022214115177e-08
1.992239014460754584e-08
1.766998883080828746e-08
1.661666094657045239e-08
1.602496947504477629e-08
1.523137596849096326e-08
1.377324465984642851e-08
1.249275425973870508e-08
1.209788386751682373e-08
1.125650658200468184e-08
1.004380973497651266e-08
9.004002384961905959e-09
8.468313328770361523e-09
8.007022743676844426e-09
7.479387266532553373e-09
7.311461414130819804e-09
7.003975359079644576e-09
6.637820402899480075e-09
5.940626741423523596e-09
5.286511254687291901e-09
4.741772593178832774e-09
4.143087053445324608e-09
3.846942380066566334e-09
3.609404968371644897e-09
3.435530560879448127e-09
3.290062231991660992e-09
3.152905323993230806e-09
2.978715353025008180e-09
2.768898152540956207e-09
2.630855344107709516e-09
2.518354112037465378e-09
2.585009758765391283e-09
2.561262677387422259e-09
2.523334152652974907e-09
