1.642842476996340053e-05
1.653908595095742657e-05
1.674287363394353858e-05
1.703314027281380892e-05
1.739049090391952236e-05
1.778135275609958721e-05
1.816135988052441295e-05
1.848380816606092384e-05
1.871069176037948011e-05
1.882203514519137382e-05
1.881973112031508081e-05
1.872463849094953655e-05
1.856862443419418388e-05
1.838487804540520513e-05
1.819970578804070230e-05
1.802777912087691719e-05
1.787124622630750670e-05
1.772176643836851598e-05
1.756380198316327023e-05
1.737769922365738472e-05
1.714199305274246519e-05
1.683530722059938076e-05
1.643862668136343320e-05
1.593841913758298738e-05
1.533026787943590226e-05
1.462179568455979765e-05
1.383331738029696649e-05
1.299526783991190786e-05
1.214277829759816658e-05
1.130900307006712056e-05
1.051926669272665612e-05
9.787783232399840068e-06
9.117811969007408871e-06
8.504779053322144853e-06
7.940648240617500907e-06
7.417588433981700813e-06
6.929902040555833307e-06
6.474334534992238233e-06
6.049469756039769296e-06
5.654886075817923229e-06
5.290463298992496515e-06
4.955967996082535755e-06
4.650894694147370431e-06
4.374483713550669568e-06
4.125831355756785695e-06
3.904023368625225805e-06
3.708241981938010695e-06
3.537814408987733162e-06
3.392186121911584747e-06
3.270817300463111620e-06
