3.731550286053143123e-15
3.403678231731106785e-15
4.040303112689755394e-15
3.251736935272475648e-10
5.794241954591499918e-15
1.413942053718475478e-11
6.802676477679625577e-12
5.232672663089054862e-15
5.411578303526898281e-15
5.954266383602097729e-15
8.284506029321639375e-14
1.135878127938184240e-14
6.778429441280531959e-15
5.224136227777176344e-12
5.753436127520217269e-08
4.497613392828725409e-10
2.483738104075428055e-09
7.358581799454810835e-11
1.177011821340556708e-10
3.127413014973254302e-14
