6.584623524070340136e-05
6.616369701467068171e-05
6.622861577556860046e-05
6.577994299628516536e-05
6.458061426545940191e-05
6.248713577903004129e-05
5.951717890196225441e-05
5.588640849314036876e-05
5.198861797958394607e-05
4.831003735908205170e-05
4.529533380789338784e-05
4.321373081712546549e-05
4.209324077141475329e-05
4.176204811688005258e-05
4.195914784569777063e-05
4.243512817084144252e-05
4.300050651672168787e-05
4.353015612548218321e-05
4.394854770691716676e-05
4.421271841596476862e-05
4.429948596715498966e-05
4.419765517350374433e-05
4.390394599575351626e-05
4.342112612217284188e-05
4.275717259507502271e-05
4.192471645259104797e-05
4.094038043171548542e-05
3.982387254105611871e-05
3.859685913199010593e-05
3.728173072866737862e-05
3.590041273537322762e-05
3.447337797958138393e-05
3.301899943727115781e-05
3.155334223921116060e-05
3.009043148718424778e-05
2.864294658667206731e-05
2.722319622496795235e-05
2.584414919904454958e-05
2.452026826507281695e-05
2.326793472143177556e-05
2.210534711924816653e-05
2.105188876474798715e-05
2.012704777279945492e-05
1.934903188237347798e-05
1.873326495567517917e-05
1.829099181720768077e-05
1.802823392544911440e-05
1.794529942254425231e-05
1.803694643196850300e-05
1.829315285924081128e-05
