3.361035840309246729e-15
3.568012364377334475e-15
3.530922485682963172e-15
3.553946111738755936e-15
3.614757995153931175e-15
3.402575394833781686e-15
3.463993330322717376e-15
3.337510982506916232e-15
3.318541891411392990e-15
3.293050646622011635e-15
3.422185266353902806e-15
3.444601146270040611e-15
3.552980070662412407e-15
3.554233255907875144e-15
3.449137854735534643e-15
3.556930632328406464e-15
3.489456199508365712e-15
3.489057458748445750e-15
3.394298824147923103e-15
3.567108580222614136e-15
3.257496862177486005e-15
3.368928281553525486e-15
3.559062190740171910e-15
3.635669544555745342e-15
3.511455762730928028e-15
3.413679996772285563e-15
3.444619357478406578e-15
3.502892894908897492e-15
3.470047710071454301e-15
3.457764038270372438e-15
3.523780303871714911e-15
3.428737913233862074e-15
3.430291371659126461e-15
3.439820704073974153e-15
3.413946600392433854e-15
3.405625772235081235e-15
3.425083813099407022e-15
3.262833169745188097e-15
3.401238776843014400e-15
3.432611183143419176e-15
3.351353618447419636e-15
3.368484436289164233e-15
3.425078942659960310e-15
3.474693474028907325e-15
3.522890284002387455e-15
3.457424801574997091e-15
3.438373971800063808e-15
3.316547340578845926e-15
3.393918082838132295e-15
3.403678231731106785e-15
