2.390709715761559130e-05
2.321103153743434128e-05
2.255738057296050280e-05
2.195400181444939525e-05
2.140591597491198008e-05
2.091550577592338301e-05
2.048294350801832796e-05
2.010671109231884789e-05
1.978411623749195796e-05
1.951175678951825961e-05
1.928592116567619391e-05
1.910293336769011767e-05
1.895945998156900106e-05
1.885279747766712590e-05
1.878115332499239687e-05
1.874392500687425202e-05
1.874196795482447041e-05
1.877782957980618633e-05
1.885591761200021356e-05
1.898257476989147381e-05
1.916605456909607389e-05
1.941643484556544131e-05
1.974555637065084594e-05
2.016711078854701574e-05
2.069698265507904816e-05
2.135381099337946395e-05
2.215941974855334463e-05
2.313830215136421220e-05
2.431493898772861688e-05
2.570776443261887901e-05
2.731939799631671032e-05
2.912428944473258039e-05
3.105665566376012408e-05
3.300288446069003746e-05
3.480304725637728354e-05
3.626546576310700303e-05
3.719571456646074951e-05
3.743634810859073242e-05
3.690694710752287651e-05
3.562950546718021770e-05
3.372664827448832586e-05
3.139109856064525265e-05
2.883848643295961042e-05
2.626250402991378742e-05
2.380704512061431431e-05
2.155901433368310663e-05
1.955630026277642826e-05
1.780233562757947680e-05
1.628051891780789678e-05
1.496521385256341090e-05
