5.545283594105337516e-06
5.641458783359776602e-06
5.745425228676865416e-06
5.857236813872871724e-06
5.976819891516576961e-06
6.103932718977798328e-06
6.238118334451255375e-06
6.378653707691019973e-06
6.524501475232226274e-06
6.674275649034624019e-06
6.826238695762805092e-06
6.978351907520231646e-06
7.128399226474053593e-06
7.274190192774293733e-06
7.413816880310643717e-06
7.545898898583277116e-06
7.669720836983109856e-06
7.785175037099578455e-06
7.892480570075004621e-06
7.991736369049480459e-06
8.082441886616331252e-06
8.163151663196390235e-06
8.231414152307683197e-06
8.284084174710943971e-06
8.317993413974178051e-06
8.330825747351804379e-06
8.321923349100575628e-06
8.292726649187132267e-06
8.246673574502489830e-06
8.188599110588476343e-06
8.123859587454653714e-06
8.057462101447663682e-06
7.993410821440349309e-06
7.934361152801563697e-06
7.881572066012556578e-06
7.835093684794926147e-06
7.794106352050496515e-06
7.757316823223691209e-06
7.723316924969737747e-06
7.690832870386235306e-06
7.658838466137612186e-06
7.626554147972992429e-06
7.593387162261212915e-06
7.558876537286711836e-06
7.522688984509942473e-06
7.484676708263808722e-06
7.444972117365338278e-06
7.404074955274175109e-06
7.362891319701867392e-06
7.322704930109544324e-06
