5.588626333899241719e-05
5.633793318825525961e-05
5.717640697134245909e-05
5.835823394086179887e-05
5.983446946093291368e-05
6.155159221221871116e-05
6.345267040337639617e-05
6.547876011828385277e-05
6.757049334926266569e-05
6.966979456388449536e-05
7.172164432940073356e-05
7.367578565060086619e-05
7.548824952608651289e-05
7.712257054813168684e-05
7.855057948252350155e-05
7.975270037004789114e-05
8.071773969993454396e-05
8.144222272417564750e-05
8.192939145625664570e-05
8.218801547286832740e-05
8.223117105350303299e-05
8.207511593773992068e-05
8.173833558522193316e-05
8.124077880163906550e-05
8.060325362511152735e-05
7.984693023652159559e-05
7.899289834683659523e-05
7.806174465516593623e-05
7.707313951612064680e-05
7.604544037097827063e-05
7.499532728964214781e-05
7.393748381045862190e-05
7.288432870512791099e-05
7.184579696209797352e-05
7.082916519422880223e-05
6.983891921616416855e-05
6.887666838178826609e-05
6.794111948409830735e-05
6.702812921846022798e-05
6.613085591328403336e-05
6.524002720212728856e-05
6.434433115591702533e-05
6.343092575541174930e-05
6.248604799666665672e-05
6.149569174940594583e-05
6.044631469595390368e-05
5.932553031401914404e-05
5.812274130338594171e-05
5.682967554812005560e-05
5.544079386161298673e-05
