8.827202968575420527e-09
8.114597882524776651e-09
7.455705386405497848e-09
6.847186373448721497e-09
6.285768794356272338e-09
5.768279631723771672e-09
5.291667548590339720e-09
4.853019319739360071e-09
4.449568713482676685e-09
4.078703597087951493e-09
3.737965492689454550e-09
3.425047356842014779e-09
3.137794690744044601e-09
2.874199100943997109e-09
2.632388973466959214e-09
2.410628585636231946e-09
2.207308558155318678e-09
2.020937861502147825e-09
1.850140152193091581e-09
1.693642892597324590e-09
1.550272799022422987e-09
1.418948292197796945e-09
1.298674057181870012e-09
1.188533049756301807e-09
1.087682721667704300e-09
9.953484703117965182e-10
9.108181986405838870e-10
8.334383738706208078e-10
7.626096421020633898e-10
6.977811661812438615e-10
6.384480721877139331e-10
5.841471195644487580e-10
5.344543141383439888e-10
4.889798010943025020e-10
4.473673376192977003e-10
4.092903793662117096e-10
3.744495269408787408e-10
3.425706385229432271e-10
3.134024706419324957e-10
2.867150405982954453e-10
2.622978501065631463e-10
2.399584142498412120e-10
2.195202214450020506e-10
2.008214289306309297e-10
1.837144186778161270e-10
1.680638961332192594e-10
1.537459187739287358e-10
1.406470911957669045e-10
1.286638989794752774e-10
1.177011821340556708e-10
