4.399267424025150901e-05
4.251754023929433959e-05
4.060631653799623745e-05
3.830677632565362582e-05
3.570738312206628718e-05
3.292641140844244539e-05
3.009918432028474753e-05
2.735947932691079094e-05
2.482008032397557576e-05
2.255982568578059706e-05
2.061982085658694701e-05
1.900677215737718925e-05
1.770021336165912381e-05
1.666133522761460714e-05
1.584198637306175349e-05
1.519263517473616812e-05
1.466826954570795075e-05
1.423177444964392526e-05
1.385502614561825336e-05
1.351837682651520232e-05
1.320926503240098888e-05
1.292052347053323690e-05
1.264874205731293728e-05
1.239286963998464366e-05
1.215312063854866417e-05
1.193018352304559767e-05
1.172469367402467606e-05
1.153692102904074692e-05
1.136662216749037637e-05
1.121301041839624745e-05
1.107480362065133302e-05
1.095031654131496134e-05
1.083757312772786795e-05
1.073442173949620150e-05
1.063864343217151156e-05
1.054804863875378065e-05
1.046056103740148289e-05
1.037428922079031329e-05
1.028758738641813036e-05
1.019910597206813487e-05
1.010783249321509051e-05
1.001312201292175959e-05
9.914715977659067822e-06
9.812747792659456465e-06
9.707733516250196867e-06
9.600546559543386712e-06
9.492376128293367074e-06
9.384670315626385216e-06
9.279066017215627157e-06
9.177309019201273659e-06
