1.989674629581955639e-05
1.990761248561105811e-05
1.975602202415066650e-05
1.946544419485191527e-05
1.909614603809096407e-05
1.872977124887681855e-05
1.844588462729685127e-05
1.829879851849193975e-05
1.831238244291788709e-05
1.849004953120733270e-05
1.882744600276253479e-05
1.931760988898837712e-05
1.994642038165030559e-05
2.068216308347222253e-05
2.146243449625491912e-05
2.218259514503818306e-05
2.269663607530363186e-05
2.284748543347580571e-05
2.253463638074489563e-05
2.179409762909832277e-05
2.082989473202183670e-05
1.994669877991826575e-05
1.937635081756312899e-05
1.909943457271136123e-05
1.893308509785246717e-05
1.874230062217881716e-05
1.849851265587903624e-05
1.823409777069020713e-05
1.799036976402325249e-05
1.779744806117928026e-05
1.767773449296747461e-05
1.764452173199307028e-05
1.768108238422986912e-05
1.770166412776140327e-05
1.751294281368976079e-05
1.685716568787910149e-05
1.562207690715765833e-05
1.405877671838822189e-05
1.267325689620455061e-05
1.180761673799388673e-05
1.143378838534343228e-05
1.134934248981281217e-05
1.139320671734288502e-05
1.148481450088782289e-05
1.159406512130298590e-05
1.171611776712987738e-05
1.185695920321278364e-05
1.202476261318507697e-05
1.222625642077057725e-05
1.246852243741635322e-05
