3.930734294775923266e-06
3.663545217766493845e-06
3.407083088679990021e-06
3.161764942145617713e-06
2.927924307908503963e-06
2.705817697164701880e-06
2.495631135414345491e-06
2.297486548736465011e-06
2.111447755499405047e-06
1.937525708469318253e-06
1.775682542687477337e-06
1.625833805866769112e-06
1.487848093310603848e-06
1.361543155362169012e-06
1.246677673464024838e-06
1.142938392015512170e-06
1.049923510419013271e-06
9.671251827937326559e-07
8.939162063922655653e-07
8.295473825000732100e-07
7.731611513324871819e-07
7.238232097701597040e-07
6.805680569563948016e-07
6.424495843434949007e-07
6.085865265623856425e-07
5.781952133712265113e-07
5.506066954620537269e-07
5.252695838329920665e-07
5.017423982898019021e-07
4.796798535945121108e-07
4.588168634203038143e-07
4.389528816288831769e-07
4.199379269848146957e-07
4.016606432225194872e-07
3.840381718685941435e-07
3.670075731721145929e-07
3.505187578338628378e-07
3.345291334418688685e-07
3.190002184212312129e-07
3.038962729866773840e-07
2.891846115608353343e-07
2.748369337827181423e-07
2.608308957183386831e-07
2.471512893721874452e-07
2.337904899698679494e-07
2.207481276439167724e-07
2.080301526767861668e-07
1.956475396943705064e-07
1.836148593305292610e-07
1.719489030363015745e-07
