1.815621375335630624e-06
1.745751205947082364e-06
1.682479349903474918e-06
1.624724293967844424e-06
1.571605883505405260e-06
1.522428088145228729e-06
1.476645311890499834e-06
1.433824909155503156e-06
1.393612988930073287e-06
1.355707276845885350e-06
1.319839048953273146e-06
1.285764705095721726e-06
1.253265433293622067e-06
1.222151237566764101e-06
1.192264916212568426e-06
1.163482990506030274e-06
1.135712914835512484e-06
1.108887693950119419e-06
1.082959545448545392e-06
1.057893907143497218e-06
1.033664489960230203e-06
1.010249566998714629e-06
9.876294122308766651e-07
9.657846680256985582e-07
9.446954003065659712e-07
9.243406615477565063e-07
9.046983673915615207e-07
8.857453864983943370e-07
8.674577434009359304e-07
8.498108845007181151e-07
8.327799538135238059e-07
8.163400642561992863e-07
8.004665327943224443e-07
7.851350789553434613e-07
7.703219814015981905e-07
7.560041809788102724e-07
7.421593474595453212e-07
7.287659044625451031e-07
7.158030369140530451e-07
7.032506683569861536e-07
6.910894241196691371e-07
6.793005627022245405e-07
6.678658863914296113e-07
6.567676207814920456e-07
6.459883183939562044e-07
6.355108072749687258e-07
6.253182375444126930e-07
6.153942267330653894e-07
6.057230804339593867e-07
5.962900027751918033e-07
