4.441522672586496447e-07
4.193172113048464361e-07
3.969915277762441708e-07
3.768064511592183059e-07
3.584301210869505025e-07
3.415695423458165402e-07
3.259708322941820605e-07
3.114179866725307319e-07
2.977305116298925644e-07
2.847602679984888763e-07
2.723878807669519164e-07
2.605189964234104526e-07
2.490806037818859703e-07
2.380175629288021002e-07
2.272894413400349474e-07
2.168677002142886721e-07
2.067332353067075410e-07
1.968742769625454659e-07
1.872846193508731217e-07
1.779621449941595612e-07
1.689076152477364633e-07
1.601236905541533845e-07
1.516141459281609359e-07
1.433832547689627170e-07
1.354353118083888008e-07
1.277742673983097316e-07
1.204034642967979743e-07
1.133254463843452436e-07
1.065418314577733161e-07
1.000532332928258287e-07
9.385922587047106607e-08
8.795833905027300493e-08
8.234807619303965737e-08
7.702495641365022299e-08
7.198456935301694599e-08
6.722164252348581971e-08
6.273012500092088036e-08
5.850326937863618895e-08
5.453373538975163142e-08
5.081368090289812997e-08
4.733486239298386313e-08
4.408872975644372801e-08
4.106651341015468771e-08
3.825930237765313585e-08
3.565811495439355013e-08
3.325394898482086665e-08
3.103783194180415380e-08
2.900084751539609646e-08
2.713416169142853305e-08
2.542903033671181777e-08
