3.440075658285080884e+00
3.513317653365424231e+00
3.866914092376436685e+00
3.726790041452553659e+00
3.750498861291867492e+00
3.518672966497001120e+00
3.889360918890235830e+00
3.882853024273786424e+00
3.920925970689161488e+00
4.227443228495729954e+00
4.035683210745545146e+00
3.905728793773739493e+00
3.597851861766589998e+00
3.625036378817197757e+00
4.013602032497268546e+00
4.062054204684510950e+00
3.980423395422528543e+00
3.535954770897639765e+00
4.168130080163447104e+00
3.933524046472312463e+00
4.234831342022113532e+00
4.476038114408450674e+00
4.383347191030406265e+00
3.852460814680241707e+00
3.939997225786029844e+00
4.519827995813694876e+00
4.230635198572057831e+00
3.900865761645186058e+00
3.761287389176147578e+00
3.995427813674562678e+00
3.760151827131075208e+00
3.691127865161616395e+00
3.320966916549472625e+00
3.596837740011564755e+00
3.368166080883368441e+00
3.401406617851946645e+00
3.886919250228876077e+00
3.800489877778467473e+00
3.835565834051488654e+00
3.900816885408019186e+00
3.854994262066922417e+00
3.707627947058965034e+00
3.642371761046544698e+00
3.894836208461040172e+00
3.511603792218318087e+00
4.018495500424751121e+00
4.285831178317741852e+00
3.822547667077556444e+00
4.104317450434509240e+00
3.773513240217669651e+00
