7.883049465740535907e-09
7.472173422617518119e-09
8.048324612566065880e-09
8.833565280607002291e-09
6.666267366006776955e-09
4.264954640576052127e-09
2.820778714447298612e-09
3.527729859394312686e-09
4.944504954525170912e-09
2.945818885156791221e-09
2.959650376030294736e-09
4.732849346231454514e-09
3.844158753659295350e-09
4.509270411161242515e-09
4.168272139559274592e-09
3.202321445184684084e-09
2.630412667580559493e-09
2.640835392363104144e-09
2.435498679315093656e-09
1.703431279340892039e-09
1.442301844621470904e-09
1.249368011241274491e-09
1.561069426122665544e-09
2.654035477205672423e-09
2.052393746787466804e-09
1.277436891868479291e-09
1.009330051489706254e-09
1.211926001610386999e-09
2.016915271348497878e-09
2.100396952098739778e-09
1.191633833577314251e-09
1.172347541138637886e-09
1.214867361230011563e-09
1.245734023224221523e-09
1.199211032193657420e-09
8.571613849329027610e-10
8.654918139090252821e-10
7.120739779680161944e-10
7.644540767389474099e-10
6.826217430850781064e-10
7.799753765568677568e-10
7.065626483724667291e-10
8.046185090450716189e-10
9.738437415246493092e-10
7.583300493570222960e-10
5.147828385596156035e-10
3.990726200366702979e-10
6.650930762201455567e-10
9.499001129076410499e-10
6.599049446657514835e-10
