3.176115519159989633e-07
3.111920568133607567e-07
3.048900441780516988e-07
2.986457399216478603e-07
2.923013499013271902e-07
2.859899347250289759e-07
2.796069739811277174e-07
2.732016319709157228e-07
2.666465858288649595e-07
2.601121084475081407e-07
2.534082091926800428e-07
2.465185278964654362e-07
2.397010502087110420e-07
2.328097353903569301e-07
2.257170203507564512e-07
2.189456811206422556e-07
2.120011344889577924e-07
2.051219704309381224e-07
1.984780757375165300e-07
1.919024508442044772e-07
1.851680425024065293e-07
1.789833961273530075e-07
1.725566048232871403e-07
1.660069338889553415e-07
1.594694362484568162e-07
1.531949183688322747e-07
1.468656315564602513e-07
1.407265304412622134e-07
1.350619374405853573e-07
1.292720959618128152e-07
1.233744331687337666e-07
1.175078283395656690e-07
1.124067835482449758e-07
1.074127517792554160e-07
1.020207875450312833e-07
9.785119594503390468e-08
9.385089691276690376e-08
8.961326048860959240e-08
8.553371699673539863e-08
8.161569442434065931e-08
7.808416145328499787e-08
7.448986903848507620e-08
7.119082752539672282e-08
6.821057771168252377e-08
6.507462636429525053e-08
6.286337655061047112e-08
6.035494334808650073e-08
5.756846746287129496e-08
5.472794952676375386e-08
5.285051366387868370e-08
