1.413210451015810646e-07
1.362339077575711084e-07
1.306216249634308145e-07
1.260477729092305616e-07
1.224955214588733196e-07
1.176513399362308748e-07
1.129669233496361625e-07
1.085324218031542059e-07
1.040473221552882661e-07
1.003284601956325538e-07
9.521222152426740326e-08
9.119662931866297661e-08
8.670546439717160179e-08
8.372821750098244099e-08
8.024807330816669813e-08
7.654785859607154345e-08
7.370323386873933759e-08
7.164198812179291868e-08
6.798951852647150250e-08
6.529536165373181244e-08
6.309019866048588649e-08
6.008348802527582657e-08
5.781590538464781832e-08
5.510639482258508537e-08
5.360290987753400917e-08
5.167464497770953439e-08
4.925765570161782749e-08
4.865781535558882716e-08
4.751860564618272135e-08
4.581459544075419984e-08
4.466972925033351213e-08
4.306193670455086656e-08
4.209407572906319488e-08
4.102966202422012189e-08
3.965173025096554891e-08
3.827858939154954899e-08
3.766281315109475070e-08
3.673606375115306844e-08
3.615175765565585545e-08
3.475251476718080626e-08
3.381523174254742922e-08
3.352121677637048977e-08
3.241275049772150984e-08
3.146584851621469712e-08
3.082328374768707835e-08
3.060822791398655548e-08
2.969451322157362729e-08
2.984136838988640078e-08
2.914269569521625793e-08
2.900763968483937091e-08
