4.373019942182849869e-06
4.349943723072913396e-06
4.313890788185281196e-06
4.261988558376492824e-06
4.195018721618080053e-06
4.116682510637341670e-06
4.031054480867138419e-06
3.940819111777424631e-06
3.847524160175736871e-06
3.752348574632522140e-06
3.656146157265850252e-06
3.559054549392574070e-06
3.460379180393853602e-06
3.358967259195721650e-06
3.253755080514715433e-06
3.144136769967000733e-06
3.030061552083483866e-06
2.911919294327215946e-06
2.790288681479614738e-06
2.665662800157642891e-06
2.538332273522007326e-06
2.408534046833850515e-06
2.276747357591320791e-06
2.143902341008683618e-06
2.011380973934478337e-06
1.880851195248672519e-06
1.754038399970280388e-06
1.632515407669900912e-06
1.517541169406746519e-06
1.409939942489822728e-06
1.310010395302609369e-06
1.217501635653347315e-06
1.131721977328797329e-06
1.051774593717403117e-06
9.768060791230745629e-07
9.061581673787132785e-07
8.394048771116701455e-07
7.763188242343028408e-07
7.168111973258687408e-07
6.608708618299971701e-07
6.085130238265236276e-07
5.597408156930006939e-07
5.145205864460128604e-07
4.727695530023088371e-07
4.343542717084353316e-07
3.990975109219963034e-07
3.667907293679060226e-07
3.372091003983716166e-07
3.101261242997987953e-07
2.853254486430462703e-07
