1.854833917016604147e-02
1.843266481762873346e-02
1.841521258656513005e-02
1.712261142662896418e-02
1.682601266409638682e-02
1.711360131393181369e-02
1.803568834257060494e-02
1.832511267091472412e-02
1.818504827957956316e-02
1.744684244883513979e-02
1.666519383050027101e-02
1.624911594780556467e-02
1.705193655449474197e-02
1.774756249249964668e-02
1.707463014514457381e-02
1.596168350895457722e-02
1.510773433515882717e-02
1.437883328444934834e-02
1.466614369594708076e-02
1.475078725255207258e-02
1.412262874867353628e-02
1.353570609063722840e-02
1.228290938597430271e-02
1.224004238310552085e-02
1.195953357446094371e-02
1.218809305638447922e-02
1.212650495321856287e-02
1.181965529529742202e-02
1.132196633945269960e-02
1.131910072960183762e-02
1.136485899818642960e-02
1.139764377959281982e-02
1.136620452559071286e-02
1.083186461055579523e-02
1.046086159064802713e-02
1.030122039404005908e-02
1.010938413095840982e-02
1.033407565187381000e-02
1.017351604726505696e-02
1.024952165665199248e-02
1.044072229323275008e-02
1.070004037664998818e-02
1.089333588592160396e-02
1.060814514141408989e-02
1.058666793696781162e-02
9.730396068778015065e-03
9.988854900467454209e-03
9.485831488591575308e-03
9.639916720080651466e-03
9.658105975371616969e-03
