7.297379046448160267e-01
7.356762432830035170e-01
7.351004166813652763e-01
7.384024199598875349e-01
7.339650997689491918e-01
7.265252106087783934e-01
7.196203033113963698e-01
7.089730905707249953e-01
6.971039724510029734e-01
6.903083312666741245e-01
6.838300503348005988e-01
6.753409055072338019e-01
6.617832482046250853e-01
6.551053767829795316e-01
6.503019512429671911e-01
6.431952801175507828e-01
6.442595374752744242e-01
6.352665995360695650e-01
6.360316204944043150e-01
6.250806075010707508e-01
6.140878107466775093e-01
6.082827123437757333e-01
6.001315038303698390e-01
5.970365791276154299e-01
5.917239643947608263e-01
5.833753421424975327e-01
5.612358456615931246e-01
5.472242438683430077e-01
5.302144828769839169e-01
5.134554894752058063e-01
5.069035148316406447e-01
4.948785259804142633e-01
4.708057528070229147e-01
4.559479392696301758e-01
4.463184394186346382e-01
4.367388892558388136e-01
4.494261809359608728e-01
4.474617344766017579e-01
4.511222682780562376e-01
4.567541586226114281e-01
4.563406649404928572e-01
4.442872517940831822e-01
4.321236118474273136e-01
4.248819020163229765e-01
4.447487592387883715e-01
4.483341182452003637e-01
4.391095067341210800e-01
4.291567737155665974e-01
4.134753411641894361e-01
4.100051228591163888e-01
