1.469865953134729253e+01
1.499269208274700915e+01
1.473283910830399535e+01
1.456911058714930896e+01
1.444505708231053909e+01
1.466450283876654836e+01
1.511260230414185202e+01
1.549616773685147209e+01
1.588235918535377600e+01
1.644851481940558102e+01
1.685650206235319715e+01
1.662054101197573885e+01
1.673462041043699955e+01
1.666646577658530148e+01
1.662321653153885848e+01
1.651158100030825437e+01
1.672970067693411877e+01
1.672702177916437449e+01
1.631684932940044064e+01
1.606702118464774642e+01
1.652648472217945397e+01
1.678754719253264582e+01
1.681902847922877342e+01
1.694422350177816128e+01
1.677201227538407480e+01
1.646105046383789983e+01
1.617361203561024396e+01
1.643129185954274263e+01
1.701339467289281160e+01
1.695672909482583179e+01
1.664434559643385825e+01
1.696813011488338319e+01
1.654180377376918898e+01
1.652332160122087856e+01
1.647684864402978278e+01
1.686170150600389306e+01
1.705564359208354475e+01
1.724495934051091339e+01
1.803528065018483417e+01
1.807853400998985904e+01
1.799991713385774261e+01
1.774938879160752947e+01
1.810525886246749039e+01
1.825306208019128107e+01
1.803080723787631356e+01
1.788017335322060219e+01
1.805552738345795305e+01
1.762248790539342025e+01
1.713197605670164592e+01
1.642305443195652614e+01
