-3.862925102864479127e-02
-8.397015529717069549e-02
-9.038951236999039074e-02
-3.690153486265005528e-02
-4.297374169795230986e-02
-2.686942685958887758e-02
-5.750671127590332304e-02
-1.022816148554213656e-01
-4.431032113907044934e-02
1.147500729027562810e-01
1.578643655785691435e-01
2.566879785656924207e-01
2.626157444576987521e-01
2.307269701065338963e-01
2.409648343903299239e-01
2.583849865150508185e-01
2.814257539624820947e-01
2.346759636038084629e-01
1.387751799299187516e-01
7.940668645690993066e-02
-2.923210187177501668e-02
-2.996072696522907378e-02
-6.276170768131142386e-02
6.717164330480011880e-02
-7.779779682924349571e-02
-5.344155005717717011e-02
-1.784335978878723306e-02
-5.601693949219239271e-02
-7.433287473363565934e-02
-8.644568320437978626e-02
-6.500512668423105711e-02
-7.111253883893234318e-02
-4.604825913142005650e-02
-5.146290480982834009e-02
6.598657149997900345e-03
4.332214838579381139e-02
1.293616759737946376e-01
2.302266324541345499e-01
2.821656612076468007e-01
3.212009609746894201e-01
3.588783958277961816e-01
3.988762956357020384e-01
4.211496935011577736e-01
3.754124524615526370e-01
3.484647650618693526e-01
2.976875526728904875e-01
2.546137068827404315e-01
1.783704369412605628e-01
1.223528255131448722e-01
8.154208096826028040e-02
-5.097381774327029713e-02
8.227723189449495655e-02
-8.243965785103536670e-02
-4.684451433014951566e-02
-4.404723419990892036e-02
-6.068728045528539068e-03
-6.148749284453387809e-02
-4.170200108401319467e-02
-2.283194084163322340e-02
-3.161530556963827732e-02
-7.986482082286813777e-02
-3.899142580190543411e-02
9.726324347334176779e-02
1.607276764828021176e-01
1.650778800997109164e-01
1.549219641099884304e-01
1.743275816806600376e-01
1.975702817700811798e-01
2.086889594003697168e-01
2.373745430767548459e-01
2.501220066600025049e-01
1.960842087422817737e-01
-4.904424860527187985e-02
1.850405971146764084e-01
1.766775233007477630e-01
1.703630888268323207e-01
1.642153192042532794e-01
1.474665841685737777e-01
6.609525846272898408e-02
6.438588306458770116e-02
-5.356549421500579611e-02
-6.792584515198048234e-02
-1.587684499873318056e-02
-4.015490182707757288e-02
-5.049238171974280986e-02
-7.448466405480511088e-02
-5.207645910286079483e-02
-5.300057645610614654e-02
-4.999753907754656695e-02
5.307057629269153892e-02
1.576877339441269399e-01
1.406490418620997274e-01
1.294931875456184489e-01
1.505157024793714327e-01
1.509251507477993026e-01
1.629869585969055401e-01
1.724171817389855144e-01
1.781508032024729793e-01
1.809394962058656353e-01
1.597529713650727157e-01
1.629986852822048471e-01
1.616036432106064125e-01
1.629725915721894902e-01
1.540038713387829050e-01
1.581728237004969562e-01
1.689360903203354081e-01
1.366569507045557463e-01
3.885929383126322106e-02
3.399545015863918163e-02
1.870379540517895511e-02
-2.351007442705726688e-02
-4.015711462650353725e-03
-3.604750139376076273e-02
-3.740672496267859193e-02
-7.042532234012324754e-02
-6.473315658060316280e-02
-1.084304166814101418e-02
9.134145270825123897e-02
1.543930558957619104e-01
1.355058033335265755e-01
1.463287954177638350e-01
1.525934951351928803e-01
1.480532808614213880e-01
1.637531957487677048e-01
1.718426570713982582e-01
1.894942819303978843e-01
2.058304361060659393e-01
1.646932336264250729e-01
1.611980713423778744e-01
1.616421621673373721e-01
1.663705246316578013e-01
1.601008207222825996e-01
1.686660445576207978e-01
1.617368450200628582e-01
1.339951749123354241e-01
9.724911535944415208e-02
5.394781199750509765e-02
-1.542951601089588565e-02
-6.046699047903515006e-02
-7.001838537731393253e-02
-3.349733551421325145e-02
-1.119130442962206484e-01
-5.233729388032751229e-02
-3.436787617718152499e-02
1.608231349497814960e-02
9.934529767037156289e-02
1.541167797849720966e-01
1.649036954457594462e-01
1.698872477825288940e-01
1.755435638943576848e-01
1.690703320083684624e-01
1.713671379424465402e-01
1.857408226520333716e-01
1.901028728661202649e-01
2.031325951256264806e-01
1.723054516318876239e-01
1.740957065100675050e-01
1.784326619245009404e-01
1.812461534085191006e-01
1.787077630778385329e-01
1.918071849663767203e-01
1.800544860091368438e-01
1.505213318919092214e-01
1.272348039540252829e-01
6.874568193267870109e-02
-3.395442389708005354e-02
-2.127776831448674119e-02
-2.812764026959624700e-02
-2.067529333514911763e-02
-4.510483841561688939e-02
-4.301152540535888719e-02
-6.971572302680686950e-02
-9.995540793160333226e-02
1.325245876444153814e-01
1.592294674005774457e-01
1.939672492938413484e-01
1.829409085379565814e-01
2.013685352173289200e-01
1.805218297199792654e-01
1.782697142434085946e-01
1.951409859095364074e-01
2.036758512360502815e-01
2.068200675385492016e-01
1.840137935949579251e-01
1.922045472455902737e-01
1.911139203556295185e-01
1.956556644012063251e-01
1.885170971576097532e-01
1.860327332860221283e-01
1.796277106749397112e-01
1.707998544556491027e-01
1.474477587709709658e-01
1.138404007050041189e-01
3.823029161897868733e-02
-3.714846413101725864e-02
-3.565716349110723687e-02
-9.531069344984328950e-02
-4.063347590773622175e-02
-5.086651496495920438e-02
-8.546633773383256749e-02
7.061905067608438558e-02
1.648331620264737729e-01
1.791700454351268235e-01
2.031857394872375600e-01
2.070546180758454924e-01
2.117835846983880665e-01
1.916959564950855843e-01
1.923497279064235177e-01
1.989361345634962919e-01
2.064317528137998292e-01
2.262553851284015149e-01
2.064859058497187372e-01
1.954417798871027623e-01
1.986232539012887932e-01
2.155677737340856992e-01
2.111756292607268881e-01
1.955972749173883196e-01
2.015592188587350397e-01
1.848421899652130940e-01
1.516206306673492377e-01
1.485159372475753359e-01
6.716580122649558338e-02
8.644510439230597421e-03
-3.090725841635703561e-02
-5.906224591198484808e-02
-6.453767052881601018e-02
9.316365091230301154e-03
-5.816127348984216627e-02
7.850076182360617161e-02
1.743734250388840334e-01
1.791437574936994015e-01
2.060627641423547485e-01
2.270755552588651638e-01
2.182890063055012708e-01
2.023351568262180544e-01
1.992469325119227141e-01
2.049830878863962147e-01
2.043080151561470770e-01
2.150413218665788162e-01
2.105951662756530007e-01
2.066363246602780090e-01
2.180052365740522691e-01
2.394770882935234324e-01
2.371542079740422970e-01
2.399765480225738157e-01
2.345375570460197234e-01
2.090570093534651064e-01
1.840281244253713089e-01
1.751873662396974951e-01
1.088789818989811392e-01
9.580220954351794174e-03
-5.752042816609483772e-02
-1.501153450466298327e-02
1.758317684077601376e-02
-5.833958678457372427e-02
6.758059047961671728e-02
1.191554334575312679e-01
1.835719277859813037e-01
1.686760607144268953e-01
1.931072688748150801e-01
2.432289389480157549e-01
2.243385630583047963e-01
2.213468037232575458e-01
2.069453263635782359e-01
2.010615860138558475e-01
2.029927569980761459e-01
2.313146228041933483e-01
2.153591155109508826e-01
2.110972563650521105e-01
2.336828877082648970e-01
2.459767152820886427e-01
2.546803884947724250e-01
2.489667753392648952e-01
2.220539511317327075e-01
2.081306073795481104e-01
1.821151932032520349e-01
1.695492950859421866e-01
1.444710651102195931e-01
4.379904042316350860e-02
7.249596985516823522e-02
-9.104680962959839363e-02
-2.998056704905619971e-02
-2.548885707732815795e-02
6.013849595429667655e-02
1.320627006186038399e-01
1.876465196382407774e-01
1.696648348051491562e-01
1.937992181782924594e-01
2.426268768048808755e-01
2.391305327864958474e-01
2.341364355699976363e-01
2.128995296406528126e-01
2.150783143987624602e-01
2.066498473669733660e-01
2.279698449502393087e-01
2.196475100504458322e-01
2.156074239978386375e-01
2.402589816556114366e-01
2.627967554108388559e-01
2.541278623929073555e-01
2.385234032875599153e-01
2.220115373134696479e-01
2.166162940829033101e-01
1.909579086568569117e-01
1.888073975665943149e-01
1.795826036449463814e-01
8.988184687378351911e-02
8.443163812623244446e-02
-8.609966471488361694e-02
1.058835798100696696e-01
-4.948324969988677352e-02
-8.862075364239604958e-02
1.254626151278770974e-01
1.802228953310386628e-01
1.816141428682923331e-01
1.974268553574650975e-01
2.345272608521839497e-01
2.286660577968654129e-01
2.206189277945300731e-01
2.192524363118193986e-01
2.251818720041753874e-01
2.186564086555988773e-01
2.314737442063377337e-01
2.347754266265040246e-01
2.280016375023827813e-01
2.451799588538248476e-01
2.649827147958869200e-01
2.701305067225294732e-01
2.473920331122662353e-01
2.346730075880998356e-01
2.369481629289665880e-01
2.165788010743147085e-01
1.919655831418440040e-01
1.744160607622846082e-01
1.337917366333876978e-01
1.104586767190855606e-01
-3.460588530198236562e-02
-2.352348856515019612e-02
1.157629255731853629e-01
-6.843099443882334765e-02
1.193651011352064584e-01
1.756853209549916195e-01
1.900013767713964186e-01
1.877828776075342043e-01
2.116272140432189641e-01
2.362437485460980591e-01
2.237479139864376187e-01
2.161767668004019316e-01
2.315410614578281290e-01
2.288003395438848175e-01
2.360036439666295949e-01
2.463217905971763488e-01
2.275138497743736110e-01
2.460586036168625479e-01
2.505783103640855103e-01
2.659725359615522922e-01
2.537405919132660892e-01
2.477740848872434787e-01
2.289624038828388941e-01
1.939399612848286547e-01
1.728893208967413886e-01
1.730448313998214360e-01
1.665296400328529214e-01
-7.985921401507480033e-02
-5.832047238989731403e-02
-1.081239183916306301e-01
-5.972261972607778580e-02
9.245981044999225518e-02
1.318224237235304519e-01
1.789731709339396348e-01
1.915289801902500255e-01
1.790410926662173441e-01
2.179099641913359864e-01
2.363526238691373293e-01
2.298929724697278132e-01
2.168265739924796209e-01
2.182937136745510542e-01
2.308423543715185100e-01
2.370847701741063684e-01
2.485513425373573337e-01
2.277458070869782247e-01
2.424047293547932358e-01
2.513997202002045683e-01
2.609066318460510070e-01
2.482380432284430616e-01
2.412608199438276146e-01
2.125889124136949582e-01
1.947834506896709283e-01
1.707107065983423100e-01
1.806804029164580105e-01
1.780680030337708220e-01
6.936168096164124774e-02
-6.521505957141281173e-02
6.323600586083813480e-02
-4.568940134166554062e-02
1.009005497704218574e-01
1.384470988996930885e-01
1.692448531591671801e-01
1.675866558652628346e-01
1.840138314815789877e-01
2.277872850944056005e-01
2.352853625834420426e-01
2.160848489705986808e-01
2.092832615424529696e-01
2.217104968619947047e-01
2.349660075227477385e-01
2.457864711362452437e-01
2.499460745840765830e-01
2.340732104131041935e-01
2.403905443548781107e-01
2.602706131451768545e-01
2.513976571640748614e-01
2.498490282829564091e-01
2.364480448015303937e-01
2.099783442907220965e-01
2.128495351318569762e-01
1.810562514683796420e-01
1.844066194846282758e-01
2.025581525085423662e-01
5.912186198902430467e-02
7.802549504515954304e-02
9.453914238429336758e-02
1.216344697486160392e-01
1.129693919801225410e-01
1.223302159433796166e-01
1.507704429682472369e-01
1.690257078589756656e-01
1.944751829719016667e-01
2.098684381258808795e-01
2.242295725203807821e-01
2.296354930312740072e-01
2.270065047799992020e-01
2.344431879144075193e-01
2.397985087029178286e-01
2.401547479625110448e-01
2.430324986126191911e-01
2.343232895528174486e-01
2.488522561296746816e-01
2.605148824644110128e-01
2.438405956175109524e-01
2.557256238896151168e-01
2.504910773898890719e-01
2.196332697613710139e-01
2.206266635095632256e-01
1.879573892492451270e-01
1.862415519739467340e-01
2.302896945936014073e-01
6.848342936478361842e-02
9.144802194388496064e-02
1.366836239255132257e-01
1.185835246403248305e-01
1.365053573744313409e-01
1.496641495577100966e-01
1.594672494693815390e-01
1.719375000894393657e-01
1.950727010784990278e-01
2.140723811162091872e-01
2.334343123034093859e-01
2.265479392878468334e-01
2.403383116714105650e-01
2.383371898514632659e-01
2.441504892132889404e-01
2.397194307152544501e-01
2.408061645639555937e-01
2.374802352738119848e-01
2.448354864618029758e-01
2.551862351015307673e-01
2.486032810046201469e-01
2.511454088806652218e-01
2.552186631314627419e-01
2.212569983522923722e-01
2.191245906928678822e-01
1.899742413423979592e-01
1.806694399758014269e-01
2.268557193100702585e-01
1.142899027718845273e-01
1.066359629581016544e-01
1.367913711263295806e-01
1.204861338853206870e-01
1.346728839153381319e-01
1.417749181675731218e-01
1.572255668711450005e-01
1.813073347586798278e-01
2.043280892307803576e-01
2.281403885037429635e-01
2.374497868089148478e-01
2.315681393981641190e-01
2.445732085661304345e-01
2.419889130908259300e-01
2.469155668553723870e-01
2.452157555435018066e-01
2.546616711236169284e-01
2.531169582337337576e-01
2.545095307344650282e-01
2.624373688102890623e-01
2.511755481916673194e-01
2.444618208216174371e-01
2.507633670518747970e-01
2.055295636554613781e-01
2.069457976048529046e-01
1.734697932028475276e-01
1.578468582423133981e-01
2.228717494076701278e-01
1.405609843487126698e-01
8.411506139903766888e-02
1.322632703277765442e-01
1.285790843766468905e-01
1.149295092603248025e-01
1.326913984717225103e-01
1.427031863425913538e-01
1.628595345381503579e-01
2.012231371209854125e-01
2.301033085651378596e-01
2.293920535543619021e-01
2.358107598275153982e-01
2.383878483062381592e-01
2.405769223705951643e-01
2.490755693002441040e-01
2.409658989805880946e-01
2.562623949006886948e-01
2.565552553795097390e-01
2.524197260569417400e-01
2.505812634673388328e-01
2.393862371073898765e-01
2.436770547957512745e-01
2.481321797995456324e-01
2.039337474039601417e-01
2.115256493714622044e-01
1.788783538019799446e-01
1.523915397949799633e-01
2.103575241986619382e-01
1.314379393175200972e-01
-7.953286124827474435e-02
1.084854046046948572e-01
1.391085267325154473e-01
1.422283310008091717e-01
1.632586169116778396e-01
1.605944602235617469e-01
1.774388694855766613e-01
2.062966735106172844e-01
2.307911825692332553e-01
2.275740780108654049e-01
2.328641297090260354e-01
2.341410137060548902e-01
2.447213263926479865e-01
2.537068139367267272e-01
2.462946734323581965e-01
2.554459205385709031e-01
2.521448243942160938e-01
2.474844139070826732e-01
2.491776434957343467e-01
2.464498240211278335e-01
2.292976302025240554e-01
2.416522205679146884e-01
2.153981992255034061e-01
2.051415083946476203e-01
1.823284339099469076e-01
1.566264877834290803e-01
2.006154744938769274e-01
1.178376934766754841e-01
-5.177330926676618900e-02
9.286068598098454197e-02
1.211245852895132674e-01
1.187017659651371237e-01
1.552546913196919676e-01
1.594089740715818881e-01
1.721907496137264904e-01
2.044574875371312772e-01
2.344466454581765336e-01
2.281145090565205868e-01
2.337778788523088014e-01
2.447838617839068753e-01
2.528383265641120925e-01
2.657479562787772864e-01
2.582220686717749958e-01
2.666870474949137315e-01
2.582958655654457036e-01
2.659114432851049092e-01
2.633227049819842347e-01
2.525036389685383909e-01
2.388974897550995291e-01
2.397274904236283422e-01
2.117504735851611086e-01
2.011516371484177446e-01
1.705270219063778625e-01
1.409051957331776961e-01
1.934520924117459906e-01
-8.297476797690535311e-02
6.911998599717734601e-03
7.507261635684940593e-02
1.001915308956080608e-01
9.370676343893809268e-02
1.578511697563257099e-01
1.668781552801366919e-01
1.877519307420023320e-01
2.075234694906728794e-01
2.411526667678083879e-01
2.376806919072967372e-01
2.473519054338023937e-01
2.590742517018811419e-01
2.631911654922950983e-01
2.706622688018933687e-01
2.772078145346764666e-01
2.808662817974046377e-01
2.754816246899088328e-01
2.778879444566717538e-01
2.702523584247360500e-01
2.557664191933480824e-01
2.359379872565911251e-01
2.424182846302067040e-01
2.171906611374256890e-01
2.021346764234324411e-01
1.754679165945228492e-01
1.458294469448363773e-01
1.748948135947666627e-01
-9.589369800980901415e-02
1.213826416302067612e-02
6.810808800282390496e-02
8.628488205328696536e-02
9.322378676008695464e-02
1.611231863651847451e-01
1.639378785518952608e-01
1.892100272779353443e-01
1.914451571590782275e-01
2.333019739697749784e-01
2.408148528115599818e-01
2.449764276888682091e-01
2.503465209152676563e-01
2.593437750206911696e-01
2.759562121045080474e-01
2.857577078636455714e-01
2.709302360301861778e-01
2.762274802297695064e-01
2.676526516961678093e-01
2.618968471824889011e-01
2.600436983932580826e-01
2.234003922102051065e-01
2.273041108748645178e-01
2.243086394171750764e-01
2.048194333119046917e-01
1.848826492565001367e-01
1.487053675752986748e-01
1.788345427232889140e-01
-3.662021542861351731e-02
-2.320933166062250780e-02
1.049656886884991758e-01
8.374175459489635598e-02
9.399545615800389275e-02
1.512114298212882679e-01
1.679574442449471849e-01
2.004285626674470744e-01
2.080557919079759066e-01
2.582279442170084538e-01
2.517640516954131602e-01
2.508645654283803705e-01
2.713646360545161618e-01
2.833226843466605249e-01
2.905911887300962060e-01
2.943297786280955064e-01
2.861470782610247565e-01
2.866386956218811566e-01
2.835194935040054043e-01
2.713312825686883256e-01
2.661344127566258044e-01
2.211543434214078563e-01
2.094243922158005589e-01
2.229483646870487334e-01
1.945969596835140925e-01
1.678333025401399503e-01
1.295435841729388471e-01
1.386335135062911061e-01
-3.350002226023267304e-02
3.804301392996405767e-02
-8.670506115725694352e-02
1.086332934934620131e-01
1.147550806183138539e-01
1.537194629620640407e-01
1.784221453901451981e-01
1.931703646351268788e-01
2.217221847801794099e-01
2.808419018254778576e-01
2.683452584559893328e-01
2.772176387219552063e-01
2.914426246614924554e-01
2.990926711957404560e-01
3.016961372444384448e-01
3.085302070737124258e-01
3.075973866545544944e-01
2.928937807857341924e-01
2.976823219770395323e-01
2.824619077619254792e-01
2.876675594439666583e-01
2.328381102464290586e-01
-7.570465877437573821e-02
2.202124998545361423e-01
2.110569725253569895e-01
1.760644586828452873e-01
1.542412743512966977e-01
1.482673171019100455e-01
-3.271395969673945164e-02
-3.708931914212727082e-02
-3.613669341126069662e-02
3.976302440005298477e-02
9.260851831260974443e-02
1.517825955606554034e-01
1.832220923184054995e-01
1.869602224807982715e-01
2.070168163028146824e-01
2.829483815006778591e-01
2.724417272432392845e-01
2.776681161756867078e-01
2.884448880561318873e-01
2.902683046403957134e-01
2.943792161957730635e-01
3.010814813067188567e-01
2.917961280955883585e-01
2.874748407796081096e-01
2.894111931011317251e-01
2.803837671488721983e-01
2.845018908871951302e-01
2.433882852187455870e-01
2.038436182401437979e-01
2.309587008105129513e-01
2.222743749901599786e-01
1.912643737209803463e-01
-5.548217876806064985e-02
-3.775082626058778174e-02
-9.924159176104907498e-02
-4.479005295949352317e-02
-3.994641225669819107e-02
-2.208726703217666482e-02
-6.079892236093184521e-02
1.031580134901847745e-01
1.550200658911725649e-01
1.499676042511132734e-01
1.821454289039834418e-01
2.852611247476931067e-01
3.039432521002085053e-01
3.221615084317439592e-01
3.500668210060862151e-01
3.475995998318602287e-01
3.497201122923027650e-01
3.606426860047124983e-01
3.494131482835904912e-01
3.583548362995336301e-01
3.541563991860852134e-01
3.354469289331693527e-01
3.166249605016385194e-01
2.510105134424173157e-01
1.720819763406442604e-01
2.173040031888497092e-01
2.283343902324741215e-01
1.990615851690764326e-01
1.834308319690704792e-01
7.921746458813386238e-02
-6.528452773561918554e-02
-2.758527158334072443e-02
-4.032775588992312116e-02
-3.768065669707004739e-02
-1.949285108196015942e-02
1.578956116083684094e-02
1.140587403659251882e-02
5.203903710690218655e-03
2.314405732335311078e-02
7.487563727638230082e-02
1.222552458957015115e-01
1.500922236944880472e-01
1.893818170203928342e-01
2.029091460670460201e-01
2.036761609180750277e-01
2.028268445148320442e-01
2.091058839196105745e-01
2.104326019038811890e-01
1.856481319941492014e-01
1.511889716248925875e-01
1.191764427347124095e-01
5.983859476263819061e-02
1.329007292360683858e-02
-7.832817658100729719e-02
8.171684750446114864e-02
8.497617536948975925e-02
6.397709154436355405e-02
-4.794436384594018968e-02
-3.143178347143509022e-02
