1.439584560785730183e+01
1.425013127777057775e+01
1.412595418382195156e+01
1.428229262463944416e+01
1.444512069424181711e+01
1.423029198518185012e+01
1.429478485537492816e+01
1.434919795441407508e+01
1.444756906809219821e+01
1.463542833442308577e+01
1.500376187135448447e+01
1.516379737974604858e+01
1.481402525657151159e+01
1.463075784563318038e+01
1.466167120538135649e+01
1.495352518573290901e+01
1.447459556786055046e+01
1.438143363911045824e+01
1.424119753025515855e+01
1.426818428766050673e+01
1.440676110223945372e+01
1.421179332375922399e+01
1.420055229658204610e+01
1.422791794412492017e+01
1.422940696427118290e+01
1.440416380578285427e+01
1.429941173805362631e+01
1.440082327228424219e+01
1.441704074262876567e+01
1.432896334141623207e+01
1.437873934840700940e+01
1.442749603807183689e+01
1.432024232841847677e+01
1.429282727264805075e+01
1.400489174902537037e+01
1.417626216411635198e+01
1.412791293480559851e+01
1.388689066522802840e+01
1.409313194498927224e+01
1.407239956965350913e+01
1.408244214740813582e+01
1.423760016012028551e+01
1.440248342905693768e+01
1.450582642633594865e+01
1.449271461569448505e+01
1.437248092252210618e+01
1.432664482914851156e+01
1.435778615719741858e+01
1.431148553321022021e+01
1.435765084486875764e+01
