1.165657092046535759e+01
1.201857850134812189e+01
1.197026060402994219e+01
1.183378599318139734e+01
1.203751718468778975e+01
1.190915848378492825e+01
1.185038163718303750e+01
1.177977018481763238e+01
1.174838859947225522e+01
1.160388458690360736e+01
1.152195906498296551e+01
1.167346091394841068e+01
1.156433706991858656e+01
1.145933660595921033e+01
1.152770337640329856e+01
1.117948588198056470e+01
1.130236037984285602e+01
1.147436216521542462e+01
1.172022715182533048e+01
1.157230632351803834e+01
1.133643817889620031e+01
1.136923850831916560e+01
1.160142849555313305e+01
1.161767601478237921e+01
1.159584207628652486e+01
1.140811944370090103e+01
1.141742957501467437e+01
1.137116971136130417e+01
1.144577286724828369e+01
1.163310265771867158e+01
1.174830158159703863e+01
1.157325606132336659e+01
1.193088349014443139e+01
1.178085392766034900e+01
1.188410567645652272e+01
1.187631635626800097e+01
1.192183954846062832e+01
1.217602541633888968e+01
1.234385367819851709e+01
1.260532679426787794e+01
1.273732356599817273e+01
1.284909438416417160e+01
1.305114889849967064e+01
1.305763911868179683e+01
1.295170884857484239e+01
1.292244588804896388e+01
1.268682861805622686e+01
1.240487190542798146e+01
1.235748313932571030e+01
1.235540502751103453e+01
