2.976029914734322190e+01
3.011019157276619396e+01
3.038042785771153831e+01
3.075217017880069648e+01
3.135441942745023880e+01
3.189543288600170712e+01
3.221593374107023777e+01
3.207166373125860304e+01
3.183810178819389947e+01
3.116353164018316946e+01
3.025173956955945798e+01
2.985251518755152489e+01
3.012872637400204212e+01
3.069493882788985317e+01
3.160664264122077682e+01
3.291431518678915324e+01
3.417810971138455045e+01
3.599217068058462843e+01
3.914316985128611748e+01
3.983974959258118531e+01
4.072451949171185248e+01
4.172960690583452248e+01
4.185560450625102646e+01
4.267188272419838313e+01
4.368359009322519171e+01
4.395476696164881503e+01
4.419892911613059994e+01
4.495857101747282769e+01
4.568996056846869180e+01
4.637292754268244011e+01
4.701329647366439701e+01
4.728415586651269820e+01
4.732050292608754205e+01
4.698037667342335055e+01
4.686365557190808318e+01
4.675942380269459875e+01
4.649039643507060759e+01
4.562992935097032898e+01
4.496003005589682999e+01
4.472688864559030009e+01
4.518460473111969122e+01
4.511058787991209584e+01
4.357473019030504702e+01
4.265164622687242968e+01
4.276639475980833538e+01
4.179845847516884305e+01
4.185502361685306028e+01
4.086992108622288811e+01
4.030508541006087597e+01
3.973788511355893149e+01
