1.079349903110314557e+01
1.049813031331923341e+01
1.064507480605879408e+01
1.099144328083246869e+01
1.116566586212978862e+01
1.149973342233840867e+01
1.196702706281728368e+01
1.197224151960824479e+01
1.181171070373618370e+01
1.167254211926517904e+01
1.141170020009082542e+01
1.107363473229834483e+01
1.122866813009936138e+01
1.113800620169910793e+01
1.086284389758156621e+01
1.063832042382774468e+01
1.077237761400720117e+01
1.064869666948679416e+01
1.126621505682331659e+01
1.169472696919175192e+01
1.166100912845632287e+01
1.167477520862410145e+01
1.114076888519144326e+01
1.125684539960542629e+01
1.119802571212900055e+01
1.087631691143573320e+01
1.063067557446835032e+01
1.055093419124297327e+01
1.097054930606581458e+01
1.109944213033373828e+01
1.110140585317010853e+01
1.118918725583657547e+01
1.142933806869507407e+01
1.164928802510700301e+01
1.210329318211006999e+01
1.187323980986870353e+01
1.224159706603304798e+01
1.235899799263067322e+01
1.286019300195024506e+01
1.294303654138712467e+01
1.281688742999995512e+01
1.243867073832448433e+01
1.207615268702886979e+01
1.171547948114634075e+01
1.177647702676044084e+01
1.150927577109424860e+01
1.160350088327056461e+01
1.197111834304191369e+01
1.161199713902899511e+01
1.178017260157846202e+01
