3.092352805755317024e-08
2.941760809393806802e-08
2.788568178127511596e-08
2.635967779344236256e-08
2.492384556006248500e-08
2.352145372051542586e-08
2.220515905006657271e-08
2.087296028136442477e-08
1.957583384131844851e-08
1.832806632180036823e-08
1.711966223107947050e-08
1.606704104443497523e-08
1.508674437945443429e-08
1.418037260764498346e-08
1.327172394845076368e-08
1.245359247492675871e-08
1.168366898593105337e-08
1.084909315825317552e-08
1.011721968918896058e-08
9.450285241174878888e-09
8.752174683646413294e-09
8.085465629873138587e-09
7.477461204979997363e-09
6.896695119565633142e-09
6.259060603317118622e-09
5.833313512116010428e-09
5.438299118456858519e-09
5.069593519799350831e-09
4.667654818570838358e-09
4.327725038029578994e-09
3.964878119648589649e-09
3.686225128930053062e-09
3.429591144409096474e-09
3.193511954036818270e-09
2.968034959362270534e-09
2.754846116914138555e-09
2.546543103965549696e-09
2.393510840921555260e-09
2.228142390794574618e-09
2.114945700875391486e-09
1.933313560634497940e-09
1.813627762773100485e-09
1.687814100331177526e-09
1.585577617784479618e-09
1.537046983218491077e-09
1.453044293266888268e-09
1.360739998205251333e-09
1.279787733984927715e-09
1.213057493079621268e-09
1.152835213535373542e-09
