1.192016286339263149e-08
1.089623083953075423e-08
9.982545569490892191e-09
9.146525927591198478e-09
8.353487943960907827e-09
7.624467021200511003e-09
6.919044401639515691e-09
6.269243574934827325e-09
5.680571608609776048e-09
5.142697876085649924e-09
4.666809659199745845e-09
4.217733953337254071e-09
3.803145785015150417e-09
3.417882286564260922e-09
3.077048856463108181e-09
2.747620774217626426e-09
2.464535042244453347e-09
2.198058173335658835e-09
1.972024033238653989e-09
1.754256651218818234e-09
1.576870389042288048e-09
1.419009817443131858e-09
1.283822930631012085e-09
1.150259790026782052e-09
1.030444880410503718e-09
9.243894220701202448e-10
8.395938019859833760e-10
7.649842190912847737e-10
6.838131306826975170e-10
6.173673045171465505e-10
5.477490445653420045e-10
4.991432569355874531e-10
4.501347149593884194e-10
3.994030938048217982e-10
3.605369876412268198e-10
3.255197291845643343e-10
2.971638151891369375e-10
2.689224363298480640e-10
2.398804389185016209e-10
2.172235272009886564e-10
1.929780561143461435e-10
1.734974291270710245e-10
1.547170382883312437e-10
1.340169788790749967e-10
1.216039557532316359e-10
1.117644224185646381e-10
1.027975425808556993e-10
9.093074091126711846e-11
8.135872040816131483e-11
7.374824868090556082e-11
