9.957061593598289963e-08
9.406049984436918094e-08
8.890375418943927025e-08
8.405021618683871702e-08
7.944179163284126466e-08
7.500226183389716628e-08
7.064506077080544890e-08
6.633498302437954973e-08
6.216742904050062678e-08
5.825287361234522560e-08
5.452289997636154629e-08
5.085029550837574165e-08
4.721645539424702533e-08
4.374607743646873384e-08
4.059157038566569368e-08
3.777084563989791694e-08
3.521237663971102433e-08
3.283417028064636364e-08
3.055700252450713418e-08
2.832632038948823631e-08
2.613134442034457149e-08
2.399796760064519805e-08
2.196443730351571888e-08
2.006076852195193823e-08
1.830500236730141628e-08
1.670694547067622839e-08
1.527197981690506657e-08
1.400018713620162209e-08
1.288355253444947952e-08
1.190239853001238500e-08
1.103106697894195972e-08
1.024531596962477307e-08
9.526842571969506933e-09
8.861441846082269264e-09
8.235596236733455257e-09
7.635202321562410024e-09
7.047203413537604479e-09
6.467752096970281405e-09
5.910559728453760943e-09
5.402233855609558674e-09
4.958845179372487271e-09
4.576125150273088820e-09
4.242428904096508029e-09
3.948060528213254097e-09
3.685225862668390631e-09
3.445919516527602866e-09
3.220931857656963740e-09
3.000237713978612090e-09
2.774948136769778855e-09
2.544294286402307371e-09
