1.639527963882628361e-05
1.670627592201568635e-05
1.702104767925953938e-05
1.732201125063347250e-05
1.763147761352125358e-05
1.791271845501915837e-05
1.800861054026123889e-05
1.772749027123226412e-05
1.703625222820062037e-05
1.617552992439002743e-05
1.546977184544597633e-05
1.507084768698528753e-05
1.496430547843080074e-05
1.508521590900819675e-05
1.533825883246889703e-05
1.565177804518824681e-05
1.602088763781205403e-05
1.644927414923458528e-05
1.686642419391167340e-05
1.714485214275052476e-05
1.724026741762244025e-05
1.724584773349449482e-05
1.729431132286007042e-05
1.747802790738651289e-05
1.784365794134173686e-05
1.841536972795143980e-05
1.919779342332436173e-05
2.008638664467049425e-05
2.082679398062260224e-05
2.116859271785674398e-05
2.102909388647616383e-05
2.047492800874774226e-05
1.965923615194717524e-05
1.875148769228311037e-05
1.793731957584489053e-05
1.738546919294760697e-05
1.709471248365508815e-05
1.696471245331742701e-05
1.688896716859867263e-05
1.678447813135407286e-05
1.661209098364281643e-05
1.639911119161201251e-05
1.620044206654745164e-05
1.604498412617720514e-05
1.590906024572679616e-05
1.571078133895456236e-05
1.540490401629128939e-05
1.500712056929761374e-05
1.460887062762008516e-05
1.432779180463033119e-05
