2.065709589586786565e-08
1.966427313258607146e-08
1.819014173286864030e-08
1.714275490149200189e-08
1.621362879302612588e-08
1.530295385051586371e-08
1.436951429750174381e-08
1.332977864013079958e-08
1.250853252370653602e-08
1.156583626093114453e-08
1.089160077182988711e-08
1.015273104931055765e-08
9.411698021577394909e-09
8.696686241671750508e-09
8.243883334014267413e-09
7.658586090421807388e-09
7.194233076478017103e-09
7.006579272404315293e-09
6.661025140136076137e-09
6.179327596875389406e-09
6.050965706192671646e-09
5.933306838285122699e-09
5.578062759816846868e-09
5.172335632324492210e-09
4.853033854547086819e-09
4.443024822313580119e-09
4.107472224931615706e-09
3.949453510307740105e-09
3.827795849000702000e-09
3.674685516022056333e-09
3.487856998945009157e-09
3.232252776316659297e-09
3.110388295661534390e-09
2.998886142283412168e-09
2.907064545743417378e-09
2.742192322857902413e-09
2.542201058119177751e-09
2.399511107470395144e-09
2.238358787021393234e-09
2.129615681744077774e-09
2.013970761062789671e-09
1.896209938397440290e-09
1.817141746402991388e-09
1.706926180862980328e-09
1.640065704793763297e-09
1.610277694267763918e-09
1.495402093370119342e-09
1.425779107219127532e-09
1.358007275087979041e-09
1.284171050995899862e-09
