4.333143604135706807e-06
4.475615852741617459e-06
4.628736738983343743e-06
4.796104509432097623e-06
4.982718980025812890e-06
5.194217568069077607e-06
5.434766669633341087e-06
5.704095405930272044e-06
5.996109073530971340e-06
6.301174091930595341e-06
6.610721448857575076e-06
6.920348212485269859e-06
7.228882340109774028e-06
7.541729170300152771e-06
7.882785837125198583e-06
8.272360809449979705e-06
8.671277097778117208e-06
9.001567434360079376e-06
9.211505859047188201e-06
9.301242187475245436e-06
9.276122085753821600e-06
9.103116471184434925e-06
8.777536866776694413e-06
8.355918080389039115e-06
7.904966014397044448e-06
7.467153896575240294e-06
7.071430802628528407e-06
6.743079200232699231e-06
6.497878455747719561e-06
6.340287450288833251e-06
6.268065113560620765e-06
6.274977394865582129e-06
6.352117771046833206e-06
6.490610731933470352e-06
6.683785625839242906e-06
6.925807180577422397e-06
7.206403899526357290e-06
7.507041401387308376e-06
7.807346339848010683e-06
8.104783786193874983e-06
8.434268460873380136e-06
8.845498790823859298e-06
9.343516869790120468e-06
9.891717394176762098e-06
1.043615798087859060e-05
1.091267430255744159e-05
1.127485824895449897e-05
1.153074775918493240e-05
1.173299355670063269e-05
1.188740377570643451e-05
