2.275766214877440087e-06
2.276774743552569062e-06
2.276916310625492159e-06
2.273788156046038320e-06
2.265682087498493391e-06
2.252684837885142649e-06
2.237094963331774104e-06
2.222452080548683088e-06
2.211722961312590841e-06
2.206179878284407624e-06
2.205672426031084881e-06
2.209446680675103790e-06
2.216650537319149232e-06
2.226472939412647742e-06
2.238150094343129272e-06
2.250972363167095395e-06
2.264321683909645682e-06
2.277728018330221312e-06
2.290924133220244382e-06
2.303883116570432044e-06
2.316831877667674045e-06
2.330237724480019701e-06
2.344761726639995491e-06
2.361166208493052977e-06
2.380169461421209753e-06
2.402268638914900416e-06
2.427587852746299804e-06
2.455818830736559702e-06
2.486290644260629673e-06
2.518149082453131325e-06
2.550576131409188601e-06
2.582967668956094062e-06
2.615020804731645915e-06
2.646730196651474063e-06
2.678320278544550196e-06
2.710139717943231405e-06
2.742528409905176287e-06
2.775656221726284447e-06
2.809346549384972367e-06
2.842937242890005595e-06
2.875254983863213068e-06
2.904740724532069498e-06
2.929685646568095157e-06
2.948493711843134447e-06
2.959904581105936527e-06
2.963150580513676507e-06
2.958047854567763265e-06
2.945029745705104506e-06
2.925127054637877903e-06
2.899888842821682459e-06
