3.589285080811612971e+01
1.899050318770638057e+01
2.877694869515706344e+01
3.202973645361151966e+01
3.057019925549246153e+01
1.173923767324459022e-01
3.048032350731376638e+01
3.394352729030632787e+01
2.709365098836556385e+01
3.495420215913919293e+01
2.827283623222355757e+01
2.774397635754181124e+01
3.301227080649501744e+01
3.172100065743541819e+01
3.237950165727993124e+01
3.364671929951327201e+01
3.852259794695181938e+01
3.430662521423627709e+01
3.374629638846952417e+01
3.148495790711186970e+01
3.340164593913802804e+01
8.998193495239682704e+00
2.922861274650123560e-14
3.794478707320966748e+01
2.753665089224423923e+01
3.777005202138282414e+01
1.244662714305995621e+00
3.645365887582447328e+01
3.359114681067225661e+01
2.149283661406175128e+01
3.308796802293809947e+01
1.262308353016142881e+01
1.225369998662693050e+01
3.042590387938053453e+01
2.967319824078646207e+01
3.395166623155130736e+01
3.022585785594933938e+01
2.767214176122430302e+01
2.605026049858281922e+01
3.301301381616256236e+01
3.526927381612675561e+01
3.592958573439636893e+01
3.684038639481480004e+01
3.543803169156672794e+01
3.345320165340029916e+01
3.511109160942456953e+01
3.451434210234019417e+01
3.725675823292572630e+01
3.330734034427408830e+01
3.181214398454293146e+01
5.072500995057702654e-03
3.234618895873060751e+01
3.438399292249499695e+01
1.349330502233481298e-14
1.429739010060309327e-09
3.477723941042394529e+01
3.656228618408668041e+01
3.493615830023290414e+01
1.430728632706333237e+01
3.120489811906883304e+01
3.412850304707743732e+01
3.221080948565989388e+01
1.574563172991912552e+01
2.192916975317014661e+01
1.705531865841701133e+01
1.096138257552702022e+01
5.134920286528563693e+00
3.450217126510459309e+01
2.873149506930323582e+01
2.382399115768407682e+01
3.004997500180473224e+01
3.196252802871075360e+01
1.574546959806197457e-14
9.846732729028804698e+00
3.028912744566066095e+01
1.215810984134915174e+01
2.675326193214126391e+01
3.047756079826830700e+01
3.424543220813195177e+01
2.744713457223339148e+01
3.588236752809654462e+01
3.324262132643787737e+01
3.526759166311293825e+01
2.815053986612648274e+01
3.503132554069485849e+01
2.353622231407142706e+01
1.921155907300365584e+01
3.464601739161783911e+01
2.384738762081420305e+01
3.238103139195062852e+01
3.436594659773817284e+01
3.569711262849354227e+01
3.309936129329960153e+01
2.429394856640402361e-03
3.065500454850669243e+01
3.400321318220839117e+01
3.329886995875986599e+01
2.598264176591965580e+01
3.339167481960711825e+01
3.594647040156260687e+01
3.540671687957242852e+01
3.507642393013606608e+01
3.301784118534824586e+01
3.487364310159268399e+01
2.077734718263624103e+01
3.610404974835425662e+01
3.352643306872702311e+01
2.695135635531616103e+01
2.919527654804653594e+01
7.349300381272757377e-13
3.291221668733152939e+01
2.930935817963255374e+01
3.264761759855978340e+01
3.642586746235321486e-06
3.370593283138956764e+01
3.620318978874762905e+01
2.432264438484366309e+01
7.455842469261207306e+00
3.365466550917562927e+01
1.509189139236249977e+00
3.257528946088154953e+01
3.150861295786780758e+01
2.979773853979106235e+01
3.091941140384272302e+01
7.249085837512887487e+00
2.977398882436887817e+01
2.633876175819799670e+01
3.400151551793150162e+01
3.396493428739869103e+01
3.471420699959644907e+01
3.360410365734387028e+01
3.566268881064170415e+01
3.122715715717349383e+01
3.060820531542361778e+01
3.544141991097266242e+01
3.320456591083604536e+01
3.014095939317571649e+01
3.492497085944285118e+01
7.996582778441446493e+00
3.470160890415352384e+01
3.477333336942707831e+01
1.915881104630737752e+01
3.487552487584110139e+01
3.320153332349944009e+01
3.560245574030687266e+01
3.193019565694713435e+01
2.140155060780519847e+01
3.248950540615654603e+01
2.104943893993718973e+01
3.154832411712775908e+01
2.515566297409899121e+01
3.402143820935714302e+01
3.774765759694020062e+01
3.478635818962271031e+01
1.666750659230727453e-04
3.218502519793363348e+01
1.752307976025473479e+01
9.903956855421339966e+00
3.114608758811945322e+01
3.485844474640102675e+01
3.291063309273283011e+01
1.742689673273962114e+01
3.272681611360220444e+01
1.839073916372588968e+01
3.378996208620346664e+01
2.040998469444913610e+01
3.403782351716525767e+01
3.092187795561573438e+01
3.564906223566237742e+01
5.960319272905282087e-03
3.366872632314276359e+01
3.449021943115847222e+01
3.113131003608577174e+01
3.219416513979651029e+01
3.349800624196107890e+01
3.359551997926156730e+01
3.168317193724012171e+01
3.266071903512204244e+01
4.204241172465263783e-13
4.271162912788327937e+00
3.298115149125885637e+01
2.196337874880492791e+01
2.943301455615093687e+01
2.913364247566278209e+01
3.041519548768649983e+01
3.561272822888560086e+01
3.313723260789199543e+01
7.663539432669177920e+00
3.123449481409414119e+01
1.395170949677963020e-08
3.373874858809941202e+01
3.277343468895018930e+01
3.352617738407667503e+01
3.196115389117456473e+01
3.273105819569248354e+01
3.397950739753795801e+01
2.977951370616014870e+01
2.958574071438571451e+01
1.986115553588349059e+01
3.498538333858689953e+01
1.326843736433244203e+01
1.599498206260306032e+00
3.297697276383798481e+01
2.941189862811802769e+01
1.705354821983161884e+01
3.055385543673736848e+01
3.484442850638875200e+01
3.306061050437534732e+01
2.046544218685514949e+01
1.843449864098313995e+01
3.114042448343486669e+01
3.398929483587448885e+01
3.267524212398477346e+01
3.559376351609400757e+01
1.683195094722367813e+01
3.094187829694610770e+01
3.721899472282997950e-05
9.763378325726948859e+00
1.142170459914632730e+01
3.318585877357158864e+01
3.349947100606296146e+01
3.219291437404652356e+01
3.203981864887411746e+01
1.461277501653373356e+01
3.504361411083456801e+01
3.015120888185597536e+01
3.431957805420717023e+01
2.511824966320860852e+01
3.228101934656196903e+01
3.520331775769344063e+01
3.165732519591965755e+01
3.282968404334197032e+01
3.405593243551115279e+01
3.077245617235301722e+01
3.205369663127451219e+01
3.216902506995663202e+01
1.329378084033615758e-14
3.485370094797941221e+01
3.095953359956654083e+01
2.968698363580596578e+01
2.912877817918418444e+01
2.789507317145947596e+01
3.207346540348503083e+01
3.364000688886584811e+01
3.863133545092271692e+00
3.492725354557196482e+01
3.342918561064568195e+01
2.934164503887780739e+01
3.135876756841415869e+01
3.578998221095689303e+01
2.359606460903323466e+01
3.171490702772866754e+01
3.286860079650266897e+01
2.332944427868577009e+01
3.149957683528920782e+01
2.853502655140681132e-07
3.515654949569746890e+01
3.329899449834785230e+01
9.223130422012674856e+00
3.346531608463670437e+01
3.533058963305437317e+01
3.375858388759576201e+01
3.319635293504307327e+01
7.814231585808108797e-15
1.882394527586430755e+01
3.150485524538413529e+01
3.151663833478558274e+01
3.164745587356970447e+01
3.374498229661351734e-08
3.344726144756625530e+01
3.118846379994419848e+01
3.476836628295119880e+01
2.985768100049229901e+01
5.173077406561865210e+00
3.079408620774464822e+01
3.584123810895090401e+01
3.074819769567034911e+01
2.940460820132201292e+01
3.364310540190897569e+01
4.833148777073736468e+00
1.051191894964103390e+01
3.274416520615898207e+01
5.915996800703405488e-05
3.298546523390215413e+01
3.009602682865764223e+01
3.183161867745522500e+01
3.399226299341223267e+01
3.087939207793632335e+01
2.742888290605961643e+01
3.560184058475635993e+01
3.022487525286135579e+01
3.373267326016809164e+01
9.783666925361877292e-03
3.332021863144561991e+01
3.260154081675077009e+01
3.454878453882839295e+01
3.351900578421686561e+01
3.087435464618314995e+01
3.326362050066363452e+01
4.018601166220519674e-08
3.260245912226271514e+01
2.101433363440932922e+01
3.379945362436382084e+01
3.705925523658313381e+01
2.903836652451212075e+01
3.105361949419854284e+01
3.208667024853325955e+01
3.123727417721061883e+01
2.795009754904669208e+01
2.974696057781308411e+01
3.589984160362102728e+01
3.661503519317539457e+01
5.669841911444821474e-06
5.056315896572501355e-06
3.216746528654015691e+01
3.077382023000697586e+01
2.517697281812947807e+01
3.196466727310204803e+01
2.747321993335934209e+01
3.271994300920384546e+01
8.755447075846575444e+00
3.409627569080477372e+01
5.840475362380570350e-03
3.251829128915456124e+01
1.972510846280610508e+01
3.096036007529534473e+01
4.090482308153865709e+00
3.170153804905289263e+01
3.334276777620739551e+01
2.923544130087910986e+01
3.060093021662323309e+01
2.145712238459763554e+01
2.025785711137165990e+01
2.769094809237531707e-01
3.016960278918544702e+01
1.535996799887359465e+01
3.546124857494140059e+01
3.101499556207514274e+01
1.949118682804374725e+00
3.140718255699298211e+01
2.462413531874053518e+01
3.338163069482509115e+01
3.235131839499692319e+01
3.597131852749610914e+01
2.958614407465529439e+01
3.378914014140445943e+01
2.913671163498076311e+01
3.012538095708499597e+01
4.776738563561313357e-11
2.573329754869631447e+00
3.185163442838899073e+01
2.249865532258158751e+01
4.469814136388632823e-04
2.533622418342051930e+01
3.141154524863088682e+01
3.202569107096253020e+01
8.316742432237160358e-04
1.184974160021099171e-10
3.150605333468336866e+01
3.737432267906004579e+00
2.952594603024133946e+01
2.607591132728966343e+01
3.393479557395816215e+01
5.345055207138639908e+00
3.374930966342611072e+01
3.292096446178926783e+01
3.206884610219474041e+01
3.670672876417795383e+00
3.112455036736145075e+01
2.180397354758223116e+01
1.287860989129038813e+01
2.693268312933127717e+01
2.435281715096336441e+01
1.309461075689294240e+01
2.679413809298642590e+01
1.353494619790841104e-06
3.273040601747671730e+01
2.794193919042717411e+01
2.730841426237818581e+01
3.145240978910899088e+01
9.145028376820544480e+00
2.143398645104317524e+01
3.109085539834583756e+01
1.314429636169537119e+01
1.707186402464041963e+00
3.187132081591300548e+01
3.152925170553516310e+01
3.254790922142083787e+01
3.273551575721729279e+01
3.345951252151246536e+01
2.962055860668971619e+01
3.346483915123143760e+01
3.133788826490874868e+01
7.771101631190413925e-13
4.360231821799163161e-13
3.457507952549530472e+01
2.267575415778274817e+01
2.439078803138989571e+01
3.418553935123075860e+01
3.341160146902538486e+01
2.942870786166050934e+01
2.792856581537205329e+01
3.036030532199304588e+01
3.239532881837544664e+01
1.406825715440394608e-13
1.733448283456945696e-03
3.596071029235267957e+01
3.324571754540208701e+01
1.331431837202030444e+01
2.886309663681784343e+01
3.136223860900661009e+01
3.054627931304251476e+01
2.027982762687673812e+01
3.054545291256396311e+01
2.109558902301864691e+01
2.901326373119804813e+01
2.906738646242903457e+01
4.950970593649993923e+00
2.716822348651409413e+01
1.529599612930575780e+01
2.709452033620763345e+01
3.251787942694275557e+01
1.378837147614257221e-02
3.147211946553652950e+01
2.996057453008885219e+01
2.987952322636819247e+01
1.282643706629536240e+01
2.654836765942836863e+01
2.021753750519016180e+01
3.037015026985525168e+01
4.294273705426624919e-05
3.588155817134928149e+00
1.257179624173511182e-05
1.268643323568823256e+01
3.559332045582599591e+01
2.430771488735839725e+01
2.955090693869449581e+01
3.180165201939275832e+01
3.735168097024406820e-04
2.098023238287374426e+01
2.981771090473523600e+01
1.612557884937184804e-14
2.115850116039407780e+01
1.038811135080087554e-13
3.250069217927021015e+01
3.312736708433207156e+01
4.644379185130486754e+00
3.194020414079064096e+01
5.291527482083035463e-04
2.581589732271802262e+01
1.396909447200786047e+01
8.865093338020658464e+00
3.326223266659156508e+01
3.254965664103091427e+01
3.488039296970778480e+01
3.088890628933857130e+01
2.108057322326493832e+01
3.551435422880820994e-04
3.064284553727357618e+01
2.963188374878598808e+01
2.872371415248917970e+01
2.988905024744633465e+01
1.958138150833933055e+00
8.836595926607870410e+00
3.272180292203150742e+01
3.199604753004119928e+01
3.175767724685123028e+01
3.216970713206879395e+01
3.088371808537516827e+01
2.671896543721048545e+01
3.071737851610510006e+01
2.887588020988959769e+01
7.087400241464908213e+00
2.986382729322662755e+01
3.338047851811887057e+01
5.350419011106807843e-02
2.842040853714204829e+01
1.511382693769826768e-04
3.151700973548772566e+01
1.801762427306785241e+01
2.938786039384957860e+01
2.698077258711012050e+01
3.365774974450401658e+01
2.066952192002448285e+01
2.683745418871139998e-04
1.757800808278971871e+01
3.258717233974974192e+01
3.238004871337636814e+01
2.956093724297922165e+01
7.044118127588733458e+00
3.024064304106247292e+01
2.997106372374924987e+01
3.199251004787283748e+01
5.771214298574962598e+00
1.878301275870245846e+01
3.329629615652649477e+01
1.978807914224099207e+01
3.334466351760524105e+01
1.306951213176782289e+01
3.077743092983573803e+01
3.079353450745744070e+01
2.841304880696474555e+01
3.142863951061553962e+01
1.455330143242642871e+00
1.988504618997725570e+00
3.043285428207059695e+01
2.865994008818892169e+01
2.283960558376648464e+01
2.811565733543199386e+01
2.954867937407067302e+01
3.291756414963938937e+01
2.755623337573650034e+01
2.063121572694478090e+01
2.967174780060116390e+01
3.092065308186739969e+01
2.915871748517863438e+01
3.027589138145916081e+01
2.964354536382053595e+01
3.978066351823171878e-03
9.369617035452372164e-03
3.238047968988110625e+01
3.174606978992641615e+01
2.578012886869398912e+01
3.228982632126166408e+01
1.589704649831057992e+01
2.844724292903817187e+01
2.885320830656105429e+01
2.673433768374254882e+01
2.890552395329478585e+01
2.494963992252741392e+01
3.327484388604155896e+01
3.029707794362390061e+01
3.119262658146946166e+01
2.851249942834876450e+01
1.792391828555474476e+01
2.882150282237765637e+01
2.885491965348672849e+01
3.083943124382012257e+01
3.081356680871576614e+01
7.293031545717890474e+00
2.987170017948837142e+01
2.435052664228125252e+01
5.335825716053654161e-02
2.918235859957853862e+01
2.963439685377382915e+01
2.802522062820552762e+01
2.881149973972027567e+01
3.414014827685451792e+01
5.129716854913579205e+00
2.849448369079202692e+01
2.434925787446616703e-03
3.503227881836751578e+01
3.074453430185833014e+01
2.217399949666709960e-03
1.578705497883200026e+00
2.362635724447893182e+01
3.158534774531064215e+01
1.579172013958217954e-06
2.141580738812431761e+01
2.106659932026078152e+01
2.848933790510604425e+01
3.508210194105744506e+01
1.724380632804632185e+01
2.209294543860911730e+01
4.931187500531454548e-02
5.896542169261938075e-03
3.165806340256816043e+01
2.911619346001993947e+01
2.769715695409952261e+01
3.123105540294339022e+01
3.006360032098476154e+01
2.526878386589597270e+01
2.872794221290232386e+01
4.821873659334482198e+00
1.469621705398171496e+00
2.748873039838157695e+01
2.821515956995911267e+01
1.368287027304019283e-07
2.882490858605499184e+01
2.709006098323740019e+01
2.646499282724113655e+01
1.263697767998461252e+01
2.904265252828730226e+01
3.209370384071408466e+01
7.433455755276209942e+00
2.819598532486457998e+01
3.142193341372565740e+01
2.689170293188919203e+01
3.140705469102100977e+01
1.786946147340555768e+01
2.785949692321255000e+01
2.436961458566199568e+01
2.957758384353944692e+01
1.869325012590399027e+01
3.048247674689967823e+01
2.581937029326455146e+01
2.785885428306655598e+01
2.975080078922395188e+01
3.295988150810160278e+01
2.949840643917548988e+01
5.698671268738765561e-02
7.528417816863797185e+00
1.368448629087050605e+01
2.725172682962107018e+01
2.948137195088094842e+01
8.419430813235821986e+00
1.005778832983701676e+01
7.343998984476993286e+00
3.299953317082920279e+01
2.956829868870699940e+01
7.650584550379324784e-03
2.409119512787780457e-08
3.968912682368557438e-12
3.398056951562769257e+01
1.406156785769778139e+01
3.153001141838439736e+01
2.893888430210841989e+01
2.887125612455618295e+01
2.830072892462206125e-04
2.943793907927126294e-02
2.004897334824884325e+01
3.483791054663800611e-05
3.041854803703563093e+01
1.403239846580438410e+01
2.752698654017917335e+01
2.883817526504576279e+01
3.005588921276880754e+01
1.194782000471776406e+01
3.268310767918619320e+01
1.470006314393291214e-01
3.324511300717568218e+01
1.694335838662757610e+01
3.022449894058258124e+01
3.030830309689723023e+01
3.326069946745653994e+01
3.170314751294238320e+01
3.184606040879874911e+01
2.830339306069499372e+01
3.249769351748007296e+01
2.243934651908503142e+01
2.667487823424782434e+01
6.500435211007790062e-05
3.286042298800913386e+01
3.157998803273276067e+01
2.624784699518869147e+01
1.793347459027421564e+01
2.947178879643730909e+01
1.207099217411836811e+01
2.604367855187413738e+01
2.851461453624240505e+01
4.491185289277162089e-03
3.286591343342521299e+01
1.278940999734499506e+01
2.893746189904591759e+01
1.797739467185676241e-08
2.182740584103287418e+01
1.086582731991769589e-09
2.180253980039663375e+01
2.929156728981873670e+01
4.020312785418261523e-03
2.620352198938479660e+01
7.213944651840963910e-06
2.694644922536943810e+01
1.453277526737816427e-12
2.912153232207662611e-03
2.947174241441975084e+01
7.490464305432343976e-03
2.644873359756406472e+01
6.350849544757013361e-03
1.572085573311897200e+01
3.017435598712363287e+01
2.968926642251375370e+01
9.280313306937718996e-15
2.807953982564710671e+01
1.151911127961539272e+01
3.274696877444160492e+01
2.674634246089317813e+01
3.292245106332166160e-01
2.764346275644303930e+01
8.841895182616839044e-01
1.148628568234382641e+01
7.135552340201451571e+00
3.219978435024045638e+01
2.574220163218985391e+01
3.106673626288607437e+01
3.252141049390851890e+01
3.133730980361478302e+01
2.242620487297514842e+01
2.791044243161956118e+01
2.887935336002330189e+01
3.192170436991590776e+01
3.475843703487086600e+01
8.495916193113815896e-10
1.021373710302744087e+01
2.932661045586123905e+01
2.961962014633617457e+01
1.564757928097806428e+01
2.943201623698663383e+01
2.544839164432994139e+01
2.535937917302479860e+01
2.560340766927859590e+01
2.121913250711841670e+00
1.122377015165129926e-03
1.781507144876284343e+01
3.262773508310699810e+01
2.742257309149987066e+01
2.789274239076418382e+01
7.741483684427292143e-03
2.895310329835268703e+01
2.730274974422407652e+01
1.944993386668711111e+01
3.305451698019386697e+01
2.376219186277072737e+01
2.925717166634455424e+01
2.629550011274379528e+01
2.134799025855205912e+01
3.251791614021455246e+01
2.568637737765061857e+01
1.869733682274575964e-06
3.033542711012520243e+01
3.137376698860765245e+01
2.153784047385124012e+01
3.139822297353864755e+01
3.852284295174182582e-02
1.101567404025157515e+01
3.161434033092743334e+01
3.263190622429577559e+01
2.249887903293439706e+01
7.682499583332326855e-04
1.669334004315722808e+01
1.376914795263548719e+01
2.950911860998573388e+01
5.846335653180352452e-09
1.732989857671325879e-04
2.271062371647326827e+01
3.401961450086599825e+01
3.135565915680645688e+01
1.253038797992988584e+01
2.797074272974849052e+01
1.596189922393407560e-14
5.917782653601757255e-04
8.580583124023331010e+00
1.204689998011578389e+01
2.604738375212826185e+01
1.647453888783828546e+01
1.227735879578170497e+01
3.500009692082150536e+01
3.161878202874794752e+01
2.625284188840900512e+01
3.300528136955558978e+01
1.727901595578926219e+01
2.932039021138316670e+01
2.405038952169560673e+01
2.129918350661741737e-07
1.102649449192769104e+01
2.491422658300766813e+01
2.965578311517389665e+01
3.061962454621482621e+01
2.867639145347150986e+01
3.009975010946976681e+01
2.746272934923715781e+01
5.206864010636839348e-10
1.220996429864577948e+01
2.216383828455142080e+01
4.799319952912445508e+00
2.770509371352065031e+01
2.589042840851038818e+01
5.293307098499928642e-01
2.909908349410726913e+01
3.139740556310892217e+01
1.782553908487089345e+01
1.777333135046377421e+01
2.739474102597607086e+01
8.815561095671505905e-12
2.833821001296693609e+01
4.926556086317173738e-06
1.306227776354400838e+01
3.145239641059794167e+01
4.919937207171370397e-01
3.101222962882777878e+01
1.153930806722811475e+01
2.943255232315584635e+01
1.220801289098142652e-03
2.605961916437643566e+01
1.372139764543292451e+01
2.541836203147006046e+01
2.748983973243270640e+01
6.699672672278804419e-02
1.562930907143767101e+01
2.549981384029860720e+01
1.462847672057702997e-02
2.874870222417598598e+01
1.401564018599191774e-01
1.156220716229081802e+01
3.092580948883445657e+01
3.202341720403934744e+01
2.184235852495196895e+01
1.162741563130026101e+01
1.922014266970820307e-06
2.231185958103898415e+01
1.368901525659644916e-07
3.225008399362941702e+01
1.360135095608370071e-04
3.048613085243698961e+01
1.352189596282865658e+01
1.099973599714802752e+01
2.997718141756310217e+01
1.822644492036373590e-08
1.373771186653506682e+01
2.501697074304918189e+01
4.404384788851450905e-02
6.688134400349942161e-06
1.521206959461492461e-09
1.297339339381252366e+01
9.321626745494056634e-03
1.460889977614234044e-14
2.748631044700367809e+01
3.260031269831746491e-06
6.621282066131093380e+00
1.457255993800616418e-03
3.074029678036655966e+01
4.295015019928236956e-07
1.478589842324183401e+01
9.997179711722800703e-06
2.961337632867784109e+01
2.148930870673601490e+01
2.860060355282618261e+01
1.191861350647593215e-03
2.996567200006436948e+01
1.356996868991967170e-02
3.024500710299517081e+01
3.164916997263897969e+01
2.375401351780770298e+01
1.528569641812528346e+01
2.724129940473718037e+01
2.731228174620709837e+01
3.296095723242788722e+01
8.660239221829493239e-01
2.929226758113786389e+01
2.003994657890071363e+00
4.082432961102818846e-04
1.263259304757799115e-02
2.533055369232335561e-07
1.526605988697880534e+01
2.778467553896066633e+01
1.779902631586824668e+01
2.788013889591537975e+01
8.362270913905334608e-08
2.921656053854273946e-05
3.076910338918375132e+01
3.035591445773425079e+01
7.100492382774867273e-02
1.016143883003657320e-11
2.604617426949187120e+01
1.352186058618839171e-01
7.805510893854447296e+00
1.769431428261594164e+01
2.902056883255271913e+01
3.068921044891879291e+01
1.600678238344339732e+01
2.402966026072809669e+01
2.967593296458520058e+01
2.857490165610475330e+01
1.135219497325575588e+00
2.896427571480030494e+01
2.704267971151367433e+01
1.576183086087931098e-05
2.804023415301026390e+01
3.156331937085181116e-01
2.892901659966598871e+01
2.972689362262908830e+01
2.280719367909987483e+01
2.794526928239646679e+01
2.890171513133844172e+01
1.442371900177714394e+01
1.639551377139823884e+01
1.620182156177360966e+01
2.912811803402028943e+01
2.779884148868579175e+01
2.725456176537328901e+01
2.578904078303240865e+01
7.523398692829818657e+00
3.476208648193476591e+01
3.039370907250607345e+01
2.701118302019622774e+01
2.732168958842331108e+01
2.303135727155297338e-03
2.977015774829171946e+01
5.192545067221898236e+00
2.701096789122176034e+01
5.739017801532180808e-03
3.429155227822559132e-03
3.431422506262322969e+01
5.478953170499094583e+00
2.700570644662687414e+01
8.168498914228625261e-05
5.425256417884560811e+00
2.162359382020097977e-14
2.602366998770221329e+01
2.444831977333992392e-10
6.752292942550122217e-06
1.059157300059594686e-02
1.309671061728934767e-10
1.546129271259315630e+01
2.587921753563173866e+01
3.039247530117211227e+01
1.038236915520171166e+01
1.969216407384931244e+01
1.840449421706217004e-01
2.744402644674216774e+01
2.999168820993828533e+01
3.244088192173132512e+01
1.624514318703850790e+01
3.172088122188257131e+01
2.162903041971307814e-14
3.416546960335063603e-11
2.096204380286189917e+01
3.140534837940545287e+01
1.689619451916235704e+01
2.781694784883416460e+01
1.026461811620259734e+00
2.899954605314943734e+01
3.017727791265847515e+01
2.985767912301393778e+01
2.811426500528190431e+01
1.079832690978561827e+00
3.062958704994792924e+01
1.469491036214829970e-14
2.759043501308232749e+01
2.816603065892169511e+01
2.692020234797126221e+01
2.689768408784944143e+01
1.377379658438965489e-14
3.099760262041913350e+01
2.408480306970234253e+01
1.664590818469170611e-04
2.850637048714025923e+01
4.467045676427996781e-08
2.120265221728705640e+01
1.422453668160578470e-03
3.162282331242937516e+01
5.465800617693635971e-07
1.749288746823839347e+01
2.711946855872998441e+01
1.481489508554525427e-03
2.924189700629033406e-13
9.204426881294617722e-04
2.837171703331248018e+00
1.984726701205901226e-14
2.539810228902477144e-04
4.791191225736128752e-13
2.954327832712072777e+01
2.646084187631376139e+01
3.168973359793910305e+01
1.637342948021807428e-14
1.180745182703486229e+01
1.690392926786410201e-08
2.294387593796295022e+01
2.775643574091635912e+01
2.130270646129753587e+01
3.497504091138606025e-06
2.850903882671708445e+01
2.945747906440407249e+01
2.711887569888147667e-14
2.857072426626145045e+01
2.198957763034377066e+01
1.124940460471715653e+01
9.958466343568235458e-05
1.409465248639553075e-07
2.370197776514720900e+01
6.327818936471971134e-02
2.169826204283258875e+01
2.741901136971751783e-05
3.190392797648205417e-09
2.515763077932632541e+01
1.613622605415080151e-03
1.419062527909738947e+01
5.198002581266598515e-06
2.073625715282441662e-01
3.625193913834705054e-15
3.406966700938848977e-08
2.732382627928202012e+01
2.571906192649086620e+01
4.184689945424568264e-02
2.802956648775072424e+01
1.647946888820164446e+01
2.808247520880876991e+01
9.369920553055723911e-01
2.143789269016744470e+01
2.476484995748324280e+01
2.720488376762837746e+01
2.892758489365438734e+01
2.563748662844936987e+01
2.640791024187333491e+01
2.831199699660549030e+01
1.111343705848173258e+01
9.518687798093911773e-03
1.510414775735379324e-05
1.574820211265750836e-01
2.633627752475431905e+01
1.580224826724631271e+01
