3.520910653263885592e+01
3.354480328231343833e+01
1.839524310144500063e+01
2.838716329289150053e+01
3.108585224647979928e+01
3.303473524277387696e+01
1.861749701000631774e+01
2.743384767663849999e+01
5.066514925039084367e-11
3.605321977664123523e+01
1.504021880598497596e+01
3.055352681661027248e+01
3.447113546998927092e+01
3.485823412591412307e+01
2.406731676917704021e+01
3.379853863169940098e+01
3.473162214732455766e+01
2.681787922470540053e+01
3.156119622821381654e+01
3.361628423576163271e+01
2.225547238613583900e+01
3.621402140495198552e+01
3.388634854043746003e+01
9.309895771428012330e-07
3.381424213428441305e+01
7.035607495643150244e+00
3.284337466878838541e+01
3.389502536446633485e+01
3.115025907778013448e+01
3.282498899209070231e+01
3.184912082803789701e+01
2.993111654090103002e+01
2.256046528808289509e+01
3.556021711778443972e+01
2.932241303758443962e+01
1.888872924214106997e-14
3.061841946081853294e+01
3.658174938870913451e+01
2.639266883735819746e+01
3.180483656867387410e+01
3.204485318912087877e+01
1.943120449187568965e+01
3.621463389016453505e+01
3.670478282166309469e+01
2.900867267788421699e+01
3.383209220905595060e+01
1.136932279796586975e+01
3.375989248961646894e+01
3.344661905131141566e+01
3.379682606206087314e+01
2.294397168024321143e+00
3.503856058012876673e+01
3.226392146980501963e+01
2.560211696418308946e+01
8.194930371652587198e+00
3.078356688503009764e+01
3.107093768903141395e+01
3.305131887406051305e+01
2.515098425508071855e+01
3.479142645119112842e+01
1.206586406232549713e+01
3.262631092735230709e+01
3.134987699118926585e+01
3.319574500000400974e+01
2.473906053476573774e+01
3.652245039900603985e+01
3.365824297849654556e+01
1.320946127663966962e-01
3.821108703973093504e-03
3.173033902985562094e+01
1.563397975986584608e-05
3.522455972335566798e+01
7.725399951583435728e-04
5.941389614809391428e-01
3.056097234180162303e+01
3.550008144539656740e+01
9.328832489067208300e+00
2.606569431082634125e+01
3.293886384902178577e+01
3.512274989131824299e+01
3.212480276301697302e+01
1.908862950656680724e+01
3.048440058136536024e+01
3.515111844225962301e+01
3.219909615226429622e+01
3.531850018575764949e+01
3.478018100475394192e+01
3.435255298479853536e+01
2.076674410449739128e+01
3.490848389841199406e+01
2.964205834832447906e+01
3.421577313524202424e+01
1.337253024974482685e+01
3.324328277946465704e+01
1.814561564426109186e+01
1.562068639275038962e+01
3.392650655864778741e+01
5.724247932646683523e+00
3.015000795434028547e+01
3.420165087653253266e+01
3.207665042145676892e+01
3.475678891181154739e+01
3.319491435735816509e+01
3.717541965714254815e+01
1.142251342702589767e+01
3.231392904399001509e+01
3.655847398120238267e+01
3.384495552091803461e+01
3.376436194485835074e+01
1.699643739748041682e+01
3.564950732389746690e+01
3.011641236272487365e+00
3.474148516856593005e+01
3.463094407107982420e+01
3.419082159656117881e+01
3.215511505307411966e+01
3.171421310095026058e+01
2.412053089750754244e-07
3.109945041867126392e+01
2.837624431476804787e+01
3.442417793443259910e+01
9.180636283042634460e+00
3.622251617477849805e+01
1.801746539897593991e+01
3.685052967939010671e+01
1.445039743406892541e+01
3.266540691229092630e+01
3.214380323368983738e+01
3.248624176736737468e+01
4.609949016687364874e-15
1.167478018965640274e+01
3.367369308846800635e+01
3.411383681909025967e+01
3.366408311287648303e+01
3.522882932561706326e+01
2.452995138471823822e+01
3.602308325985779902e+01
3.412270193952633690e+01
3.380023774472152098e+01
3.268590671792348701e+01
3.017552805963720886e+01
3.326459204660123703e+01
3.071804404761947183e+01
3.323290491823932058e+01
3.224573127310977583e+01
3.326921730289893731e+01
3.268451159714403786e+01
1.346416821186092605e+01
4.934357941141833819e-05
2.916770824400212803e+01
3.443782109485810139e+01
3.306148301674737411e+01
3.003069644941469463e+01
3.302073119287523184e+01
3.250847508509975370e+01
1.824768583908802089e-02
2.824963162620881363e+01
3.202532733130928477e+01
2.644538341499213985e+01
3.372065224201416811e+01
2.433478994948339391e+01
3.301766443931222206e-01
3.165902160217159533e+01
3.507736735553427110e+01
3.349909166094771251e+01
3.168623314008216596e+01
3.335099737339861292e+01
3.423638456565106480e+01
3.379086659525066239e+01
3.253466728222474558e+01
3.355211152708444189e+01
3.172122883645857172e+01
3.391025913227309729e+01
3.549966022304425906e+01
2.657143112348200020e+01
7.110875403301896824e+00
3.321764155468248703e+01
3.326539002486586583e+01
3.082523960972289956e+01
3.554631920511557297e+01
3.073719643720910710e+01
3.502765573060059268e+01
9.709387085243971427e+00
3.143822767829864162e+01
1.765240820955672163e+01
3.354605186832985453e+01
3.157551018969740397e+01
3.302881376992515072e+01
1.755220919481139926e-03
3.383881819968137705e+01
3.280686623369905419e+01
3.677441419096920328e+01
1.886778364696385779e+01
3.379346868638539547e+01
3.255608092889571026e+01
3.234596999616215385e+01
1.772376119098242953e+01
1.682192475083533340e-02
3.569981351156788207e+01
3.329432040090082268e+01
3.020012452706590622e+01
2.776716961877523104e+01
3.359875425400085902e+01
7.909619475491688867e+00
3.093669410184014978e+01
3.549509092565845236e+01
1.511300109156748229e-11
3.387190768871248370e+00
3.174873277744309163e+01
3.170056125124336788e+01
2.934688493325382908e+01
3.042255621563238677e+01
3.183556606977859005e+01
3.577645454292559890e+01
3.386936915627891409e+01
3.416716635341236952e+01
3.235390755366660898e+01
3.154738561427441113e+01
3.373748203227223286e+01
3.358772743345410561e+01
3.365952458166394479e+01
3.053875436972160529e+01
3.112371875194595461e+01
3.354816716623071216e+01
3.568792558838319451e+01
3.584740884851745335e+01
3.422420649805994941e+01
3.405538340375781559e+01
3.271171675260087142e+01
3.021959790617917818e+01
3.590974357490904367e+01
3.188169094758976385e+01
3.407536471179381721e+01
8.254063432979663162e+00
3.412755819816247538e+01
3.402023361846825989e-06
3.182289578519507245e+01
3.360863894912881733e+01
3.156401235033969499e+01
6.580566419598037342e+00
3.633379312464378973e-03
2.548317080773444943e+01
3.135908291757696986e+01
3.382370382669709841e+01
3.455855832068608890e+01
5.621991019840989846e-08
3.152861411036032280e+01
3.006315140092030802e+01
6.891830888847421122e+00
9.556961976781858326e+00
7.829494529658012958e+00
3.125009291805405809e+01
2.218053194062477829e+01
3.291984331021593846e+01
1.521496187556368085e+01
2.065867538606849507e+01
3.040690864313409847e+01
3.062917224860182230e+01
3.228435907263915539e+01
2.823970074644370953e+01
1.747989209552334999e-01
1.478289724905674518e+01
7.325025983869325685e+00
2.064354286007650430e+01
2.797613016367287742e+01
3.407899662969936116e+01
3.151730527417001682e+01
2.070926393846824709e+01
2.874745766177289497e+01
3.060763995121407242e-04
7.239060238461550445e-02
3.384381484547504471e+01
7.492938464293494860e+00
9.035973335073720136e+00
1.156023604699824681e+01
3.395299720128441123e+01
8.060788353647719617e+00
3.004256476643053375e+01
4.478497506764493438e-06
8.722933986015318582e-07
3.098488508681762710e+01
1.868435900185209420e+01
3.635718905258246991e+01
2.387945783487890239e+01
3.181260959658382603e+01
3.565210502334478093e+01
3.213117846853126736e+01
2.849531181676214686e+01
3.637987916366736840e+01
3.403557281698009263e+01
1.031214424987079070e+01
3.392626510628171133e+01
8.010307822104570263e+00
2.237755322335935659e+01
3.248483830420836682e+01
8.962854160648173973e+00
1.606568134378869306e-01
1.895923725229425827e+01
3.203028292621192463e+01
1.157805077180118580e+01
3.307166017907363198e+01
3.416716596947101436e+01
3.622639708330326869e+01
3.431024406935421922e+01
3.224338197344513191e+01
3.269072079503808936e+01
2.925477426382852286e+01
3.342188223200223263e+01
3.352499489347692219e+01
3.400751237758327505e+01
3.071255211440661270e+01
2.832028839095966433e+01
3.191177240661214043e+01
3.338195759937986651e+01
3.221157798250494864e+01
3.395797588097826747e+01
3.053465526869026192e+01
1.767395379193350990e+01
1.276013729205871527e+01
9.202876324419575482e+00
3.483639331530769567e+01
2.649955975477282522e+01
2.007545330751160151e+01
1.498587413892808584e+01
3.420200067779889253e+01
3.377855493176323165e+01
3.304456796540955565e+01
3.363980420501675894e+01
6.892515755100290410e-12
3.182384592740236329e+01
3.425362290010490085e+01
2.937827839941845909e+01
3.422039674272123477e+01
3.074853846558427151e+01
3.036255079277390934e+01
3.089150985552529605e+01
3.055898933096005976e+01
3.223015940158344250e+01
3.079061929428019440e+01
3.476568111745547185e+01
3.203016115766409960e-10
2.054283187291759738e+00
2.079393500055321198e+01
1.351738459821891425e+01
3.360355429505852243e+01
3.060583273639966961e+01
2.986474900353131190e+01
3.085383358448291347e+01
3.368616233884890221e+01
1.832443540961523412e-03
3.009629794758201626e+01
3.272460918264174268e+01
2.295274829896097601e-01
8.370559449560545318e+00
3.168303043888104042e+01
2.177798458611318111e+01
3.469735541501475495e+01
1.159948048981394031e-01
2.328245808166516184e+01
2.318123805680030358e+01
1.998039656106933348e+00
3.508401695096603135e+01
3.191852964083551214e+01
3.353357401934943738e+01
3.630412092026517712e+01
3.640913521073569825e+01
2.763237702518782513e+01
1.200373536847838096e+01
1.839571828493625355e-02
1.489196155955432310e+01
2.707929987214426859e+01
3.301733708599002881e+01
4.736328785832633059e+00
2.017244595396575235e+01
3.059183297146453029e+01
2.643360923676544161e+01
3.516546480470059777e+01
3.285848737767562966e+01
2.893926681295489090e+01
3.187311347718894794e+00
3.192143799273578608e+01
3.177504473570834875e+01
2.018628509991226494e+01
3.077124931330853030e+01
3.211014006821561395e+01
1.494397345694102341e+01
3.245897536431810693e+01
7.724233864630629220e+00
2.905731884048013569e+01
6.717970496277242409e-01
3.559118737992045567e+01
2.613217763329926946e-01
1.873253940238132742e+01
3.419856501333477183e+01
3.241274313126253048e+01
1.350974112960483531e+01
2.339087780437899333e+00
3.226352158134218229e+01
3.277191101511564852e+01
3.230921449303959747e+01
2.635848112910681706e+01
3.088233901474094623e+01
2.923007216822314192e+01
3.027053967052455619e+01
2.432010836088719685e+01
4.916528525878773273e-06
3.031608812136951414e+01
3.050792950083328847e+01
4.378996281183357431e-03
3.202543930699649621e+01
2.970804826860359427e+01
1.707501852334010417e+00
3.392441856153845947e+01
3.056956003795674803e+01
2.528482384160758656e+01
3.384576785015494949e+01
1.359749316935490081e-05
3.254300517784528779e+01
1.701125743269677315e+01
2.816816783673329994e+01
3.272371055132327136e-03
3.393291412095810244e+01
2.668158928304601926e-02
2.991523797388120443e+01
3.026012898198868939e+01
2.860435370871291685e-13
2.353973393130283087e-01
3.023870123017709588e+01
3.749659903272090311e+00
3.080946946452946733e+01
1.148323227321494097e-04
1.736028420327528041e-08
3.363180606383898663e+01
2.488229179218861731e+01
6.482462404802812328e-01
3.110145250365244252e+01
1.855597991433845240e-02
3.323149828295355235e+01
2.771556023888127488e-07
3.856560966340772723e+00
2.844347708710544609e+01
3.250777129402822396e+01
2.876649451895355725e+01
6.519673743633955354e+00
3.198012638831487564e+01
4.851334479658402365e+00
2.991217905323933834e+01
2.873607654762300356e+01
3.057673977884833860e+00
3.147432427679204991e+01
2.079731599636780714e+01
2.689891034466511144e+01
2.946682629781567897e+01
1.455211156550300977e+01
1.936689050682378621e+01
2.625832285204732841e+01
3.165267166196382931e+01
3.070605601562771980e+01
2.917966398449233267e+01
2.291409856748067142e+01
2.805716964202852992e+01
3.358849658007413552e+01
3.418766974030234374e-05
1.848151863467865397e+01
2.473549894139868854e+01
3.268231646009183322e+01
3.392085913802308283e+01
3.178250076049090467e+01
1.723935467687160994e+01
3.113575623205924359e+01
1.716224920523160730e-14
1.609233821763223204e+01
9.802878640566135005e+00
1.363046006910504460e+01
3.380500393897348488e+01
3.109686578919907518e+01
4.268590451584927705e-08
2.979417991812628148e-08
2.627710415583258197e+01
4.324718845619333691e-07
3.339437310273110171e+01
3.012022445465223086e+01
2.818279727060215123e+01
1.892039063390733844e+01
5.154477941443162958e-01
2.994173071807579234e+01
3.010610024163960219e+01
1.866118991010642603e+01
3.303842186273047332e+01
3.188904492525013268e+01
3.275121247180744888e+01
3.048153169328990586e+01
3.363140581919211058e+01
2.785439728746820620e+01
3.257470296686580014e+01
3.163326747079203471e+01
3.446931886214299112e+01
3.397995548229999230e+01
3.002903272157019021e+00
1.051539514572942480e+01
1.278370965861905617e+01
3.488398258426503418e+01
3.047522076832390070e+01
3.177517344631269935e+01
2.409889936118469578e+01
3.338871742586935909e+01
2.324228656307440133e+01
2.360340242423002860e-02
3.141729799173107196e+01
3.176474305789358610e+01
2.964212089046426257e+01
3.057215492994289008e+01
2.946501783816961151e+01
3.096934069671957346e+01
2.396840742524122803e+01
3.443622137812471351e+01
7.086248889607521891e-12
9.701163843979163093e-05
1.247153784941979942e-14
4.713200399162578977e-06
6.757814357734804211e+00
1.989242718592668879e+01
1.492862533234886335e+01
2.836005951413982373e+01
3.152255555359338146e+01
1.410195425689715876e+01
1.839559873641036724e-08
2.413693992792977028e+01
3.045420312368766957e+01
3.131172291815912345e+01
1.725977174046287388e+01
2.515902254947327554e-03
7.963150634811131390e+00
2.475862606200494653e+01
2.849468031436403948e+01
2.498965060421733853e+01
1.914055355715705620e+00
2.540280284725134052e+01
1.303354915136568160e+01
7.151764483864832656e+00
3.637138539591091302e+01
2.799901024800364624e+01
2.955151907260672672e+01
2.955338604402044211e+01
1.861575444011774039e+01
2.812353820977373076e+01
2.892501972543596267e+01
3.084331180151788843e+01
2.784049745656506758e+01
1.908611977242651661e-10
2.339933190176285149e-01
3.034513695282301171e+01
6.809967828502876408e+00
3.091268653770200814e+01
2.022286874007064483e+01
1.421210654301124445e-13
6.296063489388215788e-05
3.108390078241973598e+01
1.471458325462494119e-14
2.655328530617925509e+01
2.870992906040998438e+00
3.343083962402122467e+01
2.480783991228535612e+01
1.097404765649951244e-07
3.273307999289434633e+01
2.919907076683604075e+01
3.334333961431618576e+01
2.934702302393603546e+01
2.917938258137104413e+01
1.620269398301814152e-05
8.962915932880667569e+00
3.310148558823582476e+01
9.633802069417215803e-04
2.565924107168759181e-14
1.115764205597766789e+01
4.426293162371764886e-03
2.097386174708587703e+01
3.144099444813094735e+01
3.115170048447533802e+01
1.557952053455652042e+01
2.844627026821061477e+01
3.260912776470836860e+01
9.212890933997816209e-03
1.887135418317952329e+01
3.503597919805086036e+01
8.219025741494053960e+00
2.139698553843892221e-14
2.658280605895184153e-13
2.547945567520039134e+01
9.346881857827943563e+00
7.988166836338253418e+00
2.928330410661086347e+01
2.656918910578732942e-04
2.883490228229181795e+01
3.905010775603818304e-05
3.007655483832857612e+01
2.149513705829629018e+01
1.783164352447864946e-14
2.866025716786508326e+01
2.871352204505821959e+01
3.336480457532481125e+01
1.832816604709654840e+01
1.465689778924948034e-03
3.239357053042964196e+01
1.747665950057375639e+01
1.417152777016822327e-09
2.088134082856651474e+01
2.873140709858425268e+01
2.759158453154102730e+01
2.936604166439716579e+01
3.306543838553498205e+01
2.968235324259412167e+01
2.902752202116267810e+01
2.207402736885443417e+01
2.800650577373201244e+01
2.890884866717376767e+01
5.546790926666618667e-04
1.035906070525699218e-11
2.640080590856548071e+01
1.749449754653554834e+01
1.063354037786555928e+01
2.224861932931576866e-10
3.210754197632878260e+01
2.831139788834738269e+01
2.099719427130859373e+01
3.252658910878297149e+01
1.300046495035963035e-01
3.076539252759895859e+01
3.066368777632831666e+01
8.757192013423266094e-06
2.932933466213615858e+01
4.311825847771066478e+00
5.480132024950170599e-01
2.621145210947067028e+01
2.952556928577635631e+01
6.057095999174781729e-04
2.627722456701013322e-11
3.029931166436647771e+01
6.119366049332879837e-02
2.851214573918143458e+01
9.456959115150278095e+00
1.924979458894753748e+01
3.042916044386686636e+01
2.214654005129589009e+01
3.808622368050499662e-07
4.606362212366364316e-05
3.233957280134883661e+01
2.767684836082487365e+01
1.117785997744255438e-01
2.923805810625329471e+01
2.703130990001799461e+01
3.043687521184863343e+01
3.302794828550504036e+01
3.081487118048572782e+01
2.619434444501174686e-01
4.415745441724532169e-04
3.362722201050460415e-04
1.989352722196370493e+01
1.368555858368371422e-03
2.739994424351194979e+01
3.065552075802852627e+01
2.855371380105280821e+01
2.864612529287580500e+01
3.243194050060264999e+01
1.495710851790526874e+01
3.048159508369682058e+01
2.726484561864379685e+01
3.349584018262567042e+01
4.305231911912163804e-05
2.869348469768458372e-03
2.586024301334813558e+01
2.947554153787577746e+01
2.927977466846373744e+01
2.167694403981983697e+01
3.270181100361756421e+01
3.361384073330093258e+01
9.848998438701285371e-06
2.689504456361373386e+01
3.119212137199512469e+01
2.953107072830139757e+01
3.028298658316729330e+01
2.764663308517972240e+01
2.332647001405313958e+01
2.946429619709279635e+01
2.772425922659895647e+01
9.364422103419856924e+00
1.573437984871378426e+01
3.072133697224073856e+01
2.752376774498920753e+01
3.034716325195362430e+01
2.855034825996467873e+01
2.494383747250069661e+01
1.357749976795920555e-08
3.585322390972868070e-06
2.317406383921379032e+01
3.477377248954859823e+01
2.615102396716422462e+01
3.265067650115087616e+01
3.032699447887449296e+01
3.227003116275592021e+01
3.065392285607022771e+01
7.033234535555036082e+00
2.883055733373008067e+01
3.383207084403442807e-09
2.673204843333648029e+01
4.684877384908810449e-01
2.442488469402322693e+01
2.646203150776018376e+01
2.596291370572718549e+01
1.921707271570752883e-08
3.140824608455649525e+01
3.189666066409193235e+01
2.997163292957586833e+01
1.993964271909348795e+01
2.594346900502010200e+01
9.429493722469221240e+00
1.506132739122920228e+01
2.134725101917818934e-04
2.874629428631622474e+01
4.525885334051264405e-03
2.901936604084795945e+01
3.160640952952919136e+01
3.058090955430166539e-09
3.059740572990707719e+01
8.506093534327478167e+00
1.239111124344417780e-02
2.790301601072167514e+01
6.832343653849267673e-01
2.829001927801776972e+01
5.423801408336126784e+00
2.807254723983647082e+01
3.117889496168472974e+01
2.624959314466035210e+01
2.980316037857216926e+01
2.885346111503561772e+01
3.081103962796917273e+01
1.038006555948926213e+01
1.974669415022676719e-02
7.346649655205789997e-10
2.854612338953957362e+01
1.431139664918710028e-07
2.599652470198220655e+01
2.887666400913916576e+01
3.118440038334049547e+01
2.855507055366253866e+01
2.883713517016360228e+01
3.070047707532828696e+01
1.160977742069214429e-08
3.034441820218855312e+01
3.455194844625803618e+00
1.109719312822961612e+01
3.230585763289539614e+01
2.936171558684657867e+01
2.968798301968461217e+01
1.013754512192034641e-10
3.171720678216020417e+01
2.224572563449279602e-03
9.275480167749055389e-15
2.782071644633412788e+01
2.882532665274053585e+01
2.577778277425462505e+01
3.177773108371338040e+01
7.128583787642758018e+00
2.789739566892686895e+01
3.095994843839185506e+01
5.708690705189999939e-14
3.183550643299417970e+01
2.748900869444540618e+01
1.957701024313953653e+01
3.012938724960822512e+01
2.928447364154333243e+01
3.243253137025592281e+01
1.859112106932952457e+01
2.741530485199241696e+01
3.116133105724447816e+01
2.121069994224887978e+01
2.633821037557331834e+01
2.953361293110249974e+01
2.508135513118132172e-04
3.152020465180234154e+01
1.663355837601142184e+01
9.012811824922096093e+00
3.073296101278010894e+01
3.132466187658393508e+01
2.744598486116575131e+01
1.624448688653696848e+01
6.957163989432985751e+00
2.909220029821182152e+01
1.264591260292807995e+01
6.224589903343468400e+00
2.943749396497235438e+01
2.405678446404897031e+01
2.877725892684143716e+01
6.612390251361484061e+00
3.068332088167424487e+01
1.221655568945645329e-07
1.373416508446941816e-06
2.992985578531564883e+01
3.222853532488328199e+01
2.492641389925751710e-02
1.648338255432202004e+01
2.859192566922598644e+01
1.787415173737700452e-02
2.901839170475425433e+01
5.727672939799318320e-06
2.569256237178891666e+01
2.879242878695021446e+01
1.507014030545954786e-01
1.088227803655499341e-03
7.534615021368287063e-03
2.335980543722355796e-14
3.076146500582543553e+01
3.116809606935027688e+01
3.041436341623709083e+01
3.029212971047815373e+01
2.890248386842189632e+01
1.508408295954903977e+01
2.998543346730465586e+01
4.559888700302364484e+00
2.747058999259231982e+01
2.793832165225339992e+01
3.030747392879500879e+01
2.418345451316142195e-10
1.308275695909102332e+01
2.140439157663230318e+01
2.657726954767595373e+01
7.972053252236765314e-08
3.180913672295940842e+01
1.496839127110422751e+01
4.357505350537398126e-02
1.503480678282244831e+01
2.939357218138905381e+01
2.985635285505988890e+01
1.056213139969312431e+00
2.598883336020509205e+01
3.138459843647858887e-06
2.378702666017477085e+01
2.900257570486754233e+01
2.215549894198451852e+01
1.223507519381280595e+01
2.775697404813251623e+01
1.571595919834678767e+01
2.035593807514906572e+01
3.432107029587395871e-06
2.729646469187042612e+01
4.309687150282904991e-14
2.930222461127761591e+01
2.837720914914381254e+01
2.487410920853993090e+01
1.224438926723141741e+01
2.383583846810393325e+01
2.883705978330004527e+01
2.801116024192207732e+01
2.654143372142625168e+01
2.672829469806723779e+01
2.693784680777365637e+01
1.418531753135865957e-02
2.961539002748448368e+01
7.655038655045531782e-05
1.115145519924686646e+01
2.777378762789398436e+01
1.824984034879080497e+01
2.801110800779309429e+01
3.742658126726544637e-07
2.747853447400395860e-14
1.400144607525631666e-03
3.123164327334704637e+01
2.379450079314506894e+01
2.642472691790298356e+01
6.920646476746343367e+00
1.593880553708579306e+01
3.068984326787719325e-06
6.046276674379546384e-02
2.314070151798662067e+01
1.612697051790500424e+01
1.312197084736332897e+01
5.879319125131519996e+00
1.241286244707472797e+01
2.762396142722624504e+01
2.657056471782871299e+01
1.796435855791991248e-08
2.893716261837489512e+01
1.451577477289631979e+01
7.020534314219029504e-07
3.631951164962291312e+00
1.797690849771957744e+01
1.202240630979100899e+01
2.738577247305984130e+01
2.570673784662381323e+01
2.643590547361701582e+01
2.833241900008287928e+01
1.996538554915311181e+00
1.408572123631948791e+01
2.230447816920192494e+01
2.937482071164965184e-07
3.033690059025800807e-09
2.316928261836767433e+01
1.123155550063801265e-02
2.940207265295202888e+01
2.415498199794330603e+01
3.203945135316354774e-14
2.978365604201760775e+01
3.064560356595785606e+01
2.923257111431462363e+01
2.263252630769248819e-01
7.230401883608967286e-13
2.833076812676618417e+01
2.534593597130333720e+01
2.049267750952185452e+01
8.635782803057352464e-01
1.480834543431479355e+00
1.354109008430724769e-14
3.526793383329888260e-02
2.619635788515020991e+01
2.817331244008284941e+01
1.033435055000154882e-14
2.655882080848558502e+01
2.867224258895631905e+01
2.134601122468031964e-01
1.025703041075731647e+01
1.112597458768047431e+01
2.642154454913533002e+01
1.995560380396180378e+01
2.706316115769046604e+01
1.124218156651471054e-03
3.109590855376497842e+01
2.748505974073682268e+01
3.184032553160083268e+01
1.586888840490120945e-14
1.748086062947836017e-05
2.601924612533081671e+01
2.961995684341367507e+01
2.353494098077669250e+01
8.096389444931103796e+00
2.852190336483114663e+01
3.084278965452035237e+01
2.600571055747678173e+01
2.280326795209557389e+01
1.345265121955956999e+01
2.080771425486649662e+01
1.001257409432579903e-09
3.815736651779793931e+00
5.509051655659514581e-03
2.734567405298761855e+01
2.534685407984370897e+01
2.764175448150948355e+01
2.394344850623103227e+01
3.204053334325896785e+00
3.035109838919624181e+01
2.656797890963014197e+01
2.771130424061028918e+01
1.332078633952034015e-14
4.312424863267266947e-04
2.652256541164244652e+01
4.011486558744744062e-09
1.930061508944718781e-12
2.728234324445354275e+01
2.246720199601078596e-05
6.478862994685484430e-06
3.492135832111841615e-03
3.575465574338997782e-02
2.926103362833672250e+01
2.473837988869775018e+01
2.550051055186935756e+01
2.833167009062426800e+01
2.842014268417048939e+01
2.907546508764190207e+01
1.226553042662110293e+01
3.233650856456286959e+01
2.242839339729765413e+01
1.986438678371255150e-04
9.034412405010396441e+00
3.881808686919484123e-05
1.396657482417836160e+00
2.571536761563958962e+01
2.654988585841897120e+01
2.518614858806050449e+01
6.807488002357466258e-07
2.768545971418691565e+01
6.309534746598191468e+00
2.351213332015176830e-06
2.870683050379744117e+01
1.456076263676668781e+01
3.003930158236375192e+01
4.916295457488897847e-02
1.277372529447491267e+01
3.657265257871534360e-08
1.380739853211836424e-14
3.533350429727271647e-01
1.925747993779147738e-01
2.657121241984574311e+01
7.630943765611235274e-02
1.269837038504892712e+00
3.553735001194689101e-05
2.626905126070833418e+01
2.771491483911189491e+01
2.714341361294315291e+01
9.855322486967251109e-08
1.169072523339919378e+01
2.636193252353706384e+01
3.005125969543145814e+01
