3.320330576860236249e+01
2.725890340742134071e-03
1.430857567054203017e+01
3.426342117197670234e+01
3.156104823447964236e+01
3.657096239420142325e+01
3.027827830536860099e-10
3.388096690282893775e+01
3.493693554898123921e+01
3.398422825288263027e+01
3.275705251917597138e+01
3.459375019389038641e+01
3.121766198058731945e+01
1.961668495873252382e+01
2.047599381405233387e+01
1.745271222781380516e+01
3.378983076739891089e+01
2.298029059698755461e+01
3.284667102971702235e+01
1.703983715841626534e+01
3.240068521465729390e+01
3.096204540745503309e+01
3.601256214904286423e+01
1.485297265430037505e+01
2.320967697196260815e+01
3.528816020049482916e+01
3.050192027606173895e+01
3.482900075782791305e+01
3.430715516212462290e+01
3.434783266462086004e+01
3.261028833246751901e+01
3.302708704990306643e+01
2.988739955105628354e+01
3.267634096043381220e+01
3.253686890656662456e+01
2.975241717733297264e+01
1.628364757092291759e-07
1.734925292113717532e+01
1.860326503362895423e+01
4.454734929078048467e+00
1.072368180866284599e-03
1.474850230832828046e+01
3.407007210358359828e+01
4.429607704587313065e-06
3.285915779504247070e+01
1.839166369218861519e+01
3.039040189860590502e+01
5.254023157817472149e-11
3.518552873497610278e+01
2.696630260543981292e-08
3.307135403623710346e+01
3.252671959352366571e+01
3.955313911551948536e+01
2.991438690492326913e+01
1.430940466374360474e-02
3.011193667542893948e+01
1.424105725926678221e-14
3.541359851139461767e+01
3.103305191785546668e+01
3.135310750604102381e+01
4.173111134638982089e-02
3.274403633664783797e+01
3.452682632642284943e+01
3.363325361584889350e+01
3.429005587166890479e+01
1.436240132785614954e+01
2.083415955344718995e+01
3.223197738855073169e+01
1.203837540853136012e+01
2.761951278384906416e+01
2.699474420637372063e+01
1.879872494367927516e+01
3.345525470653518596e+01
6.306208832392461439e+00
3.659229209431268259e+01
3.370605798948908927e+01
2.150512437589229364e+01
2.897947857684969719e+01
3.415294543993530141e+01
2.896283017225172784e+01
3.206760349350661699e+01
3.163606958361848598e+01
3.277072957575735757e+01
5.349372272142795204e+00
1.055362895036840420e+01
3.386164879281329121e+01
3.419047033979961725e+01
3.509517393971304955e+01
4.011434647833216793e+00
3.656031143916347759e+01
9.694055528156710011e+00
3.201620502052600159e+01
3.450503323267002997e+01
2.884059133306750766e+01
2.908344120183367920e+01
1.675725866545588749e+00
3.378887764082386269e+01
3.811214655744941382e+01
2.937404074573844426e+01
3.528125546546826286e+01
1.042206364281862104e-14
3.590568481061288963e+01
2.416098478898804687e-05
2.447393647861667854e-01
3.374198358233036288e+01
4.208091681483142367e-11
3.136653924897722590e+01
4.864737390195982947e+00
3.510243145003906307e+01
3.222879039226554454e+01
3.190582662092324640e+01
3.922230195191088953e+00
1.683531847547876126e+01
3.468995218328505103e+01
3.375682279426207799e+01
2.710910478269454771e+01
1.374078050675977991e+01
3.068823258231246243e+01
3.535961810414823958e+01
3.533158735850420129e+01
3.563393789713484949e+01
3.197304830590317337e+01
2.710805536116086856e+01
1.735122972695182852e+01
3.319601702523970488e+01
3.275515304213956114e+01
3.382625124102180791e+01
3.089175371765481160e+01
3.283310250408736408e+01
3.384452321823124521e+01
3.206205911881490067e+01
3.373856228024565240e+01
3.546059787514890616e+01
3.539409489650381602e+01
2.745654095224347202e+01
3.120418760156694660e+01
1.794924918996691376e+00
3.246363549179613983e+01
3.271167430567544443e+01
1.477213085730534559e+01
3.216936369977416632e+01
2.992849262442038594e+01
3.102297686056536108e+01
7.608218867136880563e-05
3.737173357659321482e+01
3.287375410059149061e+01
2.525562921941957129e+01
3.376100974970939461e+01
2.802405949582317746e+01
3.482686409401213012e+01
3.113065186523761341e+01
3.478248805382905573e+01
3.534085096147145322e+01
5.422447730919462749e+00
2.988546838611274481e+01
2.006367709257219545e+01
7.653167838682376741e-15
1.709545475102267886e+01
3.554722050282006052e+01
3.298276701350843609e+01
2.825174038908758334e+01
3.040530481874705870e+01
3.340543695884645103e+01
9.298482956301191038e+00
3.299956982609533895e+01
3.423805446542841224e+01
2.560425782158780095e+01
1.909104151992149667e+01
3.132277961765301555e+01
3.397026120910530977e+01
3.058206763804922090e+01
2.024631594229862941e+01
7.627095236301662234e-04
1.981807966115172370e-09
3.259371801826694082e+01
3.201650508376518900e+01
2.872508629005013248e+01
7.373732444477271148e-15
4.122660450902831800e-14
3.078783291554819357e+01
1.330199667396654035e-14
3.251457939860058843e+01
1.254436119102461866e+01
3.005403609360222106e+01
2.871503851296329302e+01
1.196595657191685191e+01
3.405796209799602536e+01
3.138183612306164250e+01
2.090123189457449016e+01
3.106115558682972377e+01
3.022379892678304980e+00
3.091567407279535473e+01
1.726583233137149165e+01
3.086357062012206498e+01
3.088545535318537105e+01
3.238931356482225965e+01
3.214698996843506507e+01
3.525256821537068674e+01
3.156393929544151788e+01
2.998632429195569316e+01
3.054071117929478163e+01
3.177039557339246301e+01
3.483557103128169530e+01
3.049004597521033233e+01
7.205212955854483070e-01
3.126118590092711003e+01
3.076576928813867085e+01
7.501235968085776479e-15
1.871771443546757041e+01
1.905414097057674994e+01
3.194900559379792426e+01
3.454156767813806539e+01
1.905173139381136213e-03
3.074345027128055108e+01
3.157490696267273123e+01
3.611076319507459687e+01
2.980641053369551940e+01
2.274632373388550453e-14
2.873822429705804993e+01
3.160349135447778934e+01
2.440974259795224555e+01
1.299093013477809500e+01
2.723954826608717994e+01
3.079592263824248377e+01
2.876153822387072978e+01
5.104872662691118279e+00
6.116450577038950315e-02
3.374208418690721079e+00
3.579901306678287654e+01
2.923019482508001587e+01
3.233805272531385810e+01
2.988314967655937338e+01
2.653977784277039831e+01
3.191535487142089167e+01
3.023825319252600607e+01
2.999010258858173117e+01
3.426193842751474961e+01
3.392591562051780585e+01
3.319393180112167840e+01
3.119587889770924249e+01
3.164639000148788384e+01
3.070834813409939912e+01
3.163608389681979105e+01
2.634363785014260273e+01
1.683759568977250254e+01
3.361484329980842745e+01
2.965981772298898633e+01
2.920924219455719140e+01
3.454896838161547379e+01
3.642453544230659190e+01
3.229364887213832702e+01
1.209644611894082957e-09
3.102573716045643692e+01
3.431649530862123498e+01
3.366346684060783900e+01
2.289366309179207448e+01
3.446991483935592271e+01
3.394770420962249347e+01
3.110653612243360122e+00
3.104571080462910615e+01
3.363324601030626582e+01
7.965196667837810551e+00
3.226415668122792368e+01
1.272445268600632365e-14
2.435104733254806320e+01
3.071089543674482769e+01
1.387562741618294737e+01
3.310587301937675697e+00
3.431191055229471232e+01
3.085230139631349289e+01
1.242642156606535214e-03
7.067051409497784186e-12
3.428795537020529594e+01
3.012018925091512855e+01
3.233449325328868440e+01
3.607505268780072782e+01
3.623499647590421802e+01
7.815674592159366441e+00
2.864269378922545428e+01
2.977186933705302252e+01
3.085803184461488513e+01
2.330285621005109926e-05
3.159080233766661649e+01
3.526243144350782899e+01
3.416769481382569040e+01
2.921238216228192996e+01
6.389355647417648276e-01
3.187839333319614710e+01
3.149575037555918300e+01
3.136821633290669809e+01
4.141177993236794473e-11
3.097529556467330281e+01
3.173435106527397309e+01
3.310950075110329749e+01
3.193651454766834163e+01
1.911406863984969107e+01
2.584231243933056632e+01
1.735492354650390112e+01
3.094156232574333387e+01
3.186209597433850149e+01
1.479942081339243542e-04
2.917880728213153552e-14
2.907515118743357618e+01
3.174566691183779099e+01
3.430762546817275904e+01
7.411746090258076493e-03
2.909266289146195916e+01
3.124969450689701489e+01
2.589214373944254177e+01
3.383420619378205885e+01
3.225897443983004109e+01
2.316359014340471845e+01
3.298308422278122265e+01
3.173195995181253082e+01
3.002713754226436293e+01
3.267447834789876282e+01
2.030876846586233953e+01
3.227342493590810335e+01
3.498846002198995109e+01
3.356844661759883053e+01
2.012038592667864023e+01
3.114580575183348543e+01
2.901427109464672327e+01
3.469626632572040137e+01
3.343816347254128374e+01
2.591185565119862844e+01
3.242807873643791083e+01
3.632173609752426557e+01
2.982410963671213366e+01
1.756801780688668302e+01
1.865963863219133145e+01
3.218230633326653845e+01
2.343545758556531337e-09
2.889576121635295181e+01
1.564482210758751002e+01
3.035263424957501854e+01
1.454367057151926446e+01
2.024459461480251576e+01
2.769381112056201744e+01
4.549493623163310407e-01
3.081657871739441390e+01
2.848198787176696456e+01
2.954962491444246808e+01
1.425159203681221598e-14
3.119228857865996574e+01
2.293351352363734463e+01
3.212494078268069586e+01
3.148558403897972724e+01
3.026545120637833364e+01
1.300572144968547228e+01
3.263972219058823043e+01
4.941813276709400831e-07
2.998142105635922405e+01
3.433523703217219492e+01
3.421671689949531725e+01
3.136914185774636010e+01
3.434267199530670922e+01
1.151206023579625715e+01
3.230128912149987741e+01
2.964959845500690250e+01
3.243379692228137401e+01
2.900670619585718768e+01
1.105294765555586700e+01
2.880571280167995241e+01
1.635790920247816305e-01
3.215712755332734929e+01
3.385307471523478995e+01
2.670637325130887874e+01
3.410256935249299914e+01
3.150743664107798736e+01
3.052835653505185931e+01
1.642653157719361090e+01
1.920725229796736500e+01
2.569014495027597533e+01
3.244506380970935311e+01
3.291522638248294186e+01
2.936172930902289835e+01
3.431145130223458040e+01
3.075254078006207337e+01
3.336274678101268165e+01
2.702920393965559853e+01
3.415537583105834329e+01
3.285988387106529984e+01
1.020459984332611333e-04
3.351440520910874454e+01
3.132258322635341230e+01
7.776589835757042657e+00
3.789486163838625749e-05
3.091287547201064712e+01
2.756193908227436751e+01
5.649096071843408328e-04
1.729796493476617414e+01
3.216895996812441894e+01
3.135770452406071840e+01
9.544703674428783521e-03
3.143706317864640454e+01
2.827876443894507474e+01
3.215487119622197554e+01
3.098031276603582285e+01
1.862845091120091945e-01
1.440733833849440693e+01
1.944209859680315233e+01
1.733106185764078688e+01
3.074675419033674473e+01
1.646407207999209802e-05
2.641892144974257661e+01
2.888409250237938153e+01
2.640424084916876168e+01
2.996812014460946472e+01
2.324149850397394701e+01
1.012973348272360488e-05
9.782228619594440225e-08
2.682063568913788743e+01
3.327853408914333500e+01
3.260015348534354811e-03
3.094230334444275954e+01
1.714710037248283214e+01
3.312206496863178984e+01
3.201450499800083804e+01
1.421254809575471079e+01
2.973862849627701266e+01
2.843628331141671950e+01
3.269194165290512899e+01
3.034373896035427975e+01
3.399805108129690012e+01
3.173646827426438932e+01
3.386076063811917436e+01
6.806154229127741922e-05
3.861390461421700025e-07
2.443137141017862057e-03
3.061282301845547593e+01
3.189279708351104858e+01
6.562256190659503829e+00
3.207068207086538081e+01
2.799859236670959817e+01
2.558076241135428308e+00
9.049906267143909550e-06
2.947057089603961444e+01
3.307449730844923153e+01
1.545738968896713317e+01
1.817739212378741698e+01
3.415966438649743253e+01
2.927231491811090436e+01
3.207645785799340388e+01
1.662227428897793103e-04
1.018313210064342123e+01
1.486207489860268005e+01
2.359018241840134422e+01
3.387174981700604803e+01
5.525021548374384750e+00
2.979597378829896925e+01
2.872724189626185876e+01
1.527684286701809102e-14
3.301995631727429270e+01
3.192781659405273587e+01
3.565520771662322375e+01
3.250568440058145825e+01
3.304249309825677017e+01
3.003629236241079070e+01
1.758688427258726961e+01
2.709071375753810962e-01
1.723053524786074320e+01
3.369223817742739868e+01
1.039666778122417860e-14
3.322273116407387050e+01
3.652201460659168580e-14
3.237184124125664653e+01
2.997473010444291219e+01
2.821747956350548492e+01
1.710852059114235502e+01
3.062833405734368952e+01
1.656598939805800441e+01
3.234067350279549657e+01
2.920211997272492255e+01
1.569672234181445880e+01
3.275160111312283817e+01
3.114240984266577073e+01
1.941252620158268871e-08
1.177272391768440789e-14
2.528100333808324507e+01
6.094097019494567391e+00
1.568113437347270001e+01
6.586670377295880563e+00
2.880006642283783336e+01
3.108846209601137112e-01
1.035696638217865071e-03
2.875965287752697819e+01
2.039157588759000461e+01
2.673205486399032083e+01
3.142170868311443775e-08
2.944328225907576879e+01
2.681158006879872957e+01
1.307119883109552676e-09
3.290412826814032599e+01
5.359197603711344539e-05
3.335493793920115735e+01
1.667510186338033407e+01
1.879568533843005093e-04
3.524169056367809816e+01
2.974671592009435628e+01
2.885106990692242590e+01
6.447680746932110685e-03
4.557407720819447311e-02
3.079725456914307458e+01
4.328897680110480373e+00
2.636257756215218606e+01
3.224017129224642275e+01
2.216828908809350906e+01
2.930639465823669099e+01
2.897495798756384389e+01
1.406427762605510878e+01
2.237412942207439670e+01
2.924178103665352069e+01
3.385835089292610434e+01
2.999892455714746831e+01
1.867292913048427394e+01
3.215246601891847433e+01
6.592606531077438577e-06
1.495132564635425787e+01
3.035267262314751946e+01
3.303530643396403832e+01
9.153028883832370900e-11
2.823943648434490683e+01
2.946802489021232674e+01
2.244627315166667636e-01
2.831726217419369362e+01
2.730711223919141162e+01
3.182398066227073485e+01
4.511746478060786880e-01
2.583192334963820169e+00
6.828395028476892392e+00
2.856914544649057675e+01
2.368624369537758767e+01
1.916933375248446225e+01
1.626951860105496550e+01
2.685989204095923633e-13
2.888761981992795924e+01
3.066170120762366125e+01
7.648795123655125039e+00
1.611133650519682578e-14
3.292706244551503403e+01
1.025723615151211847e-09
4.820023337976545363e+00
2.886157743047933977e+01
1.158819080363195260e-02
1.160718889118860008e-04
2.643323181098662289e+01
3.124365841883715333e+01
4.529541757490290060e-02
3.771399210679299507e+00
1.077973143199725251e-14
1.546847891596835289e+01
2.816887474309613282e+01
3.285419481964982680e+01
3.231617137670445317e+01
3.035949602376005529e+01
3.123135790427396685e+01
8.034404216943541455e-01
2.836811438767162841e+01
3.252462355490116863e+01
3.006419885946504778e+01
1.537987187275454914e+01
2.982244183378484337e+01
2.992452092655143758e+01
1.174220995978626014e+01
2.946674246895763360e+01
2.501033123087284693e+01
2.958428457938203238e+01
2.745413013884777342e+01
2.484610204914197951e+01
3.269228554262144826e+01
2.626479552536963169e+01
1.018792973494817289e-01
1.853936799658301027e+01
1.856812936697104988e+01
2.624335645395867900e+01
3.023715856732964369e+01
2.138786289617406311e+01
3.101698752805981130e+01
1.701760433014672211e-04
2.862547117451676826e+01
3.010500148308082657e+01
2.944243425925292712e+01
2.973522845189561536e+01
1.787255533365914673e+01
3.058393807978426082e+01
2.714435567783506187e+01
2.176099817065251329e+01
9.099970478859009280e-05
2.966924623530604421e+01
2.960020686511851196e+01
9.961173931519011397e-07
1.261628202072657068e+01
2.265965228137248744e+01
2.788788979276855073e+01
2.689662887390639412e+01
2.484977205632539565e+01
2.750413133234174268e+01
3.555907364531309511e+00
7.166437687595542450e+00
1.157777804678599817e-14
1.746822203789180250e+01
2.861416674775876245e+01
2.979346257863456415e+01
3.290911836177809136e+01
3.166434988301920583e+01
4.590635138083018596e+00
2.225371040485296659e-01
2.179344009972831647e-14
1.667770755672443883e+01
9.038055101786177659e+00
3.000373244405285433e+01
4.079462885300940230e-06
6.956679050948559428e+00
1.234647756769165916e+01
2.809745943021594528e+01
1.392620143012604572e+01
3.097942624660244348e+01
2.957654836307727919e+01
2.824787393038350913e+01
3.027410717259764183e+01
3.125705023550955275e+01
2.639764889349257260e+01
2.770493418373125039e+01
2.792330907490550018e+01
2.930286722783204922e+01
1.364791459717403832e+01
3.164912647339876983e+01
3.116407210232600988e+01
8.679484099512432202e-10
1.371105985370247730e-06
1.594668542897239938e+01
9.398845320726327134e-05
2.947903931200522010e+01
3.163217133058740359e-08
2.236000109896999888e+01
8.901988412510872806e+00
3.101343200825393254e+01
1.473585972184410231e+01
5.653422358512565360e+00
2.944072008382116223e+01
2.125247647393215189e+01
2.836245692662508944e+01
4.492201861664698285e-08
3.176643434554036105e+01
2.665470208631567317e+01
3.067172977976384729e+01
3.186830502879142912e+01
2.596298414350161110e+01
2.885142775744251153e+01
3.034810250380538577e+01
2.759255161538277079e+01
2.779116964722472716e+01
2.956347568460193287e+01
2.884326768977113886e+01
2.602267904361473683e+01
1.683027721985846270e+01
1.890161903981118677e-14
2.956820704413112466e+01
3.692800291183336004e-04
2.603788254561789373e+01
3.116730310289960215e+01
2.320900987787947400e+01
2.925958039638056718e+01
3.071533577922848934e+01
2.919715731496639677e+01
2.907562682901649964e+01
4.549607111927793213e+00
1.465857650737207507e+01
2.129177178121130254e+01
3.025240204078501804e+01
2.007266207918801035e-08
3.272245268420390829e+01
2.916511653405071414e+01
3.003779070896500869e+01
2.791952790280540242e+01
2.660871946198173177e+01
3.020037045942142839e+01
2.777295918442690592e+01
8.621938933988776199e+00
2.730235523583809254e+01
1.773579409070289969e+01
2.517499946879016193e+01
1.086613654319189770e+01
1.747184626240446152e-03
4.215593391779624888e+00
1.133633657001204329e-14
2.919408345899524093e+01
1.181965695379483650e-14
2.799652633089193188e+01
3.089296191702367977e+01
1.368293290732952627e+01
2.768125952217724972e+01
8.738266321567490280e+00
3.063279150112707327e+01
2.592767043831380036e+01
2.687621610060879362e+01
3.034681655527358757e+01
1.438479730325617112e+01
4.197971454289048387e-01
2.884851073189410542e+01
3.032373187590992103e+01
3.199980606017309626e+01
2.949161165667905493e+01
3.121205237272132393e+01
3.206681709393676361e+00
6.526416645468249733e+00
2.720320373298576655e+01
2.719991267758520669e-13
2.860257529732712246e-05
3.008919590727052551e+01
3.160803779152218596e+01
9.623532456446245220e+00
3.395811351765346586e+01
3.029931368186009877e+01
1.488638413878532596e+01
2.856040031824431225e+01
3.100476224190783725e+01
3.037415088435492194e+01
2.861252800600533419e+01
1.336559214603818663e-14
2.691800130808612224e+01
1.730907782546360266e-06
2.076404940260754373e+01
1.831157053111756307e-07
2.991070407041086199e+01
7.677181119331220494e+00
1.627804442867318846e+00
4.850049868828837423e-09
5.347596603622114309e+00
2.928604801471396613e+01
3.049717013230327822e+01
2.832908445142590281e+01
2.535792083329916125e+01
7.718874674885729981e+00
2.423900765475795183e+01
5.333216685546104067e-15
1.389729920881686799e-04
2.606283293693270409e+01
2.566728166906546704e+01
8.699800310060592068e+00
2.827978892027832103e+01
2.983727797566526618e+01
4.848562139551634049e-06
2.159585734716343097e+01
1.565186317532516824e+01
3.296615190592050482e+01
2.283955622771962979e+01
7.589741866559374550e+00
3.221561370255610512e+00
7.603474954535495378e+00
1.435777059307772419e+01
2.463896738011898080e+01
4.347754442881571094e-13
3.662137445505630334e-02
1.807463516150980354e+01
2.857474595849260623e+01
2.825438096652809961e+01
3.115070266600694637e+01
1.245942308939042853e+01
2.958474807263547035e+01
3.762004810485387873e-02
1.098606721966562105e+01
3.806046971720042915e+00
2.817362672516818023e+01
2.428209694290659826e+01
1.059610179885557111e-14
2.920586451309996508e-03
2.807821905633753445e+01
1.746552320628122246e+01
1.323652530125482762e+01
3.286547799368402689e+00
3.142002371549378736e+01
2.596711550643293265e+01
6.852100761857442102e+00
1.779315376637327780e-04
2.918737749617790911e+01
1.210344904307218350e+01
3.508473196153950357e-14
7.954832951181087242e-02
3.151556718209166874e+01
3.206161195382752961e-04
2.423808582647547283e+01
3.058108193954923237e+01
3.133072091364896750e+01
2.868753689124145723e+01
1.364441467557585143e-14
1.830745021690110003e-14
1.360371335458206321e+00
2.881252285546375447e+01
3.045585252963768852e+01
5.948139403838917057e-07
3.193068391305860132e+01
1.673536189913199124e+01
2.798222255078202991e+01
3.064388495679466828e+01
2.731279426809640754e+01
2.864541355385409815e+01
2.322314014636072646e-04
3.093433987055044554e+01
5.477480573354447380e+00
2.569950383902245505e+01
2.776640769913830553e+01
7.067002522718117969e-08
2.576726645933451465e+01
2.438883370375148374e+01
2.364817577177286623e+01
3.037023085445991910e+01
3.069157586740610100e+01
2.952557215618368258e-01
2.914202903076262530e+01
1.291377869270518911e-02
2.826447517441104651e+01
2.908808587777571830e+01
2.969691132030959579e+01
1.987896484476348036e+01
1.565861705659918179e+01
7.806773164431007371e-13
2.822830974166080154e+01
2.780650035093535166e+01
2.494746411273690967e+01
2.724924826979367865e+01
1.742826285658950753e-10
2.862746090918166075e+01
3.108377245497229424e+01
1.379420277838389274e-09
3.246700538935937885e+01
1.064979514444560849e+01
4.912567343122057117e+00
3.027555898330816220e+01
2.902073019384565811e+01
1.782690636746758484e-01
3.169637045866177516e+01
2.574407720485958251e+01
2.431640571749574775e+01
1.744566692541478048e+01
2.657635669003975742e+00
8.966447939943821055e+00
1.741069291891213870e-14
4.891181529727756973e-04
1.298034627759285442e+01
6.692168882817898456e+00
3.006203718111892087e+01
2.871957734751033087e+01
1.378777264918754498e-14
9.563077444668227400e+00
1.984692583949687020e-08
1.971247481435644744e+01
2.597546771462008763e+01
1.831742124441831265e+01
1.722703103924222034e+01
5.913005661986006523e+00
3.171135391975788309e+01
1.330336485163474147e-14
1.315760218853962904e+01
3.253967093410278011e+01
2.641947975762280976e+01
4.870639222395233503e+00
7.416152495565533128e-05
2.394176239272212214e+01
7.308897978397929762e+00
1.986705111477082397e+01
2.699709202119503004e+01
2.842151281030958998e+01
6.936871609177067133e-02
3.649066984308461326e+00
2.528716309929026451e+01
2.885649530964667520e+01
2.289226745732037216e+01
1.836821129755101960e-13
8.193625804248021893e+00
4.997251937512471901e-10
3.016587830248477076e+01
3.069276218022416813e+01
2.006770067547627070e-06
2.929582521195214184e+01
2.973840694741632262e+01
2.974209065827360021e+01
2.547482159376617972e+01
3.307152523449752834e+01
2.732417233664808975e+01
3.062229926338291719e+01
2.949488331722806223e+00
2.031097333597523402e+01
2.456406055678491995e+01
3.002117776265570370e+01
2.209899324847305113e+00
1.206976503542859895e-02
1.618195129939130792e-05
1.740153741138286492e+01
1.893201917286417668e+01
2.646947024289898689e-11
4.580335028863526743e-04
6.421951222318353067e-06
1.951995469501345559e-02
1.632568948518717278e+01
1.720641174769693735e-08
2.335205279733288464e+01
9.400157309331779842e+00
9.521783826936101478e-11
1.872169004699049211e+01
2.809860055354928576e+01
2.703340299557120829e+01
2.760619529453064303e+01
4.045411519149098118e-04
2.529964950726169448e+01
2.090328468633590120e+01
1.552737120708129470e-03
2.839136985282268455e+01
3.845222575607561755e+00
7.430636602456543865e-03
2.613431394487457382e+01
2.793819388798238634e+01
1.521340090738958728e-08
3.096120197338638391e+01
9.543155019139321960e-05
1.410191937082117272e-08
2.664702685226079382e+01
8.446429215146528335e+00
1.777649760009882139e-13
3.132901076405735452e+01
1.595731766895868553e+01
1.211172207724609251e+01
2.900232849134079061e+01
5.303268779547608031e-05
4.484712211816638039e+00
1.538966004566096224e+00
1.420965613633411451e+01
6.566337265238586247e-05
2.754411537989800962e+01
9.280383886623448826e-04
2.652917713470949934e+01
2.790836593654819708e+01
3.231377001720674258e+01
9.624471815572174793e-03
5.837925885507307990e-04
2.823538965843381021e+01
3.064457378425982422e-07
3.035648412057871323e-02
2.702451287070217134e+01
2.498373141963787347e+01
2.519381705256677151e+01
2.542472619174451888e-08
2.768925193942254026e+01
2.844500106771085868e+01
1.303039652252614147e-04
8.193078924694491505e+00
2.821860110573923208e+01
2.619892988340573936e+01
3.008928592381458600e+01
1.564738927651032796e+01
2.300478459124731145e+01
3.071130380084414213e+01
2.961580250424796385e-05
3.254644423577695278e+01
3.150724966779505820e+01
1.226018505787838487e-14
2.539242435020110733e+01
2.423859440398302567e+01
1.302720038146054371e+01
1.932105041009193343e-05
1.525300135837774629e-01
1.672844694909464991e+01
3.092017752237627803e+01
2.523929178680185714e+01
2.742223572216132155e+01
5.203221645680415897e+00
2.989426914758263010e+01
5.783967335200269844e+00
2.104343376074548999e+01
1.506084323171531913e+01
1.844299697492684494e-10
9.451774292395604513e-12
1.252663673874453920e+01
3.013633009391381279e+01
2.705664008501088702e+01
1.621726175897295263e+01
2.719155376592910756e+01
2.594451333327156561e+01
2.951988801679417662e+01
2.927796892045017785e+01
3.189237268439145421e-09
4.462247126484670152e-14
2.425363629616446985e-13
1.291722628457787714e+01
2.047892376738740527e-01
1.082467838275332994e+00
2.754668698581666675e+01
2.506219943738185463e-01
2.652022429055631036e+01
2.349806379448698479e+01
7.015840300972031826e-13
1.330537613601724461e-04
6.727330864624578299e-02
1.956284089646497293e+01
2.757996422339386200e+01
2.165415772473586031e+01
9.487413534852673358e-01
2.826894878450396931e+01
8.854157583843117798e-07
1.936351833792663868e+01
