3.802893663089844267e+01
3.470626300396338593e+01
3.572237462223613846e+01
3.316372707368191186e+01
3.241399403745560193e+01
3.488016245938626270e+01
3.400072138594424587e+01
3.760496024630835876e+01
3.314160844688668561e+01
3.254199152261611516e+01
3.519027041656475774e+01
3.604389421840600960e+01
1.275635595926319255e+01
3.534863930821748568e+01
1.521566277924297239e+01
2.820773527216778476e+01
3.598568463318198241e+01
3.603613923359672810e+01
3.747658090422568478e+01
3.409854667007333973e+01
1.319549700201426747e-05
1.491171702297632784e+01
3.426378157970756888e+01
3.500303230295289580e+01
2.839358492305006920e-01
6.509225417025185645e-02
3.260449539833254562e+01
3.206476136660491960e+01
9.893848898688744065e-01
2.041538168034761824e+01
3.443420703991142773e+01
3.480050949436988361e+01
3.410544442975776036e+01
7.840505297171110222e+00
3.111069431983068156e+01
3.352925305433961967e+01
2.917863722406415050e+01
2.609042021568871306e+01
3.609625893605166880e+01
3.567659274549787796e+01
3.063859501564829202e+01
3.385034642331992671e+01
3.661440859255279179e+01
3.399908047262145772e+01
2.719685124222108996e+01
2.876108966202651018e+01
8.070967975399623739e+00
3.462260101705503956e+01
3.049483821459712729e+01
3.742672185890846048e+00
3.695171675874431116e+01
3.434278693022062612e+01
2.866410791926591628e+01
3.139478598843142620e+01
1.958343052561205866e+01
8.964448318110042280e+00
3.239906071861402381e+01
8.905563053609959923e+00
3.185383201058874292e+01
3.392321399325872733e+01
2.979084111402316282e+01
3.487911767894978965e+01
3.349532859524493489e+01
5.307423149863716837e-04
3.256502864841944955e+01
3.414263413709532102e+01
1.184632234189406752e+01
3.488498783749040655e+01
3.571864431633798631e+01
3.387907945405172683e+01
3.014419885290906365e+01
3.212795623637265408e+01
1.721231020557569902e-03
3.576738960836349435e+01
3.123239330891188459e+01
3.325477276845201402e+01
2.863445323033766976e-02
3.360153825311235209e+01
1.198678417622065773e+01
1.652968283654765713e+01
2.866010262286917154e+01
3.284988085712592465e+01
2.926657323008372558e+01
2.795480877750490833e+01
3.122545051178869713e+01
3.052194058098495688e+01
3.275405215960631011e+01
3.006091980732235669e+01
3.106352587840705937e+01
3.465352379853701592e+01
6.265491528499279816e+00
3.545465481145512143e+01
9.193136491131253862e+00
2.979411820285857003e-07
3.292911523205988544e+01
3.195800849585310388e+01
3.021422874516922619e+01
3.080107729929657268e+01
3.425832938118345083e+01
3.770795044167786614e+01
1.620045257475665650e-04
2.109486209129177503e+00
3.301864705086595109e+01
3.361305641872612426e+01
3.251005543705189638e+01
3.329405346157677315e+01
3.478729719552407573e+01
3.523995122908976185e+01
3.043370922888693286e+01
3.197273567015593798e+01
3.399026328888163562e+01
3.490928998669246397e+01
3.586157101284122461e+01
2.081674063076252779e+01
1.332302187040573394e+01
2.378599164262702104e+01
3.193645454423008090e+01
3.366666247358089947e+01
3.168713070604884763e+01
3.505285344960886817e+01
1.597464178157330217e+01
3.002316393034237763e+01
3.349690334367156908e+01
3.454128632761464246e+01
3.603224836361329153e+01
1.794729925614372235e+01
2.875555998013649983e+01
1.505384920397335069e+00
3.376103312013961499e+01
1.339241827050416944e+00
2.484998570592445688e+01
3.158154473637967641e+01
3.300141069818228345e+01
2.475002183184873061e+01
3.590004227683946425e+01
3.123298298666810169e+01
3.501085794280467667e+01
3.081458986159644553e+01
2.902556939319503115e+01
3.111021687219126619e+01
3.252415342733656445e+01
1.057709203945419851e+01
3.531446935989686864e+01
1.812269960662370460e-14
3.202243614405696803e+01
3.511266489634393650e+01
3.090679048959392361e+01
4.576618740906210425e-07
3.510422872779874837e+01
1.383201196928321330e+01
3.548118515128962969e+01
3.750302103366726669e+01
3.286194326924694309e+01
4.763171322268010960e-03
2.116196047154150861e+01
3.386021515896648282e+01
3.411420711768489866e+01
3.148604912109726328e+01
1.727294956055171227e+01
3.071520165909146627e+01
3.466950580863477427e+01
3.259507414929485236e+01
3.003785074861335147e+01
3.221329618081380630e+01
1.558825088635953695e-14
3.680890005258587649e+01
3.213548916480942097e+01
3.516155655334532781e+01
2.761205371483072923e+01
3.360889553036277988e+01
2.938394092681015124e+01
3.461935511487587291e+01
1.223896453385519045e+01
3.379014595295180357e+01
1.499203780355802536e-13
3.265415958499359306e+01
3.255504253832381778e+01
3.610920806619126466e+01
1.780001473358038666e+01
1.310996926935824192e+01
4.256338887415683478e-07
3.394532127200020710e+01
3.057409197348613006e+01
2.545738027001646842e+01
2.214315885074369916e+01
3.222037110573935337e+01
3.288791485863553987e+01
3.335600054535760250e+01
2.369438320290418076e+01
3.229014399823914516e+01
4.582663980292478456e+00
3.231879258022701151e+01
3.685519716833098869e+01
3.028607287352235033e+01
3.243352317382886696e+01
3.605940073688810088e+01
3.190295666853045375e+01
3.427223883938282967e+01
3.019553062550825473e+01
2.705257327699415981e+01
3.173023164501151427e+01
1.041990159027448515e+00
1.330981289998361738e+00
3.257583425765130158e+01
3.334835166145496999e+01
2.926380277066053281e+01
3.418791001111395644e+01
3.165664534854131418e+01
3.709717526498471329e+01
1.547950158482513290e-14
2.058381908108453330e-06
2.840941342119952040e+01
1.949435898765341374e-02
1.873983732930608070e+01
2.945487163056593261e+01
3.358272816090239132e+01
1.092472440173308001e+01
3.183280360248375374e+01
3.322865152581118764e+01
2.629397625331945321e+00
3.124759098748049979e+01
2.441834415295240609e-06
7.977310968996265572e+00
2.791879848111197049e+01
1.234357832808571764e+01
3.275798653099070634e+01
3.193067934304292166e+01
3.290204396300891432e+01
1.696828267453592787e+01
3.550003919319434686e+01
3.586257839229205907e-02
2.896570392963786844e+01
3.435346513807120772e+01
3.111318430644784172e+01
1.956767350954162765e+01
3.084398571380565812e+01
3.672411020710897134e+01
3.272385510528271624e+01
3.479746276375189495e+01
3.314277465584763149e+01
1.057590991117868473e+00
3.564785075318283702e+01
2.820807352072001351e+01
1.748290961298784651e+01
3.406469346427805078e+01
3.292288880506253435e+01
3.105963461401235648e+01
3.357710977067475255e+01
2.175891701760997421e+01
3.347062713635642694e+01
2.915771748684658249e+01
3.099679982273142542e+01
3.287708483031213547e+01
3.379784760144682565e+01
7.312385082372271583e+00
3.035347863543184843e+01
1.754403745477267407e+01
1.534683242713735574e+01
3.618763263956877552e+01
3.504954722910675002e+01
3.136244073400003174e+01
3.217718813629628016e+01
3.293563609667262426e+01
3.224509401360883487e+01
3.308358823793095382e+01
3.328323430584197240e+01
3.143616166452612859e+01
2.821737324022240756e+01
2.876941150768944411e+01
3.195731833791265686e+01
1.370500563708858088e+01
1.986117358683029948e-15
3.206241559066857860e+01
3.048765630772999913e+01
3.538559784351787840e+01
3.151459972605241994e-14
2.817890562512176977e-09
1.774899278603736619e+01
2.679853954330866728e+01
1.211723334916858130e+00
3.035628663248240500e+01
3.221954352736383242e+01
2.908337406500585587e+01
3.486882315784077235e+01
3.257632237159035782e+01
3.139040777983280250e+01
2.501106080476343863e+01
2.916751040448699328e+01
1.063276138812036287e+01
1.515914913158794697e+01
3.374107189854105826e+01
5.241556062507556260e-14
3.093286985983088044e+01
3.317368992902705571e+01
3.557636474240948132e+01
3.317797642152827819e+01
2.410671364962598062e+01
2.581129053331148526e+01
3.317434770454057258e+01
2.160720957289220934e+01
2.874978551938675153e+01
3.099501509917314834e+01
2.343386723737703464e-10
1.186064577972591394e+01
3.087352334921001784e+01
3.996361462857026536e-01
3.497290804357059812e+01
3.442625710978261822e+01
2.817489468995142587e+01
2.824349366047867349e+01
1.342493001144043063e+01
2.902617526949701343e+01
1.783352215302379662e+01
5.821490739185129076e-02
7.485092988684692195e+00
3.171133954946718347e+01
1.699505879069205971e-14
2.737884732726845627e+01
3.406625906870046805e+01
2.932975559740764382e+01
3.440755763856930116e+01
2.820395695070039466e+01
3.406445300583840208e+01
3.264489440395241360e+01
3.377630754837431226e+01
3.144576360768046186e+01
3.511604267109083111e+01
3.155231077218533925e-07
3.373019345463677610e+01
3.212608333582418396e+01
3.398554345685628419e+01
3.220962576305786484e+01
3.192563457190820131e+01
3.354319581112628867e+01
3.233598635934989574e+01
2.209921668083512714e+01
3.452970175085732052e+01
2.315575651426347648e+01
5.876320370660219616e+00
3.213129706848692990e+01
3.411863145820726828e+01
2.930207981131044903e+01
2.917181250177041463e+01
2.705641389639920646e+01
3.249601483109920252e+01
2.502408212745936211e+01
3.009990099576683775e+01
1.060811547024388624e+01
3.473845982300728252e+01
1.326838618391543712e+01
3.482297283299502055e+01
1.777264345088823704e-14
2.529667175087437059e+01
3.166599472328806897e+01
2.636502497276024215e+01
2.994351694606622161e+01
1.241297326465018891e+01
2.592801839057275962e-03
3.038263272168296325e+01
4.797842745248427632e-02
3.143527030016419488e+01
1.794669827133840201e+01
4.288135192172326526e+00
3.601907863446069769e+01
2.285975901935298893e+01
2.146935674391752258e+01
3.037066920716001775e-02
3.365863726730463412e+01
2.809469279120445506e+01
2.785598582582901628e+01
3.400433302934673918e+01
8.191049013570703252e+00
3.303148350545217937e+01
2.991310601570653163e-05
3.184318488197365582e+01
3.242647874464302049e+01
3.573532869643854326e+01
2.641607552022357321e-10
2.988540428921940872e+01
3.607831633340452981e+01
1.165612713364162900e+01
3.363387823042818070e+01
1.711456290984584783e+01
3.109427725259321917e+01
2.922900025245120048e+01
3.527615499200902605e+01
1.692042419318495661e+01
3.037174851424123290e+01
2.584362463747922334e+01
6.905366713939034215e-04
3.693187547893423458e-03
2.874658127103081995e+01
3.179373879037568784e+01
1.926880637116451922e+01
3.470045283585734097e+01
3.497951806619754933e+01
3.541557118563595452e+01
2.824736911800698635e+01
2.776142689729210034e+01
3.078131044818044870e+01
3.565023078840369664e+01
2.733276590892702029e-01
7.928467815104611738e+00
3.151870010149584189e+01
3.020867840578520358e+01
1.728468433090618461e+01
3.378749016026916507e+01
5.145993334253118855e-03
3.075168190589928940e+01
3.520481654179638298e+01
2.915343392739769257e+01
2.760715395779250159e+01
3.142728833524370913e+01
3.349398303404370836e+01
1.205341163647488756e+01
2.770826376423153192e+01
9.147689792595034675e+00
3.416155178080703791e+01
3.237550473427150166e+01
3.416039871003848560e+01
1.621661024382875738e+01
2.965608084370477471e+01
1.791666319322694534e+01
1.383291976357789999e+01
2.943648954853015098e+01
3.314774842071820798e-02
3.045053222280953875e+01
2.540049242155680176e+01
2.985348232616811259e+01
2.873328465769161255e+01
3.053391372580234631e+01
3.219866569614240603e+01
3.301314877326457520e+01
2.841691066530251675e+01
3.503477140154610936e+01
2.732356385755625894e+01
2.342672797055825740e+01
2.943482364849763755e+01
2.914034599687844107e+01
1.970517895200347924e+00
3.187287759778838847e+01
3.135536410533468299e+01
3.178222635320856071e+01
2.924128641101470194e+01
3.437997140819136632e+01
1.434276299575712166e+01
3.340698666320667343e+01
3.004806499172575940e+01
2.735114003351409195e+01
3.342847119583929327e+01
1.369619762229119208e-14
8.286372244434103695e-01
3.327912964730443979e-10
1.291765497647364569e+01
3.129479531767928080e+01
3.185684405564754229e+01
3.231654553932921203e+01
1.463778869616157330e+01
3.297836279119325553e+01
3.175820539005619736e+01
2.624896457811243877e+01
3.063519852727827697e+01
4.387976630866046612e+00
3.019862697011415875e+01
3.181060224452021856e+01
3.005235573762984913e+01
3.404193987907908792e+01
2.742058844759407066e+01
2.909378708587064821e+01
3.222734587607750001e+01
2.823866458227311327e+01
3.016682572546656260e+01
2.958603263990618615e+01
1.435871618187962109e-14
3.150337328904132406e+01
3.847554487222380488e-03
6.875935895941915454e+00
3.256900057839236240e+01
3.001258755163992831e+01
3.056819859211502433e+01
1.643345926394792400e+01
1.134354583394689620e+01
1.546414865230568425e-01
3.006438517506285990e+01
1.904489249232407388e+01
3.160768046401405584e+01
2.393554937731309437e-02
3.389827065410647577e+01
3.271422046229434955e+01
3.121506583336153540e+01
2.871681838802333075e+01
1.180799647438382169e-12
2.580484630870170903e+01
3.220578175835781565e+01
3.222752769695001973e+01
3.195129450201105570e+01
2.934751925464722078e+01
2.093172071110434374e+01
8.514634436427309452e-11
3.176978826646915621e+01
3.328434930392029818e-03
1.158964612670165550e+01
2.476009601869673560e+01
5.621399905571925160e-12
3.129195630835043818e-02
3.094503369109269286e+01
2.971692870703931888e+01
3.073137980267310709e+01
2.804758432709846971e+01
2.691303167242234906e+01
3.029104358851932943e+01
3.395950916415248599e+01
2.892437546139655780e+01
3.199950206503901740e+01
2.103331813226967029e+01
1.952560359749052237e-14
3.015603713079310921e+01
2.929822637553619913e+01
1.022776989002879766e+01
3.232839612330250390e+01
3.003420376822634807e+01
2.893854099173796257e+01
3.039030770994629904e+01
3.124409047504009962e+01
3.169604263589662452e+01
4.948585541332306591e-04
3.612051552212788863e+01
2.692133132275914775e+01
2.502899056869932082e+01
3.434059436431426349e+01
2.610391867181403924e+01
2.627903299564328066e+01
1.378544345182572189e-03
2.606040167068580971e+01
2.760538995920624217e+01
3.273792171395653128e+01
2.921295623234597016e+01
2.430463118739227824e+01
3.139904629165038230e+01
3.091015715904081063e+01
2.024912174490178884e+01
8.899223392741955882e-12
9.342525821885608650e+00
3.185783329726878677e+01
2.979434983271300652e+01
1.702067681585789316e+01
5.305404292910816859e-05
2.740543979815367237e+01
3.312301433181016819e+01
2.233653051371291909e+01
2.085794048450888560e-01
9.741446739495904339e+00
3.064190404201845297e+01
6.518449074948209064e-10
2.106206753548364574e+01
2.799895806952092414e+01
2.944815928991438625e+01
1.174936310016313900e-07
2.709932072120368574e+01
2.478918861069382729e+01
3.018278219127230955e+01
1.616766691297072356e+01
2.642993724618797557e+01
9.539949100976095053e+00
1.052995045143784613e-12
2.578798310526448390e+01
2.399243633268133280e+01
3.422452865389955434e+01
4.903517033584952901e-07
3.160033163111251042e+01
2.893766617967768795e+01
5.856766876230588316e-03
2.515817551491604220e+01
9.606577693908970039e-03
3.319540471287848504e+01
2.821589405841750775e+01
3.236465861097936170e+01
5.078924128546319140e-14
2.801015654488882234e+01
3.064551517931763414e+01
2.695104676967443780e+01
2.022882861112139707e+01
2.588363245985032535e+01
2.885698962016192226e+01
2.454853783503381237e+01
2.992289316392477261e+01
3.026516942954078004e+01
1.289364402380721231e+01
2.926080889825453113e+01
2.899923415228387569e+01
3.027995916434150203e+01
2.835460078382330096e+01
2.306718690990192755e+01
4.935795449014844571e+00
1.613587804742156538e-05
6.238001761825088032e+00
2.935339511201588181e+01
1.111389505404640236e-14
1.655691704032452138e+00
1.621986487139414623e-01
4.475383415088735745e-02
3.033400637630294838e+01
2.572953565836859013e+01
1.258801440886266221e+01
3.304722371753238264e+01
9.452214772135357077e-15
5.681693122150528907e+00
1.020423239914226166e+01
2.581104762999845192e+01
4.738486785791674004e-03
1.195421741885897937e+01
1.910479796172176847e+01
2.779264859906340490e+01
3.718048059499295732e+01
2.605140677561266216e+01
2.843481145743382754e+01
2.794517857956985907e+01
2.858140538652591545e+01
1.811768689186452731e-14
2.924388031140234290e+01
6.043988051115646576e-02
4.302117930035768367e+00
1.369378916501907995e+01
1.675446402033795015e-14
7.217876251480200012e-02
3.306015795619265418e+01
1.789373570635440203e+01
2.854286927067764879e+01
2.745290805982629223e+01
8.754624408889694065e-01
3.068190649173972417e+01
3.508364120547347161e-14
7.756458931517352874e-05
3.970138081989444401e-01
2.966171112258203024e+01
2.643862596824033417e+01
2.828013641172119819e+01
2.662734197540479286e+01
1.147398650114474350e+01
2.563573001619762337e+01
3.207635923631083585e+01
1.936494694706827246e+01
2.469054179509423008e+01
2.759116965483313422e+01
2.777364086159666101e+01
2.822054816905776065e+01
3.430865995293927995e+01
3.214983384092833774e+01
5.649962428236946721e+00
2.776318072990616415e+01
1.128433125768794021e+01
3.016288905512527307e+01
2.415781885147059782e+01
3.169614245063765523e+01
3.213246111024642637e+00
2.921284377351474504e+01
2.926899922540744114e+01
3.036125870575223473e+01
3.105511994026768363e+01
2.838447179173889623e+01
6.649876861428484887e+00
1.453508401836900574e-08
2.866958082608493541e+01
2.520459138158575740e+01
2.620627294557535691e+01
2.610513401592061200e+01
2.627422102374717738e+01
4.276429958307986778e-02
2.852987471710100920e+01
2.531292313703011132e+01
9.383444023658135791e+00
2.764012017548146360e+01
3.237613828206029609e+01
1.461574168157057585e+01
2.798463224258119197e+01
2.320384815752306906e+01
9.657938097611579176e-02
3.154688063867390468e+01
3.017318219835476611e+01
2.807065215130117508e+01
1.542913848063287574e+01
3.043881547023385536e+01
2.301272975861576864e+00
2.302290866727746221e-14
3.141560682430673879e+01
1.985512074791518344e+01
2.819840557663826885e+01
2.873492155045298446e+01
2.990183178910409367e+01
2.662337392195568597e+01
3.368409508001801100e+01
8.950773308981998992e-08
3.010508038023006350e+01
2.255699800325865567e+01
7.830596895597406792e+00
5.207482021475204446e-10
3.254752676990937488e+01
3.068873108971918739e+01
2.399884698169804204e-09
1.445778534927768000e+01
2.289108618866949815e-02
2.570787175950179559e+01
1.711061452580914732e+01
3.329181050158152289e+01
3.009636068521752250e+01
3.230997514631514633e+01
3.084556557544079425e+01
2.927721233348033891e+01
2.752142206543475300e+00
1.413525439186764743e+01
3.030575609237557089e+01
3.006260382919239760e+01
3.159215177954540721e+01
1.959898708701052072e+01
1.604579948321234539e+01
7.402357978349408674e-01
2.645621349479023365e+01
1.910579154440024041e+01
3.011719506814226222e+01
3.074874268714539838e+01
3.128575978856349238e+01
1.679909304906486156e+01
2.828464711872836546e+01
2.950194734736480839e+01
6.791739596807869761e-01
3.497251078532386970e+01
1.726300583438737846e+01
2.415003012798192827e+01
3.423690906415837532e+01
2.804944713178648996e+01
3.172330803486403639e+01
9.955968200709639504e+00
1.421499964818987394e+01
2.653252732517725221e+01
3.037768380772063992e+01
2.851811447304344327e+01
3.189103926725833915e+01
1.983880201134589077e-07
2.848524894325834467e+01
2.605228470368957616e+01
3.193298091887687562e+01
3.070489547933980390e+01
3.096313281217367219e+01
3.255659546828904638e+01
1.266331235141331633e-02
3.219128085885289181e+01
2.022666698331745394e+01
2.304436445953152912e+01
8.617148771156839970e+00
2.704881574700445412e+01
1.981007852257591395e+01
4.010099114108535368e+00
1.016257839187389678e+01
1.997115948021055312e-04
9.573102172223882933e-01
1.627764992410772038e+01
2.351823814761794651e+01
1.461240050581630090e+00
2.234600052312636365e+01
3.079323191686990668e+01
2.514355596985573982e+01
2.884679965150346348e+01
4.054807849907078598e-02
2.345009675009206163e+01
4.777885225605819282e-10
1.400725733772380011e+01
3.087017959727344873e+01
3.035075261943438463e+01
2.354780804947857220e+01
2.413159122657987097e-14
9.426830904396371835e+00
2.148062965186332995e+00
1.127412962956218934e+01
7.856779696615272127e-05
1.519722343844968648e+01
1.916286827149883720e+01
2.837373116028537723e+01
2.436805997569425131e+01
2.788327362194210934e+01
2.003373382168105721e+01
2.623997268393627280e+01
2.957011993287832041e+01
2.114541689005297265e+00
4.042013107771371544e-02
2.897670889896291158e+01
1.278759990965753002e-14
2.524626949212731120e+01
2.144206087235244951e+01
1.542375793586872046e+00
2.790792056519016384e+01
2.006371420103744349e-02
2.810486839897350819e+01
2.697916515575139584e+01
1.929240993139534766e+01
2.827856117750743437e+01
2.619175653322579578e+01
2.915614015814816895e+01
2.177269801587128484e+01
2.647395092018133056e+01
3.220860503567886468e+01
2.662441826410777068e+01
2.617480204459927151e+01
1.667758043791735679e-04
2.906007422203231272e+01
2.309947641343161706e+01
3.020352892665639999e+00
2.784231291565159136e-04
3.190114671206118757e+01
1.691004122312894609e+01
2.435058366644902961e+01
2.964969077111556314e-04
2.678720778481867626e+01
1.867306344309051624e+01
1.656104391295580396e-03
3.019394112552002962e+00
1.338474396783538545e+01
2.163961761859797051e+01
3.176674105982078800e+01
2.934617648268518408e+01
2.961083723145161883e+01
2.398956508740904070e+01
2.328272314597425208e+01
2.196983422541621949e-13
2.741384900939511837e+01
2.540678224148651054e+01
2.086337940961789292e-04
1.301998257275863580e+01
2.991345962166309391e+01
2.624215908091937166e+01
2.999311439543551217e+01
2.546627306567226512e+01
2.904216309881847735e+01
2.834097464534571742e+01
2.888031872273896994e+01
3.099235218327707742e+01
2.711189895126115346e+01
3.003085655615751648e+01
3.711037588298169876e+00
2.973613322036169393e+01
2.909638916705787537e+01
4.757053831908975017e-01
1.852860739935739431e+01
2.823177426329679918e+01
2.742313927761576053e+01
2.817611285451417658e+01
9.390640679284134704e-05
1.977475424202165399e+01
3.052363039957856827e+01
2.449736947227014738e+01
2.842051958736236728e+01
3.160751060685852210e+01
2.697846769769476083e+01
2.442731451752375715e+00
2.522667777772250730e+01
1.939162400721981693e-14
2.870874490251650002e+01
2.628500369709781737e+01
2.144131656101299233e-03
1.110107272120017716e-08
2.764071294523773048e+01
2.956976454745189997e+01
2.647799620598738102e+01
2.695307257268479262e+01
1.119041735790176739e+00
2.105282621838520996e+01
2.763216518160923485e+01
2.816152331822919308e+01
3.092866034399207820e+01
2.479724300955097254e-14
2.809555534644058028e+01
3.008002026230977322e+01
2.972994263130351911e+01
2.137873420045321212e-05
3.028919851309996147e+01
1.407689107807072332e-06
2.755519652160236888e+01
1.799901499731139762e-14
1.595710401945338974e+00
2.971666957225085781e+01
2.461335413884322364e-04
2.699703164009886081e+01
2.699413457287076312e+01
2.344468485556703286e+00
2.789419100627172554e+01
3.068960111860376117e+01
7.803374725274825081e-04
2.563345326990765094e-05
2.870691531752057202e+01
2.617216202741536080e+01
3.160100610512178676e+01
2.107302013014683480e-14
1.626635679873732806e-03
4.397149460564156342e+00
2.168529290228419981e+01
2.143452236124124965e+01
9.063618817173845663e-11
2.899653917445110807e+01
2.664885298595615382e+01
3.053469827188797581e+01
7.026009418873883358e-12
2.924007335372151317e+01
2.964902973276599596e+01
3.044190890438619945e+01
8.948604496691281440e+00
1.433714985340009296e+00
1.737721454486262118e+01
2.542765030251352343e+01
2.794348985530748664e+01
1.386854907918630545e-06
3.023015043131174906e+01
1.779704693687747508e+01
4.589686602283368869e-05
7.549777921281869171e-13
6.008634662445342833e+00
3.213339759184429933e+00
5.850090601126829341e-05
3.097984887095663353e+01
2.972285066690843536e+01
2.181039997040461429e-12
3.074172488384327906e+01
1.583854875687598884e+01
2.859183550763143700e+01
1.980458655566639504e-07
2.878504153885148042e+01
2.914583776247367553e+01
2.759239199807594289e+01
2.832421519334797466e+01
2.400964459591976231e-05
2.651160987074237951e+01
2.763978145617811677e+01
1.153278009020062391e-06
3.984200629261669926e-10
2.676454412722901210e+01
2.788286463871320464e+01
1.135736320441893841e-04
2.457954447629183470e+00
1.509821054580561395e+01
2.448020773041239195e+01
2.913839544844950069e+01
2.606417642004126023e+01
2.154825110903495045e+01
3.076437798049348871e+01
2.867364188129794655e+01
1.192338281531652378e+01
2.935283595020442604e+01
3.154810298775940680e+01
2.513328327977744792e+01
8.960684355981371141e+00
7.325025056359890208e+00
3.022544069173276071e+01
2.457452673886717776e+01
3.052857316150221223e+01
2.827161137144607395e+01
1.992035511719786456e+01
6.360050896369812778e-14
1.142550594796387479e-02
2.611712202306770081e+01
2.836136159712460980e+01
1.847064892074464024e-07
3.075980571538783792e+01
1.847984864214451683e-01
3.062392149414916886e+01
1.037212417540195382e-07
1.482837631232700737e+00
1.240037944121262501e-14
6.025905204469242271e+00
2.908295228952195179e-04
2.667037322691376033e+01
1.631113711145766587e-01
2.688684814456813399e+01
2.420669193752473447e+01
1.014658666424124078e+01
1.451847393538100484e+01
2.750164941849785905e+01
4.738124171708071702e-07
1.714487498230627338e+01
2.924542900137992518e+01
2.540715134357512994e+01
2.292878442930930958e-04
5.609849740243345373e+00
3.254101240439706781e-09
3.032824832546853955e+01
5.526257774448022393e-09
9.155239209020144244e-11
2.486060727471902965e+01
2.716873128957192662e+01
1.405034666047477465e+01
2.492940009260805057e-02
7.979033350723530702e-07
4.171300871000661381e+00
2.928884810961607954e+01
2.596862656061005481e+01
2.745455084987530014e+01
1.586083150196438218e+01
5.828973622074945472e-04
2.946413682115618116e+01
3.004102989573991067e+01
1.949740069284965926e+01
2.944226619142726875e+01
2.588260606607588343e+01
1.075131017171283609e+01
