2.522052185794543533e+01
3.208442859776324241e+01
3.507952346766973051e+01
3.504419586248010887e+01
3.497920026786518122e+01
7.887343721495457594e+00
1.298529673470454060e-01
1.365027254376881771e+01
3.572704220070470171e+01
3.577592379338813799e+01
1.747645334989375425e-14
2.583312489413182256e+00
3.582713999374767866e+01
3.211253930077109686e+01
3.271662065380416351e+01
3.454112224494809169e+01
3.472269761971833901e+01
1.078944466227764554e-05
3.227897136256105881e+01
3.183137502817725917e+01
3.082472401401324902e+01
3.397398894806320868e+01
2.991342010880048363e+01
3.556143255811286963e+01
3.424194509994393343e+01
3.105064028655078445e+01
3.496632982878014673e+01
2.649158560560318776e+01
2.940940830590528776e+01
3.562057114482682607e+01
3.478879361318130492e+01
5.672279047843172606e+00
3.338646963538961643e+01
3.537510828121435225e+01
3.071804776277640769e+01
2.247872113852815801e+01
1.888365004790125212e+01
1.356330735836767865e+01
4.890686475735029487e-03
3.475321694437221964e+01
3.256044141835939598e+01
1.543569926876494414e+01
1.753971753694163027e+01
3.387525367491127781e+01
3.387987932779076772e+01
1.204106437168748656e+01
3.143376545551433665e+01
3.297061827466917094e+01
3.043607550146103691e+01
3.038769995140754077e+01
3.707698617004972164e+01
3.733966874803346059e+01
4.695339477401891393e-01
6.391187996540357208e-16
1.576400275792301687e-14
3.651499374584400215e+01
3.272296835728664632e+01
3.487596580183538464e+01
6.453996399163490771e+00
2.992272887832203310e+01
3.205989618118042017e+01
3.152222941084746921e+01
1.339531887326165993e+01
3.363932321534664993e+01
3.249258849436230179e+01
3.395172014408169758e+01
3.542117931129882891e+01
2.958743130887664918e+01
3.027186750136898397e+01
3.464796132968947262e+01
3.250090242709748622e+01
3.596400149446096606e+01
3.330312199487590874e+01
1.532537992297792249e-12
3.223540610603919987e+01
7.003252035611149395e+00
3.447359210116569983e+01
3.275878896337781754e+01
3.546336593208388877e+01
3.565355088900797398e+01
3.495268337486081123e+01
3.435715551230247655e+01
3.477900082149865568e+01
3.484802288389558100e+01
3.530135560414943541e+01
3.473080834896396851e+01
2.357624675963854344e+01
3.209891149174446667e+01
3.305285610596462931e+01
8.165304125956796000e+00
3.518801450893396776e+01
3.490473492799388566e+01
5.992036168160887654e-13
2.823648739921104678e+01
3.558527639488259098e+01
3.477774497965561551e+01
3.586582548759980682e+01
3.388458013770426902e+01
2.840216533676882449e+01
3.564361691004115329e+01
7.402447046093521307e-15
3.155800419270847357e+01
3.319878417516126490e+01
1.851149987482850889e+01
3.324340588586364476e+01
3.280085028533576263e+01
3.414499140006913080e+01
3.542314244735249673e+01
3.277023270359898532e+01
2.101437837914948048e+01
3.255228067281310445e+01
3.576100927045730060e+01
1.518559741853536593e+01
3.334669098402384435e+01
3.093003382221700903e+01
8.452914821927135685e-04
3.121422541918720839e+01
3.168443395653676831e+01
3.264195795168796366e+01
3.020709416202167574e+01
2.239505879255692111e+00
2.991690542381525830e+01
3.503640226868706975e+01
3.072651208930773592e+01
2.945702812091736789e+01
3.060767558362360674e+01
3.207418982528349716e+01
3.392524279976352375e+01
3.180265323583127213e+01
3.448107954540072484e+01
2.000473575754568500e+01
3.348773733580321021e+01
3.430173493765024517e+01
5.861727926809285893e-01
2.321858023224834700e+00
5.517713731720327530e+00
3.269274238083481521e+01
3.119490112994332875e+01
2.980968752440711000e+01
3.099306312008332753e+01
3.296986404679667260e+01
3.226673665015864856e+01
3.264253140581497092e+01
3.199804783894019877e+01
3.465554268650282665e+01
3.332031954300243370e+01
5.651220308967485728e+00
3.175869518990575813e+01
3.442491160722876486e+01
3.332450106211252461e+01
3.257127375729731256e+01
3.496450155496178525e+01
3.220268402098680127e+01
3.261431358246080237e+01
2.751838611450277128e+01
3.534013225625186294e+01
3.064154097675642774e+01
1.167931018212068039e+01
3.052636464321993870e+01
2.852217143923792264e+01
3.352012875734494202e+01
2.814701307662668128e+00
3.207559904221746194e+01
1.283899074068060742e+01
2.408939650230572838e+01
2.848899819339477801e+01
3.539765300213910848e+01
3.301287661431449294e+01
1.861481031124432306e+01
3.290327201776688781e+01
1.843387183504184534e+01
3.083698814669313748e+01
3.322374421932001098e+01
3.197800831071879202e+01
3.359051681106201670e+01
7.962638539556101801e-04
3.342668935217204051e+01
3.519852970812682713e+01
3.548154574433120700e+01
2.464629992701997807e+01
3.348904387809928807e+01
3.404522648179477784e+01
6.658161727017518627e-01
1.648270506490122500e+01
3.124094743524725715e+01
3.219800683528177144e-07
3.117493745472782507e+01
1.496702495877051398e+01
3.477411089275479839e+01
3.178236169340850736e+01
3.350569388748300526e+01
3.135545693606158579e+01
3.329630965388388120e+01
2.619096875190774654e+01
3.304416213822455717e+01
1.965099201279013030e+01
3.308278434799353818e+01
1.594688781286902570e-10
3.484829664520168535e+01
3.220798171577869340e+01
3.394383603958384299e+01
2.519929283616543714e+01
3.122605005062803940e+01
3.263569526715977531e+01
3.326358389302234997e+01
2.242104068926566857e-02
3.271433052623989113e+01
5.868894929531739925e-04
3.185775192828567981e+01
7.245011275974414744e+00
4.280229952879306410e+00
9.763677664715170179e-02
2.817554994472045848e+01
3.114844698320425209e+01
3.348784301407678043e+01
3.307061981799917305e+01
8.901910507329284272e-08
3.375342638330666745e+01
3.318732688254269192e+01
1.324785908482972729e+01
3.163512961048682470e+01
2.256114046196921130e+00
1.837053308506770577e+01
3.336520207775229352e+01
3.428600874432900980e+01
2.911854321640630161e+01
2.994392259473416473e+01
1.725420315345330735e+01
3.346549687472488444e+01
3.567167591799337600e+01
5.309392409394661505e-02
5.173893838711489224e+00
3.219561869038236779e+01
3.476793552328894066e+01
2.679624002337571653e+01
7.487854043542866656e+00
2.916709878325260163e+01
2.212508825323633843e-14
3.343991278552721980e+01
3.382681236620047116e+01
3.184840846320990265e-03
2.957529165717502551e+01
1.563473806658790011e+01
3.444520861141088375e+01
3.231271653887212381e+01
3.261197816767575830e+01
3.168509521971168752e+01
3.310777401850202750e+01
3.081915043651256525e+01
1.086245726204978744e-13
2.949982696719386155e+01
3.133245169852790468e+01
3.197849175676104139e+01
1.209217810283329975e+01
9.060958175107948875e+00
4.152064787290385972e+00
5.817008900442263153e-01
2.332613109511006400e+01
3.140666445339184421e+01
3.300637646269123593e+01
3.499860544939450335e+01
3.129140729536101873e+01
3.241247697842149478e+01
3.293501582486628365e+01
3.127575983706056917e+01
3.296480138080762856e+01
3.273644543440195065e+01
3.200904268604986669e+01
2.042251101752990650e+01
3.504371442777981827e+01
1.039658651489302876e+01
1.670660053370687947e+01
3.171794312343314459e+01
3.716890852972351666e+01
3.167272437220065839e+01
3.349910186540873269e+01
2.993374267260859511e+01
1.995590591622615746e-05
3.084063169801217086e+01
9.049546744624388239e+00
2.315358817949700310e+01
3.326031031427134366e+01
9.513506222380677002e+00
3.374077267802525881e+01
3.361791984074287853e+01
3.061019139922219168e+01
2.747392730981760778e+01
2.955493971313323343e+01
3.132736324109800563e+01
2.110513794182070058e+01
3.109118986362826220e+01
2.856089284571340059e+01
2.472318548531996996e+01
3.137616663346804913e+01
3.133703561203507704e+01
3.502588888048581595e+01
3.288580754966130115e+01
3.329342958893943205e+01
3.000005900522455704e+01
2.810692122457516362e+01
3.207911240345345050e+01
1.047092798769203092e+01
3.348759250376082264e+01
3.177919843423379476e+01
3.409834267101326333e+01
8.359727775500171987e+00
3.221057935075360490e+01
3.227965176852075757e+01
3.171622447905188125e+01
9.874280437675968193e-13
3.261177180390970420e+01
2.201472570072316159e+01
3.033754675505771914e+01
3.290248917384514726e+01
1.925191405858196347e+01
2.508756321933426392e+01
3.235541886718666404e+01
2.506897699404913027e+01
3.163676765897723087e+01
2.803643870595474397e+01
9.621818042123928549e+00
1.892724820751245929e+01
3.449198806168289622e+01
2.884009135985362704e+01
3.414186807185164696e+01
3.241002801087820728e+01
3.067819154127849046e+01
1.107181203558739035e+01
1.414156954078940043e+00
2.966271185552541212e+01
3.421335546585951448e+01
1.974375953888721824e+01
2.991642157458414530e+01
3.104137827176084841e+01
2.706624074298863292e+01
2.657991360108271609e-05
2.933542412619463136e+01
2.316806814216371110e-14
3.159181772755786710e+01
1.755885682181953911e+01
1.844000856653853978e-14
8.394634771222213385e-15
2.912726065770810990e+01
8.166537032046694122e+00
3.304057238346874925e+01
3.253062547103615998e+01
3.448598009736884507e+01
2.961602899615751383e+01
3.187517353750455484e+01
1.829876858787827961e-11
3.070049382291547602e+01
1.524375540928292077e-08
1.153035832287268647e+01
3.161758058278139316e+01
3.179666427619770275e+01
3.134479853825239459e+01
2.338762742886206070e+01
3.320190582535837365e+01
4.477833423910248384e-02
3.406546627013360762e-05
3.588666973200587051e+01
4.599193753678563645e+00
5.963893253124309120e-10
2.958374053546627636e+01
9.968922085021507229e+00
1.618502925720708061e-13
3.350324695027859434e+01
9.080901404409251754e+00
2.070632020016413932e+01
3.544323516888639208e-11
3.327895336518358249e+01
1.677589157787153562e+00
3.420455312904223888e+01
2.906023534226369875e+01
7.161835459120208247e-02
2.694747334813867568e+01
3.374090702841891698e+01
3.326593273171026510e+01
1.740416938530199575e-04
3.062092127190109636e+01
3.331653777065299948e+01
1.996921609935484510e+00
2.263181260364335756e+01
2.863297861974148850e-04
8.845431174496433749e-03
1.282134939293159803e+01
3.266569362420096212e+01
1.571076351669158733e+01
9.161275668522677051e+00
9.214170170711089014e+00
2.982423808150275946e+01
3.352861130177293347e+01
2.365395421142574151e+01
3.173195159127348575e+01
2.655419400238566243e-05
2.931217342710652574e+01
1.585989845084779137e+00
1.266877848406258444e-01
3.257033773352384287e+01
3.250443963826575811e+01
3.319473354427249490e+01
1.429997488775775416e+01
7.993497288027829550e-11
2.976080600725899572e+01
3.348166983258984430e+01
1.173346490982945642e-14
1.017113431973734222e-12
2.567696555775627297e-04
1.530567965559872690e+01
3.331727745435782850e+01
2.742567820718431193e+01
3.256890779734397512e+01
3.147341126362159613e+01
2.916256259108723370e+01
3.337721181604413090e+01
3.309751534701440079e+01
2.064621927992240924e-01
3.192975463325825913e+01
1.090302529763806838e+01
4.719221432180120168e-06
1.863350654943890206e+01
3.048412173553045079e+01
1.773047811176568445e+01
3.329262387022096448e+01
1.628875976034702688e+01
3.159791806970351047e+01
3.100960678782158908e+01
3.312147793932316375e+01
3.115152109731925023e+01
2.685823711743072995e+00
1.069690491801615373e+01
4.111828819651128342e+00
3.271450204747470991e+01
3.264412090468082539e+01
7.899448486225648658e+00
3.212437159435886258e+01
1.584006234694514070e+01
3.301791637758900322e+01
3.222235243174903729e+01
3.146802777464748857e+01
3.171266250929734909e+01
2.360693605621749924e+01
3.068573209268383195e+01
2.552877871160604784e+01
2.867014118492687658e+01
3.203677712982344872e+01
3.024338674908406688e+01
2.956790653275636416e+01
2.176520288838753103e+01
3.201391088026255005e+01
2.794340102395959491e+01
3.163230827260963096e+01
2.479161749503828815e+01
1.704011204247630473e-01
3.065623417365563341e+01
3.414849455025359504e+01
2.484759803358623387e+01
3.240858260488590759e+01
3.050116487457409775e+01
2.544988650559719545e+01
3.090469046881113258e+01
3.390195477063817719e+01
2.706561916227171594e+01
3.262103140857439539e-05
3.174206594246255619e+01
1.457032593733914716e+01
1.997985980056489552e+01
1.704972556927839022e+01
4.364445812666207125e+00
3.265150480579419678e+01
1.631367085174809262e+01
2.498492014494971514e+01
3.168878127093021035e+01
3.375696530866493106e+01
3.087891721070299411e+01
2.835640271917114319e+01
3.377450901855657150e+01
7.915007652025779494e-01
3.214393921696835577e+01
3.238165670664778872e+01
3.218457296594466754e+01
2.788327950535492761e+01
1.232811156726818069e+01
3.260701076575431756e+01
2.830528550342764610e-13
2.194716516660840711e+01
2.337137619801260513e+01
6.891927462035359303e-05
1.364567464428746746e+01
3.421733721482610946e+01
2.984511054233692562e+01
3.194582368421086471e+01
2.803650643318532332e+01
2.304294169983752738e+01
3.333845466051641182e+01
5.209472854673255604e+00
2.284095620277895478e+01
3.117526341484892427e+01
2.360421371922555078e+00
1.982405443747088469e+01
3.214752618790257088e+01
6.282660526097297153e-05
3.058283979955514198e+01
2.935069342820684213e+01
3.324511404112188018e+01
3.260347597453583976e-05
3.942752650691005556e+00
2.170425114965940594e+01
1.354082832498831044e-04
2.589853173872906211e+01
2.800922714459637319e+01
3.059142247054104757e+01
2.814838966145137888e+01
3.109080691167760691e+01
8.289875992254929632e-03
2.970207548071097392e+01
2.916012390166410029e+01
2.978232068153170786e+01
3.274460215183741241e+01
2.935062957099697201e+01
3.115775177997397094e+01
3.261036538890540726e+01
3.433777210932181845e+01
3.229668702240682876e+01
1.813823852729179009e+01
2.971618587434373993e+01
2.105402991736196938e+00
3.099090101512430806e+01
3.008932756252551144e+01
1.734745012526955676e+01
3.029398367061177666e+01
2.268436722261164462e+01
3.002357443764912048e+01
2.922433050464425719e+01
2.990717326670356613e+01
5.195871491989774927e-08
3.541734251823548943e-14
3.005423571791722281e+01
3.000177800054488131e+01
2.818138525618824880e-05
3.192934750108377528e+01
3.062946323892328238e+01
2.802688715588929469e+01
2.939407767360941293e+01
3.096262762831453585e+01
1.697163414953014821e-14
2.446000988726727774e-13
3.205221997163103964e+01
9.058909150559189111e-05
2.718160079068324819e+01
3.359615997525025932e+01
2.877539171420966113e+01
3.222210817675449590e+01
9.178493602192929757e-01
2.306060853181336867e+01
3.092708662819774901e+01
2.380946718501164838e+01
3.025388104123064892e+01
5.133212953878350859e+00
2.812686756635100949e+01
2.818069038999232134e+01
3.275485885497158023e+01
7.326674098754627147e-14
2.079235987566684374e-01
3.308854398615456205e+01
1.654293579748797631e-14
2.999616810999524930e+01
1.038136696543506890e-05
3.079290610989860255e+01
2.901706595803237931e+01
2.928217413832206617e+01
1.372950196010400781e+01
2.820847480820384234e+01
2.610141246285511873e-12
2.699359829301562286e+01
2.986098982129453105e+01
2.484516181910533561e+01
1.149345184703367260e-04
3.110494095568917672e+01
2.467182493708494562e+01
1.466438303794640678e-04
3.005853740199662028e+01
5.140793618917143259e-01
3.408640504735517140e+01
2.952215092941638019e+01
2.658211135290958538e+01
4.189061237528239915e-04
2.716501214003538678e+01
3.359797700133758269e+01
2.910421789023382999e+01
2.908559903028794835e+01
3.201497256807894587e+01
3.093167060288690706e+01
3.502869524460716056e-14
2.948670006461200188e+01
2.307689891995739728e+01
6.896526933972792813e-04
5.892764592928979341e-03
2.840816935936312149e+01
2.668609698055873380e+01
3.105644640929639877e+01
2.634212027315590987e+01
2.076357597360547302e+01
4.139933597860516063e-09
2.794670740920851415e+01
1.195251838976410319e+01
4.208565407583412599e-04
2.721511602329870527e+01
2.905977780953535117e+01
3.249317802059351834e+01
8.802448462260650226e-08
2.704902365465029845e+01
3.110211193898573967e+01
1.068642731458339934e-04
1.053278290785900850e+01
2.583301366810183175e-10
2.989302279687878539e+01
1.149307852742215275e+01
3.103532291256826525e+01
2.194837303553810059e+01
3.021083557305784595e+01
2.870749604724417381e+01
2.769650664437470411e+01
9.315799586952953071e-01
6.259916198996017234e-06
3.038865837433641204e+01
7.064031300612641395e+00
6.642592177969877601e-13
2.935442242018299197e+01
2.518274994924994203e+01
9.684036305278814538e+00
3.038768109075823176e+01
3.340212080202197598e+01
2.933296313851685255e+01
1.068593640373434006e+01
2.940917869185060596e+01
3.111957333966530470e+01
1.443513675402033947e+01
1.723046586354718102e+01
9.983775906438212999e+00
3.244765688638511847e+01
7.384776896583489680e+00
3.225653755584426108e+01
2.089633449100836771e+01
2.815981546052728746e+01
2.589597704894910279e+01
2.880286657878219714e+01
9.670937851056624623e+00
1.147444436197533157e+01
2.453661177376521252e+01
1.691840352629041069e-14
3.092981202152217435e+01
2.472549478128294709e+01
2.546928091532620542e+01
2.604479686673259131e+00
4.765851092740038182e-04
3.103087213442485037e+01
2.990460565325667730e+01
9.073638032929835617e+00
8.626768983022893522e+00
1.674125101710061259e+01
1.549902083622627406e-03
2.486918440828531018e+01
1.418820000609474438e-04
2.963686240027526964e+01
2.644634299125100796e+01
2.944466310967701261e+01
1.879619637941177501e+01
3.117588345638597147e+01
3.039352685964926692e+01
2.847499819134555921e+01
9.012221849882557478e+00
2.871617957170267843e+01
2.226172700188027775e+01
6.770777151155843221e+00
3.075768892689698220e+01
4.336235602031266012e+00
2.788079267685017371e+01
3.040851462922066162e+01
2.936648660800316080e+01
3.967203672729345598e+00
2.611243753937577594e+01
2.906696699644226101e+01
2.920305554954536476e+01
2.493465921511937822e+01
3.124139510078212467e+01
3.022330916891342056e+01
2.924742946263646104e+01
6.895549096130058940e-04
2.466016544662178660e-06
2.388402738581651263e+01
2.586808298703266473e+01
3.097121229832052691e+01
2.688149351996596792e+01
2.760067605765198806e+01
3.109252602118884923e+01
2.296582275994981970e+01
2.872806134455615279e+01
2.244896826021141578e+01
2.927993054347505364e+01
2.466565292182761215e+00
2.093442453998340014e+01
2.827846391965409723e+01
6.432422955648963579e-06
2.195293937770258808e+01
2.072567603931929980e+01
3.811037918595415722e-14
3.049455399324731175e+01
3.155907664612020369e+01
1.317415060924223980e+01
3.126406215625567242e+01
9.063148811859249310e-02
1.038167862862332136e+01
1.881423386851535184e+01
1.550609034028085453e+01
2.889547202474750520e+01
2.973210389357273797e+01
2.537946414679194618e+01
1.307356067634953378e+00
1.169455532014475291e-09
1.671452812310736746e+01
5.836153521131710380e-09
2.601757748378943447e+01
1.109413415040815032e+01
3.240597724392048917e+01
3.037479013227206082e+01
2.936168731661995679e+01
2.923523266404097853e+01
2.806169653810562536e+01
1.262806460102267359e+01
2.720511303875449372e+01
2.471185629343771240e+01
2.460769928590798017e+01
1.118083265594833330e-08
2.959954499508427617e+01
5.143272121203597891e+00
3.052825324873969493e+01
2.893978127201375727e+01
9.901541761801349040e-01
3.098290633259493987e+01
6.784173734685325918e+00
1.578338680817160800e+01
7.125263081523819494e-05
7.790038514239823186e+00
1.215674059606121027e+01
8.474669701064046379e+00
1.505471019451918302e+01
2.894206200794001305e+01
3.098533665601972942e+01
2.183956342109082271e+01
2.842301079154869115e+01
2.931767979528501300e+01
3.127132481445585199e+00
2.791053336354807257e+01
5.770838701658264291e+00
9.313716987136535508e+00
3.088170664497259565e+01
2.687629088987083037e+01
2.608290776717140247e+01
1.791047583984792524e-01
3.051480902149291552e+01
1.504963934598858855e-02
2.827180398446545340e+01
1.039712657236965043e+01
2.680965763266847546e+00
1.288030645624286841e+01
2.835115305663137519e+01
2.805705625374513446e+01
2.985996001425509760e+01
2.802433818824408718e+01
7.926026967326674999e+00
4.438263643812823158e-07
2.538372952982352823e-05
7.815671402805523194e+00
1.072303375038840656e+01
2.639167804020753039e+01
1.536196425648947717e+01
1.951525872010766705e+01
1.993740393449268313e-04
1.061992179111238827e-05
9.858028538459652032e-06
2.922853274170026694e+01
2.489346395737894468e+01
7.493184945988302730e-05
2.783284859242785103e+01
5.532048636326702962e+00
1.805188746022805191e+01
2.875918842996921043e+01
2.524131383574012588e+01
9.853012931691122134e+00
2.393380713489000300e+01
1.755645302182369310e-03
2.240126605585961025e-14
2.846851926007780875e+01
2.716472335651949876e+01
2.620479400507348089e+01
1.332087444104321072e+01
7.964229530102660522e-04
2.383039962416438584e+01
2.724218609057556598e-03
3.060474880949871590e+01
2.972389742320759254e+01
2.638890441057720437e+01
2.918115664489452499e+01
3.153709752879397499e+01
2.218464308448968580e+01
1.375981229857513455e+01
2.898234807017347592e+01
3.605533151750884430e-02
3.024453157498208000e+01
2.997620794242914144e+01
3.028912489814567977e+01
3.154674583617522643e+01
2.811102552326558168e+01
1.998776564230594488e+01
5.382115946419715367e-08
1.777693461724237523e+01
3.033679801426782774e+01
2.740721784088128032e+01
2.740393720500727270e-01
1.721780959111430676e+01
1.886732068071625434e+01
1.544305471380060246e-01
2.458726322301984624e+01
2.257061672733883384e+01
6.990768057584582085e-01
2.777692404514446523e+01
7.189756995435325904e-13
1.598533067423752385e+01
2.121854433526517108e-06
2.623049663118314001e+01
8.167918360136044112e-10
2.789792282458957473e+01
3.042445768414305007e+01
2.693382185038214871e+01
2.861144146178657977e+01
2.043569153693923113e+01
1.411992616353569652e+01
1.196761142195174799e+01
2.927482211001407464e+01
9.637558895028486283e-03
3.225031617967593434e+01
1.327191302730215838e+01
2.985073119362809990e+01
2.646959247252976510e+01
2.523997995328277355e+01
2.896924633823898887e+01
2.871857612841226626e+01
2.788487509843579915e+01
2.733062762288191294e+01
6.758710478776696684e-07
3.172927937489610173e+01
1.851824757431452184e+01
2.953864736611314967e+01
5.291588988088474705e-14
1.795734059374747341e-08
3.048042876265653689e+01
6.640496950307910394e-13
3.191844397959345869e+01
3.028869229740450209e+01
3.047310411370646221e+01
2.300811022981686804e+01
1.723127136769514323e+01
2.555196357886352843e+01
2.738290019117130569e+01
1.630889914015092146e-05
3.005603465505434002e+01
2.845877446603588012e+01
1.670391620772526057e-14
3.022045685413169380e+01
3.015499914978384055e+01
1.292770016901643082e+01
2.618940728134674245e+01
1.443622876127742760e+00
2.811692270445482933e+01
3.063643942449351698e+01
1.486181175446334102e+01
2.658477184422947559e+01
5.371973390458860464e+00
8.514477369833650812e-08
2.665380863745163964e+01
1.417845804458999492e-01
2.860142295692090642e+01
2.327385129960454080e+01
1.933984522009344076e+01
2.768192878803224843e+01
2.087607127607417112e+01
1.968323174226944161e+01
1.167347454852700889e-01
2.863068270708410168e+01
2.847279919433841400e+01
5.911039637531126725e-03
1.795311706596597645e+01
6.877040912694543984e+00
2.863954811927462885e+01
2.614248168233977054e+01
6.232614946701904074e-06
2.638585505631996853e+01
2.830476463486671079e+01
2.812821591970095270e+01
1.496148703639242925e-14
3.257641712904165571e-02
3.156324808880836841e+01
2.822235373799453839e+01
1.004915856397376601e-09
2.684517228571964154e+01
2.972083371876515656e+01
6.729309487054395888e-04
2.624897788137360521e+01
2.721959601289926312e+01
4.014266325706448590e+00
7.877193131566353036e-13
2.514356843256925345e+01
3.646581839374489161e-14
1.514902001514398222e+01
1.460365732914834569e-06
2.612201786622444644e+01
2.848611866912043311e+01
1.413331232962474182e+01
2.175847295885648336e+01
5.714819369242702507e+00
2.184124497910108431e+01
1.759740573344146242e+01
1.934692077605872385e+01
2.926959310117958424e+01
3.076674860205652351e+01
8.341113281059731738e-03
1.340595154771367525e+01
1.645843807327419483e+01
2.687619750706033786e-14
2.836745827661640362e+01
2.530646975190873604e+01
2.834627183927242910e+01
2.676750616387474935e+01
1.215373652738266763e+01
4.589864480328104091e-05
2.325472571200875649e+01
2.475087541118416468e+01
2.882631137586414383e+01
1.733937238567671812e+01
2.632350527550049435e+01
2.463910763389474567e+01
2.829296730054205256e+01
2.397521007819555905e+01
2.901707754158047337e+01
2.985197043880281598e+01
2.586002766274156173e+01
3.026097404389530610e+01
9.878347930110358277e+00
2.790153092020270265e+01
6.325142894300396105e-13
1.759402142931548386e-12
2.696299100134367066e+01
2.612063035120203125e+01
3.667114485805737623e+00
2.898031525651413176e+01
7.266726195469841096e-03
2.176950801580868244e+01
2.592050068908651994e+01
1.682471605447218721e+01
1.384787087369237568e+01
6.313120250369583353e+00
9.026461412785943272e-01
1.239581175110382254e-14
1.978930972403735004e-12
1.237366131898464706e-02
6.597071115408571079e-04
2.921765162538666871e+01
2.611633022638746837e+01
2.649862252467953283e+01
3.605138334186621256e-09
2.880951981863639588e+01
2.796443389748477415e+01
1.915605312047948061e+01
2.847701464317496445e+01
2.753610214837676651e+01
7.097097749478497697e+00
1.453933613136447319e-10
2.293477063840998298e+01
2.033078687371405392e-14
2.503884147534686522e-02
6.202464991665587846e+00
2.270906270322467435e+01
2.665259509033790053e+01
2.738811724853931651e+01
9.865185492583991578e-02
2.894935320376054833e+01
2.822453526781267996e+01
2.917560942914020217e+01
2.763990359687068832e+01
3.554690276792410231e+00
1.873505431008942068e+01
1.047199813830674980e-01
3.844818489251835750e-05
1.939284181374299365e+01
2.619113851028727069e+01
2.670990033387422002e+01
1.135364546565139632e+00
6.974029653048950672e-02
2.864883674735909480e+01
2.404272831376825437e+01
