3.632335770378220019e+01
3.243661771163424845e+01
3.299330896895476428e+01
1.198423196068985090e-14
3.446295954989013666e+01
3.734193666697469638e+01
1.143021338808788805e-02
3.293088274245116764e+01
3.459636267018028377e+01
3.573244587884299506e+01
1.389347260444203558e-14
1.059849586196305333e-03
3.477997594478748056e+01
3.438769631858063747e+01
3.571496307842251383e+01
7.099455664971730862e+00
1.057305491157238154e-13
3.576331497150954419e+01
1.553987254855787082e-04
3.210837375063541543e+01
3.272850931138830077e+01
3.404323956758043579e+01
3.664940522239838572e+01
3.683277051331050700e+01
2.028565242414184766e+01
3.654740725003244251e+01
3.505464167962733057e+01
3.350771981506659358e+01
3.426418597998335258e+01
3.388854950378779307e+01
3.286501054339648675e+01
1.716621517489602411e+01
3.898051400297806879e+01
1.633864649054092653e-04
3.410122130054688228e+01
1.133455237351453171e+01
2.569360489712354223e+01
2.338320118876478659e+01
3.191352812801772032e+01
3.435068940171371565e+01
3.640866724438363633e+01
3.351232835271004262e+01
3.482089569800030660e+01
1.521143198352365289e+01
6.159370859182643600e-04
3.723894425885968928e+01
3.633074641158931684e+01
2.207561567574661510e+01
2.456710400599574804e-05
3.232121536232741477e+01
1.714143385374780892e-01
3.160124116629247482e+01
1.817080540049750326e+01
3.274507803803145123e+01
3.634651297269611803e+01
3.428434512787124788e+01
3.250877729702756369e+01
3.596184553939798434e+01
3.083147810470942574e+01
1.413570818776924121e+01
3.418335516147940467e+01
3.361870477695413229e+01
3.345631869730060970e+01
1.042711487825997629e+01
3.300812645257870059e+01
3.197441308344146549e+01
3.309251530944892750e+01
1.034557617833496401e+01
3.440583099629913733e+01
5.857553634347914193e-03
3.294242199920690695e+01
7.871063524716419568e-01
3.120004850563310939e+01
3.357742414818923748e+01
3.455149195123404837e+01
3.327103455041257973e+01
3.550023371180064657e+01
2.664274272630455442e+01
3.199348459767952946e+01
3.428844484824417549e+01
2.878043563999020193e+01
3.635466439543895234e+01
3.450623047633823148e+01
3.008417365982985103e+01
7.166964416377144431e+00
3.254563403738510630e+01
2.117699901630022907e+01
3.362112097109298503e+01
2.984398654235868875e+01
2.470891090296788306e+01
3.327187571487989715e+01
3.267039209202672367e+01
3.071261039331826836e+01
3.267999268514416400e+01
3.276583429475034848e+01
1.768868692756437966e+01
3.192957361586859122e+01
3.744601427552518854e-13
3.423740249571398664e+01
1.083242402543537253e+01
8.225147861246439221e-15
3.521295759917670409e+01
5.113935108483985026e+00
3.272590681315895722e+01
1.725336691075802520e+01
3.215659720510794983e+01
3.527397450180090033e+01
3.186952475553841779e+01
3.062548605474673025e+01
1.350643218577268680e-07
1.668520383190759659e+01
3.314629158861593794e+01
2.986911312219249117e-12
3.219216720070561877e+01
1.326896625586460299e-09
3.059014376180147110e+01
1.507295499881835354e+01
2.877341589856979809e+01
3.317513031129138312e+01
3.370637899390067815e+01
3.354418431134897816e+01
1.816767545683255847e+01
2.995234704042551499e+01
2.042437157339039544e+01
3.156097922110988918e+01
1.500726934703481774e+01
3.232321741196101783e+01
2.973122319929530732e+01
3.613005601857049953e+01
3.378328786599004729e+01
3.394971579226465508e+01
3.260488303791284181e+01
1.886770226120823679e+01
2.725310373219172533e+01
1.086790267917715077e-13
3.346612300704614995e+01
3.274341837867356730e+01
3.436085387241983824e+01
1.308584610441627216e+00
3.491687573486530027e+01
3.511602189120510786e+01
3.258418893135799266e+01
3.036121035402910451e+01
3.468049640731107530e+01
3.695836314061350691e+01
2.883436256419307853e+01
2.096627394056393712e+01
3.041171585608354277e+01
9.778896425521589109e+00
1.973936343260059974e-09
3.105366732676808894e+01
2.708363664922355696e+01
2.806076995221505044e+01
2.922056610176869285e+01
5.411654546973428473e-04
3.343739794607164839e+01
2.678963708109096586e+01
7.452800117853018769e+00
4.673068203010838140e+00
3.490032227990086255e+01
2.350851539712691363e+01
1.610676703136580556e+01
2.930068854758548014e+01
3.263823823309207484e+01
5.266652290733122577e+00
2.984782359716921363e+01
3.214365004445699014e+01
3.252544065683152752e+01
3.490611078905229903e+01
3.288522410227422199e+01
3.137649185852256295e+01
3.221259820988408507e+01
3.308741428711739019e+01
3.288808411571510959e+01
1.071270418601030450e+01
3.626927214957196099e+01
3.356518903731166148e+01
2.898124949585307419e+01
2.952141823875529170e+01
3.603854509956057939e+01
3.074256593392440351e+01
3.329899978979997854e+01
3.303907041283441970e+01
3.295511004617510764e+01
3.282555211660674388e+01
1.023731156129410458e+01
4.965218308257048352e-01
3.549672610116495974e+01
1.582387908550541589e+01
3.280687449999749816e+01
8.830108170336211648e-14
1.927359246491733568e-15
3.315466990532002001e+01
3.063846375505031006e+01
5.099355906275258477e+00
3.110258494189060485e+01
3.282050348481559610e+01
2.385626557088571431e+01
1.526691258501518789e+01
3.126207164167642732e-14
1.485410377659204578e-14
3.924642483704947118e-06
1.058723696452752527e+01
3.254283503959859303e+01
2.814458405613513392e+01
1.367148999129428510e+01
3.220755015929982790e+01
3.209394006839372793e+01
1.015369585915145301e+01
3.315106500753708474e+01
3.261041146725395379e+01
2.971350905562223943e+01
1.098659041788111779e+01
3.393337124342316002e+01
3.275160318932297798e+01
3.346999826187084892e+01
3.351800817145713296e+01
3.126960488202461619e+01
3.217928358754633678e+01
5.861353918192070189e+00
3.309412167430560459e+01
3.219159281314905030e+01
3.290403576732630597e+01
7.802092970455347221e+00
2.112791691651970893e+01
2.911365161153284475e+01
2.395602977621844687e+01
1.449887530182258111e+01
6.485877121442175895e-03
3.360859406512038561e+01
2.946848991487983582e+01
3.395136590148272404e+01
2.413800483916103445e+01
9.019335274837392056e-07
1.434477990094653599e+01
1.686770638754980212e+01
3.443014757928182235e+01
9.755101076726302887e-06
3.228737472222065463e+01
2.855187551088003062e+01
3.315350700405926432e+01
2.649433005682487874e+01
1.195089014798525540e+01
1.455567050798323869e+01
3.163079747744466985e+01
3.065325544549344983e+01
2.572340545829455039e+01
3.408287216403617492e+01
3.045421240902767224e+01
3.390581840086478849e+01
2.948023448755428433e+01
4.503479882069102801e-05
3.048516742945157887e+01
3.416563484493885028e+01
3.392396539980239822e+01
3.295121297677052041e+01
3.401679770983339068e+01
3.183838104189531037e+01
7.434411401079963344e-01
1.822338781178496703e+01
2.328835029840855242e+01
1.685310050332329013e+01
1.366135348058927690e+01
1.962406297608415073e+01
3.645987906355941277e+01
3.038537039483712832e+01
1.596092714639487831e+01
3.104809808273273575e+01
3.865626037117614100e+00
2.272041782432294355e+01
1.790825274546277452e-13
3.197679988081865332e+01
3.097375425651175718e+01
2.800188790760848434e+01
1.391386948417628311e+01
3.677817086614534325e+00
2.976947553314101569e+01
5.713281913721749913e-03
3.233053912043566669e+01
3.305897972482230784e+01
7.025587433520666281e+00
2.939058945485983187e+01
3.131781908864080322e+01
3.251576896259687288e+01
2.658703058847051537e+01
3.528830601387714694e+01
3.033784347782348689e+01
3.416081038635481804e+01
3.465991152741039372e+01
2.856181793021469772e+01
3.537297978126584042e+01
2.977968165124467603e+01
3.343188352583049294e+01
2.547684383112189010e+01
3.165486295590691057e+01
3.257689521971046531e+01
1.661043911660591021e+01
3.525288654931813426e+01
3.274560559472679699e+01
3.238685807913579850e+01
3.419633453625284858e+01
4.080444866307591512e-01
3.383809783391903636e+01
3.182261705867096779e+01
2.933379954622532537e+01
2.742699035929846474e+01
3.194515512701940008e+00
3.164825061058200006e+01
3.151283044307294290e+01
3.098317748215275458e+01
2.922949680051411647e+01
3.243936649851071508e+01
3.323911453117828074e+01
2.440797535649181782e+01
8.225687539832289730e+00
2.606604154365809478e+01
3.082396908707738703e+01
3.312172375402392532e+01
2.964553657091983752e+01
3.016881278628336105e+01
1.020954075986182907e+01
3.457110794271877552e+01
1.618383917509526171e+01
3.142838910248430295e+01
2.501440249268956961e+01
1.395010165709352279e+01
5.603353044440374797e-02
2.651346865276862275e+01
2.876954450747431480e+01
3.128382403347943708e+01
2.935833677252844964e+01
2.988987651170911519e+01
3.285320308626416619e+01
3.017513167025946075e+01
1.006499829038987137e+01
2.960123658812940661e+01
2.456339407706973788e+01
3.404409281365898465e+01
2.924328360904990731e+01
2.179683935530014693e+01
3.326479328910488675e+01
3.165812673209623540e+01
3.213658656301278427e+01
3.067735396465725373e+01
3.170047957545949302e+01
2.380986169524362150e+00
2.040620865614725687e+01
2.950856712169860785e+01
1.708310182321076415e-04
2.160369872290882753e+01
3.118836786669461603e+01
2.902338666647730037e+01
3.464135319729946616e+01
3.149223497530827487e+01
2.960898627850463782e+01
3.034055746530495767e+01
9.600423391020287411e+00
2.692309632142548637e+01
1.935388063708186834e+01
2.919947936314687098e+01
1.085229176701442633e+01
1.113576489307750705e+01
1.529526629749030064e+01
3.252151618653949328e+01
3.304074151500060452e+01
3.812269456048090177e+01
7.455358255036330206e+00
3.162538671558003500e+01
1.619266021833438884e+01
2.875394241143190044e+01
3.155527182670460462e+01
3.098986944670721755e+01
1.579973207957725378e+01
2.984721513676646509e+01
3.166755684776699553e+01
3.067399939191131253e+01
3.321269122028903098e+01
1.846586356413564510e-04
3.106601204674583272e+01
1.785865315166954304e+01
3.127148662423156722e+01
1.551072169028089384e-08
3.304137988208695020e+01
3.162217735792882678e+01
3.490869994059544013e+01
3.389974071239742415e+01
4.147595283141356504e+00
1.874028499402917092e+01
2.798333043822579214e+01
2.260265531455916843e+01
1.296014963249870711e+01
9.376616344923587354e-15
2.498265482550986156e-07
3.317117638931738810e+01
1.963444659078656684e+01
2.388884328525656642e+01
2.944778265625696001e-01
2.945798551090597783e+01
2.539126271130506751e+01
2.918074889074351574e+01
3.239531988239491511e+01
1.093561635834818663e-02
3.136273238881293324e+01
2.888724684691984024e+01
3.124064880383203402e+01
6.413643922827468868e-01
3.247490811956039636e+01
3.158810490197846477e+01
3.402232239702154004e+01
1.808764945462031318e-10
3.035005670163694091e+01
2.979083440658221704e+01
3.766689994435149202e+01
1.603405128027748461e+01
1.247087490561879797e+01
2.944180729160016341e+01
2.909420656869668065e+01
5.905345489920239999e+00
3.086768159958590729e+01
1.151506309583090517e-06
2.061559336803123799e+01
9.873743168589035335e+00
3.372215431733467028e+01
3.113994021348365138e+01
3.049041386724984903e+01
3.130863291314435060e+01
3.468665727475250549e+01
3.102319659632988547e+01
3.254172287948950526e+01
3.033606377085800077e+01
3.196465807551899729e+01
3.375034010855147670e+01
3.026808839961852371e+01
3.122404400862232876e+01
1.169341723220654572e+01
2.985888481444613518e+01
2.979844111264325335e+01
3.297724540789473480e+01
3.074917506000185696e+01
2.752145570416861275e+01
2.978548896978152882e+01
1.276067154954177996e-01
3.221005052784368416e+01
2.728041417715954609e+01
2.173386551038877013e+00
3.175620395352515501e+01
3.164136066254015134e+01
3.328486353573694601e+01
3.156378574546682714e+01
3.285429427618934284e+01
2.619324206021882162e+01
8.416735373856677481e-15
5.850037183621358272e-01
3.133070513179275807e+01
3.443661299736571380e+01
3.118450133199467800e+01
2.049463187580558809e+01
1.365316329971670584e+01
6.228094351484077511e-04
3.054781890548844459e+01
3.264302819809498146e+01
3.295056463168793215e+01
2.881679947913454498e+01
1.681954501449306250e+01
3.003300846068050944e+01
2.693288975056562506e+01
1.368100791886933720e+01
1.704821658958649166e+01
6.011623622804713822e-10
2.219022849898085070e+01
2.847557541979785967e+01
2.637023980364429221e+01
3.189469981643623342e+01
1.321287520260383630e+01
1.351293099133440556e+01
3.377390371607555863e+01
1.008067177120608804e+01
1.007218618816644096e+01
3.130497798413785659e+01
3.568524910059003474e+01
3.334706083433327706e+01
1.977475636771511835e-01
2.740311193151762481e+01
2.597984761307746382e+01
1.946718159274690763e+01
1.152318979814181391e-14
2.870531561248886732e+01
2.328751522428893850e+01
3.051069851612504991e+01
3.706460809845719240e+01
3.233467399939404885e+01
2.947661130329800017e+01
3.095205446270367133e+01
3.107820983784058200e+01
1.383652450681032775e+01
3.205162458212296173e+01
3.147022802172120137e+01
2.519919050392252302e+01
3.198561697890828270e+01
5.953797402980931075e+00
2.892983917860298604e+01
7.021060214999771758e-05
3.175277943396492120e+01
9.363139350564232915e-09
2.578861990877028632e+01
7.866928253075124999e+00
3.124176275396499491e+01
3.103268623740804344e+01
2.198812055906547869e+01
1.440964354699442040e+01
2.566833085458088348e+01
1.839225333343335222e+01
2.202259981269290845e-01
1.175903160633115569e-10
2.824449255570540274e+01
6.975532674641791650e-03
2.725167260530647084e+01
2.930695926905287152e+01
2.297259021435106874e+01
2.668992130253032258e+01
2.579647337963029230e+01
3.385831081027402689e+01
1.571990210336967481e-02
2.886897562432288922e+01
3.241866642830031253e+01
2.133194208992438590e+01
2.466579906308398762e+01
3.175383864728499361e+01
1.427142276178610736e+01
2.957849492710715111e+01
2.907699751143152156e+01
3.333770342429578903e+01
2.935635227843228634e+01
2.845283081716944906e+01
2.901693036572108042e+01
2.006186899295325077e+01
1.073052605542763871e+01
4.758496664140571120e-10
3.102116390875832508e+01
3.122261909745730790e+01
3.270197111344266716e+01
2.527300724812333089e-07
3.237744382253465858e+01
1.801029278046199167e+01
1.179219946616353080e-04
3.244427766369546617e+01
2.962581665430796107e+01
3.025179534833559458e+01
3.004171165277400135e+01
2.389936626548441367e+01
2.486742275787268142e+01
3.319833624826956253e+01
2.580481449412385686e+01
1.191928243782048452e-03
2.822942388370810107e+01
2.649314517246665446e+01
3.132491510126886780e+01
2.098723650125812057e+01
2.424024107787247573e+01
2.057457756586273236e-04
3.558183157190458919e-04
2.904514033554573516e+01
3.068589131178449492e+01
3.311236181196231192e-13
1.903561637024662190e+01
3.055816430116519200e+01
1.282297342413553132e+01
3.063711095800691098e+01
2.241926295941218318e-07
2.901814726128081290e+01
3.116304961182058619e+01
1.273382084978489814e+01
1.178573911720715538e-02
2.968596995784239923e+01
3.284646820766352704e+01
5.087767389329122744e-03
1.632746397215042999e-02
2.112186974248412596e+01
2.837412211098413906e+01
2.782283682004830894e+01
2.643569098320261901e+01
2.007409336172211312e+01
2.024895534287057730e-14
4.706166850042205196e-02
9.209605785060567817e-02
2.047179687950857030e+01
2.564350389249215212e+01
1.463504849407802055e+01
3.159329822132760768e+01
2.692650422978796954e+01
3.200095496526257932e+01
3.144144754604085179e+01
2.506048205661294201e-02
2.864853972150670103e+01
2.084852195656413087e+01
5.884640181116178190e-05
1.735524761261113724e+01
2.993110050653458387e+01
3.031306818941806114e+01
2.482548069023414783e+01
2.680580175907138391e-05
3.233505224869565353e+01
2.692925990551949411e+01
3.081456407032575484e+01
1.647049822843861477e+01
2.268289446673962928e+01
2.949982941357854926e+01
2.038701233388264100e+01
2.477517782352726528e+01
2.984725216810504378e+01
2.927363033780763857e+01
2.677941894872658679e+01
3.052398962514903502e+01
3.136337480488439056e+01
3.086684730762361184e+01
3.100016637338957182e+01
1.456868888725424505e+01
3.201059678182175361e+01
3.180909094132431036e+01
4.932528018899728125e-06
3.410599782155665949e+00
5.936210206873111485e-13
3.510707866048890935e+01
1.793335036086356382e+01
2.826523506517265361e+01
1.874237428582142361e-14
1.561795440449251010e-04
4.010481033298880782e-03
1.781003542070197554e+01
2.657873902133548683e+01
3.304826499027171138e+01
1.847447324560956486e-07
1.496559579327540493e-14
3.111861160283845251e+01
1.901249601129442723e+01
1.873656569562122698e+01
5.100892705144532968e+00
3.146645085296715649e+01
2.680644783403597131e+01
2.840647414636903889e+01
3.077592935498178051e+01
3.050673409213515441e+01
2.613370078313611700e+01
3.105893729960693861e+01
1.308119797367811188e+01
6.895487359797010107e+00
2.765999404206270995e+01
3.068237447168196378e-05
1.829866848095512211e+01
1.485466058462251304e+01
3.068811560372998670e+01
3.220158289355387637e+01
5.161782903813766366e-02
3.076289326966783833e+01
1.496704967453241153e+01
5.210152416361853698e-05
1.824364114950180338e-07
1.049113411329709589e+00
9.882902791925904040e+00
3.126246482652008751e+01
3.151409563181533713e+01
2.903517486148200177e+01
2.779691705117074108e+01
3.277694635962455294e+01
2.839147230932269039e+01
1.841321214992349439e-14
3.162533771311216313e+01
7.037563714870398890e+00
1.526482575219496613e-03
1.993376275154432165e+01
1.647425427848749408e-12
3.120700056679608281e+01
3.088671980756546695e-04
2.909641341017313820e+01
1.919807639186416992e+01
1.463501558136301364e-03
3.167078588502102576e+01
9.434179185017791625e+00
3.079424610641141058e+01
1.879099844316140278e+01
2.650925755567809361e+01
3.077910010291056864e+01
1.436393609454375131e+01
1.302169681822294756e+01
2.717729958043831218e+01
3.020539751541294748e+01
1.409199109765675217e+01
3.198508266714266668e+01
2.828950509873351393e+01
2.626879154776826297e+01
2.608745033708111194e+01
2.077431715041026550e+01
2.984908950553581519e+01
2.973830737289968695e+01
2.143903188894838863e+01
5.241787952836620941e-04
1.607560480730041181e-04
2.695931017394936902e+01
2.885864239980658752e+01
2.127934466610815534e+01
2.654966890282021552e+01
4.719557962174913968e-02
2.671026745789991946e-14
2.630754575356273861e+01
2.789244450670905451e+01
3.016420265162035719e+01
6.026556915369754464e+00
3.172336681553352378e+01
7.467787020477033311e-07
1.793244048852666724e-07
5.915295184118028737e-02
1.741505687327754259e+01
2.833118326296448330e+01
2.697633925616804973e+01
2.528748106150057851e+01
1.964944712925628637e-05
3.045373439986844843e+01
3.177608929808281601e+01
1.820437903502374866e+01
3.999997582062831292e+00
2.193445323520114343e+01
9.633950278370557953e-05
2.786651977725880247e+00
2.884505910853640387e+01
2.274453575041479070e+01
1.376709803634600782e+01
2.021369003614719162e+01
4.122484082627198010e-01
1.645953384492053560e-03
1.524236601001304159e+01
2.983077736383044254e+01
3.039157292847259484e+01
2.868391997979897923e+01
2.238751579144931370e+01
2.697423496040623547e+01
2.266889910200006633e-05
2.342233254495429406e+01
2.111334018244577493e+01
2.342751487320765236e+01
2.926317378664424140e+01
2.807238636711433699e+01
2.998020608066081394e+01
2.826742664664721261e+01
2.740986789775112342e+01
2.893986896007785248e+01
7.629362285747189575e-03
2.899817638029538358e+01
2.175564884410355404e+01
1.710099366085735895e+01
2.589677189709601635e+01
2.144062725586984186e+01
3.903202990055539695e-02
2.360429189473011746e+01
2.404591881323029057e+01
5.375969806236948756e+00
2.930331391139131725e+01
1.238335985285021887e-03
2.884108809199021550e+01
3.706420380189109124e-14
3.197691010698756742e+01
4.799648851496698970e-05
2.752941185118668344e+01
1.335936046619750961e+00
2.910309687935487943e+01
3.227010098824589335e+01
9.360648090315239145e+00
3.141430960111679127e+01
2.763921996413968785e+01
3.115518720541231090e+01
3.109165296340487927e+01
2.379364835658333982e-02
2.456287487224449511e-04
2.049916898702179324e+01
2.628555182390517686e+01
2.971254610402933949e+01
2.781549236201331610e+01
1.037620591982130058e+01
2.455710572035579986e+01
4.592480335086536192e-01
2.971100309975311760e+01
2.640911566897489138e+01
2.752209138118807275e+01
2.886038649941792104e-14
2.732876137742949041e+01
9.841945461190699893e-08
3.586547708705938309e+00
1.731879996318662052e+01
2.960150991581119584e+01
2.762449036777310951e+01
2.774077419203058170e+01
2.885538070504648900e+01
2.338667732046650894e-04
1.594247146039013848e-14
2.676398166755595653e+01
3.205600531400573574e-03
2.655848386338533018e+01
2.770200290136059706e+01
3.281818399326899538e+01
2.898458348219569913e+01
2.390631856478086744e-04
2.851356438447119857e+01
1.696499016160044349e+01
1.051473539673105861e+01
1.410160578268504030e-14
3.636207931042857444e-01
2.794648128917646446e+01
2.885225107408739831e+01
4.243623774224357381e-02
1.169897730192753649e+01
2.212473873348512823e-02
2.872160901590771687e+01
5.702679975726647260e-04
2.303275615194979409e+01
3.174287721133705631e+01
1.576592836348246962e+01
1.530290399964870929e+01
3.042135264481902723e+01
2.592649139282539872e-14
3.182396910727499062e+01
3.243202514724769259e+01
2.022607404727942182e+01
2.937147344654779602e+01
2.875902482804015392e+01
3.043847280403445765e+01
2.797116620200345949e+01
2.976069889645853905e+01
2.713209517860717534e-07
2.930217139205593213e+01
3.016332592420314640e+01
2.558538172078376505e+01
1.700026944716792698e+01
2.843095772297763091e+01
9.290356365525661414e-13
7.002928217321396399e-03
2.876275402058863051e+01
2.835855488968514848e+01
2.790765709883639190e+01
3.089852443908647217e+01
2.812669997542455391e+00
1.197730614139602423e+01
3.569639604263620536e-02
2.950300345717442596e+01
3.262997460677389938e+01
3.057326922408848091e+01
2.584141286384650726e+01
1.197772203869090468e+01
3.254647782756062924e+01
3.014309123147135594e+01
5.248167774814708336e-02
3.053998408782066424e-14
2.713280682597305216e+01
2.558103625145597704e+01
4.760632354264358490e+00
2.894031805564274862e+01
1.845448406327214386e+01
3.105555381283765826e+01
2.661770024967445636e+01
2.737492790926061659e+01
1.669823180053721856e+01
2.770574651722007786e+01
1.743738833592240745e-01
1.686206004238068325e-11
1.355622079727605289e+01
2.591699416779864862e+01
1.228177715012821220e-06
2.736210579319932990e+01
2.996811211276421716e+01
2.679212365512983141e+01
1.729576469237914767e-14
1.493095467646115981e-08
8.995151586715875378e-03
9.362251346652299513e-05
3.076341209782216879e+01
1.300058036027536090e+01
2.381139567482650676e+01
2.850366855241492559e+01
2.288121547279133949e+01
2.461742011255310669e-02
7.998924015058410220e+00
2.028820078044600572e-01
2.662873775772737517e+01
3.147557549454247905e+01
2.541373121644363309e+01
1.814974136152285858e-03
2.954043294208089421e+01
2.559441925262393386e-06
2.514708827412120584e+01
2.375783405061547526e+01
2.559365918888245162e+01
2.715620738115233834e+01
1.636237356146815203e-01
1.746690903984527665e+01
2.615363331601622932e+01
2.653174385072069441e+01
1.110429611852643461e+01
2.573911478183703494e+01
2.873337970558588950e+01
1.562709533236774639e+01
4.259529688368123225e-07
2.777790216713337301e+01
2.318149770960969747e+01
2.089478633833414989e+01
3.531660714764363007e+01
1.928687481544106674e+01
2.999038398058956645e+01
1.977699198197804265e+01
5.948626601119896273e-01
1.700520598744097001e+01
2.790866683630811096e+01
2.547309815210053685e+01
2.701916304235358623e+01
2.502983538173224431e+01
2.682737686088877638e+01
6.780721629659061112e-01
8.278988315596907211e-07
1.863934215068082878e+01
2.550292791584659824e+01
4.890694850211550482e-01
2.990046822679846272e+01
3.075616407257668428e+01
2.685905536781204006e+01
1.386180595798383429e-14
2.361755856581108048e+01
1.919845442757251552e+00
2.784905553832490455e+01
1.163976401353217097e-03
2.788751699552863528e+01
3.058805402344234281e+01
3.047477769580846640e+01
1.655342610129573359e-14
5.484886242209440210e-01
3.019156048189738684e+01
3.290146650607167690e-12
2.040472035974225662e+01
1.031900756790284822e-08
1.140706884222837170e+00
2.960166308950789471e+01
3.919124925291468386e+00
2.987990604427996644e+01
2.554890311851822915e+01
2.505050594377769713e+01
1.222947705443102961e+01
1.476917114601718873e-14
4.939156924078902909e-06
2.632896226833205233e+01
3.108421243124969635e+01
1.636621246788416073e+01
7.434999007053796864e-14
2.845875916706092923e+01
3.045886141260449875e+01
2.545527268888953998e+01
6.938756780695768400e-01
1.127365939314454302e+01
1.931448677746508896e-06
3.591725439609017717e-02
9.990314461543726710e-01
3.213101279936181953e+01
2.521779594630378796e+01
2.907585035376336791e+01
2.840439187652633635e+01
2.359911453864283004e+01
2.149317357860020650e+00
8.447734151842191014e-10
2.298774445266531430e+01
7.374910333218350544e+00
2.472280792390948306e-04
3.514721089672761534e-01
1.486817927297867392e+01
2.957217252915333461e+01
1.709625686641305720e+01
2.648973619235244925e+01
4.185645957103683896e-05
3.003294159405285949e-03
1.534604813871098905e+01
1.313153173583671673e+01
2.312653207867933602e+01
2.736731011388081569e+01
2.358664552040585249e+01
2.576750851768685635e+01
3.051070316692170792e+01
4.474804142546608392e-05
6.488256276087416285e-01
2.837914228287505836e+01
2.779565849406338174e+01
3.409763689393330299e-01
2.622758002122424159e+01
6.548663455476450921e-07
1.477898630411262296e-12
2.217274652063847995e+01
2.037773505036067471e-05
1.493217334942617214e+01
2.715539513195283661e+01
9.387924761711464000e-12
2.530680866033249288e+01
1.080757911647354952e+01
2.720995092192635667e+01
9.984324081146740033e-15
1.740196901106208529e-11
2.113401708496373388e+01
1.654592402341204149e+01
3.189817104465221576e+01
