3.309408290219566595e+01
3.672226398544004411e+01
3.776109590955308448e+01
1.754938609424902296e+01
1.247898339351452890e+01
2.617060336547601196e+01
3.347378685456548197e+01
3.566480542695664724e+01
3.518448223212789827e+01
2.302757253121354708e+01
3.339141469128411899e+01
2.319704416902524002e+01
3.423234289655790974e+01
3.287617462568154991e+01
3.489444949536075313e+01
3.325051379675416996e+01
7.963721851648593031e+00
2.400492879372039923e+01
3.335756771088691863e+01
3.461202344205212711e+01
3.321552312212441649e+01
3.645410539535059513e+01
1.357455329433465074e+01
1.462951234102503051e+01
3.262590263055488293e+01
1.171210955055135017e+01
9.821137276177881847e-10
3.492133615876708319e+01
3.834142943235231371e+01
3.317328203862794567e+01
1.857101685640474642e+01
2.101581068841977284e+01
3.511776162818004821e+01
3.502781186335177210e+01
3.403944104669321291e+01
1.911394384907232080e+01
3.463530109930219680e+01
3.173688467829717652e+01
3.053460076505586684e+01
3.024682590593026532e+01
2.901385121254126886e+01
3.453254748711103872e+01
3.226078826071032779e+01
3.041253464883099866e+01
3.021482243498810050e+01
3.165349548120100920e+01
3.633961103450706531e+01
2.869075510381652094e+01
2.758747949451919013e+01
3.343668473305103106e+01
3.729405760434771366e+01
3.571490460231785136e+01
3.503046077397849700e+01
3.209407342294297649e+01
3.179432142362639269e+01
3.245470129455379293e+01
2.876811193400110548e-03
3.468072072571674624e+01
3.504320053907957089e+01
8.317827600468279812e-15
3.361678928121406074e+01
3.959165026632241791e+00
3.064167536778392176e+01
3.411263883735185942e+01
3.421343078026981033e+01
3.457624030078928712e+01
1.524662305987209621e+01
1.457126144435924076e+01
2.880630233433833709e+01
3.231957765709522334e+01
3.479153595287919387e+01
2.977422726494448924e+01
3.454190290268407182e+01
2.899007129491494084e+01
3.521650153746311673e+01
2.980228991418415063e+01
3.375068149223339731e+01
3.505792628159780122e+01
2.530425302284084577e+00
3.027074012112032264e+01
3.537135808337431797e+01
3.198030201601604006e+01
3.599380259126970572e+01
2.479371704484909245e+01
3.729713391341977058e+01
3.505294612029314294e+01
2.261020685573837596e+01
3.538359061197013489e+01
1.898318803230448282e+01
1.575044411916511322e+01
3.062229219419549064e+00
1.646209413575261626e+00
3.344963517608090342e+01
3.442098191976396038e+01
1.356942063724777725e+01
3.273244218293518770e+01
1.938048119572587310e-07
3.511044855338792559e+01
3.751904390489666241e+01
1.291865236802667019e-06
3.125531033314762652e+01
7.947746536605890810e+00
3.171152857766941935e+01
3.534774642624627816e+00
3.495780726910120251e+01
2.253225057968756828e-01
1.128813291264087080e-08
3.615490494944565114e+01
2.351893752672207327e+01
1.492696267252370798e-11
3.579722811030848106e+01
3.095473808399010451e+01
1.688531110956915882e+01
7.772201120042643930e-11
3.273032014552126157e+01
2.922248508087338692e+01
3.518036407193817894e+01
2.747678193368416544e+01
3.135740805668019418e-07
1.657142922129814977e+01
9.315395221238247814e+00
3.303383123746434080e+01
3.312110432790760228e+01
3.008560840149350568e+01
3.213915621465900330e+01
3.106937400821945161e+01
2.872011249820168644e+01
3.526154256566130130e+01
3.451377639766342753e+01
3.300209713738350104e+01
3.193770014899746101e+01
3.266377977987908565e+01
4.695005578411208802e+00
3.521368257694405202e+01
3.034848811521749212e+01
9.793068833204834789e+00
1.897918360669129711e+01
2.878297172602605158e+01
3.092560418617631512e+01
9.124723158988172489e-02
2.648409076838125264e-09
2.772305316308396073e+01
3.421144363963162505e+01
3.021483103635119960e+01
3.011076196666904536e+01
3.455360859719267097e+01
3.290554212042646753e+01
3.016702061143737623e+01
3.384729714087288244e+01
3.355451977559268073e+01
3.118126611130644221e+01
1.085519695705451149e+00
3.194775355774474335e+01
9.830102475307533894e+00
9.475950589769645660e+00
2.701822220751638071e+01
3.022505672650462216e+01
1.786469362864836796e+01
2.869743857568157708e+01
3.400008772211326402e+01
2.332415800621244915e-06
3.248600760759284278e-01
6.412472361262580405e-05
3.125285409240908407e+01
4.858736007595352291e+00
3.451924181384217860e+01
3.059031316557555868e+01
2.096142318785645386e+01
3.335026338116478684e+01
3.239813475398071319e+01
2.893561621882304635e+01
3.091192372785808118e+01
3.417638334379681453e+01
3.106515599466020916e+01
3.186857105467997542e+01
5.748819555678963411e+00
3.264252270073981776e+01
3.330970124402052335e+01
5.569762524484702659e-01
3.463915423594819742e+01
3.144714805872653329e+01
3.064106350622532204e+01
3.524453312783005288e+01
3.534531760520400212e+01
3.492960821451983122e+01
3.377593188363788812e+01
3.178642322882884130e+01
3.140662997734244399e+01
3.266320684233211580e+01
3.406251454777034837e+01
1.321338005164589546e+01
1.031985618819056505e+01
3.420908172521650670e+01
3.701181883000278106e+01
7.924597158759117965e-01
2.141604458440146175e+01
2.140857007438934900e+01
3.055583624535540821e+01
3.566522489191049061e+01
3.221059275134204114e+01
3.402516150609096712e+01
3.304206138759997913e+01
2.385631649117279096e+01
3.166801812613581646e+01
2.256775631145402272e+01
3.483464629862984552e+00
3.032066992679112971e+01
1.295260047587044183e-11
3.864398942534430148e+01
3.013038319037233848e+01
5.547291483601617390e-01
3.163319722317512017e+01
3.244408623652688561e+01
3.046918148118536962e+01
1.905115959371873657e+01
2.438638998280264403e+01
2.564006009342266168e+01
9.834960584236206671e+00
3.462822943143284249e+01
3.675093303834183445e+01
3.564101815503974535e+01
3.448102024570328439e+01
3.009266722149908801e+01
3.073171740449371470e+01
3.530639028473063945e+01
3.075272264771871633e+01
3.182202579346757076e+01
1.734562316121613379e-01
3.623984319960481315e+01
3.030421465254662650e+01
2.552772600767527678e+01
2.956233099735846181e+01
3.056610599520701044e+01
3.265820008462380031e+01
9.874069875807377272e+00
2.280692709594027434e+01
3.170470295775348646e+01
3.211417897686274614e+01
3.444946763565987879e+01
8.175160217849796851e+00
3.163236698266692315e+01
3.341183227150544610e+01
1.990216572030272745e-14
2.738928502787269537e+01
3.103002641472484413e+01
3.021667524598084142e+01
3.026350813735294309e+01
1.490373183082166797e+01
2.856451056915850373e+01
3.073529213798285920e+00
8.757523395997523608e+00
3.259011182907222093e+01
6.575548525691001092e-08
3.135066435472400315e+01
3.371931789647235433e+01
3.497582976280976652e+01
3.003337214488098539e+01
3.087414591952576615e+01
1.918105669688132764e+01
2.902204653956964719e+01
1.441156512066474704e+01
2.054777892794742655e+01
3.314316059992173535e+01
2.815558220056242789e+01
5.176217620978003087e-01
3.076067032200516138e+01
2.553941360783975867e+01
1.105618325665939350e-05
3.351618577387903741e+01
3.050777527352331475e+01
3.244918602141002850e+01
9.366244605907471664e-14
3.293594786941093844e+01
3.119346338388432471e+01
2.621517017516010739e+00
3.955433527799152364e-14
2.982094617089114408e+01
3.076396543819893736e+01
3.362150364412045178e+01
2.943034363426154343e+01
3.219608467628852821e+01
1.396248555698290734e-13
2.906235256091125052e+01
3.375951450738303095e+01
3.260798582322252770e+01
3.359121531464021615e+01
1.910865489210477364e+01
1.879229363810555853e+01
1.501554821299367681e+01
3.264173574432973624e+01
3.261264102378698482e+01
2.954679941705413171e+01
3.372771217658042531e+01
3.347501109834954747e+01
2.938623013092339065e+01
3.282590932769797831e+01
3.480769642136406361e+01
3.425359426521671224e+01
6.228044826278809509e+00
3.196288187231457201e+01
3.152633840222503281e+01
3.342706096434697827e+01
3.089368804612033870e+01
3.542863021306244065e+01
3.113435572175293586e+01
1.284274554172554339e+01
3.083768037708766840e+01
3.016843334579708724e+01
1.206179518209548052e+00
2.733040461936970544e+01
5.763702995494311845e-06
3.048290769105879860e+01
2.766619418373981176e+01
2.649027306825290395e+01
2.981424839192832721e+01
3.567137465319630252e+01
3.182434111663521392e+01
3.178195284343570393e+01
3.327153058974827360e+01
3.245337975526774699e+01
3.337578669780283036e+01
3.279005680771680886e+01
3.248963029427552129e+01
3.329364132451875236e+01
6.375197925655663456e-01
3.263931170905755152e+01
2.935294947820539591e+01
2.651675421485431983e+01
2.722830714625514403e+01
1.001896002479557168e+01
3.030682878010047077e+01
2.450839284531612350e+01
1.160494158993182445e+01
2.951703884891014340e+01
2.769587131026474225e+01
3.085614469573760740e-05
3.411953165917148567e+01
2.994702773073309743e+01
3.317598937664655523e+01
3.984069873292873876e+00
1.452904359034159043e+01
3.280004007800872046e+01
2.958474482080859147e+01
3.108789407075445155e+01
2.883156473372809359e+01
3.178576913314339691e+01
1.459118942618101578e+01
1.474129908448765391e+01
1.480334815764079530e-04
3.013789626030834867e+01
3.252535010245279068e+01
2.955327279938133245e+01
1.918293249632980171e-09
3.320665753410492727e+01
3.086071848607943835e+01
3.309591839736551577e+01
2.658155650896064159e+01
1.521748969250869798e+01
1.805987320990431133e+00
2.799985554957555678e+01
3.174325002041389254e+01
3.356619553753760243e+01
2.373969547719371675e+01
3.081630336313985907e+01
2.832641561782882533e+01
3.014739039599155390e+01
1.845391545270148370e+01
3.085440172002092396e+01
1.833695916329950393e+01
2.840589539266228769e+01
1.619588282164476922e+01
3.173263025432936146e+01
3.092874441840382360e+01
3.107302224268261170e+01
2.141210451122870850e+01
3.137943366063438688e+01
1.705304169596345787e+01
3.431965524219160102e+01
2.663547113228290379e-14
3.008827300960037121e+01
2.906859868621193854e+01
2.421411624843418409e+01
2.911864169081781384e+01
2.822033217796382232e+01
3.108644903476346855e+01
3.193142062939107717e+01
3.136211264741726978e+01
1.118537894276960643e+01
3.347778067043161343e+01
7.263273087050060861e-02
1.046633693068922355e+01
3.044218688852282639e+01
3.181073126540607632e+01
3.134986410699265846e+01
3.256232096731731929e+01
2.851364592241306894e+01
6.797482968964190242e+00
2.768687450226072144e+01
3.006263796776732633e+01
3.138337062901957353e+01
1.712083486515741271e+01
3.218366079378570532e+01
3.341519562795771492e+01
1.939988395744639504e+01
3.086890655820594276e+01
2.944868845473790486e+01
3.510789185315226746e+01
1.322636591703905040e+01
3.272346694979962223e+01
1.172590588702892056e+01
9.170704631367005533e+00
6.987164357139231084e-04
5.596517754410128460e-05
3.363856646686421215e+01
2.300612528475258500e+01
3.087059217975580694e+01
3.481767052993031086e+01
3.015086901016313092e+01
3.292677164295753300e+01
2.997155407189471532e+01
5.424504871167351417e-10
3.188422481442353273e+01
4.697059289628837675e+00
3.315734596240756815e+01
2.850622093934563850e+01
3.069282318895046302e+01
2.820789713802492926e+01
2.851576531416347748e+01
2.090791561527408859e+00
3.520780216131421270e+01
1.129938208810748388e-07
2.687710761608802557e+01
2.971952058332416513e+01
1.861361065708375406e+01
9.045764507897379403e+00
2.958025800456650245e+01
3.641671158574738598e+01
2.951945941600038026e+01
6.759642143974796680e-01
2.905263348645446086e+01
3.192592919351349323e+01
3.264777864286092779e+01
3.233617172605692502e+01
2.215281307930178911e-01
1.744323947546703835e+01
3.183801503883719874e+01
6.499267216640548739e+00
3.161991045366081110e+01
3.250331903128400057e+01
1.489251911030545148e-08
1.247371060657921171e-04
1.996700747565977352e+01
2.845765331372410145e+01
1.211044991141018402e-09
5.752392757740592655e-13
3.169395007855906243e+01
3.723013055166561266e-03
1.334017596208240874e+01
2.884337925464204675e-04
2.908507666968875327e+01
3.270361042280706343e+00
2.590601720669270182e-07
2.106091320002928058e-04
2.779199824747692205e+01
8.454173523022503060e-11
4.695772989192210645e+00
3.558153003318870589e+01
3.400756287089416929e+01
3.127540838805531109e+01
3.100348544039424326e+01
3.069663940060741680e+01
2.716459761048244559e-04
3.382298153899739646e+01
1.927123752274170028e-03
2.116696579803746536e-02
1.666018571346562993e+01
3.362163799998007363e+01
3.182163331465427802e+01
9.589051503151839739e+00
2.994242759362246531e+01
2.693087812665663705e+01
2.847501988033545572e+01
3.299634136035313503e+01
2.898736089279594452e+01
3.384677028719492164e-01
2.955124291282276161e+01
2.953243391678362073e+01
3.039119741160989818e+01
3.038133924434506739e+01
2.924762837461241460e+01
2.687120795202508905e+00
2.707998226468167147e+01
2.826533009512689532e+01
3.078210477816791268e+01
2.687705137437282943e+01
2.386449967734152366e+01
2.958651764567898468e+01
7.459003692530250529e-01
1.452642116958744593e-14
2.399537665783232779e-05
3.145965845973379515e+01
2.903281528547141832e+01
2.888830673873586363e+01
3.074339903426543330e+01
2.195382860807314529e+01
3.106917503335960973e+01
2.953714513398971775e+01
3.007159397871886597e+01
8.032561803299682168e+00
1.147702468594870950e+01
3.333402595435165949e+01
2.943858930700402254e+01
3.048998814601446483e+01
2.571079742542864821e+01
3.130359766343740802e+01
4.567660891537904631e-13
2.466407399889812524e+01
2.555222174706598537e+01
3.002875033159281415e+01
3.239045988067906023e+01
2.989748409717986988e+01
1.317537231954062473e-14
1.679309434785371735e+01
9.756094200563849128e+00
2.094525044580189288e+01
2.884054365271479625e+01
3.168540615758198342e+01
2.870284074823040399e+01
2.791881655296606004e-03
4.105119282156218574e+00
3.093265905423240270e+01
3.004075953404247912e+01
1.061166493103134628e-01
3.092422640964192837e+01
2.403305906131801351e+01
3.197663535200614504e+01
2.972702421600624234e+01
1.744939768068637420e+01
2.445939335628257538e+01
3.336556854255001525e+01
3.251949289634843865e+01
2.912128119121959813e+01
3.199545154324657759e+01
3.216606581492540329e+01
2.693278058733810099e+01
3.059723855789982494e+01
3.255759489978584753e+01
2.862174448396947923e+01
2.993532954826451231e+01
1.274576193893212972e+00
3.105532545768033259e+01
1.944985765151731272e+01
1.925205586923786427e+01
1.784664180439906289e+01
3.359132087942722933e+01
3.012326222950673227e+01
2.971334537786819396e+01
1.471464460161941368e+01
4.808607580565754116e-04
2.890084082427273060e+01
1.785854120504197340e+01
2.525067467895123130e+01
2.887474223645955362e+01
1.512009902064665179e-01
2.838832796394349600e+01
3.796925047013853582e+00
2.691817301462675260e+01
3.008133742427094148e+01
3.388687346129747624e+01
3.227612584119925998e+01
2.895328527026784826e+01
2.934538863906314532e+01
2.705251316376620641e-01
7.301871033665226198e-07
3.267713488676551492e+01
2.898167981283927830e+01
4.039257980359913674e-06
9.894927199997777478e+00
3.093515175889364244e+01
1.209672893378444750e-03
2.834481894959198911e+01
2.580237360107188849e+01
7.444910312019244358e+00
3.110797122974111772e+01
3.234365176989490465e+01
4.509314609729104389e-03
1.906692839504802706e+01
2.916584201337279225e+01
2.719789917346185604e+01
2.972007564350804998e+01
3.132483535299110936e-14
1.603520079440599133e+01
2.381530646526085790e-04
3.460948129358181546e+01
3.104233409263797938e+01
3.140949959582194140e+01
2.671779593603220704e+01
2.985502619063327501e+01
3.102793603372371578e+01
3.068241221786461637e+01
2.702182495125233430e+01
1.081630647840066040e+01
3.114437685758238317e+01
1.846247827243073113e-04
2.951056271706986323e+01
2.532533787009462856e+01
4.672681146560153263e-04
3.003901331978607914e+01
2.330099348098021039e+01
2.433594884669350122e+01
2.577012657731492595e+01
2.130939439523378809e+01
2.466240709559986755e+01
3.095199523737623082e+01
5.084904080512938459e-13
8.994225866837687988e+00
3.258222222314675065e+01
1.643526842670490495e+01
3.131770743296137027e+01
2.706832080433424537e+01
3.008557548982569330e+01
3.033474197998061683e+01
2.884992356599373764e+01
6.232571645937650491e-04
1.358727731047931897e+01
3.296879667515697943e+00
3.286420513299696987e-09
1.667737446915854704e+01
1.521092341534453318e+01
2.724353102750530908e+01
2.978556585277008750e+01
2.965131372004001520e+01
3.583750653802550801e+01
2.902889192290447085e+01
2.912745284209536578e+01
2.416059746261893025e-13
3.896352589064533581e-07
2.800397914187962556e+01
3.131242191980240364e+01
2.998553777435911272e+01
1.730863996475582312e+01
5.541500182133282914e-05
3.028577025443854964e+01
6.482170729413430470e-04
2.161831637414728668e-01
3.302210141844355462e+01
1.436397969565885230e-14
2.291760129131658630e+01
2.843509472786369230e+01
2.174631771186709273e+01
2.973789087521875274e+01
2.642496473792764627e-07
3.042871726753037009e+01
2.342830769647437705e+01
3.258345948490679689e+01
6.323584109176254131e+00
1.590147894541144247e+01
2.954315686537543328e+01
2.132045619793958061e-08
3.099369415187621613e+01
3.250716336231673864e+01
1.678800282258619703e+01
3.050641728919929907e+00
2.582420931652206875e+01
2.741380607876488895e+01
3.066221657020818370e+01
2.895527729770704894e+01
3.487946420278259296e+01
2.882004556200633516e+01
3.817987466524033692e-09
2.945779615814889851e+01
3.386769596991965869e+01
1.566415991245880512e+01
3.327704785323723513e+01
2.491825502671962411e+01
6.445820508385540288e-10
3.444156065239295827e+01
1.153844655698861565e+01
2.668795775126761782e+01
2.805067182223915978e+01
1.957847743820174697e-03
3.380665826435733123e+01
2.934030238675158131e+01
2.715933129059881423e+01
2.775976083029277675e+01
2.700246668619456258e+01
1.588761966016151206e+01
3.082599502504917766e+01
2.916640389776597075e+01
9.209257536445635407e-05
1.277683062725935017e-14
2.267302580629620934e+01
3.298001059983646854e+01
2.982748439984851174e+01
3.015354488607914973e+01
1.681198850255622190e+01
9.873915460321812887e+00
2.753612524569607345e+01
2.722990788482021429e+01
2.332035684979887432e-14
3.081025780730517738e+01
2.765364180078660894e+01
3.541871691575941128e+01
1.731870508029987599e-01
1.612212401607021530e-03
2.259636245853355518e+01
3.804786220373243419e-08
8.572073616552733636e-08
2.942673651118919764e+01
2.401134623771929455e+01
3.093853649933676664e+01
2.446680047900525037e-07
2.858472816517650728e+01
1.018608537491149345e-02
2.818590924285216914e+01
6.610189269749242369e-13
3.003792043792981659e+01
5.144880434319493157e-01
2.768471576702148695e+01
3.069398210863210252e+01
1.561501513887828807e+01
3.081979285043176731e+01
2.709929451390062471e+00
2.922674798870551882e+01
4.246364668420856248e+00
3.006827018505509841e+01
2.299815445338834152e+01
2.336114211330612278e+01
2.597814264454966704e+01
2.981657590281067627e+01
1.515431240328956086e+01
2.239725596143231812e+01
3.050442139485185677e+01
2.508648291327916979e+01
2.868814877155684329e+01
1.039229996131482459e+01
5.925306875835506304e+00
3.019682399614578827e+01
1.878961507203796444e+01
7.844114981358059346e-02
1.673144531955693404e-02
2.937766948019144309e+01
9.274523557152206665e-01
2.955978980689011237e+01
3.075874622378829335e-05
2.908534775526091209e+01
9.761534301038498285e+00
2.803486379667831940e+01
3.261142986186130344e+01
2.774602964419152684e+01
2.952348722182142637e+01
2.488427727298905623e+01
2.699555902649600725e+01
2.413341418888630940e+01
3.097183099332316303e+01
1.716017868465060303e+01
2.757906884554274995e+01
1.216728451429198422e-11
3.151834268311326947e-13
1.795329739341726594e+01
7.411840029388595819e-02
2.269568385505811037e+01
2.803335019616208257e+01
2.331162541642679287e+01
3.078840775273580377e+01
4.097948914435088170e-06
3.079526798814839232e-14
3.030570581984344258e+01
1.138862971343612429e+01
2.956717826079453815e+01
4.068704205686930839e-04
1.855697255914570931e+01
2.807321830096497806e+01
4.281005796487781900e+00
1.943071382130300917e-03
2.413553818476711845e-14
3.692277480075806468e-04
3.685878443402341905e-06
2.679856829298498594e-07
1.372201957608396843e-06
2.518971691963722748e+01
2.243817063503862030e+01
3.053668511679320829e+01
2.971960656046719862e+01
2.903707807045661582e+01
2.468654783700932415e-14
6.484939444885281512e-01
3.934924168466396774e-04
2.350901698883949820e+01
2.380364736993710295e+01
2.988174537909953443e+01
2.777226719695894985e+01
2.924291131896010398e+01
3.044732946285028774e+01
2.657927903174900663e+01
3.351621905736323015e+01
2.768346451593677671e+01
2.951179934416621720e+01
2.452456715251220132e+01
8.365578764868262240e+00
2.613883231473307944e+01
2.045968466190232959e+01
2.810518222367818453e+01
8.424337467288220083e+00
3.220173560634192711e+01
3.266664410062096380e+01
2.651538258427156447e-05
3.147934738234685881e+01
7.179133624543192130e-13
2.856610244168942714e+01
2.136894514964932057e+01
2.301284180503815691e+01
3.274794585452951168e+01
2.816643177267961917e+01
2.466287310289884123e-04
2.956186264938234487e+01
2.525567947499185806e+01
6.395802142896820535e-05
2.866074102081772779e+01
2.967097989768163302e+01
1.086977015361302465e-04
1.435599064883109399e+01
1.169715573014617490e-04
2.904564142534618654e+01
4.709262796871269033e-05
1.077171647922838676e-01
1.506407975124790244e-01
2.715867843902755396e+01
2.541351951250045715e+01
1.533478074830007287e+01
2.841337783163386632e+01
2.970653530600895920e+01
3.014486576062628487e+01
2.700220326191731957e+01
1.989759562145832383e+00
5.522018917275308691e-01
2.709902940286271544e+01
2.693026760780330164e+01
2.447572103818307809e+01
6.266409000490981082e-05
1.447570716887397555e-03
3.001417199349817011e+01
1.905336247644210675e-14
7.225765679955161586e-09
1.945185060161622914e+01
6.113484100800442356e+00
6.740810133821651284e+00
2.741361927719562885e+01
2.161339756488809272e+01
2.879696657334467602e+01
8.413361559693358416e+00
2.296143797752023374e+01
3.803364618017648802e+00
4.297136102004671422e-11
2.496154862331903601e+01
2.904112751540753123e+01
2.712638845212651972e+01
2.562295213759849991e-14
2.886473670965804672e+01
2.330328018144601998e+00
2.632115345385463781e-02
1.675405788371417819e-07
3.111040726394698908e+01
2.790981830827586663e+01
3.136644836958659965e+01
1.846352574045669215e+00
2.812280570064744367e+01
1.381885109770103178e-03
2.509209963297299950e+01
2.998925329136326923e+01
2.865340062799966603e+01
1.084889968072714694e+01
3.101449775521838603e+01
2.534736616041087487e+01
1.428639625131387270e+01
5.390498537864869988e+00
3.231955960133745265e+01
2.768792363871007822e+01
2.711110450067404543e+01
1.231699408494003474e-05
2.903868995100165051e+01
8.071589333426755118e-05
7.150652844888336428e-06
2.154926947770667311e+01
1.981490074139324875e+01
2.754588332040653498e+01
3.318371061927021515e+01
3.157980231080885147e+01
2.175864019039484631e+01
2.775828093653783313e+01
5.470293306414245723e-06
3.389296374420043281e-14
4.587903678260053076e-05
3.024418393433563068e+01
2.699642418405653643e+01
9.434884093599537073e-05
2.800532768321830446e+01
2.885392552550761280e+01
2.673228487120717034e+01
2.924016693887728024e+01
6.269346731488389252e-03
2.945484869674943340e+01
2.262375107891653769e+01
2.194100483776535526e+01
2.976361139945124279e+01
5.542330041206511120e-03
2.488261380244624377e+01
9.405321470943379753e-14
2.613569075013366927e+01
7.056459136868072690e+00
2.917492507133765045e+01
2.894780387803150035e+01
2.979635107876973876e+01
1.787663844389878776e+01
2.354275689688669004e+01
1.173585794716088593e+00
3.008544286481185992e+01
5.311158822076950391e-05
2.790216319242261633e+01
1.852724753158382853e+01
7.624400629347542757e-04
1.973801467720490166e+01
2.622969680416821703e+01
2.107068821576622852e+01
1.958167568672219616e+01
2.992217341894660976e+01
1.593274921616418373e-03
1.491816696824420418e+01
2.641632768135154308e+01
4.155795401402889944e+00
2.695524217508615550e+01
2.346792222548169296e-08
2.987011000083963452e+01
2.827472920307791426e+01
9.177081905393995598e+00
1.083938442379013803e-06
2.535546041592160194e+01
5.130829459623875710e-01
2.497098429332153913e+01
1.899614050237157653e-02
2.208517093538781495e+01
2.803771068426630109e+01
2.750580953333743039e+01
2.659481109131155563e+01
6.739088433048778868e-05
3.967373583381875906e-13
5.287656593967796748e-06
3.025112668231364310e+01
2.952489102193742099e+01
4.841275488293248053e+00
2.187769683765608875e+01
2.728573559439145058e+01
2.830937704511721620e+01
6.919858160785861967e-02
1.338737052722234822e+01
5.566719229151254056e-02
4.246542180487891858e-06
2.072461154276762230e+01
1.512172861011038094e+01
2.450244705376306698e+01
4.718269886239324527e-05
2.681816410612572099e+01
5.126615728636543200e-06
2.624664251185923192e+01
2.750544410429771247e+01
1.053295994354650489e+01
1.915352698644878870e+01
3.033926322714771828e+01
1.688105211005082751e+01
2.280669850978431512e+01
3.253905764525866573e+01
6.926111803499613853e-11
7.058867285553384718e+00
1.484976985738592603e+01
2.736278128095506545e+01
2.881928807218565591e-01
2.655906660707561073e+01
1.145247834702303720e-13
2.724591225014148321e+01
2.419425564951850904e-01
1.579530714546201935e-03
2.950585153644987102e+01
8.986773797088662974e-01
1.078082523568055784e+01
2.745974712642083659e+01
1.585758473997171533e-14
2.595630802867514131e+00
2.434280070053150169e+01
2.428387265266285511e-01
2.523043427012864370e+01
3.235227109199588171e-05
6.423558980171256479e-14
3.125195061196816582e+01
2.222659617159788159e-08
1.652750976794890647e+01
2.514336922281181330e+01
1.858702163135368579e+01
1.367632343189605493e+01
2.040095187086637551e+01
2.841625456243135517e+01
9.762235266236643838e+00
