1.521375370299642771e-08
3.560689353224971399e+01
3.791636142379380203e+01
2.891561623253759450e+01
3.249704149205786052e+01
3.218913522533129168e+01
1.740690649805035406e+01
3.420860176007010267e+01
3.092597195664401255e+01
3.288780590836029205e+01
3.383274606796465633e+01
3.191031298272722339e+01
3.345396279013853302e+01
3.421542600254477406e+01
2.968099685507682750e+01
3.628743340391788053e+01
3.312370769827943207e+01
1.101467283881082393e-01
1.109569758715628751e+01
3.711587144258345461e+01
2.306019691445814956e+01
1.243904201763452910e+01
1.933959047523520525e+01
2.374640092841201522e+01
2.887012467988039432e+01
3.685608917279437691e+01
3.405138377178106879e+01
3.474939381264149318e+01
2.842356027388458983e+01
3.324397601044334749e+01
3.327869358878074024e+01
1.021492761963432162e-13
3.190810637769108737e+01
3.402405836611099943e+01
3.668256464677390483e+01
3.301418106303057698e+01
2.724916849301892086e+01
3.655879095356522157e+01
3.557286075797210145e+01
3.529427627639059040e+01
3.714044865218119895e+01
3.337434661355641197e+01
9.802063493025384489e+00
3.343950064024836166e+01
3.326070044248488955e+01
3.399631099673300128e+01
2.855509000318274104e+01
2.906699542615545084e+01
3.407532545340205843e+01
3.018669749691623494e+01
3.797622343030376868e+01
3.437245109168296864e+01
3.724789190207826550e+01
3.063202400439361739e+01
3.568955778682413182e+01
1.691707208092551804e-02
3.174549029453180893e+01
3.512986460945912626e+01
3.453478060829366569e+01
3.420794795122744603e+01
3.419184017334855241e+01
3.435339738014567956e+01
2.964939778890281374e+01
3.448178784478264447e+01
3.579463895945257690e+01
3.376895859794922217e+01
3.270124571091050569e+01
3.438229291110349806e+01
2.846292057583663393e+01
2.519021533627477272e+00
2.088684918285924752e+01
1.699885517330967488e+01
3.004459581971180793e+00
7.878895445187737712e-04
1.901116079777571954e+01
3.223060236729148187e+01
3.270210919933577998e+01
1.262867603780759396e+01
2.935362120600397162e+01
3.345957758599903542e+01
3.373420565135993598e+01
3.557475346274514294e+01
3.749371956453870069e+01
1.024853667551729935e-08
3.192209658209471712e+01
3.427587826862433218e+01
3.372050267919227196e+01
3.432765651143451446e+00
2.456304242848031194e+01
3.324858681772339253e+01
3.509308812575559955e+01
3.903255329033509469e+01
3.258472100905260760e+01
3.410765993871386570e+01
3.512356581239625086e+01
2.082513442516710001e+00
7.816255960159072202e+00
3.249094956234495157e+01
3.420528181047757244e+01
2.642192529873175388e+01
3.387146028593858205e+01
2.327932397758501000e-04
3.438943857674102134e+01
3.341249956411021316e+01
3.509139844865017466e+01
3.174873477072063110e+01
6.165616730257851508e+00
3.184715151760594054e+01
3.303853734427008959e+01
3.035992711987868375e+01
3.364734902459650812e+01
3.345436229667662786e+01
3.338944825967882934e+01
3.540882930058968725e+01
3.013602461470468441e+01
3.099202770814539676e+01
3.243968654129598406e+01
3.409507174063941193e+01
3.382178728960051473e+01
1.245135170646984868e+01
2.200545949095127440e+01
3.506262835714978365e+01
3.554751424178459729e+01
2.970120907311109448e+01
2.923939908536058141e+01
3.101493295510944392e+01
3.303333825027983295e+01
3.398691740628440527e+01
2.984629201879815952e+01
4.363693249148390481e-05
1.100179028848597085e+01
3.868219826821610145e-05
3.229470458372262698e+01
3.601147740625121685e+01
3.025396187995918496e+01
2.963729580632634608e+01
2.048207696250646137e+01
1.719122058671475628e+01
3.894218286904816040e+01
2.308994774311473464e+01
3.587149902819205494e+01
3.106638863294871911e+01
3.124236396412355887e+01
7.703080964821611130e-07
3.353119901831092875e+01
1.174206148890624668e+01
3.898985830766626493e-04
2.747824063352058133e+01
8.089347104770912011e+00
3.173703345500792139e+01
3.297311370171881606e+01
1.518571833002341620e+01
3.446519607378206729e+01
3.057120540312752510e+01
3.122002600725287991e+01
1.455766018475031842e+01
3.196084149792422480e+01
3.176088774749371879e+01
3.458943935332450792e+01
3.582447868948549541e+01
3.315900159797082836e+01
3.097779068842351080e+01
3.500617674839619298e+01
3.507764908714747065e+01
3.306007770336837837e+01
2.696340627715594351e+01
3.166355314058903048e+01
3.358186790783387465e+01
2.977505789033907391e+01
3.357166113453956058e+01
3.317744530799801339e+01
3.571652651008192692e+01
3.368607061682774884e+01
3.316805968146610439e+01
3.330595837627022604e+01
2.831988931213065899e-02
2.973485878899470691e+01
2.719365648690998682e+01
1.544810432818782431e+01
3.149792614180814709e+01
6.732016871476263938e-03
3.530458581159105336e+01
3.085644959877863158e+01
2.927121841999676022e+01
3.437034176837250499e+01
3.430659113808882665e+01
3.155396532464329340e+01
2.986354292377921382e+01
3.431076880251418260e+01
3.184034282162020446e+00
3.280033868745063330e+01
3.459352585251268408e+01
3.300668080060466281e+01
3.099964946447930458e+01
3.132083922802194564e+01
3.338468301968414664e+01
2.300556954248146990e+00
3.493105083030622637e+01
2.911646998274722264e+01
3.702748649453174323e+01
1.827744309760554486e+01
2.168922293631858267e+01
3.340018008737672517e+01
3.669388601044550313e+01
3.006605961945981775e+01
3.671595198480034128e+01
3.133281338066217714e+01
4.225545614965589003e+00
2.943811259532269986e+01
3.457683641404466357e+01
3.109568720815315146e+01
3.310693902154597623e+01
1.440112232926780322e+01
2.324677523453807382e+01
3.162192382071829755e+01
2.828399332156140744e+01
3.511724333646328233e+01
2.698479464363605729e+01
3.348200095604718740e+01
6.288528297304696313e-03
3.515635696150234586e-06
2.833867442609255605e+01
3.326926137324525712e+01
3.172709057988917891e+01
3.339336591450294378e+01
3.462008113104661788e+01
3.159235322118761147e+01
3.363907135351666255e+01
3.407284077076534601e+01
3.020897822746202621e+01
2.854288745586671538e+01
2.998354711530816985e+01
3.474814077066821483e+01
3.293498198600930493e+01
2.880747125441643064e+01
3.287429074050019295e+01
3.048786733459730769e+01
3.784356202370559736e-08
3.226963676220471200e+01
2.229857520554873673e+01
8.838246019835599654e+00
3.293048517446582935e+01
3.418047388051124358e+01
4.737609997477339796e+00
2.910230251821558412e+01
7.623327002456699395e-04
3.387364191686279469e+01
1.524376972555857890e+01
3.661448727062222019e+01
3.316906690378636569e+01
3.221155061949146159e+01
2.347840215222346316e+01
2.974827074587189557e+01
3.294092626766221343e+01
2.525853167899246543e+01
3.197378358178031377e+01
3.201851698440807326e+01
2.929731253676051139e+01
3.182638505082987734e+01
1.486677193013467324e+01
1.393873590812771646e-14
2.220389065006644458e+01
3.263041585062286742e+01
1.438670805023322430e+01
3.405214942735877770e+01
1.286782866441779204e-03
7.307854551044601799e+00
3.389166518835068587e+01
3.444145800336853114e+01
1.318199661154099012e+01
1.232901105950188914e+01
2.802739024166428550e+01
3.236046963255110143e+01
2.961045528912326930e+01
3.242798378972945983e+01
3.167851033652459236e+01
3.266938178787468416e+01
8.497402070462851764e-09
2.031755585581663306e-14
3.076677700167775242e+01
3.225564512425295760e+01
7.565894495533705744e+00
2.085992288962733099e+01
3.259643121739100025e+01
2.463934120490455726e+01
2.129330868687651090e+01
2.044756786307285523e+01
3.007121718380337683e+01
3.279384934646115113e+01
1.032237725556618836e-14
3.185262007837588882e+01
3.011120067554281299e+00
3.376297216864307416e+01
3.579030941529057941e+01
3.214242369862463988e+01
2.949396620381101641e+01
1.887378698644451802e+01
3.490643466003200501e+01
8.693814116646968816e-15
1.258115725280548780e+01
2.783256557012967392e+01
3.091954844491447574e+01
1.808556894652231151e+01
2.438551350297792303e-05
1.325005935609733498e+01
2.149846465033802545e+01
3.314171711896076289e+01
1.664813636474911362e+01
3.036576423700454086e+01
9.475606349826955821e+00
3.049509448042149984e+01
2.877183740968336778e+01
3.221143824739729666e+01
3.506498034782541140e+01
7.248032759980640449e-01
3.142616514155782781e+01
3.280949471968717290e+01
3.446308973123634445e+01
3.346131423869215382e+01
2.037657633463452456e+01
3.330071766298143388e+01
2.309068878192140239e+00
3.107360242813501827e+01
3.336051849271126873e-05
1.026607643218868000e-14
1.117522304959622126e+01
1.352198826627316830e+00
3.305410982862365898e+01
3.347529901272385189e+01
3.207342835756819710e+01
4.996090680033354881e-01
3.417453066265174044e+01
1.526946994472486629e+01
4.692873752642984786e-01
2.422176408884326548e+01
3.425063487585273236e+01
3.208185221173813062e+01
1.848289590415269079e-01
3.020425718944808935e+01
3.254794672613846984e+01
1.179867634204305737e+01
3.474286042770836636e-01
3.095312038987982461e+01
3.342508753343941663e+01
2.413522508919432141e+01
7.198297521594040118e-08
2.494786249789210331e+01
7.917029307828410190e+00
7.667639908653166581e-01
3.004399160067887564e+01
2.888641461471533844e+01
3.045731622892701296e+01
3.084839459111400117e+01
3.308256866338445690e+01
3.359266676586911871e+01
3.328268552634374089e+01
3.212491796160212942e+01
3.079967276886343441e+01
3.334304034647043835e+01
3.276854981885724527e+01
2.069779799913852258e+01
3.196404220211163150e+01
1.305073213744832872e-01
3.489286511233198951e+01
8.202588196530104625e+00
3.373703613968567794e+01
3.202167815985981747e+01
3.358901624870642744e-05
3.255787010641075341e+01
2.988235482978680579e+01
2.481198865893082939e+01
3.239456783805867701e+01
3.452959726617619651e+01
2.914299881479890075e+01
3.131415225801238478e+01
1.479708757907851435e+01
2.808203021419198664e-04
3.227700204592962052e+01
9.752962855257715447e+00
3.331987668705331629e+01
3.288835275365683231e+01
3.163499277982642965e+01
8.742903434404178498e+00
3.356241617225808227e+01
1.345002229707479735e+01
3.004345529912963642e+01
3.263958022493109468e+01
3.141908727735428997e+01
2.664528235284572943e+00
3.133248257246041746e+01
2.947670082588394536e+01
3.108453705959779256e+01
3.182618593905363014e+01
1.283802571965796169e+01
3.218641406840988139e+01
2.779259926337388720e+01
3.188901937690901889e+01
2.690628419167527596e+01
3.227570027103084982e+01
1.936595008709977606e+01
2.369421155517601107e+01
1.319505958146666735e+01
3.168173711508213941e+01
3.179333126987454605e+01
3.522891848126111825e+01
1.961434256186978686e+01
2.857729985446225029e+01
3.129682546733501169e+01
1.722497573698988199e-14
2.863830112912825143e+01
2.842335132283531962e+01
2.918193769809519011e+01
3.321198155706215260e+01
1.358305320811094674e+00
2.719115920616481219e+01
3.145043495055848481e+01
3.366509418836315604e+01
1.368244060066005474e+01
1.686709813331870096e-05
4.210814517059885318e-12
3.206481394154216247e+01
2.447586186475124097e-09
3.133695180514716938e+01
2.723450057056221141e+01
2.835266223083703352e+01
3.233770352312316021e+01
3.309545688038641487e+01
1.240905518461876866e+01
2.629780113682931386e+01
2.876396037567517894e+01
2.887649065452519892e+01
1.267746028798515745e+01
2.748608400776347338e+01
2.916051735343544848e+01
3.172300053578133827e+01
2.974891290078149098e+01
1.007735078045906363e+01
3.291763466945470640e+01
3.301130638935183015e+01
3.386958032511617489e+01
3.038012207050974212e+01
3.291875720127349325e+01
3.318589607838579525e+01
2.899701877301919239e+01
5.822694176541298727e-04
3.102076654502976183e+01
2.523125699635407315e+01
1.293317895925571881e-13
2.980374511213436151e+01
1.490782680699787832e+01
3.403032706093087967e+01
3.110556593808724557e+01
3.073255516277594879e+01
3.284369321930847718e+01
2.995444715535617775e+01
3.252249209119703721e+01
3.176455117362154468e+01
8.175274627124363676e-04
3.018349975428891341e+01
4.015252673947098949e-01
2.956205070194890538e+01
2.862169048154479256e+01
3.002384850434345864e+01
4.392603461939438070e+00
3.108899012822614338e+01
3.189186404917422024e+01
4.270714093665705535e-05
3.098489625859853547e+01
2.813988171636504276e+01
3.214443359066005002e+01
3.485147984514646424e+01
4.418793911519193487e-06
3.652916345418308453e+01
3.227729163554084835e+01
2.798966807033318460e+01
2.488857021572546557e+01
3.172964206977104240e+01
3.028173077904643762e+01
2.630342207592161685e+01
2.798806554140026748e+01
2.371116290434098772e+01
3.058077527734954515e+01
2.994093491948929042e+01
3.262705518608490252e+01
1.006567651240844263e+01
1.746259445077824068e+01
3.951534288467361335e-05
2.416611214883539560e+01
3.189099193825886758e+01
2.632738067404835647e+01
3.003371308155610109e+01
3.408322727074239822e+01
3.435029400752306117e+01
3.139169842737867368e-04
3.342062263694460711e+01
2.533190970430536389e-11
2.906432635838947931e+01
2.840019480687852393e+01
2.779039273545777533e+01
3.081830514252312625e+01
2.772274411262692340e+01
2.222765977538185567e+01
2.830254752101912530e+01
1.579805432712033841e+01
3.234897727568710479e+01
4.352818390989742824e-07
1.986165821907452411e+01
3.350475170718858209e+01
3.216081754688907779e+01
2.876644892154438438e+01
2.951738696106199100e+01
3.079356789714707472e-04
4.845117887507594456e-04
9.823892217800176851e+00
2.920111992298405923e+01
3.008039179546524622e+01
1.088215169497588874e+01
2.843004901482838065e+01
3.416050623662479779e+01
2.085493370809157199e+01
3.018922878413471267e+01
2.915374736705768299e+00
1.653911978154850360e+01
1.630498566303821306e+01
3.165971758626994870e+01
3.010052406400573233e+01
3.100400671461346036e+01
3.075631072184374304e+01
2.538547478517133271e+01
3.596342771266294136e+01
3.144918849354096579e+01
3.224425730667859114e+01
2.851488129136538419e+01
7.132317286449259557e-09
3.192604673088602851e+01
1.462241358525112567e+01
3.346570599258812706e+01
2.873692693580145630e+01
3.245258698058546543e+01
3.108497609672805595e+01
7.349387269501951536e+00
4.375607045804245053e-03
3.081541537206868142e+01
1.634480014460102823e-09
3.157247031964429596e+01
1.980841984203267003e+01
3.105301438917853218e+01
2.141809421681811543e+01
2.677223544079849304e+01
1.125370647718518073e-02
1.926694232099386052e-05
2.468380856968188328e-14
3.360614107974494402e+01
1.906833283122316980e-01
2.770576607042557882e+01
2.167126910851000536e-11
5.306132846343072093e-04
3.020049794594175552e+01
2.925804250989790134e+01
2.456987820276647838e+01
2.888922706330679802e+01
3.314573968329316500e+01
1.195551635300315819e-03
8.803761049755021162e+00
2.816282496391093915e+01
8.226410421941489304e+00
3.308682711330718718e+01
3.256310706837210489e+01
1.838398131276314240e-01
2.771137348682783141e+01
2.281480928962094623e+01
3.174048229622312078e+01
6.867602827091414674e+00
2.207751181308334765e+01
1.341422687919097356e+01
3.147080537456662341e+01
3.312452754671662802e+01
3.379748216118809978e+01
2.822582676673864199e+01
3.140217270433441854e+01
2.862511550987618847e+01
3.122006215779560634e+01
1.278934271698923020e+01
3.297134233152176108e+01
1.965933483499000989e+00
1.745415549654643073e+01
2.974694917539246575e+01
3.316439896008894550e+01
1.930995540825970025e+01
3.122375449196779940e+01
2.318570336987493637e-05
3.171980435113160723e+01
2.484489453341834145e-14
2.606591601923496881e+01
3.068278027595161817e+01
7.572814424563156344e+00
3.077964631210952717e+01
1.092245831877415441e+01
1.822912286149962213e+01
2.777735814924308499e+01
2.917744128116559921e+01
3.042777843283389316e+01
2.927127773994192594e+01
3.938152446994199332e-06
4.206983987607117170e-02
6.604565991440950690e+00
2.973145433758539014e+01
1.012141177142431353e-08
1.583663097162950448e-04
1.829311750017611232e-05
1.005540647270890631e+01
3.070391370727619318e+01
3.300748295441182734e+01
3.253336616111231905e+01
3.204010234117373557e+01
2.504566590908754620e+01
2.285532438137546224e-02
1.307453067576150829e+01
6.399824468473933159e+00
2.367342167458969371e+01
2.642480936641215905e+01
5.707574228890559238e-05
3.122286105029529324e+01
7.371582410391773791e-05
2.566866445422207911e-03
3.142749012439840328e+01
2.833180656258383223e+01
3.001551151834728870e+01
2.990716087530982037e+01
1.450039543429541555e-01
7.088856480553522299e-02
2.847747750025209967e+01
1.793723828104821221e-14
3.006441696913767458e+01
3.412215140797154334e+01
3.240962899490438076e+01
3.200954718849416736e+01
1.206568356317289137e+01
3.058523218160395984e+01
3.156007668485742101e+01
2.405630772936644490e+01
1.955902208786143959e+01
3.528929992535143612e+01
2.299269642052296447e+01
3.068193001390285701e+01
4.130015777813867417e-01
3.383041160169039330e+01
3.119976948128580574e+01
2.563418427064181770e+01
2.938529489506815295e+01
2.131341299825392710e+01
2.786511422416907990e+01
3.331772462159698733e+01
2.075018798352734350e+01
1.458217063427074931e-14
1.978395434428668698e-06
1.124582790616860173e+01
2.630175061055513552e+01
2.400517119454582634e-10
1.261965459578682225e-01
3.039253497566934925e+01
1.442040086684867953e-02
2.177882239848534596e+01
2.778493783328297795e+01
5.112415964644722617e-05
2.881905592783124703e+01
2.018967106421664326e+01
3.195730993892389549e+01
1.733873405782744115e+01
1.387234224292828877e+01
3.073684500668447939e+01
2.937779168877942126e+01
3.021498630327129931e+01
1.978529662569919978e+01
2.129932468826686431e+01
2.064761110203944483e+01
7.668315344342609308e+00
2.793682642739303290e+01
8.749292316363193933e+00
2.857095166251626139e+01
2.947745187793081456e+01
3.194912088035079023e+01
3.295943693359545631e-04
7.793629261840868239e+00
3.098351929726274889e+01
7.198624595905964796e-06
1.667282467642711197e+01
2.178989279519406200e-14
2.970697120867822605e+01
2.847263200269666683e+01
2.528884586469615314e+01
3.129440507839134611e+01
3.163446531394962946e+01
3.088430241214967964e+01
3.003250380517276241e+01
3.123927896237940516e+01
2.057335960590822924e-02
3.302098999791909506e+01
2.973469965781223223e+01
2.905039485993182069e+01
2.847644065114621981e+01
1.176462603058701895e+01
3.220149175839127764e+01
3.147019339076823385e+01
3.112115026042966193e+01
1.900045871019540300e+01
2.797656530012076814e+01
2.830078332355704163e+01
3.032499074543513728e+01
2.541588240989769787e+01
2.716338909582358241e+01
1.884862962096876559e-11
2.657443382978598478e+01
2.294537324586136506e+01
3.014445899164748610e+01
4.517741358666931041e-07
1.524486284025935845e+01
2.795928418446748864e+01
3.370787502607311126e+01
9.587206482064555280e-01
2.019296528911509370e+01
4.620985644181471841e+00
3.189388484083553266e+01
3.037102022485104413e+01
1.075764857599735336e-04
2.936970271677393640e+01
2.703868446070335807e+01
2.596487323981519779e+01
2.771824370560011275e+01
3.265730606708346073e+01
1.940620348653125049e+01
2.766580643972454823e+01
2.801537362340489423e+01
1.850924423235309746e+01
2.945689036923483783e+01
3.072715042425079091e+01
2.229473869060784319e-02
2.822231914833672306e+01
2.880812471544483344e+01
3.047539443151845262e+01
2.903183127852281231e+01
2.956883363336250881e+01
4.055240545934700458e-02
3.103293627675082289e-04
3.047786071667957586e+01
2.741556156860523430e+01
5.674298635227794822e-11
2.885070277974867992e+01
2.390724275276595868e-09
9.525889680102276103e+00
7.264283591317395291e-05
2.891093867515191462e+01
7.901856586590447565e-06
1.389567117909514948e+01
1.514126741422789127e-04
3.161917893932454504e+01
1.580046111215320346e-11
3.208396056532425433e+01
9.734888543974383524e+00
3.211672915970304132e+01
2.583701404942111779e+01
3.033136200570115548e+01
2.838000927286178054e+01
2.022778617945971291e+01
2.628020587165567434e+01
2.888112932300020930e+01
2.900709225805136171e+01
2.673076793717407540e+01
3.082118219804284109e+01
1.255674370022604736e+00
2.688347356589071779e+01
2.783822976285529194e+01
4.584776346008841208e-07
3.108439263364847349e+01
2.624748040167793661e+01
2.783162436967968745e+01
2.849514353555269253e+01
2.661908173818914491e+01
2.721779615595204405e+01
1.324062684856671958e-08
1.457550175477939369e+01
2.923118830045639882e+01
2.811303981033818644e+01
2.906893450221287623e+01
1.792198822904971012e+00
2.999093826577793820e+01
6.088308431866909360e-13
3.041415451003690862e+01
2.634415867635019737e+01
9.668356865835006468e-04
8.798666363986862748e+00
6.403857109479251797e-01
8.856817367909436459e-15
2.904734318416370087e+01
2.108721560813602736e+01
2.626803281989407424e+01
8.366656336853833809e-02
3.162892941487633180e+01
7.831233982473079225e-01
2.664815681809252723e+01
2.652337478136403348e+01
2.780993705604636901e+01
2.269202658256224936e+01
1.963300158599860268e+01
3.143063066449538567e+01
2.765078900303173626e+01
2.834670425113887049e+01
2.695269629099329123e+01
5.646019721445460398e-04
2.739936781153856415e+01
1.065995036459859868e+01
2.036584453828855878e-09
1.643601401093196389e-11
2.831455782902536811e+01
1.123853954701489917e-03
3.216646245976732388e+01
2.919582194355358951e+01
2.785919827360120848e+01
2.224739518801669647e+01
1.516828215180288275e+01
2.549663111312065666e+01
1.220284119108310970e-03
8.904853801271080949e-01
2.881237839000731427e+01
2.949537937589743208e+01
2.037592223361921384e+01
4.606426466660531560e-04
1.600758240574484503e+01
1.582571501592960850e+01
2.535486471628898641e+01
1.978442712549002991e+01
2.883402537469601512e+01
2.503288276601553974e+01
2.338324336729366593e+01
6.089374140878192621e-02
2.843224132031206608e+01
2.937494543976838912e+01
2.860954615724124750e+01
1.766382226082522933e-01
1.539828257738936657e+01
3.235341914188270351e+01
2.709298440447692968e+01
3.170067182660985594e+01
2.856855748792045446e+01
1.048457922842336956e-07
2.421683445309492726e-09
2.800944029854487027e+01
3.092229827784585439e+01
1.846208683355014202e+01
1.896609346302745180e+01
1.447657982709841029e+01
4.010864609855789261e-14
2.845387464227344765e+01
2.155683179877441458e-01
1.166671816030840114e-09
7.012929817301490065e-02
2.822213573657993635e+01
1.302266824458656735e+01
2.539640216020085361e+01
1.558281680168742866e+01
2.854513723600492850e-13
2.791972909124499580e+01
2.170351476196366036e+01
4.058853440298512347e-03
8.017090114269256773e+00
1.720228200462414847e+01
1.173753063678194084e-10
8.063100752188047338e+00
2.997946094723787169e+01
1.055903025934619080e-04
4.027492513888851749e-04
3.029268442515501647e+01
2.986425593177913385e+01
3.065225480680826564e+01
1.432259419253014343e+01
2.413799677183907022e+01
1.430793422485206712e+01
2.140238267081702404e-14
2.854392236434933849e+01
2.800294877795289139e+01
2.940051269597367423e+01
2.948192276011022983e+01
1.631539232391255467e+01
4.106654607438626314e+00
2.873903308036536330e+01
1.699069093278829990e-10
9.470903241145592233e+00
1.877260588617046011e+01
2.806557625335747375e+01
9.080331993769178521e-08
2.868339591308124881e+01
2.162049485463273868e+01
2.741074224392761138e+01
2.511154641116179320e+01
2.635901745140048337e-07
2.048597520683891376e-10
2.700152808877613695e-03
3.022193476020092717e+01
1.281875736768181388e-02
2.939192594544491044e+01
3.173304579540705816e+01
1.700837493743076554e-03
2.981181782558635973e+01
6.281566801704425274e+00
2.855570632537247988e+01
2.872461821449891772e+01
5.432894504181019913e-06
1.975757774590720928e+01
2.072728862032590058e+01
1.480357092220535975e+01
2.834053015359264194e+01
2.486012782757376272e+01
2.568878802377706450e+01
2.718448507454477436e+01
7.392454170217619414e+00
3.052063429930516847e+01
2.017143221532132213e-01
8.985941956155743668e-04
2.714647901391228402e+01
3.191201601253721876e+01
4.466439769958903683e-01
5.532618121587003224e-02
1.782624421688625205e+01
2.603694993003939473e+01
9.259531000051541443e-05
3.154907061964865989e+01
1.091660559179984936e-12
2.395091231735522541e+01
2.741228462433480928e+01
2.300804309391126998e-02
1.084466988497452178e+01
4.795776349865107369e-01
2.482968591070860143e+01
2.894895567704407568e+01
2.742462619234759202e+01
2.391426442742113068e+01
2.879895075278326644e+01
2.327963765807532326e+01
7.171665309051227233e+00
3.111373700002278753e+01
2.831034093615080138e+01
2.756940045636386927e+01
2.834850289491168951e+01
1.905042984191355515e+01
2.564496161907692340e+01
3.161893511441391880e+01
1.649250974020620220e+01
4.443144865149259437e-01
2.035081041161551241e+01
2.926372400433060861e+01
2.313496015354144575e+01
4.730834771289909666e-08
3.395343962071061816e-01
7.752147394321012462e-14
1.386319300319471592e+00
1.105959714779605196e+00
2.182369644824055044e+01
2.728394111252135446e+01
3.087436584602610523e+01
2.534896979664464922e+01
6.866772045755792267e-05
3.947485630782018307e-01
2.488946237255849780e+01
2.041404952437957121e+01
2.733725714222513403e+01
2.345241013279141029e+01
2.423569854239352228e+00
1.249398697666334836e-12
2.867485875152592101e+01
2.643922738210934398e+01
3.163186703618141138e+01
5.355928038171000303e-05
1.508553709534784445e-11
2.921451337140710791e+01
2.463611489841868973e+01
2.493277635508357193e+01
3.128981461715259016e+01
3.042567590206174444e+01
2.333653657861707131e+01
3.944123746255538077e+00
3.055576879019672987e+01
8.833767491450883371e-05
5.048968691903987782e-01
1.860837115567123826e-14
8.229605982876782340e-09
3.050398697866489428e+01
2.377338340763855840e+01
2.652236334691381003e+01
9.777899343756420336e+00
2.658181235626808459e+01
1.814320135624943530e-13
2.448502433643723109e+01
2.717632504079637101e+01
3.304565233737144409e-11
3.075668139634433373e+01
4.083025527847677844e-14
1.462934558413926457e-14
2.674892524109828784e+01
3.274541399537019259e+01
1.789729856157562793e+01
3.290702629640627076e-05
