3.500888812094287061e+01
2.578051973851237832e+01
3.413678492685617272e+01
3.276285683589245679e+01
3.721991138918341591e+01
3.434430473318221999e+01
3.057951482756813633e+01
3.531012042312099197e+01
3.503314649672250880e+01
3.535534809668492073e+01
3.334332951591334648e+01
3.506646372655459487e+01
3.179518871451747586e+01
3.652257831723587600e+01
4.274734036417528259e-04
3.590515284502043158e+01
3.061388781268670911e+01
3.308530201152821348e+01
1.234538680925384391e+01
3.167356944311191924e+01
3.548161306144240257e+01
3.390731231189840145e+01
3.218472923463813373e+01
2.334060715724318769e+01
2.415380807963727768e-14
3.644078350280540946e+01
3.480309031231199413e+01
3.374556824122499421e+01
1.633722771909798865e+01
4.343878716790307237e+00
3.354534415576103612e+01
3.236178068882957604e+01
3.542444212773744283e+01
3.294274650719278696e+01
3.858390894966980511e+01
3.355962255073244194e+01
3.337300976244016937e+01
3.200340135493365779e+01
3.161711437137951464e+01
2.005526679410547519e+00
6.953276668319341046e-05
1.004219023501954841e-02
3.572818498556394928e+01
2.956649856130139398e+01
3.196287717320669941e+01
2.049160408112778953e+01
2.519868391948123687e+01
2.708619116172017982e+01
3.224051556742267621e+01
3.446251326659251646e+01
3.098004197854279340e+01
2.413719958812301624e-03
3.043131405595096339e+01
3.564938540565779590e+01
3.252621535592106738e+01
8.780112948133234951e+00
3.287596386954889203e-09
1.991438188971538992e+01
3.040692301920210028e+01
3.425958321336170087e+01
3.519131335638494562e+01
3.472330220044056404e+01
1.568991167821141630e+01
3.355605423720744795e+01
3.534845035242591393e+01
8.507949829648199014e+00
3.408150625857952321e+01
1.165861779020630183e-14
3.475385836275949458e+01
3.595610200949914059e+01
3.549323039924516365e+01
9.106833840466936891e+00
3.024427672772543119e+01
2.925863885739620684e+01
2.429439868011615644e+01
3.600377853064158273e+01
3.289245216538976990e+01
3.283139051187160362e+01
3.186354353214147039e+01
3.640773821433049307e+01
3.803296422167681357e+01
1.203846333106365796e+00
8.014952802835866193e-05
1.412275954287283905e-03
3.598950138764227802e+01
3.426803344300072496e+01
3.367014135048527379e+01
2.353452689878740145e+01
3.277447782954136102e+01
3.560220719573764114e+01
3.419753118601806818e+01
3.578115473415822123e+01
3.447072497039668804e+01
1.792447074002543772e+01
3.202848846873334310e+01
1.191084624676815029e-01
3.042169997101197154e+01
3.448737008973072449e+01
3.603069245857059144e+01
2.417170433852319178e+01
3.337176056089356990e+01
8.147362861273624191e+00
1.668581426039091298e+01
3.198887069756176516e+01
3.182503827266527807e+01
3.287142070378774150e+01
1.387206107333211591e+01
3.319885678386818029e+01
3.131674405479275691e+01
2.891561099906487442e+01
8.608543159865510219e+00
3.124530692784973951e+01
1.270754268474631354e+00
3.371409194517516994e+01
3.104421809096475116e+01
3.575912350868380685e+01
3.059590408174478782e+01
3.982179951996462108e+01
3.468704440843298187e+01
3.234937267652257020e+01
3.185787332653249848e+01
9.057807808251039372e-02
3.339054755786884243e+01
3.299452385894065287e+01
2.742035672032579541e+01
3.090569017322288659e+01
1.788600659800822570e-02
6.726986559883724177e-15
3.285670253972103438e+01
2.218814815277331220e+01
2.256451123476515619e+01
3.059574826763445898e+01
3.061828753643805001e+01
3.326020166576682868e+01
3.236873208243970623e+01
2.802278874995434066e+01
3.354422040457095022e+01
3.126243748304699821e+01
3.319186199536783022e+01
3.448746367670941027e+01
3.442159893679563254e+01
3.430570999786542785e+01
1.919046053867927881e+01
3.441107878999490310e+01
2.225304074413975997e+01
6.458297350368711776e+00
1.090561854943519826e+01
3.154908021523640471e+01
1.105850122158009707e+00
3.244155529600154608e+01
3.322807402479551797e+01
3.276323823799953772e+01
3.593437616478140484e+01
3.218391945889528216e+01
3.485498204336144568e+01
1.376189322636902723e+01
2.804512000630709068e+01
3.232269818248373383e+01
3.436695259087904475e+01
1.592913641383443135e+01
3.435850968498156465e-10
1.413919067662633822e+01
3.261701539976843378e+01
3.562852367733125902e+01
3.320424908429318833e+01
3.180059558269595854e+01
3.342169555567714667e+01
3.289529614226654530e+01
3.102346624242222717e+01
3.447202821303935849e+01
3.274211093975519304e+01
2.684321717210328728e+01
4.933762658102768484e+00
3.402138653245084754e+01
2.688127002467449245e+01
3.435605193275230818e+01
3.300877369209145229e+01
3.008973973777886712e+01
3.941699688822743575e+00
3.448053226225167833e+01
3.292744685976354191e+01
1.076929735697080304e+01
1.933527797668394044e+01
1.843571643431967289e+01
3.129135325838131720e+01
3.387311852322486061e+01
2.236953185522930099e+01
3.418629088674207139e+01
3.396124292950187140e+01
2.460761670808560098e+01
3.185732408179068997e+01
3.362983492909140182e+01
1.210144806533400086e+01
3.398244719623971832e+01
3.101582337989404436e+01
3.382188968080063773e+01
3.350358271870562987e+01
2.312703004184158218e+01
2.643894924190017903e+01
3.099732108137994047e+01
2.717398085402888341e+01
1.228235820715118720e+01
2.052060204629880050e-02
3.034312443552921223e+01
7.797400104915332975e+00
2.977293223444476311e+01
3.156768641931741470e+01
1.257117060753318403e-14
2.003201288650784821e-14
9.243758163740317668e-03
4.788089124370074445e-12
3.144698809769638714e+01
3.145153144778115717e+01
2.005645637190525447e-14
3.101398589515740767e+01
3.142258631023435811e+01
3.332778197859635205e-10
2.270607330797054646e-05
3.551673500748127310e+01
1.798775493847818395e-03
3.155446659895165240e+01
1.297964550450124577e+01
3.366402240042005189e+01
8.081804754865747325e-04
1.809819385819695015e+01
3.019308953227176673e+01
3.220152093410288074e+01
3.339249381832706831e+01
1.465379830298637565e+01
1.054341048085762722e+01
3.514308374785593969e+01
1.916050688670042135e+01
3.324381316183259827e+01
3.240062190107933304e+01
3.051392890222656717e+01
2.740789097793654960e+01
3.303548076490572782e+01
3.227160682050277529e+01
6.738554637124080315e+00
3.344998731884164300e+01
3.475793223690074996e+01
1.178011049125188769e+01
3.511851212605829886e+01
1.758801465360617300e+01
3.283044251067273223e+01
1.890614624970986668e+01
2.075074637335432470e+01
3.167603055562816650e+01
3.005659098827101516e+01
3.250370141813827018e+01
3.109855900693904474e+01
3.419808329999622742e+01
3.312694310329539604e+01
2.945340647792924216e+01
2.064728534402294713e+01
2.175915295702283103e+01
2.951955856357907848e+01
1.951116655838771408e+01
2.817320260260285281e+01
1.471095265100666083e+01
3.139769201215560912e+01
3.382532795922477220e+01
3.311620130864068590e-01
3.209146413831094691e+01
3.288529041908822848e+01
9.134566921646031901e+00
2.382702327596312841e+01
3.414716927729008944e+01
4.594003857438752725e+00
3.294436198927142811e+01
1.877815295910187743e+01
2.279485496042469705e+01
1.374231477947665603e+01
6.332183350463140666e-13
3.018144413899378975e+01
1.459594182138994256e+01
1.365719130592985486e+01
3.208242374481782377e+01
9.166531473245797201e+00
3.342259412297939747e+01
3.162947046050929956e+01
2.483624620345619149e+01
3.210344495676438470e+01
3.145335462873443788e+01
3.140528850339484990e+01
8.171424095076702088e+00
1.549801713740361960e-14
3.289263304482690131e+01
3.340046550136974446e+01
3.336930728895848622e-04
3.176807194552440095e+01
3.150304207141417479e+01
3.165156784942495349e+01
3.073733215753772896e+01
1.465230470292152454e+01
1.018061039556253178e+01
1.678133373745468440e-03
1.033304183749158417e-02
3.560414239325032781e+01
2.959867073651663105e+01
3.136281551067450124e+01
2.922043344269150822e+01
2.875260585549219527e+01
3.467906640406997809e+01
3.022880090283242538e+01
4.507127595273913379e+00
3.525314602286467647e+01
2.170124339164319238e+01
2.244277091759954956e+01
3.114110774011891891e+01
3.078231434131767230e+01
3.026067299545810485e+01
2.081638080040952943e+01
2.622843478931731441e-07
1.846224788835844066e+01
3.150435204360066166e+01
5.226433802045272081e+00
3.341533582315354067e+01
2.338866477631342988e+01
3.243227108046099261e+01
3.099193104845745594e+01
3.026815490737496361e+01
3.223205820406398203e+01
3.732159955873116530e+01
3.263405499395144460e+01
3.513615613937604110e+01
3.407317813349768443e+01
2.842801526579970428e+01
1.668378658348452239e-12
1.996117762764379577e+01
3.041739388664649013e+01
3.217974510525150578e+01
1.522697292741310093e+01
3.107773818989472403e+01
3.164062129855894412e+01
3.373848367948060911e+01
2.969183152364133704e+01
1.336237001218790255e+01
5.554072823993889685e+00
4.633914627013793452e-13
2.944178752971651392e+01
3.344540294679029557e+01
1.085443807325714785e-02
3.153634264436600176e+01
3.274472421355838492e+01
4.622052607293103584e-03
3.023365511993689125e+01
2.078441429164974252e+01
1.389902473189962251e+01
3.206967331349364514e+01
2.275383287137792365e+01
2.855080667325667668e-08
3.071589247257668021e+01
2.982187650824227276e+01
1.691653108473824453e-05
3.087513801982280626e+01
2.737484715786702694e+01
3.475354185432419030e+01
2.668683482414550667e+01
3.100260491222655546e+01
2.924365685760872324e+01
2.821578053607601078e+01
3.353391654400844857e+01
3.251820068380021667e+01
1.258050965229351981e+01
1.981767964871498933e+01
3.077077885613309505e+01
2.567625144523196716e-04
3.258989437942012302e+01
6.930942704079908978e+00
3.222656614495402039e+01
2.934785305493416629e+01
4.577745622565257300e+00
2.851160732928805430e+01
2.553394309395533313e+01
9.381588756101683302e+00
2.997777608509945324e+01
3.143781021848971591e+01
4.631161309104060986e-01
3.381076194912595412e+01
3.185517017404397677e+01
2.960187395781382591e+01
3.416569977626639343e+01
3.326602603306474748e+01
2.941399833222103410e+01
4.922412786466071229e-04
3.317743168365614537e+01
3.076112909769880943e+01
3.023275960754576275e+00
1.745141897183452429e+01
1.935865856370379753e-05
3.163511087379515985e+01
2.575491789877032645e+01
2.921244021363713728e+01
2.990466821793793173e+01
3.581617967714443296e+01
2.133460122609635334e+01
3.060511547287247680e+01
2.356383288619836591e+01
2.655536653239353936e-02
3.350221687720349451e+01
3.274509561004227010e+01
1.562073732126562398e+01
3.618219865606293695e+01
3.097702323459568063e+01
5.032629158162354344e+00
2.868717230731324008e+01
3.272499189593647628e+01
2.642742457802636433e-02
3.217776693566352719e+01
2.827076083605234658e+01
2.384224837132362396e+01
2.903461821485441874e+01
2.932517861291802674e+01
2.652890926195877697e+01
2.892194593733218966e+01
2.789755065725615779e+01
3.039947412190708675e+01
2.784106267485451980e+01
1.108464916940404521e+01
3.072680402915351650e+01
2.048955959609688549e+01
5.846240736529003001e+00
3.235496718051634701e+01
2.830767010475673828e+01
3.221472781941461250e+01
7.812412286103905023e-04
2.092360386143475282e+01
2.645911038584074859e+01
1.944394807074550968e+01
7.671157083483885586e+00
1.677187562659410792e-13
3.198543066948685620e+01
3.233160991865624112e+01
2.993944942571550527e+01
2.217699673437649732e+00
5.965380658491784560e-01
2.960070014124788784e+01
2.890563511101356653e+01
3.018956368969924497e+01
2.921784330361835913e+01
3.005854045333706281e+01
1.830990540663781729e+01
2.933028759150375819e+01
1.052348003269379006e+01
3.056583833083582391e+01
2.584263322877464830e+01
3.298157205338284115e+01
3.245246811106246554e+01
3.212569607564504537e+01
3.249992300459611272e+01
3.418479190687858704e+01
3.190049726121821294e+01
6.582626911964350016e-04
2.428454834294840481e+01
3.021230460650375349e+01
1.167717494418982637e-05
2.500956074753517910e+01
3.002081848779975459e+01
3.557101426581092340e+01
1.915421964579739159e-10
3.092697829173313195e+01
3.274417099329867398e+01
3.335172795871605913e-05
1.541251962490336425e+01
3.192715557672622850e+01
1.295356671910467661e+00
3.004742414142040019e+01
2.874804512814747071e+01
2.961870589835314860e+01
1.094184642484590420e+01
3.128947409053728279e+01
3.166811031158200507e+01
5.274851470694732036e+00
1.045712639047745718e+01
9.265063759015625067e+00
3.270905703555230336e-13
2.796852440276581575e+01
3.429762638370741712e+01
3.076086715973098507e+01
2.554629492240889377e+01
2.966745518271915927e+01
7.576825102791133304e+00
3.283772457746081841e+01
4.307844811995999293e-05
3.240411711897925073e+01
1.433013199818823580e+01
1.730878133389053630e+01
3.388032549541946281e+01
3.001929397810798247e-02
3.037169828470499766e+01
2.531360156798976035e+01
4.550441399089492300e+00
3.869877261701450523e-04
3.198601718308179187e+01
6.007046459240848790e+00
3.158613520735051594e+01
2.658601028406853928e+01
6.791604988155461253e-06
1.074404634233763112e+01
3.061855439618441110e+01
3.176656124393012348e+01
2.729362371768363360e+01
2.820872669335237859e+01
3.231781551967662836e+01
1.651268528725433526e+01
3.143801688266521666e+01
1.666337154112790131e+01
6.112091408170957317e-05
2.144784148572506377e-01
2.501480476693703137e-05
2.620179008690451283e+01
1.481971205134184721e+01
3.107220453677780725e+01
1.346942261192918266e+01
3.238436925600251470e+01
1.825926734469098672e-03
1.973531827309337316e+01
3.034715269495046996e+01
3.289174864917360708e+01
3.175497464794415947e+01
2.785062883995876604e+01
8.468525124119439695e+00
2.393623082326149287e+01
1.417356986332682744e+01
3.413307117097988908e+01
2.773348514477783411e+01
3.142336743035055591e+01
3.095880736346582296e+01
3.103177259025100554e+01
3.285379060221545444e+01
6.046457087775879202e+00
2.856072843181247833e+01
1.890078987989136757e-14
1.050100646133442872e+01
2.084588002488254332e+01
3.205832352500274851e+01
6.614496489075653018e-01
2.626078269965730527e+01
1.994026057474193462e-04
3.221665534114903551e+01
3.051683295251927319e+01
3.160390904952845048e+01
2.910790562783675028e+01
3.004033882462744032e+01
2.091090281169726324e-06
3.373196164050086931e+00
2.946675882954858139e+01
2.055404365817727452e+01
3.104310864597637476e+01
2.112520806501627746e+01
2.208238328841172039e-12
2.853225827329052322e+01
3.195109483962351860e+01
2.959270187812042607e+01
6.189562640674114213e+00
2.980194141240328420e+01
2.945888308085416440e+01
3.256889714508648836e+01
3.174135889259362386e+01
1.918868141347569143e-13
3.292099321249353494e+01
2.569848025618387766e+01
4.749348970017099325e-01
3.133408348898985807e+01
2.935943753553019064e+01
4.102535034998717756e-11
2.113112211413082520e+01
3.059418381429366107e+01
8.692676821045386068e-04
3.238952933563370351e+01
1.867447266460481167e-13
3.386578918154793172e+01
3.027837893443333783e+01
2.956449131477452852e+01
3.033496918941317588e+01
5.669798005278582973e-05
1.010422361065085178e-01
2.983279906877557153e+01
3.515557769652274800e+01
2.441439934986775739e+01
3.167224026359496847e+01
1.389615690787290632e-14
2.978477790951676596e+01
2.865384458950967428e+01
2.879196904567060145e+01
2.649591341485994178e+01
3.006306638786957564e+01
8.799427681293783721e+00
2.825940030533855918e+01
2.955830696214284714e+01
1.608916222750022129e+01
1.399856917514399690e+01
2.805184692495683052e+01
3.057073323951932764e+01
2.999559162879204877e+01
2.946090809722345227e+01
5.341413571282288331e+00
2.218006265308340019e+01
3.061892465188996582e+01
3.353934915504505909e+01
1.490208089199777319e+01
2.536492729513000555e+01
2.979919197382408314e+01
2.357827026703581907e+01
9.725748706091506435e+00
8.222038113970204024e-04
5.528317078321215439e-01
2.994803445993397162e+01
2.836846001232240511e+01
2.605738395228812010e+01
6.211210912560462954e-03
2.949370752886697744e+01
3.100740347922031503e+01
3.224560898379237983e+01
2.878821862135959009e+01
3.331022501649447065e+01
2.985048290028882434e+01
3.016030075511860176e+01
3.139971568549301040e+01
1.379864514717688095e+01
2.837067445709627833e+01
3.176032163281947973e+01
2.989396569706374507e+01
1.417852128427299085e+01
9.854196955552957604e+00
3.516239673024566059e+01
1.591200471802759076e+01
3.253841301215938842e+01
2.507829353331518618e+01
3.357992714854477612e+01
3.060823604946379461e+01
3.006040867704832920e+01
2.316983827313284294e+01
3.163304769780118164e+01
3.045061689108974434e+01
3.345708246480077719e+01
2.388753815672169623e+01
2.642374056551247818e+01
2.124234654740443096e-01
1.395302490978521348e+01
4.899787846575411748e-02
3.215489640773492397e+01
8.484389404025520776e+00
2.412711233786569665e+01
6.955002351805278371e-02
2.714264403143450366e+01
3.155773704312477079e+01
1.028320634674227918e+01
2.103751496463506711e-10
3.085796631762941900e+01
3.106954500836159028e+01
2.785969532527316161e+01
5.570301695370177271e-10
2.804289276696489708e+01
3.326068888427127490e+01
1.760364350502860566e-14
1.058829347077885064e-01
3.370680247657484330e+01
2.050000375021146226e+01
2.856559342355334863e+01
3.125104112692805103e+01
3.276310530977576718e+01
2.800391721027830627e+01
9.634581371535207424e-07
3.047013141220091370e+01
3.072622978937403815e+01
1.873177914389281540e+01
2.357935736394897219e+01
1.161405995728062202e+01
2.794820227882736319e+01
2.160021034580207555e+01
3.243546741541648202e-14
3.126768717545961707e+01
2.644671078795160568e+01
2.879489605807895458e+01
2.837463018311525076e+01
2.781818423704379128e+01
1.369730564266478190e+01
1.192189851303083969e+01
1.853302869130244090e+01
1.445636747916412723e+01
3.017046154204007280e+01
2.757389906474460517e+01
2.772367399003982769e+01
9.587666061610576662e+00
3.114806933941707356e+01
1.239934813677138653e-14
2.007684531675056050e+01
2.159375820208497743e+01
2.969360083948524220e+01
2.904671952428275299e-04
2.928759814719697729e+01
3.120727422529261119e+01
3.091126657735929939e+01
2.935337865513903566e+01
2.745899227928098796e+01
2.132598934696756388e+01
3.138447631478632260e+01
3.370127310086272843e+01
2.842813890956672296e+01
2.812558374137786288e+01
2.781586973939866070e+01
3.268402273160425153e+01
2.954882555975177638e+01
1.906871187289103421e-04
5.199615147813442917e+00
2.142614561051323818e+01
2.575999359776506381e+01
3.073862564271580666e+01
2.947160966609198240e+01
1.177677915563906527e-09
2.820611292752834132e+01
2.739621243265892403e+01
3.059208518409259270e+01
2.938372803271409239e+01
1.446096186523869714e-03
1.552446800950871619e+01
2.398715754857499860e+01
1.746736422049658799e+01
2.285403263239707172e+01
3.280478067796379094e+01
2.893303250715601393e+01
3.212940518127390277e+01
3.038651293692513988e+01
2.876470911040161482e+01
5.246117225490587802e-03
2.188056085077744584e+01
3.578517770128335052e+00
2.968065066673346664e+01
2.839039292800743297e+01
3.078062996227025749e+01
3.094679675445922129e+01
3.606683879939156157e+01
2.576982542745655399e-04
2.943146012052508809e+01
2.859850750523068896e+01
6.026322538547603358e+00
3.496783476499892629e+01
2.005892634024604959e+01
3.232865780893206420e+01
3.116889540343605702e+01
3.453395423615174897e-06
1.676730444592953262e+01
8.331341792909330088e-09
2.110990760025541202e-01
2.796171549790002331e+01
2.642212462798427453e+01
4.623486132258617376e-01
2.913049904190600614e+01
1.683240885791637692e-02
2.878687344931149283e+01
2.222928838629822934e+01
8.499782238221518088e-09
2.658109731465906833e+01
2.648079800639134618e+01
3.000692428767580111e+01
2.093391684287217203e+01
2.410653222872409529e+01
2.583832426661346915e+01
2.619824983268512497e+01
2.657803325262641891e+01
9.623712783980096748e-05
2.377590809317710807e+01
6.534828606290563008e-10
2.937590350788959626e+01
2.329972568267799460e+01
2.739160820835913412e+01
2.472544940185768425e+01
1.127151467708650046e+01
1.691371256831342507e+01
2.702776389274415081e+01
3.038701486478488079e+01
2.589722027651445184e-04
2.283989739262896634e+01
2.264270734079290648e+01
4.039427746838881172e-01
2.995217805618463203e+01
2.374082212977341300e+01
2.501323129834464251e-08
3.341909094716380935e+01
7.704411221428305367e+00
2.683473689758490366e+01
1.836065750324967993e+01
2.872460150833776638e+01
1.182254530786171998e+01
2.687562432861835404e+01
2.945541142599565632e+01
1.621323391283340009e-14
3.074710972873750237e+01
3.113728302933171221e+01
2.136673516976738177e-04
2.890495191383603313e+01
2.638393061266465622e+01
1.043582131783174205e+01
3.066866607111352394e+01
2.932679940449320810e+01
2.911040216344566645e+01
4.408752398588139942e-01
3.389238446894302115e+01
2.976656984745781642e+01
1.198233352569535803e+01
4.941790408593276993e-03
1.291390137537132610e+01
2.693943748443142994e+01
1.102223245526758689e-13
2.314739242838566580e-01
2.758789693435378965e+01
2.110030696457092603e+01
2.791161615068996227e+01
2.597149554993545095e+01
1.888297251145023126e-06
2.841526918055147277e+01
1.867774498664455862e+01
2.932957705744500387e+01
1.752082507990562865e+00
2.969564910270703706e+01
2.229933139664500175e+01
1.328192092044917949e+00
2.659122044513249250e+01
9.473286227395643703e-06
1.230142963958477366e-14
3.098474966329876779e+01
2.076311873751696169e+01
2.498072821400919707e+01
2.645426741167487705e+01
2.231621044759686256e+01
1.434942188151742644e-04
3.630358381710650784e-02
2.937064743471968953e+01
2.834103872786173639e+01
2.080331139025525858e-14
4.904068718475610312e-04
1.643296423510864912e+01
2.806735585813744649e+01
2.799541978967703786e-04
2.865242211619672119e+01
2.797199666930468709e+01
4.767605633976534030e+00
3.165474471741967122e+01
2.808111922156765417e+01
2.846400791976175171e+01
2.953795318164295125e+01
2.026248189349608708e+01
2.625821268219059945e+01
2.697834886912725239e+01
2.689497138628531303e+01
7.021948211012719879e-14
2.921601333288031199e+01
3.113571343952410686e+01
2.594864716219002787e+01
6.017080249631528766e+00
3.104746948436850573e+01
2.808130767260708893e+01
7.920881754765253286e-05
3.130768659751437255e+01
3.194622996148466854e+01
2.536114455944197843e+01
2.996824170128594034e+01
3.005053832306719030e+01
1.045791074735645358e-02
2.698605525587695553e+01
2.435060356696658727e-06
2.734513075288963080e+01
2.892819721503176567e+01
2.240803106828582614e+01
2.920263077868873580e+01
2.730373665692843588e+01
1.944161764125316694e+01
2.707961364602612164e+01
2.970172203288572277e+01
2.514717818293915741e+01
3.222235998981454941e+01
2.914780535586165300e+01
2.832668853642186590e+01
7.756426477716988899e+00
2.325662924389634709e-09
1.745289271909629723e-06
1.490496658118483353e+01
2.882801196929835541e+01
9.032632951953869949e+00
2.731426740447340862e+01
2.794867387336626763e+01
2.892444903562214975e+01
2.340498330085435086e+01
5.559764051456826727e-05
1.939366863310672230e-04
2.720292307675073928e+01
2.185469232760325653e+01
1.211588669439592536e+00
2.790519583533349035e+01
1.068714851845639288e-03
5.035662576053994487e-15
8.519187777954305988e-06
3.242006890712716682e+01
1.434544462669456240e-04
2.867765005330512906e+01
5.574570992960668029e-08
2.916099363338152628e+01
3.234107897817564877e-10
9.482064046826591541e-01
4.316618542024745242e-06
2.797539474139388460e+01
2.441350487486438681e+01
7.780084190454553905e+00
3.138862128845242339e+01
3.096780378647952503e+01
2.654014497583315091e+01
2.777514253239177577e+01
3.099461619632295495e-01
8.971744682855557762e-02
3.071384467928023909e+01
1.420887554889374904e+01
1.959315774125412801e+01
2.905614088308012555e+01
2.711873278760848649e+01
2.862198413825146659e+01
9.618579266334177369e-01
1.151846469651592386e+01
5.225573991507611593e-01
2.953557847124734792e+01
1.844362544432483020e+01
2.082036598370563851e+01
2.982640371237255650e+01
2.171786255313108072e+01
2.767275605152246598e+01
7.505367997841816408e-02
2.406826487114190893e-01
2.958064536263345090e+01
2.905131692074098027e+01
1.800466524898151457e-06
2.538545202948148116e+01
2.778414434549976875e+01
2.200036374624405866e+01
3.256157695040492718e-05
4.445789266333432188e+00
1.224090786434361355e+01
2.736448788273423105e+01
2.811584897628908664e+01
5.320920440927505980e-14
4.673077049013353579e-05
2.741281097188005589e+01
1.080079742617813743e+01
2.752692313168571658e+01
2.737884852845961703e+01
8.571481823646362637e-04
2.747186817025004757e+01
3.119923341874491740e+01
3.018034282208139985e+01
2.810981586006266397e+01
2.808007291483390944e+01
4.626289352852010128e-14
2.327449443734740342e+01
3.053891772734270305e+01
1.520979345906262612e-04
2.478903164920622260e+01
2.973278743726418938e+01
7.077991482087729799e-07
2.039293533899679289e+01
5.883060993392169325e-11
2.817837121317952409e+01
2.838865564584431311e+01
2.277783109944734008e+01
2.649814730964077825e+01
2.851943371019061857e+01
2.870078650188024838e+01
2.203756247483443786e+01
1.152974581312426494e+01
2.846781345802429186e+01
2.874761106109082220e+01
2.517269250776440614e+01
1.866163099718282515e-05
2.513757850898472412e+01
1.914130026840931365e+01
2.840150691217068513e+01
2.721192433666892541e+01
3.110997729391292488e+00
1.235437760324963641e+01
3.203668469747405112e+01
2.480721482236895170e+01
2.969884396482700950e+01
2.837593658174839817e+01
5.763383509798331694e+00
5.624823331625447846e-14
2.549087549434620215e+01
2.851785029283585260e+01
2.427699691929711889e+01
6.861027663234000595e-06
3.160014723780701473e+01
2.487964870102142712e+01
2.766522801504437012e+01
2.103346830600854389e+01
2.529009141251544435e+01
1.849725684997287090e+01
2.734890437680891395e+01
5.926253754889101155e-13
9.231050041776242963e-06
7.597142166273709546e-13
2.970326823827007701e+01
2.629795938791768961e+01
2.061175739172749655e+00
