3.360699172264433798e+01
1.064444157438442495e+01
1.848841271035522382e+01
2.739045425992479110e+01
3.533777337184503864e+01
3.432586771860857056e+01
3.020390924471606908e+01
3.236928476871408122e+01
2.020698541753455402e+01
3.607837399896070707e+01
3.542391680429322776e+01
3.188755571432196234e+01
1.686747770890365317e+01
8.195046158852642648e+00
3.105352752853118403e+01
3.499526323492129443e+00
1.682169449108525683e+01
2.972175827807909698e+01
3.497045846710076944e+01
2.840855306753463694e+01
3.354328804223067095e+01
1.943219024152886956e-10
3.326570362165887218e+01
3.665513151118224755e+01
2.312090214858028858e+01
1.684270919443064329e+01
3.369888267981759356e+01
3.477445631746371646e+01
3.342929515208326308e+01
3.561822853258541244e+01
2.025034830629190585e-08
4.563395091966976405e-16
3.286713774107968788e+01
3.463506497006740403e+01
4.527030042447717229e+00
3.775326313736185568e+01
3.440793315324755497e+01
3.493290678282385642e+01
3.515541345674184726e+01
9.739863939822521743e+00
3.465605394072701273e+01
2.419342589156286039e+01
3.204346592355200585e+01
3.423393873553679612e+01
1.107196204488032770e-01
3.127726301933908104e+01
3.250850699029777502e+01
3.346208164653221928e+01
3.372255020754353438e+01
1.303721174941722616e+01
3.279953664632644461e+01
1.975312247944343994e-04
3.053476719385641047e+01
3.580169334605747622e+01
5.080060676127913233e+00
2.083723571288509291e+01
3.239758688791958008e+01
3.406260276315046553e+01
3.088283176266109820e+01
2.560866438539707701e+01
3.514101431903354467e+01
3.313692718293631856e+01
3.009106262611965647e-05
2.129201667707616608e+01
3.552463917497235002e+01
5.120901371147260194e-12
3.336467505728856509e+01
4.195891852434089551e-08
3.570803899210145005e+01
3.393950878070964450e+01
3.171203674410828555e+01
3.523634702124663412e-03
3.251296407910380282e+01
3.435975674533963797e+01
3.453984988281688118e+01
1.183012790821843296e+00
3.607881414606367798e+01
2.346600001893867216e+01
3.606121826079263570e+01
3.332959786177482897e+01
2.964287992154171292e+01
3.217678574396381919e+01
3.420834724257949233e+01
3.361226361957185560e+01
3.001182333641734701e+01
3.267563355011461113e+01
1.749618802161034825e-01
3.368450450423217291e+01
9.143290603265469940e+00
3.099515409592987325e+01
3.343360291521273808e+01
2.563348851466327716e+01
3.479208097540340106e+01
3.373457919457267451e+01
2.800904009212143827e-06
2.666264476887045731e+01
3.168520143837862690e+01
3.338928950242122085e+01
3.326459777217781522e+01
3.633475792715462616e-01
3.429442965996153703e+01
1.311887089419382413e+01
3.368093670061024625e+01
3.044194590467853700e+01
3.772432891692696444e+01
3.277491478533011104e+01
3.360999827227808368e+01
3.531829084147965858e+01
3.535748145705357359e+01
3.344717766946383364e+01
3.296495301014767421e+01
3.081754032151186706e+01
2.594771978140380142e+01
2.251840281852591730e+01
3.643339337239064690e+01
3.295400079482064370e+01
3.416110410439042511e+01
3.348409848231671049e+01
3.507355260245692818e+01
3.314399070271092285e+01
3.281441286490537124e+01
3.305678174801645497e+01
3.531576729034718198e+01
3.231185977687501065e+01
1.178466434860802181e+01
3.153574967830420306e+01
2.066101327822926947e+01
1.232834471015581634e+01
1.243344037632872201e+01
3.199009674497662914e+01
2.489468353717028393e+01
3.130480117772918902e+01
3.158372998316543345e+01
2.894475010620875821e+01
3.414951712515134830e+01
2.993374482316991703e+01
3.236061715229874380e+01
5.953837871868276899e-02
3.734323004441854721e+01
2.965724985149111248e+01
3.525990400172412365e+01
1.740312413650547185e+01
1.439918368340104138e+01
4.348966157775375763e+00
8.827054534856298984e-02
3.673029711336840819e+01
8.447311756806659107e-04
1.244205893713563960e+01
3.140335381339530940e+01
3.396845242226719108e+01
1.647927372925620970e+00
3.600652621791304142e+01
3.235784782532196147e+01
8.731253667915498100e-05
3.541736307182038956e+01
2.876379921956930730e+01
1.387870371645707657e+01
3.451661276666810352e+01
1.795074188627009448e+01
2.981432968559613528e+01
3.050862513508204898e+01
3.586310581933970809e+01
3.281460701190092522e+01
3.453834136998852955e+01
3.004672406839199184e+01
3.105715057882153740e+00
1.552651388982134506e+01
3.396027387677205667e+01
3.151428605096761615e+01
3.333160272319713613e+01
3.304413272370553045e+01
3.262038905620189411e+01
3.217800843963471635e+01
3.216559313785015917e+01
2.551301068610923295e+01
3.810618251698839032e+01
3.288720134903881132e+01
1.151271807152354754e+01
2.984500490579320342e+01
3.333447224642016238e+01
1.547324869637802358e+01
3.043737164108984317e+01
1.173612400181009896e+01
2.514584841068943533e+01
9.924147242950146719e+00
2.579715795114455545e+01
3.256324847562689229e+01
4.245681418431223979e-03
2.907809435282787902e+01
3.036556637387916879e+01
3.657004836747270815e+01
3.333786215356948901e+01
3.363838943944695359e+01
3.128499556480726440e+01
3.121052441395479349e+01
1.456005794537143176e-14
3.364506811306031864e+01
3.154503141637259134e+01
2.219670943271184882e+01
2.347051950604410209e+01
3.680530161910588305e+01
3.060674844252340066e+01
3.213802655150710308e+01
3.108672958815419207e+01
3.323675537035789773e+01
2.982061614444926789e+01
2.045808574215760345e+01
3.119551475229491189e+01
3.185452101760840549e+01
3.609871388642666545e+01
3.273865394409617835e+01
3.248485036140154136e+01
3.113166631200238754e+01
3.110580234066117100e+01
3.328963594687915162e+01
3.193420678090319953e+01
3.230424224888010087e+01
1.071486489117562080e+01
3.398595520515748802e+01
3.334732317751798547e+01
1.056006429865786167e+01
2.810268697053247777e+01
3.051337048196997515e+01
3.280879002392155286e+01
1.641326710649152032e+00
2.990370730479642702e+01
3.465576413384882670e+01
3.150257455543519924e+01
2.734317122622412199e+01
3.148176600781754075e+01
3.658548179906623687e+01
4.707012319178284443e+00
2.351264332698190174e+01
2.619675042044446300e+01
4.894535060529840997e+00
3.087085757899187755e+01
1.696680579656855059e+01
3.249392586850911613e+01
3.342878416797829999e+01
3.075534018405751979e+01
3.131615747605786382e+01
2.877976477771138519e+01
2.930789842268875489e+01
1.491923600919037796e+01
3.180858255059898809e+01
3.339525601337788174e+01
3.170270324779216509e+01
1.512815774791034151e+01
3.351914141497234567e+01
3.179479640372689531e+01
3.380765098184534168e+01
3.318361282289134095e+01
2.137455841560849024e+01
3.103936030479671615e+01
2.453323167571002017e+01
3.332311598102015182e+01
3.753578097772476241e+01
3.035912513241593658e+01
3.028637826718671278e+01
2.730171560635936245e+01
3.303562701386748302e+01
3.355672513186402739e+01
2.037267758793120508e-03
3.094266568545246088e+01
2.786792921519709765e+01
1.933952774662249610e-14
1.197820660673765026e-07
3.104413998725072332e+01
3.429852242436631826e+01
3.075093381798163605e+01
2.267037123683345001e+01
1.525850251346834341e+01
3.369781281474565304e+01
3.007893920057751203e+01
1.568961232596129030e+01
8.811110409227936202e+00
3.475126394524433948e+01
3.147370167959335774e+01
1.378776764809331468e+01
3.297393316352586368e+01
1.853047062755876340e+01
3.577541679399312358e+01
3.442240360469121185e+01
3.266642804230275487e+01
3.511783342367175464e+01
3.185610504987188207e+01
3.450531980957726574e+01
2.896301144906560765e+01
3.270192067472295605e+01
3.095104019252149641e+01
3.403813546022676206e+01
3.489794031052773704e+01
2.326016320046341690e+01
2.274655534241134092e+01
3.055949900271991382e+01
3.151669997728121686e+01
3.155413177091213583e+01
3.102145331215402990e+01
2.880155606201849849e+01
3.014946388745707040e+01
4.695433933221196732e+00
3.078542944778372714e+01
3.173022543813580754e+01
5.519751446114703475e-01
1.269935454277938902e+01
2.260185520454604813e+01
3.169760103453790734e+01
1.912272463056389782e+01
3.112402748531845020e+01
3.167980533318841196e+01
3.166834220070698436e+01
9.581235108676628087e+00
2.008715897475366319e+01
2.691897276490900026e+01
2.894251836489901564e+01
3.250957996763461466e+01
3.197086987200461294e+01
3.252889316035814460e+01
3.385815980763317157e+01
3.043862606504922574e+00
2.861237684421219285e+01
3.167666447900535687e+01
2.943543902640276144e+01
3.426339224665832006e+01
3.026719297086262372e+01
3.101674454367484657e+01
3.224079776992049062e+01
3.012083603412609278e+01
7.941868703718232281e-01
3.198890621994682348e+01
9.318063776261885975e-12
3.157949963763047307e+01
3.173475370485643055e+01
3.402581416475178600e+01
3.339082139964143181e+01
2.957844779348498676e+01
3.169406829257956559e+01
1.446500931156035641e+01
3.272462926442416631e+01
3.237185637522949833e+01
3.300726438536523233e+01
2.963314711802164680e+01
1.859789860520065830e+01
3.044853045299467453e+01
2.933888642551133330e+01
2.855967772764643087e+01
3.401982910102058355e+01
3.243530755264909260e+01
3.241470163769596979e+01
1.397193063290528414e+01
2.454377621051287406e+01
3.284823423369009987e+01
3.088160875789289150e+01
1.635920724610783950e+01
1.474148280694203628e+01
6.229767093802868194e-01
3.056943990669602940e+01
3.354333665756102789e+01
7.232656874259669522e+00
3.379108290340320764e+01
3.029104528274663721e+01
4.796210706267185691e-15
3.136461888890784522e+01
3.425032340312390744e+01
2.843299259026725068e+01
6.832913229247933491e-03
2.911568650721186913e+01
1.747508074393695310e+01
3.102748744686993376e+01
3.361172545818868684e+01
3.075066330984567387e+01
1.010111814799664748e-01
3.212727923480323966e+01
1.297406538499037509e+01
3.267227716582802088e+01
1.540722318938875723e+01
2.540613748759896851e+01
3.295420603753067468e+01
3.422916856845389333e+01
3.006497000036962675e+01
3.249510911564699711e+01
3.053841684266191336e+01
2.977623951968747917e+01
1.149355168516047421e+01
2.540544344856732550e+01
1.263474245747662295e+01
2.906870373502405513e+01
3.004622630357903645e+01
3.260468106431316215e+01
7.793262210723199246e+00
1.333038252444548044e-01
3.253168197086134228e+01
3.341174936171235998e+01
4.834370456816244332e-01
1.291354707635317123e-01
3.298744624465439301e+01
3.280297785845523606e+01
2.884715564863283888e+01
3.135130101177428230e+01
3.070635250662856919e+01
2.992932169141686316e+01
2.673733637099551523e-12
3.320458340604410807e+01
3.200826153073944624e+01
1.914199647799205373e+00
2.931369720697997394e+01
1.310275661242376799e+01
1.121928724906509522e+01
2.352306167521526700e-02
2.915378534723622295e+01
2.941495435257807500e+01
3.208064023177990975e+01
2.735447426452422662e-10
3.148498030000212466e+01
3.360328518449026092e+01
6.419213271426470691e+00
1.007109653317446452e-01
1.271384151338047719e+00
2.999806293544619606e+01
1.292346093543353902e+01
2.718296517210870306e-03
1.409102010990559143e-14
3.282001793073167306e+01
3.187113515727650181e+01
3.015691521578985501e+01
6.612327491324881956e-01
3.608779658230982790e+01
1.848340907583141757e+01
2.839997526106686720e+01
3.499318315729564688e+01
2.136503169808165567e-05
2.946504141228717089e+01
3.098510934612531642e+01
2.766077987421314788e+01
3.077669938030327401e+01
3.273385760595983385e+01
2.897846349966596691e+01
3.109736939099987652e+01
7.451645684360917558e-03
3.222324717937243577e+01
1.816526043793377454e+01
3.040023981897203953e+01
1.297183023796055146e+01
3.015958087682751199e+01
2.987884974126562554e+01
2.740115464430998661e-12
3.295749576778876389e+01
1.792515784537742718e+01
1.074160520212852532e+01
1.166506158498057211e+01
3.172424973169865581e+01
3.211524886731723427e+01
3.286466027688617686e+01
3.168418187585596968e+01
1.399162432347430141e+01
2.993506341253194947e+01
3.270172003555491358e+01
1.965910915436952422e+01
2.833394543768146079e+01
1.061675990477044772e-03
4.980762739559339847e-02
8.614328632895640325e+00
1.807909010516620896e+00
2.787647974727549283e+01
4.894927723375719006e-03
3.098746766379293760e+01
2.828199835946002949e+01
1.836050797241241739e+01
3.304501534578140109e+01
3.257233891759724997e+01
2.957477855247869769e+01
3.064363256885298625e+01
3.178985795436808459e+01
3.021136868619529281e+01
3.554990009975078635e+01
2.115679641498313401e+01
3.125012986180039576e+01
1.286162590102049252e+00
3.162702591570834088e+01
2.791842686735185097e+01
3.355222835643827040e+01
3.333696642297659452e+01
3.001372914743916098e+01
2.934350784969435466e+01
2.816310869224358271e+01
5.334514163047188493e-12
1.493547249036951551e-06
3.311705982640521029e+01
3.095870806289269694e+01
2.472258572176668423e+01
2.646279359616331206e+01
3.024353215099282721e+01
2.965582812040950955e+01
2.586237792833886573e+01
1.639219496493350192e+01
1.515205024097311981e-05
2.004375542548403257e-06
2.891636074636022258e+01
2.973797353335372051e+01
2.922175772888081013e+01
2.887188298575672718e+01
2.800841085342792169e+01
8.518007133880328041e+00
3.435276164497375362e+01
3.313827500041755059e+01
1.161499678527568159e-07
1.307285997091734098e+00
3.222140602016056476e+01
2.786167221684139150e+01
3.449762623555086094e+01
2.933558287097394413e+01
3.084825481360883970e+01
3.066594976540567075e+01
7.067253096603173246e-01
2.973080425804566929e+01
1.771507339494359101e+01
2.831309883994217813e+01
3.087265107589559676e+01
3.074486184981286385e+01
2.941973802167190399e+01
3.179088438993798960e+01
3.024062048670020886e+01
1.248161795125546369e+01
3.255628979190881722e+01
2.805374494189567969e+01
1.677756625992292072e+01
7.826981277115712565e+00
2.957067758763954402e+01
2.938412957247859225e+01
3.045249502609054204e+01
1.840369628101699902e-14
3.116791799800989793e+01
2.853350137250509988e+01
2.407215244284026770e-14
2.970888052327508078e+01
2.801785347077294830e+01
3.288998040967111081e+01
3.464450948179366208e+01
3.366852459819131127e+01
3.029438353842470733e+01
3.414446699428008003e+01
3.162968387959194771e+01
2.924987215410230945e+01
2.979783005475424318e+01
3.170513685408847593e+01
4.072632566159374918e-07
7.238529405727045507e+00
1.223298155936878473e+01
1.775151352468469312e+01
2.833812631138360416e+01
3.205716574093288784e+01
2.449843578025282298e+01
2.265384981408815435e+01
2.121970796871190146e+01
3.338115931816758319e+01
2.861578968223662756e+01
2.786686946087321459e+01
2.703197199725002520e+01
3.447987999452485752e+01
2.939530603231873229e+01
3.048178818287590985e+01
2.863383031394879197e+01
3.096484599625247469e+01
3.116188573394063965e+01
2.217666424952644277e+01
2.388245073602184121e+01
3.046276851514359052e+01
2.977899003407098633e+01
1.606102687295704001e+01
1.502013430030736529e+01
3.150424485613560321e+01
2.778731858412509581e+01
2.711700123800296325e+01
3.298733987890241082e+01
1.512931196770188436e+01
4.957671879312370855e+00
1.120864889575794443e+01
2.076478902695869877e+01
1.595224464187283697e+00
2.630468189326342099e+01
2.652790943035782334e+01
1.968887489353287634e+01
2.871485694515939713e+01
2.409343180724101785e+01
2.890503122964301141e+01
2.597142428284177385e+01
3.185985119973426194e+01
2.949711831154229458e+01
4.114598972511931825e-07
1.248878528451501069e+01
3.095507702839906727e+01
2.847810193127586942e+01
2.958504033416890167e+01
3.226273254481830577e+01
1.472395830300840913e+01
7.680410353699357729e-09
2.822034347340885674e+01
8.341931266607984341e+00
1.312286485151295423e+01
2.919913618906403130e+01
6.621586925857173789e+00
2.824077930193961095e+01
2.950939813108671572e+01
3.462079669075358623e+01
3.285283648475569152e+01
2.745773762931548845e+01
3.104683772016598198e+01
2.755275057341071232e+01
2.887846903284149391e+01
2.447398822030819332e+01
2.964139410920218864e+01
2.878243048768829837e+01
2.514890181102419220e+01
3.113155626957577837e+01
1.861143012233097593e+01
2.941224884677696849e+01
3.045704870180040658e+01
8.274110122901589648e+00
3.018592900241713295e+01
3.012700052336072787e+01
3.167397034565783898e+01
4.820895353501380791e-04
1.333498589719856353e+00
3.241025465084481993e+01
2.985387396735654519e+01
3.079932391945828485e+01
2.614527748554315068e+01
3.109991308357318474e+01
2.967188528776515000e+01
3.100460207014102920e+01
5.503195907917248775e+00
2.939821559775949567e+01
1.075773618631455888e-07
2.884332931003196165e+01
5.013920387365650124e-12
3.002482562392578203e+01
1.659960869503744054e-04
2.946197331476966141e+01
2.132003092688591650e+01
3.023751337722462651e+01
2.990289699004253876e+01
5.656183481264345225e+00
1.052346987081106550e-01
2.815972386895740757e-13
2.338843156027997239e+01
1.312579543282327446e-13
1.559567419209188621e+00
2.099778248336071851e+00
3.022886453012263175e+01
2.144347899812797564e+01
3.108487838344572651e+01
2.944684762044248671e+01
2.515381120814134785e+00
1.334536248101407807e+01
3.197989937257868687e-04
4.828038489603245741e-03
1.169015811928469795e+01
2.934884569093714646e+01
8.449264838873411065e+00
3.301883783721721244e+01
2.098811376162826292e+01
3.285555009791831793e+01
9.612602106682584623e-11
1.027022908875840912e+01
1.183123401180251300e+01
3.059647157124127759e+01
1.977448203124859560e+01
1.215113964093608701e+01
1.508065512293022081e+01
1.511924320750258488e+01
3.160768210668391376e+01
3.425119060151775585e+01
2.666188929673946006e+01
1.067438955284603752e+00
3.122277005423496732e+01
3.442290910363577439e+01
2.552264555612374863e+01
3.024930784580318033e+01
6.677528047561363422e+00
3.086483200618699030e+01
1.869157731945050926e+01
2.091791560293851049e+01
3.341205460935729121e+01
3.002886621752104546e+01
2.035736662093874472e+01
2.967907212967959651e+01
4.369739511772741434e-05
5.855488927057105400e-04
2.647030068973007744e+01
2.884603440439962441e+01
2.671052693334674899e+01
2.933809474938303552e+01
1.715881198684687803e+01
3.389346116347654458e+01
1.626118445981636995e+01
2.949755595423586030e+01
2.873050262192732873e+01
5.560223060077046142e+00
1.608217960329780993e+01
2.743029795823103800e+00
2.226104993455032144e+01
3.163194309907754587e+01
8.649697756778147860e-12
1.793283659675864658e-02
5.864109970290771745e-01
3.129192098697532742e+01
3.699508032578286646e-03
1.000328549935616967e-09
2.377838549115532629e+01
2.212005879717231949e+01
1.185104504783324586e+01
6.659123567440800251e+00
2.503523223986375257e+01
2.548646156550445596e+01
2.969937663272496664e+01
2.487925187074666766e+01
2.869955783194635401e+01
3.182922620376654876e+01
1.426987801884277651e-10
4.347507437321968538e-01
1.859082438763583767e+01
3.099336124585844843e+01
3.186381743722516191e+01
2.988396310473764572e+01
2.229055534502550895e-01
4.740750231058919045e-02
2.732769994781580891e+01
2.824507469717167374e-01
2.648403347320498114e+01
8.263665475627437295e-11
2.054932534330158698e-06
2.013482625605991770e-06
1.358734845030606800e-03
1.728426492652522213e-04
1.982619732122212497e+01
2.627862128841485756e+01
2.804229822027705055e+01
1.108404872333414469e-09
2.796245128845302830e+01
1.569115214140913572e+01
3.059442289815406211e-05
2.458795652047515645e+01
3.251213123320288645e+01
2.348138323329385546e+00
3.298851042116155829e-03
1.348829687442689540e+01
3.021925706542912948e+01
2.599031075400748492e+01
9.557437610165351628e-04
2.722004931522814886e+01
3.094720128392499703e+01
1.512914188168443686e-03
9.763097671271003364e+00
3.247865972610757979e+01
2.303143303292298683e+01
9.962188320096041494e+00
3.008433670545258565e+01
3.620857407293208752e+01
1.948301041959954807e-02
8.289095766675602661e+00
2.797203917349612468e+01
1.123524243408025383e-04
1.520430747003181260e+01
1.839448945967596316e+01
2.771567253786601270e+01
3.135644905141797878e+01
2.863128446565441365e+01
2.710426290000745908e+01
1.313245997845855584e+01
3.383201948710679119e+01
3.011947327758741366e+01
3.102222488194280800e-02
5.806173703490282063e-05
4.550859341226102442e-06
5.144524325635411166e-07
3.178681957443379957e+01
3.025823250491061454e-04
2.662592316217858368e+01
3.209427795351961521e+01
3.073030491978560264e+01
2.642935267105615793e+01
2.342034021380743880e+01
2.709411177471158538e+01
5.792558990497239657e-01
2.900939218868606417e+01
2.696138641236780131e+01
2.886321362287513992e+01
3.096027134495883004e+01
2.643932925348472196e+01
2.926543208035440102e+01
2.075122897183638842e-04
2.979776081361070794e+01
1.953008825316673125e+01
1.963265798023406730e-08
1.945155374314478313e-09
3.666870572886286287e-04
1.493151338320440225e+01
1.284265042859188810e+01
6.779879805815604365e-08
1.913076217081851726e-03
3.797254138329216892e-09
2.852758610015612462e+01
2.859907299256626700e+01
4.108940553421441599e+00
7.481554848737402394e-11
2.705704752250105827e+01
1.210981416119498802e-04
3.620398256613202623e-14
2.786798715558091644e+01
2.867177368567346107e+01
1.215300724107657437e+01
2.697202843363239566e+01
2.964902486833484119e+01
2.785372722296654402e+01
3.253155151955463964e+01
1.766382887304182603e+01
2.077314677624121231e+01
3.461677236799859392e-01
2.302609661792980233e+01
2.281279508695334881e-05
1.749854238684329260e-04
1.990506903461988486e+01
2.708232543631232758e+01
4.531821749413608158e-01
2.475674707901978167e+01
6.577415330523935788e-01
2.613237084855173364e+01
2.091781205347668371e-01
2.770421417722004165e+01
6.307855403408423989e+00
2.972713734024060983e+01
3.059235882465215894e+01
9.975684495186398684e-04
2.848046965748326542e+01
3.031988078729339975e+01
2.750313283069163717e+01
2.254319126005400672e-02
2.551075690077936287e+01
2.937645509525992082e+01
2.753529088774873657e+01
3.112509148344238596e+01
1.976365527891167062e+01
2.701818161597384815e+01
4.911937735137653083e-02
3.279771560283739973e+01
2.939600753545140321e+01
1.081311486550591673e-11
2.678000869473059709e+01
1.078130289871056302e+00
2.654476226857543608e+01
1.004848599333053454e-04
2.697721540487946257e+01
2.892152062443276961e+01
3.303566663634752842e+01
2.789483691431777501e+01
3.675230193513691649e-05
1.762989766714015261e+01
5.013524787070893218e-01
2.788048368691506695e+01
2.256844258390846036e+01
3.595333436481536289e-07
2.523807559042065307e+01
2.121255067145001050e+01
3.117654972734829144e+01
1.424427345952476438e-04
2.655208542988709652e+01
2.393865415087897958e-05
2.397858300584810310e-05
2.942697598030011363e+01
1.549845979780451266e+01
8.007526004710776135e+00
2.238134955880095589e+01
2.654136255032521485e-01
6.735745982979462164e-03
2.698967557408816020e+01
2.796733085910974381e+01
2.354311424339644532e+01
1.884769834369224539e-14
2.741938207402578342e+01
2.498520610780409257e+01
3.122376209863952775e-09
6.025441052179307592e-05
2.060607849705690953e+01
2.625194626467019177e+01
2.399914892496190078e+01
1.309224009700688995e+01
3.053742843935546247e+01
2.897399466487301112e+01
9.560476357005379455e+00
2.955248865842264294e+01
1.103136533671753849e-01
2.132224946150873635e+01
1.392032705339691034e+01
4.485718308988809078e+00
2.981383324431024207e+01
1.930525826743568540e+00
2.308071650965472799e+01
2.453627778643816981e+01
3.126998603383340851e-06
2.925909712682282660e+01
2.591231542437564528e+01
6.643199050592611954e+00
2.501259779242911563e+01
2.285663925563377521e-03
5.381908750343095127e-01
4.923077556123850442e-06
8.443995058761743963e-06
2.494762933456089726e+01
2.868201066249610065e+01
2.247402416132057674e-06
3.882549336321538203e+00
3.026412013989514449e+01
4.347333675553585408e+00
1.849790501394264197e+01
1.095640916073514354e-01
2.684556076182895268e+01
9.833201570299942018e-01
2.756199735538746509e+01
2.463012950629702402e+01
2.833252899778229653e-11
2.237698428426713527e-04
7.509602992709581315e+00
1.015062162271684471e-01
1.608718187250433473e+01
3.880362501107090541e-13
4.692957348411703755e+00
2.978569118317196285e+01
2.066920516583858358e+01
1.216006063749383442e-01
1.715397522615209467e-14
2.915674635619861732e+01
8.996199679763700274e+00
3.294631485330713674e-03
5.893394987485818248e+00
8.386957600552648609e-08
2.742192934133925775e+01
1.756553215327931383e+01
2.856349423476463301e+01
2.228726458701128266e+01
3.065787080407534759e+01
2.651918913737039318e+01
3.016052917368997655e+01
1.921566037734421428e+01
5.977902355205676693e-07
3.034775940184782783e+01
2.637432226098835031e+01
1.284468565799695014e-05
1.153600199641227242e+01
2.913924791077954524e+01
2.397344362709279508e+01
1.172805202233289892e-04
2.698211171186047608e+01
2.847957066445808394e+01
1.093047383542627493e+01
2.943534835485715817e+01
5.845349130019745765e+00
2.763368066280279933e+01
2.806192668028700865e+01
3.589866501353617393e-08
2.763922390819479347e+01
2.843747737588462954e+01
9.251349959594246152e-04
3.162993808281008867e+01
1.086598271947917738e+01
1.545086980544688616e-04
4.150243057119939571e+00
1.641403444680877938e-08
9.361156853277961432e+00
2.541588061360114281e+01
9.868449612089703393e+00
2.569741729804922059e+01
2.220536349185379876e+01
1.916510051196315984e-05
2.672678705249398945e+01
2.357337414023659861e+01
1.031943500564561189e+00
3.074047525181313745e+01
1.952324214620752840e-02
2.543192956967466500e+01
1.345114699707055815e-04
1.987733952343856793e-14
2.516523096208829102e+01
2.561129272888686970e+01
1.969739567648689793e-01
2.756787938248488601e+01
3.024081264497599619e+01
3.219117493265430596e+01
2.666815856270477525e+01
2.802404028898677169e+01
1.739958015302195404e+00
1.712789580811947987e+00
2.817061530033384997e+01
2.886076836677561441e-03
1.294553683157965018e+01
2.873244967340943390e+01
2.467511452539258160e-02
2.983361412363834830e+01
1.552260743997783976e+01
2.948548937780946133e+01
2.634584371141619741e+01
2.546174323105254800e+01
