3.306576520984319956e+01
1.373448130132023337e+01
3.435938140617785308e+01
3.522363387739950014e+01
3.513458968620134470e+01
3.271878668983346472e+01
3.120013527437387779e+01
3.639406519292681708e+01
1.797960556458702186e+01
8.936240589391344358e+00
4.593936008290339323e+00
2.192913499250658038e+00
3.314334574999736560e+01
1.089908202237372698e-08
3.243651285381629634e+01
3.420460808244472385e-03
3.405815242934733078e+01
3.446453187826978848e+01
6.781767284869510970e-03
2.910626559801733748e+01
3.170105276653852755e+01
1.055594723573640437e+01
3.233816272527028701e+01
3.421421406219400296e+01
1.968770781506531620e+01
3.080152600557513054e+01
3.087771846764236372e+01
3.336824794353535850e+01
1.615394894438371054e+01
3.104731252566812216e+01
3.731236185163028551e+01
3.522996369740715039e+01
3.597330237016898735e+01
1.095414244959366634e+01
1.920828336085248367e+01
3.557939132540335692e+01
3.386382818870129086e+01
3.417923498135412785e+01
3.167639033208022425e+01
3.484740628763288584e+01
3.040620409955147352e+01
2.768031129114141464e+01
4.347104677445849497e+00
8.849839059687427678e+00
3.568452255035841603e+01
3.278624586862362378e+01
3.504561293808369982e+01
1.505974481529329445e+01
3.265067254438047684e+01
3.118265025544053515e+01
3.341900432381760311e+01
2.953706920736539487e+01
3.575775624932420982e+01
2.670371796475956572e+00
1.975076883563309948e+01
1.068102754190825898e+01
3.603127532710593783e+01
1.728511796666739642e+01
3.247804129606783619e+01
3.416123814278655146e+01
3.196200078838680270e+01
3.415861747487503663e+01
3.848698506210647962e-07
3.541778739826072808e+01
3.485484425135571485e+01
3.247428916256963305e+01
3.343521903446360000e+01
2.534616702904123642e+01
2.983495305267035747e+01
3.266556790833928403e+01
3.278282499724563337e+01
2.577937484919350908e+01
2.481257342307904779e+01
3.528153918224926144e+01
3.221474967003769052e+01
3.078816455693826981e+01
5.609924569249860049e+00
3.334161457794504457e+01
7.170711658738774041e-06
3.438015381302051310e+01
3.328355569843517969e+01
3.190301235730921903e+01
3.555856904526928730e+01
3.214528776220955564e+01
3.637487480073153989e+01
2.198585088189747694e+01
1.790480890459346242e+01
3.395354333389607149e+01
3.308419648104263899e+01
3.544388957603256785e+01
2.856369865420926146e+01
3.310265500054601517e+01
3.425038200276080147e+01
3.177913466020115862e+01
4.396297868013245846e+00
3.255604688139815295e+01
3.934752020659399818e+01
3.599244666562223927e+01
3.396519870129543506e+01
3.550196245950280627e+01
2.957402630882386418e+01
3.200891853431865997e+01
2.682717051059210434e+00
2.297716120055791578e+01
3.452737167358284154e+01
3.608759938605487605e+01
1.357981177901838343e+01
3.422074352437770983e+01
3.294297145216221878e+01
2.643189575952791870e+01
3.327211241246073570e+01
3.247021167440679790e+01
3.413323543385347847e+01
2.508605953220955698e+01
3.377112334391231485e+01
3.417716785941199475e+01
3.144148301424674230e+01
3.331003110933939837e+01
3.253433805343121321e+01
3.471731034888242107e+01
1.101581387726985817e+01
1.692435081686764820e+00
3.487639097622076179e+01
3.337253009029586792e+01
3.103114290286440635e+01
3.159176753307541219e+01
3.318022524493153469e+01
2.781762214791699961e+01
3.529354734402724603e+01
3.308909047929913783e+01
2.776080315117471997e+01
3.561833128229825007e+01
2.984550636049807082e+01
3.687073667294890811e+01
3.204219665230480274e+01
1.879479118980518848e+01
3.580016253015433847e+01
5.652215471394593941e-14
3.339938422853170863e+01
3.372074380478499478e+01
1.629520930404234136e+01
3.414475309262296321e+01
2.497859096175735516e+01
3.093569786631194418e+01
1.497429746451137866e+01
3.388643346547901558e+01
3.348780289877530691e+01
3.223760744343839946e+01
1.618623539514625520e+01
1.800257395316783615e+01
3.385888697917041412e+01
3.349851670400946801e+01
3.259503306003494316e+01
3.329170640060083031e+01
3.226418414548922614e-02
3.417897314010721743e+01
3.284681416258848685e+01
3.334566417117546422e+01
2.079819943502458202e+01
3.339777022767587766e+01
9.300280284928412300e+00
3.132294542685092864e+01
1.714713817031861609e+01
3.164404046845361762e+01
3.006654082831009234e+01
1.238974808521523663e+01
3.096382588913257194e+01
3.341158654286903129e+01
3.614689490413366713e+01
3.001770347177447462e+01
2.406963993725577417e-14
3.343212673236802601e+01
2.877816652478048809e+01
9.157329514444679575e+00
3.319701277926452576e+01
1.890407750107534923e+01
3.175576216730689083e+01
3.204642340197421646e+01
3.263853448729815199e+01
3.249890851613484699e+01
3.314865055444467146e+01
3.073796056651243802e+01
3.253865807026938484e+01
3.082060242068641287e+01
2.937886867414204062e+01
2.080684477666333695e-04
3.325659125509030645e+01
2.821323917270320436e+01
2.024767261741690660e+01
3.406456574946241744e+01
3.284635790091587592e-08
1.151651098168633247e+01
1.229019078765995765e+01
3.661901839097670575e+01
3.146768987610376200e+01
3.124554694805783939e+01
3.352271178320372513e+01
3.297368208823877467e+01
3.237823768796607027e+01
2.250181955211896854e-04
2.861026968430503459e+01
1.517714189723321994e+01
3.616288065289542430e+01
1.834461735772520541e+01
1.564069754529822553e+01
3.463658388269097799e+01
1.729414914174398410e+00
3.517009767481154370e+01
3.299361625985053337e+01
3.178099598004378734e+01
3.260563669241157925e+01
3.103244462702817685e+01
2.665663064107480196e+01
2.866092137840875509e+01
3.586719465744108248e+01
3.433574211030468604e+01
3.444765501600234359e+01
1.031916648828641137e+01
2.858683581020982345e+01
3.337411455412433980e+01
5.718796813990737139e-07
3.115805503370074092e+01
3.158633544552758110e+01
1.922633679395072548e+01
6.625015550736747146e-12
2.799718525789119831e-09
3.349754774695238524e+01
2.749085924078158527e+01
1.264277152507062421e-14
3.533962251652899056e+01
3.515778022333450537e+01
3.334803242843742765e+01
3.232166511929710140e+01
3.066639373536879987e+01
3.096685816804268399e+01
2.804935511272657322e+01
1.256993285742722365e-02
2.476061281603042374e+01
3.120501969293149003e+01
3.303177203705538290e+01
3.354502796214347171e+01
3.225005912088321480e+01
9.274304749282158866e+00
2.994897657067018315e+01
3.676690044823340031e+01
3.002229635345591774e+01
3.287781311903577119e+01
3.305943895709369684e+01
3.310061678020533549e+01
8.958867605632306330e-02
3.248107434561604379e+01
3.170265561912356844e+01
2.911098994733869816e+01
3.136840799273601732e+01
1.796851972890405591e+01
2.997235885386568910e+01
3.206048745577620451e+01
3.088738313694004844e+01
3.170196630394296733e+01
6.782796849773671255e+00
3.347206159152504057e+01
1.982753647785556339e+01
3.009706058547711649e+01
3.342126372901528697e+01
1.273189009323867005e+01
8.639742851988204981e-04
3.342395260182273375e+01
2.910666222956857752e+01
3.425659746210558154e+01
3.304378326028690793e+01
3.032899173543832561e+01
4.406974055302774751e+00
2.754340585038432110e+01
3.413958382475646403e+01
2.116448864858718437e+01
3.475042321421845770e+01
2.927783321037571082e-13
3.659906007136900996e+01
2.807065280633420556e+01
3.348882015403670920e+01
2.960372930069368991e+01
3.435639890046393674e+01
1.023192287999405359e+01
2.310585669000973752e+01
3.207715963801376802e+01
2.940154973092980129e+01
2.005447781228633986e+00
3.242450432957876671e+01
3.328506962027383764e+01
3.263023228575190871e+01
3.257630584123451456e+01
3.408488705704982635e+01
7.082233681823374427e-02
3.137669929172857053e+01
3.052898785282073391e+01
3.072726082858341812e+01
2.797213943260539182e+01
1.185570928115345879e+01
3.276853606695693344e+01
3.056015452178419167e+01
1.054207322455050858e-14
3.158589667803710554e+01
3.175825440368810959e+01
3.360468829460268125e+01
1.522914912622972849e+01
3.290961674272537607e+01
1.087659005184777108e-02
1.550097419602838400e+01
2.583795247339395118e+01
2.964204086162961005e+01
1.782053872199638533e+01
3.150743274650812253e+01
2.929206670558439640e+00
8.557379977133040327e+00
3.156238913737018592e+01
2.257625755563001135e+01
3.057530431543593963e+01
3.278468316064795118e+01
3.203997479247943403e+01
2.972380234429784096e+01
2.919394571343282152e+01
2.878235566940825763e+01
2.850060732474126013e+01
1.752686266700575501e+01
3.129358176366408628e+01
2.163573681816341221e+01
3.366376505604701208e+01
3.429799994434616650e+01
3.860061078113027285e-07
3.253039311107800557e+01
2.056701002778357323e-04
2.609997092148898190e+01
2.844672830322985391e+01
3.044879638387260457e+01
3.599635596469261856e+01
1.710827173580980087e+01
1.452198096952481876e+01
3.078427682446503866e+01
2.967479284668140238e+01
3.216643432556647042e+01
2.890971189469597746e+01
3.112927976447679868e+01
2.622404358053237061e+01
2.359167524067946786e+01
2.107808350938758224e+01
2.829733040047314319e+01
2.995947312856154809e+01
3.108212709095192139e+01
1.192631201826213427e+01
2.601030775001202500e+01
1.877396595818142396e-14
4.004521031124670151e-03
4.385981405059645510e+00
1.951494670421866218e+01
3.058940721373594940e+01
1.895074795670323908e+01
3.305827093818037099e+01
3.592368693075491848e+01
1.958400763694780977e+01
3.531761131169720613e+01
6.998685457822229061e+00
8.498711899043751572e+00
2.885702220912562055e+01
6.238463261491490996e+00
2.730686328772777927e+01
1.366182831793548047e+00
2.705602696492656634e+01
2.464845926285338606e+01
8.509586759841082288e-13
2.754644218325743091e-02
3.129229469043769996e+01
2.730186062069735990e-14
1.057862865010590347e+01
3.132726147962799246e+01
2.744264416113266236e+01
3.032269647223714770e+01
3.329870397433437290e+01
2.096350922551655316e+01
2.997071588954608501e+01
2.984675804725216608e+01
3.297598850611841215e+01
3.158459149143651246e+01
3.192368701019201538e+01
3.153897399158512371e+01
2.882960915758346232e+01
3.106992589346173617e+01
3.013845488992388866e+01
1.645586300854065342e+01
3.524307439959200394e+01
8.593106605354369210e-01
2.458018423588223555e+01
3.083131982832330564e+01
7.027675624070857552e+00
2.327791214149026189e+01
2.268248491515596044e+01
2.092212194980308126e+01
1.702333080210535954e+01
3.029674108143458611e+01
3.250627796665813918e+01
3.195112288857676219e+01
3.283419885169604413e+01
2.113650075920856253e+01
7.157911282292651368e-03
3.163344475628620955e+01
3.226472118950107415e+01
1.651359689000420516e+01
3.541483411061721043e+00
1.618578610106104421e+01
3.564988953656759207e+01
3.315909121919634828e+01
8.781766475565564445e-01
3.120183328586968230e+01
2.948582809824769413e+01
9.797013515363843794e+00
3.200171312374786936e+01
3.413985256934594048e+01
2.693600191907671260e+01
1.044373828106020774e+01
3.316444265394436286e+01
3.098891004431342822e+01
3.241228279862270512e+01
3.079921077937170892e+01
3.097686530964042717e+01
2.749629727268027324e+01
1.849463380248424572e-09
2.889298543676934372e+01
3.271948183740020966e+01
1.460940040121488970e+01
3.184877100141159190e+01
1.391372277218634501e+01
2.709094041150484955e+01
3.277618957408264322e+01
2.931217736271427654e+01
2.595279243638103139e+01
2.108682111759173239e+01
3.024169765330238135e+01
1.408675221981632955e-10
1.226234558987576301e-01
3.219398071776345205e+01
3.392443141482101510e+01
3.024635682429254402e+01
1.138711857802573135e+01
2.945995185682980733e+01
3.178081283816887748e+01
3.166384246947240300e+01
3.075037818237647613e+01
1.218821255096434442e+01
2.837776744463665679e+01
1.317278349515353837e-02
2.874412469761653099e+01
3.217215928397657621e+01
1.101190813783337746e-03
2.990323221512011642e+01
5.582076700527347364e-05
3.327743481233577683e+01
1.104402521220947534e-14
3.238888423745391520e+01
5.477423060980584957e+00
3.371800041764207378e+01
3.377837363219956757e+01
3.185373235373097245e+01
3.379884105441849584e+01
2.940252698317829427e+01
2.842837564604194256e+01
3.269696343628783097e+01
3.193455305619495732e+01
2.450658333085356233e+01
3.220315199238694959e+01
2.333236208332565217e-14
2.705360362785703643e+01
3.170525058364070503e+01
3.291280985641868995e+01
1.140127619761496547e+01
3.210426528927329315e+01
2.225468678203376202e-09
3.120002134462966836e+01
3.185007715901559067e+01
3.138402779804450304e+01
3.124452770516280253e+01
2.996638621131154423e+01
1.655527214850154749e+01
3.514293957494849252e+01
2.888074113555014222e+01
3.002763152723278495e+01
2.793741605540592587e+01
1.704450308781072902e-06
3.310081657873939776e+01
3.118781181938328118e+01
2.977720452262115458e+01
2.047979233031935209e+01
1.370478506200211999e-01
2.404846296833237673e+01
3.415428156276879434e+01
5.152980025429175766e-09
3.028016335300446826e+01
2.412496834381894217e+01
2.678815622382013117e+01
9.687792319064239877e+00
2.875486219778225561e+01
1.760314958898059601e+01
1.780647948357291012e-06
1.815192677306618134e-14
2.213588510309344315e+01
3.197813747615729341e+01
2.342926152256425709e+01
6.044740701212535094e-02
1.509933356909439472e-01
2.709726676668588463e-01
2.542088093626278678e+01
1.007548343973821358e-12
2.113996217007576284e-01
2.988188567530267292e+01
2.680178885407528133e-01
2.862342685335601544e+01
3.204069712189806296e+01
6.721372606151336804e+00
2.979094871188946669e+01
3.027690438689860741e+01
3.314186054033920925e+01
3.012597598170871649e+01
3.585516282697185408e-06
1.901542382387608754e+00
2.817696102190778262e+01
3.216468665439690966e+01
1.519534010408691335e-04
3.151609801393411558e+01
3.209913569037518499e+01
2.406402647054543209e+01
1.080220146880843163e-04
3.158167066580837101e+01
4.204577643106323110e-04
2.976165607416131564e+01
3.113302039447111369e+01
3.010850916980209036e+01
3.230095512299350702e+01
1.441805022600482680e-04
3.099169848495919055e+01
3.144168520590685389e+01
2.813792721205593139e+01
2.894650792930920247e+01
1.484824966207532171e+01
7.689796811860333925e+00
3.402289341298423864e+01
3.659795075923222285e-01
6.059367085078686235e-12
3.030763785666599499e-04
2.994079402654338651e+01
3.340256851094856216e+01
2.843414192873876090e+01
2.723888860529699940e+01
2.908534003079715191e+01
4.679448670817366343e-12
2.623980285629353304e+01
2.752193304951109454e+01
3.333427251109371525e+01
3.188144351811698485e+01
3.354127078056682620e+01
3.272057820344755186e+01
1.978547698033662527e+01
2.846266452951217474e+01
3.922972151002113191e-06
3.062288749805482624e+01
3.157290409457117875e+01
3.039976706026264708e+01
2.769563407207791172e+01
4.971354382503193059e-03
3.152088994987606441e+01
2.801726112465816598e+01
2.692954193396944618e+01
3.036759377277491723e+01
2.268134887653833687e+01
2.841761462699775365e+01
2.235444113666518717e+01
5.202207533555371910e-01
1.329142971655971017e+01
5.153381292895263144e+00
4.000516692930714945e-04
2.975390946338686149e+01
3.019041455499692717e+01
2.014431394421132282e+01
3.581519708313547312e+01
1.659391102148257691e+00
2.557871430219616826e+01
1.420759324438744997e+01
3.133707747105192354e+01
2.811192511297524632e+01
2.642348902666791677e+00
2.892721779914239377e+01
5.521576985640188652e-04
2.309785635503835266e+01
3.058658544998477424e+01
1.121870658542808563e+01
2.810839573053796414e+01
3.002677378508050410e+01
1.219092456293900792e-04
1.559196465920023478e+01
1.267623424033607371e+01
3.253225153510270218e+01
2.783692930352042083e+01
2.274710778573339809e+01
2.374351894263251594e+01
2.780646719679915790e+01
1.776857989034401797e+01
7.534460896719057388e+00
2.165383514460249259e+01
3.109254202289169911e+01
2.868167712230091482e+01
3.412366979212325191e+01
9.608954678527785731e+00
2.194256106364331416e+01
2.047429062004915679e+01
6.846110130417561331e-05
3.001762257303933623e+01
2.919131150442262879e+01
2.501550590812036745e+01
2.880221741787781023e-03
2.628530832386966054e+00
2.716837252451241724e+01
2.828708746495615500e+01
2.673645048004818392e+01
3.713632334257367940e-01
6.028505434346716256e-11
5.014790112305747040e-03
3.050983043785630855e+01
1.525454613171771154e-14
3.850715944492556923e-06
3.077041057642477284e+01
1.980570302214886613e+00
1.521644281598699422e+01
1.678217552815127301e-14
3.036316181252230366e-13
9.743323136644180593e+00
2.077479844705090173e+01
5.031592398188621277e-04
2.708681453940931760e+01
3.146507610925272047e+01
2.874188775536490326e+01
1.031399910406473808e+01
2.964058974197644858e+00
3.288594917879931745e-01
1.064298028642600080e+01
2.576949954797682096e+01
2.799276057241295490e+01
3.224816959197007549e+01
1.178293772524185712e-01
2.505799081390614091e+01
1.743074309891862939e+01
3.104729834787742959e+01
1.692926307163601862e+01
2.557918772675233754e+01
2.931921889179417917e+01
7.028763987900737753e+00
1.101660674179981037e+01
2.727619513123973505e+01
1.433779965125712863e+01
2.851107276143755342e+01
2.750175862041962560e+01
3.000882795005565029e+01
1.198284134862395867e+01
2.751812392927968531e+01
2.742640918397765404e+01
2.890056719830158372e+01
6.007968681173563752e+00
2.576118694808164378e+01
5.346033690319818454e+00
2.272462628529196935e-08
2.993183544714886679e+01
1.942921507728016906e+01
2.896636979669251133e+01
3.500958617380794144e-04
1.734008732030201472e+01
3.942775754844988212e-07
6.600255009196578926e-02
3.041814642463724638e+01
4.970221522586717413e-10
3.072091866346228883e+01
1.720903424836708950e+01
6.032431807969174997e+00
3.339673868170756621e-01
2.996360370162556919e+01
3.462208122983312819e+01
4.413838115655090220e-04
1.466471278412372645e-04
2.765182316661455530e+01
2.419070004663237849e+00
1.526061658844395930e-01
2.900189598862577256e+01
3.137809703055439670e+01
9.308799691758279593e+00
2.693162259531327152e+01
3.018105225892050569e+01
2.909332670614476868e+01
2.996569567689246227e+01
4.858277575098834511e+00
2.891371784127248290e+01
2.902648259557440369e+01
1.682733090228687679e-08
3.068468481016484617e+01
3.103254523922479180e+01
3.105890527325738759e+01
2.753020623361809527e+01
1.668235622641186761e-14
3.241764027947722582e+01
3.019085114922011925e+01
5.088993939256631597e-10
1.913193704724246658e+01
2.711594587016557512e+01
3.332731160449771579e+01
2.724303918371703486e-14
2.867081734358635359e+01
2.770436310801296287e+01
2.780719309990405463e+01
3.177752070003442597e+01
2.678256472084992268e+01
3.027721562362939522e+01
3.019089875108388199e+01
3.010853460706567475e+01
1.844918721383192306e+01
1.868500992310125142e+01
2.423939108445159007e+01
1.204910316062188791e+00
2.642346053551164076e+01
3.099473167507446192e+01
2.912233956409247426e+01
4.270787781550452892e-04
3.711555334338527246e+00
2.970751975143774715e+01
3.207950587270361353e+01
1.602383614485838592e+01
3.047618599439802978e+01
1.511103891001033084e+01
3.071568470354837999e+01
6.027278449124709780e+00
2.534234432241147772e+01
2.778783639717292786e+01
3.082656156708336681e+01
1.427482952189421448e-12
2.184600590764011388e-05
7.527370869736262904e+00
1.692626339226296572e+00
3.028032779563099552e+01
1.239149600943335774e-04
2.934078738752775806e+01
3.352352904871348221e-12
1.134640307242053936e+01
2.617692532116024751e+01
2.638737234375204466e+01
3.010132460385026931e+01
7.022512500617147461e-11
2.738397108486208964e+01
3.092541813520672989e+01
6.198728882310066801e+00
2.214545039549347294e+01
1.867083841815599854e+01
2.482705702023240946e+01
2.960409357908647365e+01
3.230557372843418307e+01
3.175407682051908509e+01
3.598293272568113110e+01
3.104303984110541492e+01
2.342750688048857910e+01
2.677003557461368288e+01
2.789422306215367442e+01
3.145304847878056975e+01
2.660625560417693926e-06
1.137712830896786265e-01
2.277780236835427274e+01
3.205675947036070994e+01
3.073969507083998565e+01
2.666358213215782769e+01
2.964133635139879885e+01
2.122295968192624827e+01
3.176409265569234464e+01
2.595058195479477092e+01
2.830568687422819707e+01
3.242095289415750159e+01
1.144118491848820363e-01
3.188738511299538064e-06
2.636473157059808781e+00
2.917869734159959094e+01
3.026294973859254611e+01
2.660647106574771570e+01
2.284663607165913746e+01
2.292599920357445598e+01
2.854235804510443586e+01
2.826597920600281100e+01
3.165268144441257547e+01
2.219633472431959831e+01
1.978555866789149373e-05
3.173534953409057735e+01
2.857036813248728180e+01
2.780230709886261309e+01
2.323395992712429603e+01
2.681233524059528861e+01
2.774690262584834954e+01
1.726331580532114529e+01
2.952743390821072822e+01
2.637836439695075086e+01
4.360330056135497498e-05
1.603354508721020200e-01
2.926356144140116555e+01
2.751269985451822819e+01
3.402210307143936774e+01
1.347468304951243923e+00
1.864631347755701540e+01
1.006000390738980776e+01
2.753899521897989366e+00
5.024875818003974537e+00
2.605006087966659986e-03
3.042597454346058683e+01
2.873357800867870537e+01
2.906306093043819061e+01
3.231370227607684598e+01
1.151281886849819677e-13
8.873310906674897192e-02
2.927233572248842819e+01
1.479626497081147456e-03
6.288512069285876471e+00
2.827424067563130805e+01
2.936754699155071791e+01
7.389540290051805135e-12
2.764561748249426643e+01
3.055496829305314677e+01
3.108023451482944566e+01
5.539632103033227130e-09
1.606239809009608844e-03
1.284531874758526193e+01
6.308451310650643740e-02
6.270179514830103606e+00
2.799018798932018104e-03
1.286239914867770651e+01
1.596178343988314402e-02
2.837411982757432583e+01
2.722312243882378269e+01
1.257603528106424103e-06
1.295332179220678253e-10
2.717018224238564628e+01
3.169405716368999393e+01
2.501189751102433334e+01
2.462883765698863314e+01
1.184411817267081224e+00
3.078438024452058741e+01
5.185562132008085356e+00
2.305639471446294664e+01
2.233199679569165141e+01
2.034722942063107304e-03
3.162329448675232868e+01
2.666478311103454502e+01
2.719076160663826514e+01
7.307336558041174437e-06
2.689606204161819036e+01
1.966978618507425480e+01
2.924816134119845046e+01
2.247576343630111495e+01
1.744223263478424288e-06
1.854788369979296903e+01
1.369062289094230245e+01
1.141886606303608824e-03
2.981057253304991406e+01
3.075786526369822482e+01
2.373083128188729773e+01
1.833815408735768899e-13
2.871090515109080599e+01
1.513767309936681870e-07
3.042636458603261573e+01
2.975765331700717553e+01
3.236261898710346685e+01
7.805067197028850434e-02
3.092737063085872151e+01
3.364824110096226661e+01
1.821701856127538122e+01
2.290603558419026520e+00
2.119490634959617092e-02
2.827728884430965195e+01
2.851691031629782103e+01
1.300509130370432231e+01
3.093854136382067921e+01
3.062222441867972123e+01
2.458267712078251962e-08
1.460704848538481073e-08
2.121080676003284093e+00
2.451207780735893246e-14
3.096713381275801424e+01
5.267104058069498420e-05
3.014180031159862594e+01
1.491576558414975651e+01
2.319536473650371633e+01
1.398188282616690015e-09
8.074814957250971148e-02
5.674495127653024440e+00
2.832739354926451014e+01
3.910441544363520922e-06
2.457153357099403981e-03
2.421564265397274340e+01
2.826516433631624992e+01
2.987026366081454398e+01
2.400269156303975393e+01
1.209898058156145773e+01
7.217934350068642146e+00
2.721494393879385854e+01
9.277064397849232869e-02
1.338401499098175762e+01
2.956271266744236925e+01
1.419499658558552745e-06
2.575252218521778858e+01
3.211474139377187242e+01
7.237144398365286196e-14
2.822023755628358899e+01
1.518197560334508545e+01
1.131736558828404959e+01
2.633235707352131882e+01
6.754805619939219241e-02
2.614920168340648132e+01
2.827334901967128289e+01
1.242402536077418101e-01
1.821535149800590007e-13
1.210892798381165392e+01
4.667535130997555251e-03
2.399978599925962417e-07
8.256259744337323211e-11
1.126088932053715637e-06
3.019323253512983385e+01
3.048891302494655164e+01
2.962104737952421729e+01
2.482422304542632219e+01
3.423401006987602813e+01
3.102313200935177306e+01
2.408824046019953968e+01
4.388877631463534293e-13
3.114799087011262037e-03
5.618730586399876825e-02
2.788636368596566584e+01
2.596282426495279694e+01
2.867846461576469608e+01
2.854043137585913570e+01
2.794409620566101893e+01
2.121427113962750610e+01
2.224460060149800356e+01
5.771356470476470100e-09
2.223972106561364015e+01
4.576827804612862047e-10
1.291018771843116753e+01
2.972977018609076794e+01
2.956325797957649115e+01
9.520302417291444823e-11
5.135009239945015949e-13
2.818717514499807919e+01
2.787192196353028351e+01
1.034242972820574771e-08
1.497582688457753559e-02
3.003030459970378985e+01
2.754246847910260598e+01
1.669264828470917905e+01
2.684804321304371655e+01
2.762033916419456858e+01
1.349722551960864524e-04
2.617168425067007220e+01
2.747107801399848981e+01
2.748443231744927573e+01
3.242208506858813877e+01
2.403330046220349558e+01
2.774451589061292722e+01
1.126107131634470848e+00
1.296963273288414527e-14
2.792840567865312806e+01
2.918621941198530223e+01
2.069298725696132270e-04
2.911681395845630504e+01
2.744753396285565472e+01
2.929748548216781856e+01
3.189685042657084324e+01
2.847743077955849955e+01
9.856206388901676829e-02
1.046511484750815193e-11
3.086545321170510547e+01
2.696745249590588855e+01
3.066765944100378150e+01
5.425955208082415765e-04
1.671569950751969102e+01
1.186502912530036931e-05
1.322167603602068330e-14
2.715662707100516116e+01
3.098000971896336253e+01
3.362796690006248923e+01
2.804504434799421375e+01
2.817758890510532410e+01
1.123874131044283908e+00
4.787024003842628161e+00
1.946321022747031337e+00
3.087846979232003264e+01
2.765859468695428447e+01
5.950636766563011897e-11
3.025346303428056771e+01
1.931486517823324258e-04
2.841166710018048391e+01
6.756938730362684921e-04
6.270127010725232708e+00
2.070757376385336102e+01
2.900968105401166142e+01
1.381276154734027450e+01
2.829294553116842792e+01
