3.162674261666295195e+01
3.324676571635042421e+01
3.248700497133935272e+01
1.075054182713017070e+01
2.000005973275204951e+01
2.741261029162532026e+01
1.420404812953364804e+01
3.169452826087534092e+01
3.380575919466728863e+01
6.306618582952719897e-03
1.953206069263772093e+01
2.889797083706771019e+01
3.428070771337587530e+01
3.509364279607861192e+01
2.579267485644026468e-05
1.446045739547514053e+01
1.164744632005655145e+00
3.417737376064162902e+01
1.671524936513757709e+01
2.048931606506059484e-05
3.471007738415130461e+01
3.502597817863519936e+01
3.758155340432922742e+01
3.306760446020001609e+01
3.217449781836560874e+01
3.261916501429821835e+01
3.641105498510257377e+01
3.691722645589030805e+01
5.751601109182781002e+00
3.265599000439600275e+01
1.256350359775664316e+01
3.061805061334916900e+01
1.171842359663676270e+01
3.493492132856491850e+01
3.447251255290696292e+01
3.359008381543139876e+01
3.623443798066050903e+01
3.384665533676366067e+01
3.376849780911097554e+01
3.190162574994307576e+01
3.655708253078051939e+01
3.226674319469005781e+01
2.397398837242970515e+01
3.351668195036945974e+01
3.392683472558469049e+01
3.151223847026477287e+01
3.562472778802188600e+01
2.767060696708706757e+01
3.534789939216437915e+01
3.607618035535400480e+01
3.594852891692677588e+01
4.350463496155325238e+00
3.317414884058995028e+01
1.792265132310251019e+01
3.265368450834512259e+01
3.291723244317893204e+01
3.354893929593605151e+01
3.951695203415948043e+00
3.444928130437579483e+01
3.588077654759316459e+01
3.021479183053606832e+01
3.300963223036526273e+01
2.198398389275223508e+01
3.320744758206131308e+01
2.967915202531223073e+01
3.319534437305857466e+01
3.466444464521804747e+01
3.167365138981160655e+01
3.659712097784820628e+01
3.260685568254901767e+01
3.295601661143040673e+01
3.445642989967520009e+01
3.409465899321224924e+01
3.227004700865825981e+01
2.789313187686072126e+01
8.562625758848266599e+00
3.099856168782884325e+01
3.287257831752602044e+01
3.426598715667415718e+01
1.622097161397775267e+01
3.422420659402400389e+01
5.149935908435320529e-13
9.687237488938762908e+00
2.802923436594344508e+01
3.617800189705448588e+01
2.954653836376823861e+01
3.460569244021661461e+01
2.904815208603217158e+01
3.133951919846573020e+01
3.169080025154218205e+01
3.356151387213031256e+01
8.909811265261805002e-02
1.275783021787779248e+00
2.965970072511273514e+01
3.052572275491145604e+01
2.922275140087222667e+01
1.049034375851002210e+01
1.278577523659435755e+01
1.366036348996765959e+01
3.632594676057690464e+01
3.291428464071751847e+01
3.213857742189154010e+01
2.975991255070431407e+01
3.172861989255495985e+01
3.125879850456864129e-06
3.389354525396212381e+01
3.114298272802123435e+01
1.564876621215596586e+01
2.957649049994254753e+01
3.397449861599542942e+01
3.822385578550281338e+01
3.436856147724405730e+01
1.362868712370990387e+01
3.389207458666800221e+01
3.013839419745049497e+01
1.732274176704490998e+01
3.373528695611120298e+01
1.719792894830174612e+00
3.645085078422300029e+01
3.381595464266651163e+01
3.455310721151382580e+01
1.367588040557218143e+01
3.113256260080048321e+01
3.395013001896300864e+01
3.164259949227425395e+01
9.523223457954108498e-14
4.045687364597080025e-04
3.214179601117605500e+01
3.295041319464983331e+01
1.583253650824258507e+01
3.150675454780591878e+01
7.434077637723039977e+00
3.473521786235433240e+01
4.316632603018838443e-01
1.556858331461384992e+01
3.361734650574729244e+01
2.264220141418020094e-07
3.175779676834117282e+01
3.450254676559023892e+01
3.217440146723342309e+01
3.143162399340508273e+01
3.010986986396326515e+01
5.688277098934020337e+00
2.690802153727865331e+01
6.270751535608259708e+00
3.187670029582864117e+01
3.315015330167363317e+01
3.360893605138198836e+01
3.005854493744094924e+01
3.611308903834155615e+01
9.870257773477861957e-03
3.597794445382278639e+01
1.091930908515004717e+01
2.548237938078612075e+01
2.523190523602375634e+01
1.956521675761200996e+01
2.234269577066960011e+01
1.366742660731974723e+01
2.876011828324183028e+01
1.886955676528500803e+01
3.036916892199392137e+01
3.276724580608469495e+01
3.492252847608989441e+01
8.355859379193175229e+00
3.541986912107908125e+01
2.883516726019020315e-01
3.209104886790466793e+01
5.519214487199255448e-01
3.364411484500745786e+01
2.138667497003146133e-14
3.090880685795684357e+01
3.514869673991541532e+01
3.116254761051390787e+01
2.759952535544127272e+01
2.881115941275491465e+01
3.570687647556047750e+01
3.322390110683356568e+01
3.017892895791333530e+01
3.592156518171654511e+01
3.336076227612260681e+01
4.211477831477290879e-09
2.138888691807565934e+01
1.792879536723789968e+01
3.434572605205165274e+01
3.433730012530315179e+01
3.521214091521014211e+01
3.600745759358592579e+01
3.204626729294641763e+01
1.652637146315323591e+01
1.631437182696773291e+01
1.645173920091045261e+01
3.184170037504167539e+01
4.575747746637634684e-13
3.432245760613358243e+01
2.845530003122522089e+01
2.472943509283094699e+01
3.039743845293554969e+01
2.961958522451177700e+01
2.998898134180918618e+01
3.265857726327134714e+01
1.039668228297601131e-06
1.588985575929092597e+01
3.243963869457105176e+01
3.620874868254778534e+01
2.487622523823281639e+00
2.117590927861073169e+01
1.895822598556886618e+01
3.157586811961520468e+01
3.258543524557509841e+01
1.961216321611455271e+01
3.271993853215532511e+01
3.201747287154562827e+01
3.006276468988430040e+01
2.253591839943156572e+01
1.305748888141680197e+01
2.694444146912245230e+01
3.075470562177232026e+01
1.797603773239805136e+01
3.342283507021275568e+01
3.214119354504745729e+01
7.384183538509361711e+00
3.009755388812611443e+01
3.153981876637053716e+01
3.520250388286041243e+01
3.380345777107658733e+01
1.644502758716721758e+01
2.540796909639201573e+01
3.358346496273586013e+01
3.368385264810633117e+01
6.587365604009689189e-05
3.031009616278733176e+01
3.409768165861360245e+01
3.393631126144367016e+01
3.200331310855600009e+01
1.185610348164663819e+00
2.810888695336051057e+01
3.171488197237181694e+01
3.234943740610144403e+01
3.324103519545868579e+01
1.487022056438575568e+01
3.489759718297888469e+01
3.299133388420305124e+01
1.167848639299089264e+01
3.752068602624220262e+01
3.072353551657377579e+01
1.757298648816193603e-09
3.015761821811467414e+01
1.455264908872907270e+01
2.544929695091808597e+01
3.217365366062914234e+01
3.157156768185457452e+01
3.412466707358742468e+01
3.239751029552053296e+01
2.987789709855476517e+01
1.329996989393751860e-05
1.846740223204962206e+01
3.790464597015706649e-02
3.426199562221872433e-08
8.770208915115557005e-10
2.782609931498901190e+01
2.770079025271167339e+01
3.285203566455195556e+01
2.615156726558421596e+01
2.922015595784765551e+01
2.134952933501709449e+00
3.993379212281352245e-03
2.138699696458400368e+01
2.021236304102941972e+01
2.285979356598551604e+01
3.246556453741062143e+01
3.210034431760616513e+01
3.305977684552785689e+01
3.341300816371341398e+01
3.168684824829252378e+01
2.626771341166307039e+01
2.022052026822688120e+01
3.044295222771670595e+01
3.121332869504227858e+01
3.105929920240980024e+01
3.114657842570795410e+01
2.436699909693517085e+01
5.964262593887837305e+00
6.225177869241166562e+00
2.278196481679647079e+01
2.379664743116998143e-03
3.008697523131805696e+01
2.976278589153909238e+01
2.816362999590383609e+01
9.955577519050152091e+00
3.275357467896255059e+01
3.284353162721401986e+01
3.501968007283550577e+01
3.311463021346982316e+01
1.161242160016671399e+01
2.979651675352318208e+01
2.751352259928434663e+01
2.860719203574009128e+01
3.440547698781728059e+01
3.138416143030655903e+01
2.747073878040660944e+01
2.555254232974183992e+01
2.716746831123660399e+01
2.016083697927134821e+01
9.951750172922345428e+00
2.762651942651241299e+01
1.445860323013342530e+01
3.010845011847528241e+01
3.320354402398572091e+01
3.468408260630813089e+01
3.362885425038969345e+01
3.239887343925475705e+01
3.601081799553571727e+01
3.069021834759100642e+01
1.809526197196039732e+01
1.438554557442468251e+01
2.896224922814955249e+01
2.872411869306804988e+01
3.440509490476357257e+01
2.829229574797511049e+01
3.553689055124960561e+01
1.406866736874721546e+01
3.283383542195982585e+01
3.312393728908143231e+01
3.223757802198515066e+01
3.341878714100445791e+01
2.816466043606622449e+01
1.634240070087998831e+01
3.207739115449967544e-03
3.313949995212401234e+01
9.555563224881691298e+00
3.216975597460355374e+01
3.143552592489922759e+01
3.371175417911433669e+01
3.285856107596979570e+01
1.490768621054285766e-05
2.261861182856974395e+01
3.324854250270296063e+01
2.794151331165241296e-11
3.868135260375899535e-06
1.556630807942539008e+01
2.926260003113644714e+01
3.142386879861635407e+01
3.244578403157436242e+01
3.231688438824303233e+01
2.683076917568802600e+01
3.498444401427794048e+01
3.404944127677570265e+01
2.459733506898256650e+01
2.850156379808911566e+01
3.395557626646772320e+01
2.698607986876152864e+01
3.012666898384786407e+01
3.192199976089181845e+01
3.115038913946476029e+01
3.274017193200831599e+01
2.956869206075828060e+01
3.095676996009056836e+01
9.283177708807047068e+00
2.065643621318986314e-14
8.680615623136148429e+00
1.681317370786297971e+01
3.244277749422391821e+01
3.436560506598627285e+01
2.933771954862502085e+01
3.024430494981846351e+01
3.185406643335623755e+01
2.596701020274765881e+01
2.926665127271115097e+01
3.026406083444217288e+01
3.038288311063281455e+01
2.630762146083294795e+01
3.850986844997103731e+01
1.309124605095488114e+01
3.035545689206793440e+01
2.760987842895760735e+01
1.933163849169642390e+01
3.451323071033474577e+01
1.452115911298983697e+01
1.105061101190535489e+01
5.708578932932874057e-09
1.747175769098829434e+01
3.171094859956189183e+01
2.856775271781210535e+01
1.729484085873280108e+01
3.142450996074500580e+01
2.959199619980913809e+01
6.881809462320480186e+00
3.177483843166316646e+01
2.408796882433158615e+01
3.068207523511219748e+01
3.031780418360255069e+01
3.193713314135676384e+01
3.347353609339041580e-01
2.979433423185207630e+01
3.152006593626840214e+01
3.098801207664115864e+01
2.906536832606776244e+01
3.279316145442252406e+01
2.882933166640050260e+01
3.233305674899359872e+01
2.038883781627205849e+01
3.406469288903126369e+01
2.145882779732787782e+01
1.097337903353953159e+01
2.304849128456768881e+01
2.009584372777559125e+01
3.130506415200546400e+01
2.867264539019729597e+01
4.873024017751816928e+00
3.177579245613992498e+01
9.092421560379706109e-12
8.371666494806244202e-05
3.085930575631894257e+01
3.361882971979271417e+01
2.936106181981195107e+01
3.160373605913038730e+01
1.925356777289533390e-14
3.098261965708639210e+01
2.677278699305282217e+01
2.949823451444490274e+01
3.066881407949006189e+01
6.828892983354592161e+00
3.300760383452956148e+01
9.859760601461415419e+00
1.879300001571557388e+01
2.857047475585333274e+01
1.390662279587671257e+01
4.770997423513007783e-09
2.550387429312559817e+01
3.014610199093680976e+01
2.865166259974003182e+01
1.825198652150145051e+01
2.072207670520853052e-14
2.478176121292787926e+01
2.712574578311335927e+01
1.926526118528640907e+01
2.818400413137062799e+01
3.249750025936231168e+01
3.178241953660420904e+01
2.796753468567376544e+01
4.108551339246162004e-01
7.855701532337769244e+00
3.092555138526114078e+01
3.188587944953435382e+01
3.117972675194103971e+01
2.627406272917158603e+01
1.086914315685320226e-14
4.735269384873068317e-07
1.397701884081597612e+01
2.437690833404437285e+01
3.090029058013082164e+01
1.193173467736721922e-04
1.350489847662814213e+01
3.279802598037548584e-04
3.089846101194347483e+01
3.150739022792504684e+01
2.764845547932846515e+01
3.289460916389202083e+01
3.058537602364024011e+01
2.996940578727593518e+01
3.350798529530599978e+01
2.811054365370609887e+01
2.972324382381919605e+01
3.247335519859373676e+01
3.292039209271811018e+01
1.829618532667792863e+01
3.065856722064269846e+01
3.263751913212021094e+01
2.326735863844484342e+01
7.526818466617863912e+00
3.329089348004573878e+01
3.960924131284814020e+00
2.476240175385997588e+01
3.269283349405954198e+01
8.569680555148574516e-08
2.735933606512308813e+01
2.735853328486899727e+01
3.065233819453143838e+01
1.607690453233704417e-04
2.186222271289775421e+01
2.950081613567955685e+01
2.973077154944123279e+01
1.389913866574527468e+01
3.050787880001533381e+01
2.496403187758200559e+01
3.365721406811305627e+01
2.399697718573427352e+01
3.243668918615002639e+01
3.204999263776633711e+01
3.368671394991359591e+01
3.322043197957096083e+01
3.006044919344460098e+01
1.982578949488907938e+01
3.351203848223821069e+01
2.960678460798509803e+01
9.097018019787174836e+00
2.631813035988707838e+01
2.661469088779028525e+01
3.238100911411182306e-05
1.968794443017788964e+01
5.313365539996101283e+00
1.140582928932493418e-11
1.987118448352383737e+01
3.258638183138518229e+01
3.438986016721029415e+01
1.400350139265317236e-03
1.050783076122292670e+01
2.915571604558000374e+01
1.488131216849140708e-04
2.764075970706939955e+01
4.734702169425582697e-05
3.087310437192270740e+01
2.844055472551574226e+01
1.938453801593015002e-01
3.084618737843953795e+01
3.507133499287807865e+01
2.831824232800959251e+01
2.600416135841714538e-04
2.886860784801239888e+01
2.790765642053979789e+01
1.882004495289884005e+01
3.018029469756942973e+01
3.063291928433527644e+01
3.280504323052841897e+01
2.858436355446125887e+01
2.833111941528736821e+01
3.366487726983603324e+01
2.777519693581310989e+01
2.815798186238151146e+01
2.547095382082547133e+01
3.149196768783720651e-02
1.859209590483198227e+00
3.478007276159243588e+01
2.482451655282859804e+01
3.014758431212937140e+01
2.894571751282619232e+01
1.100017139178823156e+00
2.929866805810427621e+01
2.902355645543096330e+01
4.687875043572997586e-11
3.264029359152392828e+01
3.126558200791461317e+01
4.743109640731907106e+00
3.470313507775917117e+01
3.333855390662838403e+01
9.305635245639237496e+00
1.466807565362927729e-07
1.508043837722754965e+01
2.212327751583980628e+01
3.048484402430153750e+01
7.572546007017141520e-03
3.268075154743590360e+01
3.499446884348107289e+01
2.706826667205054093e+01
2.816641207625109899e+01
3.085831806459291826e+01
2.980188699830375043e+01
3.437240690566460444e+01
2.962144600346019985e+01
2.955455649545666574e+01
4.049316864818312804e-10
2.768222825259622866e+01
1.570675738040447023e+01
2.936395513836192706e+01
6.620982208329712293e+00
1.224478055593005799e+01
2.908052162069427737e+01
8.920714137344672778e+00
2.902260928345145885e+01
2.783434626510015164e+01
1.007568484755184635e+01
3.072774913770723160e+01
3.231673028099064737e+01
2.504292861862369435e+01
3.234165493771590860e+01
7.497683800871870474e+00
3.125575663779869373e+01
3.125934224821931906e+01
3.168514287091523229e+01
2.874912757840251842e+01
1.536285787898533250e+01
3.034307999506260956e+01
2.867664194619275264e+01
2.482025731948686698e+01
3.092432657654012118e+01
2.774175228056592957e+01
2.762326093009775718e+01
2.811915663498248819e+01
3.029877142372608034e+01
2.952072028635149437e+01
1.233494086856300420e+01
2.277135934492865843e+01
2.679281213447429266e+01
2.949826482624801827e+01
2.246246106637087792e+01
2.518577792705217798e-04
6.786466536035368603e-06
2.997061002410399411e+01
8.954141400710888377e+00
2.822318728850726099e+00
2.882506079909062535e+01
3.296273955863516392e+01
1.257635248854930256e-10
1.819492176924329872e-12
1.570836314373795517e+01
3.385960373872558904e+01
3.023418646487899863e+01
3.114322839282699107e+01
1.209212904623872905e-14
1.861229749181287849e-02
2.464328899637790116e+01
2.851340428144391126e+01
2.857820455162613982e+01
2.000616621085062619e+01
1.197425301233801550e-11
3.570710970581225663e-02
8.101128834656723399e-01
1.544362330074781767e-04
3.183852512981251337e+01
2.855330469197851428e+01
2.348159550831138202e-05
3.092898048241678310e+01
1.168438647791481639e-03
3.198964150065956247e+01
2.945814975447880357e+01
3.003234316393728420e+01
5.318500684664031726e-04
1.057673097847746154e-08
3.248791572124224558e+01
2.875825900887581099e+01
3.023958079590577697e+01
1.840355411125060570e-01
3.140358960308232739e+01
2.821280778466198313e+01
2.580825255457315137e+01
3.214344701581053253e-12
3.795207735650446590e-14
2.337944807476410958e+01
2.841163239642089877e+01
3.346124166047689386e+01
3.004161270120541616e+01
3.145593794597564852e+01
2.897785471022280390e+01
1.883700543198813193e+01
3.116121721551331447e+01
2.777440806241572346e+01
2.538794112051317597e+01
1.117663677766077800e-02
2.474144075291404832e+01
2.484427658407139106e+01
2.914513839043111076e+01
2.632950318532563394e-03
3.537354217397194134e+01
1.086592774097232095e+01
1.107558556838516317e+01
2.956619071344093896e+01
1.532805139769682512e+01
2.714182402269089067e+01
6.747534799208683154e+00
5.268083308273687973e-05
2.973436613781098004e+01
3.169097904571930258e+01
2.925914869228319404e+01
6.161422809507533849e+00
1.202338349439551839e-10
8.261885631006207209e-01
2.796164926776743087e+01
2.237353814588827298e-14
2.841798003737234168e+01
3.360089219563894147e+01
3.309610799774021217e+01
3.091387977087742200e+01
3.137569290372708153e+01
2.851548974985227858e+01
2.954293790146244092e+01
1.681789004919262807e-11
1.546381718801161753e+01
1.218234079184560802e-02
2.068562867105218217e+01
2.876832180683971885e+01
3.473720691707275599e+00
5.187395006312439882e+00
2.768928461243406502e+01
2.842607276983981279e+01
1.100101431527403406e+01
2.582005946353950421e+01
3.387820649715008456e-05
2.895562885550379661e+01
2.985350142977560495e+01
2.326125204501210675e+01
2.876631857171370399e+01
1.495993817410354865e+01
4.673848766003297683e+00
2.743668901932176851e+01
2.984584188213668199e+01
2.393407495837659837e+01
1.599295170303775748e+01
3.153565668452190351e+01
2.238491248573804882e+01
2.003037064723985949e+01
3.027598600145693197e+01
1.659482535177276930e+01
3.008412099279031082e+01
2.919780378931094234e+01
2.919116742419245725e+01
2.884376504741355518e+01
3.045275717620822675e+01
1.346325270863625256e+01
2.189356880617251733e+01
2.429985678641073932e+01
2.833446189467752419e+01
2.669057787032786777e+01
4.163662142106108009e-14
4.313861896698981818e-02
5.763427324606533546e-09
1.185309966316865243e-14
2.838453163987792749e+01
1.748592621597777352e+01
2.960837531899823460e+00
3.044604253398665250e+01
3.299148831848071239e+01
2.476290960120670903e-01
9.936597487815116564e-04
1.605693674527674327e-04
2.502156979429100758e+01
1.576681721428906613e+01
3.040879268007023128e+01
3.244919300196776948e-06
2.456819315155040595e+00
9.591500886723169472e+00
2.430878858058837990e-03
2.938361167798649376e+01
8.523252790510465360e+00
5.821569926538550988e+00
3.340752396993561557e-06
3.101001146215181947e+01
8.575227063141536155e-01
3.060461970726087699e+01
1.777797083294816005e+01
2.988677382018907380e+01
7.557778202705323329e-09
2.629153003783192233e+01
5.130708582529116138e-08
1.598695840411586762e-14
3.098615949174839557e+01
2.099862499866921794e+01
4.009728382179283734e+00
5.240565423060756715e-06
3.781663462079863702e+00
2.522667036627830228e+01
2.918333647909765816e+01
2.961550821498935804e+01
1.106261937388967054e-01
3.115576720840376623e+01
5.670223787503887898e-03
3.169062271591903013e+01
2.842784382214332695e+01
2.964272826869845900e+01
4.438291361384367491e-07
2.083022888927587249e-14
3.233402617582642335e+01
5.740008156446707588e-01
2.030196651294597476e+00
2.963295157832990157e+01
5.429407806993117322e-04
1.691438949829237970e+01
1.451719453374524349e+00
2.771954826917777126e+01
3.898672414383620999e-01
2.830406788611066915e+01
2.156802973687296898e+01
2.921855751545082569e+01
3.104950029248374221e+01
2.716962176204154034e+01
2.832397461029892938e+01
2.980485082109748163e+01
2.264530405368019572e+01
5.114574853498437434e+00
7.414055657289980061e+00
2.536642452903558009e+01
1.188861390679564245e+01
2.908964276693774309e+01
2.882372513174358275e+01
1.878565531979012349e+01
2.209333089951418572e+01
1.534733413319341396e-14
2.835272197361483393e+01
2.775370050853205939e+01
1.209563063066571801e-03
3.187505135346938445e+01
2.654115704562681088e+01
3.032312892606472232e+01
1.800030121463034050e+01
1.826205721773014462e-02
2.245675113790778354e+01
3.013517661200895148e+01
2.719678715462663021e+01
2.883190268806250600e+01
2.768252868511432041e+01
2.731195079091202160e+01
2.644019012888374576e+01
4.284543427041594826e-03
5.599341202890260938e+00
4.049109434996593038e+00
4.204354012845748501e-01
2.210389061803425648e+01
1.044641904731633264e-01
2.763851013254166133e+01
2.276457433248943474e+01
2.909790440597126349e+01
3.234916110368745024e+01
3.161424507674407636e+01
2.478937800401859093e+01
2.536856145638462223e+01
1.370303267472744002e-04
2.055113770255621830e+01
3.033547468280625159e-01
2.807500956795326275e+01
6.449657084301450016e-01
8.617872891713201255e+00
2.236039906648007758e+01
9.526647981782365715e-01
2.605646068427334328e+01
1.456038899776755358e+01
3.124972543953165229e-03
4.738691059842201379e-06
2.779872723835508985e+00
2.987876408035435105e+01
2.813490883518386454e+01
2.300677855822203099e+01
2.937553628185991528e+01
3.035021500037766629e+01
1.109289095065902586e+01
2.761738551365093741e+01
2.866375789729355006e+01
2.913261531128552662e+01
2.741652154991617607e+01
3.055869731241967813e+01
7.403473130374664014e-03
8.697947668773072794e-01
2.246693429829980104e+01
2.552553603132659207e-02
2.841929803221517048e+01
4.671131961705886404e+00
2.017941068971484242e+01
4.694974500612529411e+00
1.483078056655653043e+01
2.133287774164714978e-08
2.632100700651428108e-04
2.022384458739551505e+01
2.954018216516337958e+01
1.077692383773364189e-02
2.957123399712928702e+01
2.908056285402646424e+01
3.132084795613229389e+01
2.402872997545163258e+01
3.018104771480597037e+01
1.331557627775013941e+01
2.535126026628999796e+01
2.385375429543461578e+01
4.553333296885856347e-07
2.588465309831333983e+01
3.137686867770700516e+01
3.452416746856799834e-02
2.683953863396484607e+01
2.985862283136738426e+01
3.075654556422133368e+01
2.762865352881914660e+01
5.672137339789372693e-03
7.734955433045893614e-01
2.249942649832323482e+01
2.682466253086679231e+01
2.650873559345263628e-02
2.857469781331001357e+01
1.717516430063316335e+01
1.356361289017025840e+01
2.852386136174859743e+01
2.850280922324136412e+01
2.222731865650229899e-09
3.169584530141455403e+01
3.106567537054278816e+01
2.789415108697090773e+01
1.346014865853502706e-12
1.715299786755884737e-02
7.047953598693375454e+00
1.100647163454783597e-04
2.700082263726519827e+01
2.807548632791532661e+00
5.344831458297941672e-03
2.749987136029049140e+01
1.564699091629944938e+01
2.939194926023090559e+01
2.730757059054213443e+01
9.847072365255455040e+00
3.284676565667368919e+01
6.655303881103353907e-03
2.190831296683436591e+01
1.240344862236339440e-01
3.813171379727866195e-04
3.140558726593674521e+01
3.036038861626973429e+01
2.807991273627859385e+01
2.966576011778818156e+01
1.635714527058375598e-09
2.565087069608678050e+01
3.199365140185938567e-10
3.193057836513849068e+01
2.843275407004141897e+01
2.587456354408359971e+01
1.440701069989170487e-05
3.070185920755835696e+01
2.710598436940849609e+01
2.904567537259913124e+01
2.399541574037243261e-02
8.241359984865274094e-11
2.564310294136675239e+01
2.883640020089603695e+01
7.873603048155613803e-09
2.010272277099421956e+01
2.770781134559016223e+01
3.887589570314223644e-10
2.606223340120337539e+01
2.954299889600026674e+01
1.691057366413046142e-14
1.546194075945130564e+01
2.111945576267971331e-03
2.571351279161024550e+01
1.307307313964301725e-04
6.242418529002197100e-14
2.852541842065128819e+01
2.199374266596772287e+01
2.983622165750928801e+01
3.240722215753386592e-01
2.091317262394678078e+00
5.738746029517448829e-06
2.503755045072631091e+01
8.639516348455911654e+00
2.904951164686378107e+01
8.185703447519822262e+00
3.095609833807552391e+01
2.486465592723042572e+00
2.344591423407468866e+01
3.393707262014186205e-12
2.994479369261905433e+01
3.334409588838764193e+01
2.557242597385001659e+01
2.768027715525185073e+01
1.115830380717195564e-05
9.714084346994821928e+00
1.937094614375220569e+00
4.248476047705765701e+00
2.749284361260489362e+01
3.013857015565121955e+01
2.722090834746984100e+01
2.498063788449467282e+01
4.711735043200417361e-01
5.259085148135393517e+00
1.748447917497083170e-14
3.048523011664097737e+01
2.440588371628147968e+01
2.287527287644889284e+01
3.067394044261507347e+01
1.937044413454766990e-10
3.157144158128960143e+01
2.684731728637899195e+01
2.163278657819134917e-03
2.650901327507748917e+01
6.221888044148840688e-04
3.023486160372317855e+01
1.760832094034066493e-03
2.846667355106987074e+01
1.073180075456238214e+01
1.650525113514275145e-03
1.538961317477259040e-03
5.764215766450105167e-14
1.448130355279940495e+01
2.607060355960396691e+01
2.472525251167640548e-14
2.910908926157101817e+01
2.978922146402688398e+01
2.472834573823627125e+01
1.571256308663190637e+01
2.423234587576456889e+01
1.479398403609026857e+01
2.790873842678446337e+01
5.371415770104108893e-08
8.576492742496214875e-06
1.537116489365872287e-14
1.689096315645389268e+01
1.119882936003609041e-05
1.611850105435813063e+01
1.222513630624196601e+01
3.026407654534102676e+01
3.958320003411278432e+00
7.062339694000605128e+00
2.246839843961261432e-09
1.025456627160235124e-04
2.083245618852572534e+01
6.819431843050957731e+00
1.910883320336922522e-05
2.690232734116706226e+01
