2.441396955326370133e+01
3.200857671249506353e+01
3.031315975108375582e+01
2.058878754714271864e+01
3.383009137707421843e+01
3.722582414195968425e+01
3.401505386291345445e+01
3.651098281402909862e+01
2.991177590647902562e+00
3.738187397710820647e+01
3.389932092528422203e+01
1.712807479369106711e-01
1.507065776430439819e+01
1.378260114070399389e+01
3.458117880088558138e+01
1.162154568032941349e+01
3.331890829149294575e+01
3.282697516992495679e+01
2.935785581681636813e+01
3.593769220385138397e+01
8.536080030874499514e+00
7.943606245912131492e+00
3.481664073329935150e+01
3.637045508704355257e+01
3.156380491458736870e+01
3.482918806031582193e+01
3.550523741789116627e+01
3.440850416297013226e+01
3.232497121077208391e+01
3.590116884724709934e+01
1.165387372734960181e+01
3.350082538722441683e+01
3.348491650080408277e+01
6.319208775066311734e-01
2.986663543486056582e+01
3.457344141463956078e+01
3.515222091086842227e+01
3.160729971386395221e+01
3.343513149611206359e+01
3.329313388467390666e+01
3.220488608575109879e+01
1.251874962413430534e-07
1.424625631071746668e+01
3.675547055547895514e+00
2.944528395044253344e+01
3.081715495357919821e+01
3.018009106911802775e+01
2.896977563194512584e+01
3.064136440246682014e+01
3.489563359279858901e+01
3.547201165938439971e+01
3.056096601925881018e+01
2.100895304058232682e+01
1.136013943035167451e+00
1.406490796439264999e-08
2.526695975119816850e+01
3.471870789619599407e+01
5.936124972043798893e-05
3.489635234059382185e+01
3.661670478909866233e+01
1.006830474347410664e+01
3.327457982899263556e+01
3.223778140730403408e+01
1.900222905986133844e-12
3.351679843531456982e+01
3.500394457993331088e+01
3.044550908885848273e+01
1.814371491228208688e-14
2.951265128848435282e+01
2.008618487745530246e+01
2.948032514243458024e+01
3.231001666510408654e+01
3.609426605456967252e+01
3.049914052360140104e+01
2.810132006418670869e+01
1.358821011319992955e+01
3.329004905348492827e+01
3.081897384511490046e+01
3.534785854973470975e+01
3.030812834550495438e+01
2.558972152579115544e+01
1.090624005716982658e+01
5.826705868466508953e+00
3.293243895668429388e+01
1.500456031865966822e-01
3.528288328334419788e+01
2.900770461662241853e-02
6.008193455723300325e+00
3.501104938334203354e+01
3.583642318317149034e+01
3.219122967321356299e+01
9.088251254097018617e+00
1.424925948791546659e+01
3.826679375505516134e+01
3.335629429455122619e+01
3.366950242762376178e+01
3.257439389866256363e+01
1.401445551078128204e+01
3.289453854077551398e+01
7.856119056755783218e-15
3.156639735853017825e+01
3.161078679043181339e+01
7.332137696249841241e+00
1.542929530812786787e+01
3.127656183832552728e+01
3.683357248041221510e+01
2.410089124123516768e+01
3.111113734942933107e+01
3.434203925624806431e+01
3.107802776814340717e+01
3.115414167947780655e+01
3.395255811540083357e+01
3.774187432702933620e+01
3.490498335024044252e+01
3.394074678403262624e+01
2.797304364601227888e+01
3.141144858478036284e+01
3.556040826452451853e+01
3.262243027037148124e+01
3.177900900664615591e+01
3.310738402821035746e-15
2.980370692347408479e+01
1.215763262092686503e+01
2.544766644788479937e+01
3.568890250052840685e+01
6.918451566424209874e-09
3.621229159781616858e+01
3.320037316753256107e+01
3.267507450358906596e+01
2.870549042071672119e+01
3.475973958654125084e+01
3.100964477642077455e+01
3.384699652315668317e+01
6.490543041962869353e+00
3.421536891882055187e+01
3.311759471360740292e+01
3.428041712042513467e+01
2.980939350784490571e+01
3.609180450682329422e+01
3.355737877733205465e+01
2.686429472860050893e+01
3.080254387614781919e+01
3.134866252106688833e+01
3.470265273019209928e+01
3.423264153665722631e+01
3.255460222830683392e+01
3.266718456960082051e+01
3.261120625257588301e+01
3.166151849879683056e+01
3.403936405293886480e+01
3.287218255713080595e+01
8.209462333633167574e+00
3.156576342051407735e+01
3.463231969186958281e+01
3.135871750797072366e+01
1.412991388456717701e+01
3.125014160409537212e+01
2.353604862930690800e+01
3.186114929905795634e+01
1.343172412500485002e+01
2.974180998982097179e+01
3.583681345870777335e+01
3.299905982724926901e+01
3.529631555350887595e+01
3.215426216888894118e+01
2.823153920842246478e+01
3.330855657843108730e+01
3.489241937329087762e+01
3.176147670500346720e+01
3.832219879775541216e+01
9.629668117578424003e+00
1.529856390684270373e+01
2.674837224072447484e+01
3.613077860327604895e+01
3.417519271094187872e+01
1.877275201092689063e-05
4.303927160289187548e-12
1.529380199201272461e+01
3.428945553241427291e+01
3.339020868491905958e+01
3.172246904263928258e+01
3.129035511807255787e+01
8.073010543801934511e-04
2.995657041569299395e+01
3.168182786452922173e+01
5.142703195414607187e+00
3.102279474331107068e+01
2.800731293138861489e+01
1.418379899276581746e+01
6.751068929523948547e+00
2.868544506951160500e+01
3.490602180567896795e+01
3.344971017134178481e+01
2.982382826375079077e+01
3.421595641924877640e+01
2.886917894709256416e+00
3.298935098141554789e+01
2.648466190902183115e+01
1.445127638737229780e+01
3.056350455613031158e+01
2.997359435981792330e+01
1.627343570372635639e+01
2.937382858228658478e+01
2.978585644261556453e+01
2.693660896864777143e+01
3.078215271179394819e+01
8.363321089584369261e+00
2.932182354831275362e+01
3.294285841430448869e+01
3.362411648131012498e+01
3.219487872095108116e+01
8.291820838516185788e+00
1.586127929179528495e+00
3.012911694876170898e+01
2.889302322861302130e+01
3.285061252570992707e+01
1.874846121734971387e-03
3.566862463205223577e+01
3.074944683581058769e+01
2.726944732114309033e+01
3.281261988507156957e+01
2.959027940927122913e+01
3.467518835915048925e+01
2.692085944993469146e-08
3.270789937343786136e+01
3.115626466386392224e+01
1.926494301963985478e+01
3.164537211446673481e+01
3.104001147877775679e+01
3.224972118443992741e+01
3.310500856453774787e+01
4.342516982937617842e-02
3.198329203454709102e+01
1.673506017191855832e+01
3.318294737867055488e+01
3.170120601072608935e+01
3.148453196932815956e+01
3.279326618526769721e+01
2.854245305881772410e+01
3.133080405361984333e+01
3.160488493329158288e+01
3.418492298128474260e+01
3.181296119043680548e+01
3.299502198781929252e+01
3.343979106311515626e+00
2.027747535546473401e+01
3.383964977799126217e+01
8.517110484886882956e-06
7.813935653591041586e+00
1.642930006263057763e+01
3.373110424463799006e+01
5.008045409766059440e-04
2.181270152037171783e+01
1.477626289352578448e+00
1.720896355455782256e+01
3.271063804194509572e+01
1.343888108348169297e+01
1.738871795149666610e+01
2.997490852500381209e+01
7.167839188906565795e+00
3.208643312986611562e+01
3.253140566383852672e+01
4.009437644084233859e-12
3.261923960940056588e+01
3.376710646501488355e+01
3.002040960740288256e+01
3.159025485543247669e+01
2.952403294194571970e+01
2.768545303323601914e+01
2.920339069920350283e+01
3.037512878164634600e+01
2.965628949664935377e+01
3.299177029330206778e+01
2.821136172062190894e+01
3.333573028656821435e+01
1.080270980934547107e-14
3.365253129153945366e+01
2.679390545836774606e+01
2.968634714399247443e+01
3.342034628000901364e+01
3.550235929666212797e+01
3.368375726006888726e+01
3.530687037386186612e-13
2.468890568779816164e+01
1.418047859945145106e+01
3.110529634394351817e+01
3.329452000933248712e+01
3.158991663061732424e+01
1.081821039409740060e+01
3.218823026081697947e+01
3.145848095532324251e+01
3.313936508606978748e+01
2.745351699326583983e+01
2.053946136393474831e+01
3.288469682097633040e+01
3.533610845263046230e+01
7.883402300993756698e-07
8.377077255731787631e+00
3.191286618541451858e+01
1.512472270293379495e+01
1.568406831584200447e-14
3.191687925181440022e+01
3.543525918260509400e+01
7.331485285427945282e-12
8.277276041095804615e+00
2.398075695138284757e+01
2.974211911445815559e+01
2.548340967609179231e+01
2.484578953358720099e+01
1.941130682683665398e+01
3.027834991550205501e+01
3.068718760013702962e+01
4.908507189656917902e+00
1.389637436389753411e+01
3.382875694296881619e+01
2.952664388843346188e+01
3.568876577389601579e+01
3.111758885094500116e+01
3.600404143054860384e+01
9.592537634759254917e-05
1.367077835646846170e-04
3.392542521391058585e+01
3.291632932073937923e+01
2.910973820306091397e+01
9.859167011590616069e-14
3.477294160391530653e+01
2.899835616291642282e+01
3.177618964297082016e+01
3.405972662264161244e+01
3.090817745377772852e+01
2.277934418061581733e-07
2.852165106546150497e+01
3.128055018534038467e+01
3.019500730730135274e+01
3.128382542695234037e+01
1.417868528983052734e+01
3.213214641399054017e+01
3.131103748236208162e+01
2.182106641469517072e+01
3.144889946533659497e+01
3.420359104811682016e+01
2.342827320648689238e+01
3.061356278926556485e+01
3.447856123104532600e+01
3.275914485458205405e+01
1.497036244071705369e+01
2.880690140782756004e+01
3.087397637618605728e+01
2.558724966373987542e+01
3.139024044848505213e+01
3.063498318861377356e+01
3.138243059076508246e+01
3.547992704014155407e+01
3.389068827462907052e+01
3.470713437070582330e+01
3.021971641888720939e+01
2.856334811094153281e+01
2.766669631098444171e+01
1.230006595677753545e+01
2.954160415320746935e+01
3.042085102639094529e+01
3.014661702663823561e+01
1.806263206496252849e+01
3.166294991123691105e+01
3.051347529767917877e+01
5.156039659936715758e+00
1.945419699045898031e-09
3.256948899751315452e+01
8.268896929613502422e+00
3.011984196922626467e+01
3.239873343202788902e+01
2.887497474716062129e+01
1.279556432807789150e-14
1.160586291133757619e+01
3.058381507125577059e+01
3.792964174809938620e-05
3.409542797242959011e+01
3.149933180172107328e+01
3.199883047807306724e+01
1.914249935936593872e+00
3.407886708960209887e+01
6.939968880570147824e+00
2.663475368065551763e+01
1.464957932182712623e-08
3.198755497294020600e+01
2.979674100271671833e+01
1.983812449762907093e+01
2.672175267550189659e+01
2.924041704007413500e+01
2.979251728280137002e+01
1.695389455927598377e+01
3.142050343178883409e+01
2.415468618323303218e+01
2.937878092571974520e+01
2.653497131559882760e+01
3.312936658840432358e+01
3.239339747955569493e+01
3.338698381288909900e+01
6.804486271677098741e-02
3.038523568713087997e+01
3.037033741203204684e+01
2.426937620114827254e+01
4.443142423852695644e-01
2.640420172898959095e+01
1.587415407968516412e+01
2.816847773389925891e+01
3.055456027720227397e+01
2.514503979599661321e+01
3.380958025372393649e+01
1.284223308128781760e+01
4.530372964409608554e-04
3.228380108957867378e+01
3.398162433445458674e+01
3.040645396056899230e+01
3.016301935682040636e+01
1.304295121572876710e-14
3.047568403871981957e+01
5.263156725986124079e-02
1.326820533875266370e-10
2.820933510688765367e+01
3.108343276824938783e+01
2.393988130273076286e-03
6.585246151861881891e+00
1.746131052069655709e+01
2.682098530203559150e+01
3.563231718932143366e+01
3.151626089180847856e+01
2.914731777279273818e-12
1.832486922149883775e-06
2.629072802738254566e+01
3.562507140156353103e+01
2.416017247463888040e+01
2.069413550999111706e+01
6.029841581558409658e+00
2.561402302395188002e+01
1.233230541713155581e+01
1.598154146450849078e+00
2.791930890731501336e+01
9.712187637971870156e-11
6.377049722677359256e+00
8.268377383718431869e-07
2.604459930696542358e+01
3.328324968016976015e+01
2.939388095341140783e+01
2.934037746545062220e+01
3.027554334250567081e+01
1.361604409642583136e+01
3.414687368553974522e+01
3.331114391608027603e+01
2.994758853625557649e+01
2.039076527565497798e+01
8.399565286445964837e-07
2.955239374996909874e+01
2.450271329312578317e+01
3.347879064494875934e+01
1.501881448922532059e+01
3.067232164090146540e+01
2.051192294114414949e+01
2.915068715011321932e-07
2.984946814345570942e+01
3.083289132272485489e+01
3.124464226057981620e+01
2.510754584785567545e+01
3.070285314960126399e+01
3.261836001830143061e+01
3.217070260368752344e+01
3.060143085469445978e+01
1.779137472761943428e+01
2.756534957647868112e+01
2.668197020367074401e+01
3.175402639161235641e+01
1.873152815202026744e+01
2.958238218064479241e+01
3.258873312043554193e+01
3.399124039998297064e+01
1.744639167361102139e+01
3.000215646427004401e+01
3.147866474613888599e+01
3.180079905831886578e+01
3.267181061719091417e+01
2.374929136028402610e+01
3.130896552662532883e+01
3.427731521222821698e+01
3.300434005899398926e+01
3.051719475238602186e+01
1.205491988279794491e+01
1.266741335127503573e-02
3.137765951583165958e+01
1.109621138199350554e+01
1.194382676117955887e-09
2.014912322705886893e+01
3.180614226876715023e+01
3.003769703453258444e+01
1.616947736992131368e+01
3.088440497997336465e+01
2.459852651313885374e+01
1.445702851370217035e+00
8.303449607085972335e-12
3.309156466851410983e+01
3.464329076904644467e+01
2.211878983650044725e-05
2.973335154581932827e+01
2.720731388503133119e-01
3.036205034383761969e+01
3.097800636993620671e+01
3.204377350462382168e+01
2.842889794356307576e+01
3.298345465711861380e+01
3.105495018573189370e+01
3.374904230627426216e+01
3.201257720620935032e+01
2.959385830977576859e+01
2.541110097423451979e-10
3.119453424408382247e+01
9.734533736805131454e+00
3.107652671857249871e+01
3.468922495104519754e+01
3.272243187846581947e+01
3.050557452286987470e+01
2.793483495659481619e+01
2.600558582199086999e+01
2.830171888136544922e+01
3.073874023961801072e+01
3.179855735032551323e+01
2.765929296781255076e+01
3.052735451523723853e+01
2.612267271202962426e+00
3.000055956349887865e+01
2.721337610101299731e+01
2.917609246249725885e+01
5.002409919459745597e-05
3.437272130652439533e-08
2.876876749017529988e+01
2.998799239049253629e+01
2.814552061864266008e+01
2.746859729112087933e+01
3.278230042963662783e+01
2.008330172146499848e+01
3.125398004195362489e+01
2.839878802044951556e+01
2.932970928414197687e+01
2.876610528165984704e+01
3.202365242094012387e+01
2.929520406651932518e+01
9.738778187097404171e+00
3.517964279048088372e+01
3.168129962544630374e+01
2.801798012591576281e+01
2.783283570026314990e+01
3.068253475635671990e+01
2.989582077886394629e+01
3.016115533033829621e+01
2.956067973299485629e+01
3.108300994090263103e+01
1.342401901968195865e+01
2.626777426561729456e+01
2.841642310385947212e+01
2.904282847874240758e+01
5.874630280809677030e-02
4.458245613851142365e-05
4.192869488857443178e-02
2.826944259539350313e+01
8.795284527563222099e+00
2.440576766587221158e+01
2.486187615710976249e-06
1.583326387159364756e+01
1.358131991040089659e+01
1.409101232492908196e+00
3.208712960530415614e+01
3.080493629152563528e+01
2.934626596194580372e+01
2.736903636667521056e+01
2.593729709447012510e+01
2.831111552180011515e+01
2.131462663061595986e-01
2.668547620849504654e+01
2.942866226836919452e+01
2.793739091964382837e+01
2.842938834965082506e+01
2.936732532087530956e+01
3.337299361932372932e+01
2.892250961792320751e+01
3.122741187476176705e+01
1.291830134128318409e-02
1.294254423138776211e+01
8.522983673404903371e+00
2.861981335942413551e+01
3.048670120459463106e+01
1.317296159150347812e+01
3.806164585309596915e-04
2.961827656976574019e+01
3.499782626282758002e+01
1.943115254914986735e-06
2.680198524900500345e+01
3.089494743274422461e+01
7.539054858495432276e-02
1.260974894757244869e+01
2.862207100461595743e+01
2.009687538598419110e+01
6.641299575008461110e-06
1.333750331009721890e+01
2.916884831822198976e+01
3.043619619674153398e+01
1.815283057267392763e+01
1.805985555038733992e+01
6.478880959930924277e+00
3.209402943237726191e+01
3.010640159340966093e+01
7.049898509659096923e+00
2.814118364336672329e+01
2.626898174725117840e+01
3.184430621310133702e+01
2.994416823209623857e+01
3.303493726253503127e+01
1.373180328247302207e+01
3.080081929989445300e+01
3.192116795736406942e+01
2.666825443135912010e+01
2.536166846092447003e+01
3.383072891459222831e+01
3.052910250967693884e+01
3.159073733684641994e+01
4.054415335779444796e+00
3.081011858707275763e+01
2.515090441627473083e+01
2.979699595277494950e+01
1.207076806707131489e+01
2.768906191236315451e+01
2.863613730084547626e+01
1.072734339873893107e-05
3.087389993769815888e+01
2.544596927853203017e+00
1.993821744038252226e-14
1.320350105730471769e-03
2.580015246099422299e+01
1.834074662780271225e+01
1.972236167605290902e+01
3.117417914778802057e+01
2.077405736816057669e+01
1.517579966875870767e-01
1.689307421460414390e-14
2.916014919657468241e+01
1.954021058024350310e+01
2.990341058741580937e+01
8.220132180218059359e-02
4.972157596535259176e-03
3.003851858368256700e+01
3.322109768128574814e+01
3.164869366598965073e+01
2.342087619358007089e+01
3.014711256914248949e+01
2.684402197073947249e+01
1.925990746427085732e-14
1.661936290490258017e+01
2.565358752363131600e+01
2.781209263057695225e+01
2.857428850476050997e+01
2.325075150110211553e+01
3.176572383592487014e+01
7.194293765290347586e+00
2.738533738638583870e+01
3.316831352858656601e+01
2.941529062647932946e+01
1.786047555803087911e-02
3.181705607606833297e+01
2.333381614665861135e-09
3.151237721728098151e+01
3.207792020164735192e+01
2.807851337653061563e+01
3.135359327105247118e+01
2.559264732923067598e+01
2.924784084468480216e+01
8.887333023480629144e-13
3.232035308455227351e+01
3.289490131935481543e+01
3.048816273191175696e+01
2.796546023285402072e+01
1.715894185886106270e-11
3.147600045931616108e+01
2.910549745076432870e+01
2.869216172587967240e+00
3.376838391523888561e+01
1.339316176989573393e+01
1.272136444859156157e+01
1.340413442210894423e-14
2.465930475275609979e+01
2.893902127065075192e+01
2.397023894208804521e-03
2.079852700056438162e-09
2.881448171361807908e+01
2.338096933710194492e+01
3.166832606763823676e+01
2.785818110310618678e+01
2.713323027426811507e+01
3.170050845119985539e+01
2.634658482340454810e+01
1.288037835414568910e+01
2.763154634539768750e+01
2.952358279802792040e+01
5.594135881799155302e-02
3.228530228485108466e+01
2.382164953171232469e+01
2.736884658418218663e+01
2.758042704034607300e-14
2.653906078899645138e+01
2.784742665867310762e+01
1.226081058053570416e+01
1.087973755822622479e+01
1.789990262710176339e+01
2.451741685830484130e+01
3.004388899990709305e+01
2.586054238834178065e+01
3.125322075388590193e+01
1.515848070706973604e-11
3.121567360366531574e+01
2.989744909304786447e+01
1.347660074348211801e+01
2.733252188874987709e+01
2.546363391945943633e+01
2.686398725121614817e+00
9.570169538900877626e+00
3.112219228039500862e+01
1.591077789343399829e+00
2.644821363401884540e+01
3.044370383289178861e+01
3.027786149518941272e+01
2.802522244059516865e+01
2.755548399072014831e+01
2.813515033640535634e+01
2.909138134080203386e+01
2.790584624314093531e+01
2.275004988706666800e-02
2.991183735097921215e+01
1.033256241708147094e+01
2.849919338483840647e+01
2.088871740727266513e+01
2.876923944058014726e+01
2.509710143872210608e+01
3.669886279818532604e-10
2.837328265322975440e+01
2.945502840669934130e+01
2.329115229156432723e-02
2.725061173263137704e+01
2.991821510852239285e+01
3.114768069575152509e+01
1.241289735543802753e-04
2.662912461978516632e+01
2.494495423731026677e-10
2.907921682744141023e+01
2.203789651717342224e+01
3.085299977342381084e+01
2.049897489647807824e-01
2.927766760491880405e+01
2.860851851421965364e+01
7.886597725033716033e-01
2.902103908172248481e+01
2.804269633409992224e+01
3.215933783639722066e+01
2.535417273870601562e+01
2.770884899225617204e+01
2.648510336334394211e+01
7.013504598255273711e-04
1.962251679566832330e+00
3.145688561533974692e+01
2.717414170683350960e+01
2.082257638947236700e+01
2.602900146855475683e+01
1.041300010694360800e+01
3.584319144860361562e-05
1.350948849698110389e-02
2.453903113967191274e+01
1.846262135097602552e+01
3.416590520041381751e+01
3.126950723716523584e+01
1.388127611566209525e-04
3.232888831972779542e+01
2.865793699436270359e+01
1.818853327703893186e+01
3.200998008644163662e+01
2.781129635735261374e+01
1.912145757740831833e-14
3.217175932135749861e+01
2.683160360139881107e+01
1.497913142620918917e-02
2.650639721291663164e+01
2.294538509462834242e+01
2.085588005779998610e+01
2.846695839633230563e+01
2.799947455480161551e+01
2.964158239632731551e+01
2.900198794551799963e+01
2.761519742467691785e+01
2.822254282617348053e+01
1.842257745405883185e+01
2.583079848918821142e+01
2.972565793244663723e+01
2.848070471452802366e+01
2.344764070791022803e+01
2.995520050215580810e+01
4.114796950321437663e+00
2.672182402462118844e+01
2.700263657803624895e+01
3.064017669038632263e+01
2.675719852770652452e+01
2.812434941599270388e+01
3.019623405905504043e+01
2.912847546709768309e+01
2.933927662591986163e+01
2.997629604135376624e+01
2.868865391055490122e+01
3.111339757036074616e+01
3.058488694870022684e+01
2.846981098395146148e+01
9.436348347273758819e+00
3.010964883985023377e+01
2.937734374672532667e+01
2.374861525073323776e+01
2.768211717096933455e+01
2.783720997909789219e+01
2.998756572021284583e+01
2.570937772626960083e+01
1.004601972660547904e-01
2.853324438152723985e+01
2.949177529058510316e+01
1.068215293210393924e+01
2.756967485828558040e+01
3.138519908380883550e+01
1.779286685259369349e+01
2.829296793590437531e+01
3.018626072160871062e-13
2.318111301477756339e-06
2.884278856051858497e+01
3.474413283681694322e-13
2.698207867065995025e+00
3.021120354108532169e+01
3.094512557457628077e+01
3.245459893766609838e+01
2.883599324537483710e+01
2.100775221729754705e+01
2.642762638248006368e+01
3.039280153171768006e+01
1.990649804895871000e+01
2.756021861977380638e+01
1.048930456122546341e-07
2.488920874495078595e-01
2.958151613784951905e+01
2.764571702881157123e+01
2.802588706234259774e+01
2.885990752177144003e+01
2.524390466387090015e+01
2.092869839400581000e+01
9.919111386707453182e-01
1.939200659518916936e+01
2.904829128109220804e+01
1.051408515028698787e+01
2.189980453151113338e+01
2.912610409413316148e+01
2.742390151938645104e+01
1.461548670761421587e+00
2.194096408241721363e+01
2.870462766490645734e+01
3.473556172042099577e-14
1.738237864539635780e+01
2.658030880605152646e+01
2.852797893704346421e+01
4.810142030383737222e+00
6.820151839177134240e-04
1.380744285991659837e+01
9.576284786172507779e+00
1.883749540408631248e-04
2.932115232574912511e+01
6.639863349940759749e-11
1.539732926071133434e+01
1.031485688906708553e+01
3.061215528105198302e+01
1.488469065977761119e+01
3.161461022857953296e+01
3.538946668034944156e-04
2.051620015070606584e+01
2.750120386358262792e+01
2.744625326028324963e+01
2.461956017531844226e-14
2.046351821437578877e+01
7.010872417397773226e+00
1.270714698557474016e-06
8.611270840861158753e-13
3.063709386739482810e+01
2.801263999226079804e+01
3.200963543330476568e+01
1.629465493331338198e-14
4.033381805700543277e-01
2.957180516998570496e+01
1.325771751516656129e-09
2.892463980534136780e+01
3.007324469533834943e+01
2.791988882813798867e+01
1.505891581035040949e-01
2.715455516866301622e+01
2.735580004730232062e+01
2.685447826773917157e+01
2.952552602071613563e+01
2.908278340083989733e+01
7.165623098438810985e-13
2.977413720771766492e+01
3.371248233789921216e-09
3.250034869415708183e+00
2.855203315465024428e-07
2.428755113745679495e+01
1.406558821254913605e-10
2.697884593377247242e+01
3.133532007015948651e+01
3.112545804056662746e+01
2.845269635135572427e-08
3.077139219238202573e-05
2.710394488733247798e+01
1.807164637800033091e+01
2.559619063558567831e+01
2.771012830472273336e+01
3.145870729328839133e+01
2.285611709215195278e-11
2.248714569577127165e+01
2.663773386676782984e+00
1.994192312530911337e+01
1.254776878541071738e+01
2.590743750283393609e+01
2.981128456432677609e+01
7.412055093644437000e-09
1.823037584862114547e-14
1.780284192931143394e+01
3.067133656036565981e+01
2.804952044938344713e+01
2.044489872239493958e-13
1.711446644721984356e+01
2.080997183484766921e+01
2.778296650582542782e+01
2.162979721971780833e+01
2.672154459353310685e+01
1.479539292398649764e+01
3.489229148130186786e+01
2.220199840823255144e+01
2.744499654355331941e+01
2.698517360589372253e-06
3.262928210072257684e+01
2.400087350866961344e+00
1.082338483581604827e+01
4.265858359710668068e+00
2.325554166855577165e+01
9.994969974739960003e-03
1.549409230989468478e+00
2.755827765264828955e+01
1.618737581243704215e-09
2.665551365477259083e+01
7.944684685113063537e-04
2.521291251440781878e+01
2.520564312756097181e+01
1.378764095767865294e+00
2.574760327762165701e+01
1.902297105573215319e+01
2.003729720502856892e+01
2.202022018994194141e+00
2.995764324338513163e+01
2.379151227285462511e+01
2.790463810220333940e+01
2.920376548680501472e+01
2.738620243200212201e+01
5.256765945288784797e-03
2.802069112688236530e+01
2.419826595333423214e+01
2.868983525697519710e+01
1.356938227813636715e-06
6.035233644378558415e-02
2.848359861324742326e+01
4.939947947353601876e+00
3.159610890289169660e+01
1.355519908521119508e-10
2.580134769110796711e+01
2.782131144278500301e+01
2.866161457147615366e+01
8.617704604633185106e-01
3.109319186337941332e+01
8.981705941697385065e-07
8.961089296492439314e-06
1.975992271960581448e+01
1.621097482256065536e+00
2.682097325830531528e-06
1.009948827403493255e-05
1.650071402421474787e+01
2.895749378481479042e+01
4.160298387464425041e+00
2.624424522425957207e+01
2.858911483939568754e+01
3.054719948806411267e+01
2.851370511096638793e+01
2.388121959704576014e+01
2.388650135869936264e+01
2.438830940774053246e+01
8.242524551411298361e+00
2.779251964840577216e+01
1.911848615909549394e-06
2.616797643680737195e+01
2.504494978426805929e+01
