1.183682153277692883e+00
1.027611937980016599e+00
1.066927553382303939e+00
1.098080331652735442e+00
1.065179694821262846e+00
1.089288743101770596e+00
1.026513099786457328e+00
1.029568902532984387e+00
1.027267520191579964e+00
1.151189020814377129e+00
1.194504684073213197e+00
1.073377085713158374e+00
1.005270811685782917e+00
1.117628945575854349e+00
1.037231175269552885e+00
1.022670214910697650e+00
1.070761682710247964e+00
9.464061836083987878e-01
1.115424712156500853e+00
9.893602276596645817e-01
9.365903374326728370e-01
9.182809555232350762e-01
1.049446777088534510e+00
9.521601676153870208e-01
1.037511588832836118e+00
1.024740344768574563e+00
1.066263537035265108e+00
1.164106193457504768e+00
1.036475586072113764e+00
1.012242897144309817e+00
9.723556785453960627e-01
1.083686043716507230e+00
9.926980887106647833e-01
1.047038731788461519e+00
9.488199848346344778e-01
1.004480040426420695e+00
1.043327108405798009e+00
1.058920958147107516e+00
9.246649943433455920e-01
1.006362659433762241e+00
1.073103179514368399e+00
9.356870797835260545e-01
9.616277996302865505e-01
1.070847608271464413e+00
9.875944462517667333e-01
1.123661864154263501e+00
1.002553044788755177e+00
1.002174993783079060e+00
9.909278948446604840e-01
1.018773426091660550e+00
9.502884869644282473e-01
9.411164164329580695e-01
9.553418013802885689e-01
9.506107249713473539e-01
9.424984880980786794e-01
9.362505110533879682e-01
9.967438978563847307e-01
9.510583776156326108e-01
9.493785255658139244e-01
9.737419713689458023e-01
9.287627038861436812e-01
9.016894798806521782e-01
9.613943766236557886e-01
8.782292738611142680e-01
9.467951210116557492e-01
9.327234448973722447e-01
9.576441269337828688e-01
9.838896786454972565e-01
9.849682499646205125e-01
9.154360525157462236e-01
9.077205867968937136e-01
9.335191333562513627e-01
9.008333401217509806e-01
9.149261359632366863e-01
9.365932949517563610e-01
9.068501265215654916e-01
8.104672132890270442e-01
9.961395903085545900e-01
9.276756072522009955e-01
8.654081528535925161e-01
8.627325058749888420e-01
8.836769544485632011e-01
9.367181766361840634e-01
9.178926093182360191e-01
8.264767627691885776e-01
8.803011430230562873e-01
9.220141087087887488e-01
8.934947298306471497e-01
8.612768759419879849e-01
9.838515028931562600e-01
8.672629026631036853e-01
8.151352986649659238e-01
8.253817789331743260e-01
8.037341670977504737e-01
9.217725985177780412e-01
9.483105763322252635e-01
9.278141639096777471e-01
9.328397625851659880e-01
8.270338712450121532e-01
9.044837632532878313e-01
8.759192548419013624e-01
9.021800941868373114e-01
8.615831445782582421e-01
8.459865117958512704e-01
8.258381128465521748e-01
8.246496449206257573e-01
8.233179609582956804e-01
8.128324085973485102e-01
8.079647709772098674e-01
8.108489148770983146e-01
8.315862997057772432e-01
8.878435858848150453e-01
7.846664837731661679e-01
8.026333480768380602e-01
8.221732359318771888e-01
8.649898831006890276e-01
8.988468619125737913e-01
8.527567464078621429e-01
8.911544231659257465e-01
8.119503382267224678e-01
8.225383515947710666e-01
8.516811422178468538e-01
8.183805612777717009e-01
8.178761756613956990e-01
7.992574359593831446e-01
8.567819971796923895e-01
8.318025666206504409e-01
8.259449768594316899e-01
7.662529558914866756e-01
7.760303146609000002e-01
8.740187254626922142e-01
8.277172958821429338e-01
7.853292156699128723e-01
8.756657797110314334e-01
8.095336629761328284e-01
7.594667081847811252e-01
8.123466978423267149e-01
8.176498927113073911e-01
7.761078511636911870e-01
8.443094372359291055e-01
7.795795148782297401e-01
7.423718772831414681e-01
8.538987943026798977e-01
7.952540054354978460e-01
7.606045221485735475e-01
7.323410783850475836e-01
7.770685949260855985e-01
8.035564143647172530e-01
7.532496953559072450e-01
7.597348111719063324e-01
7.598751972246945430e-01
7.800688732627006905e-01
7.643664438336700284e-01
7.417209268961856283e-01
7.392164233791027605e-01
8.251104717793297239e-01
8.508860074835165044e-01
7.897042849254424235e-01
7.242261516820569511e-01
7.704694213648117795e-01
7.634681348695645520e-01
7.924992803721919721e-01
7.354920306838730326e-01
7.771550807915257320e-01
7.037359467095849475e-01
8.308877691042770852e-01
7.945497056568592287e-01
7.613001080404847576e-01
7.241888275217774895e-01
7.650077592242313651e-01
8.016743832808767012e-01
8.947720052639208665e-01
7.969848490716855416e-01
7.712940863938723135e-01
7.197782838473636424e-01
7.972181256497324897e-01
7.164476139239699393e-01
7.031926630012667045e-01
7.355394128133535547e-01
7.314913329994394697e-01
7.139141315601713611e-01
7.099194936281097990e-01
7.147049861972389895e-01
7.296140125001923105e-01
6.974520839180637921e-01
7.661190492614964320e-01
7.620593005219088445e-01
7.248902806600590054e-01
7.406448146816403399e-01
6.947669371680533779e-01
7.276297752515945572e-01
7.443365056977983008e-01
6.982769494224644324e-01
7.558014847743137476e-01
7.508104507082489221e-01
7.368859522223871750e-01
7.119784503039710000e-01
6.967011668516113199e-01
6.772841348555435070e-01
6.981351916671793001e-01
6.980374004618747907e-01
6.925361356177296424e-01
7.291046338674255223e-01
6.909766078767712871e-01
7.037383483330869050e-01
7.111560913832923880e-01
6.554861192958657545e-01
6.749029028431962063e-01
7.037306013739907939e-01
6.783203741321192082e-01
7.264669271688966035e-01
6.832982827469061826e-01
7.033908780951815265e-01
7.221543624651680648e-01
7.037140033935871397e-01
6.965389201016796150e-01
6.313031502659799399e-01
6.680889860215356579e-01
7.167727901526593781e-01
6.672781555603187753e-01
6.665466024693451619e-01
6.984677480777816694e-01
6.445327834794672972e-01
7.185086658671354654e-01
7.606972881215379179e-01
6.715476347186914996e-01
6.316903376090109434e-01
6.762882862439553167e-01
6.982914140491159882e-01
6.854722304692225654e-01
6.177786318052251868e-01
6.528727036106496406e-01
7.001268253208524639e-01
6.888628774935274812e-01
6.579627220870669646e-01
6.676816979091513282e-01
6.601976035813650334e-01
6.529969954030612200e-01
6.430986748585924007e-01
6.642207477171964136e-01
6.341104479092197765e-01
6.594069070270324184e-01
6.624161135333385131e-01
6.617728346392022232e-01
6.425507880523603221e-01
6.472058545751772085e-01
6.566609775710193775e-01
6.436923013683535366e-01
6.540700699228846338e-01
6.197384827769154558e-01
7.121006195632439972e-01
6.058240910256834644e-01
6.464664092315454136e-01
6.779463600375604804e-01
6.346462796278886653e-01
6.352028365306791047e-01
6.291160766300595286e-01
6.532753891455386208e-01
6.215294979229495365e-01
6.179606526948032696e-01
6.065427169936041807e-01
6.144115422575481267e-01
6.301668560393571816e-01
6.006759242335628635e-01
6.087917611970515841e-01
6.466576460975744789e-01
6.734935141712536932e-01
6.237902373589460092e-01
6.599852546567082090e-01
5.964916470316837804e-01
6.405020431214716314e-01
6.206447322281281043e-01
6.231613003546515595e-01
6.318643839883815172e-01
5.784663856204873555e-01
6.482228383281972706e-01
6.113894428529775826e-01
6.219586980485335426e-01
6.217247599208399755e-01
5.990037662248339778e-01
6.020749403476609585e-01
6.307176920558132949e-01
6.604473168933501226e-01
6.663121875375993541e-01
6.116756378621358570e-01
5.804660513395309973e-01
6.134794758055177599e-01
6.003920518944270146e-01
6.135633220285380274e-01
6.406485642944637071e-01
6.146793870239665170e-01
6.092957733087535077e-01
6.275894615445001268e-01
5.762797180366459049e-01
5.996794918013496067e-01
6.031161663277466722e-01
5.988314887498261685e-01
6.187772054390409115e-01
5.952224417839951931e-01
6.419677162296472117e-01
5.754872639335030238e-01
5.808583393187971566e-01
5.987180860373321201e-01
5.887540942248243869e-01
5.733769630870618750e-01
5.788399741035423762e-01
5.740949779996463720e-01
5.922418413156644856e-01
5.760746152639119044e-01
5.676953776606045166e-01
5.663634865013489339e-01
6.427755012658102896e-01
5.821142801058908356e-01
5.724940718974261822e-01
5.779844709731296604e-01
5.979895782743672727e-01
5.669448026312421396e-01
5.710592710676268835e-01
5.619974051134452031e-01
5.847617449559341374e-01
5.620988634389816330e-01
5.864618253599884756e-01
5.633891381150998301e-01
6.076600127281307495e-01
5.549447791195657453e-01
5.747745078937073204e-01
5.953247756585081651e-01
5.584511876352797888e-01
5.755423742555982880e-01
5.851172629085049648e-01
5.630304897370138617e-01
5.510237982750292307e-01
5.637754358131381593e-01
5.589567592723799772e-01
5.681619340471660839e-01
5.532181070992755467e-01
5.651946813577151119e-01
5.472493530496904679e-01
5.521331137794190935e-01
5.391791514836484778e-01
5.602832487127443750e-01
5.579055300888114965e-01
5.703944871925883398e-01
5.299148037767084096e-01
5.279025719790957361e-01
5.659746370318898823e-01
5.692074286020825102e-01
5.463131114095325369e-01
5.676764863574340625e-01
5.627997334216202630e-01
5.493917699998643878e-01
5.217804500952746283e-01
5.301478209837869882e-01
5.781169281238037749e-01
5.524217671839027899e-01
5.482229667388134331e-01
5.446304459951061272e-01
5.403704590966837973e-01
5.367631123977247842e-01
5.302371811274463331e-01
5.503935036697427119e-01
5.375960825522135833e-01
5.284734657414287273e-01
5.210639368203358046e-01
5.078996750483583122e-01
5.468680122706769398e-01
5.418340605307275792e-01
5.494433899912756214e-01
5.999613330311427406e-01
5.224923619489040272e-01
5.339549204964566531e-01
5.286810097365614025e-01
5.613020857340499381e-01
4.942176221988053841e-01
5.345228219736390951e-01
5.447844790950735483e-01
5.291107495104786507e-01
5.211729646239174896e-01
5.255733173642677114e-01
5.319239134270631331e-01
5.343820467603135338e-01
5.402666345042168583e-01
5.187563717131501440e-01
5.528325594675933541e-01
5.271686574184663021e-01
4.787055955061081391e-01
5.123754059757971158e-01
5.551330673548576788e-01
5.326655861438716055e-01
5.044598574338816643e-01
5.191872538740296417e-01
5.206804446457068414e-01
5.117376736401607618e-01
4.990121732993384462e-01
5.312433169694995572e-01
4.853312388139661149e-01
4.997309647289547296e-01
5.574508632491252946e-01
5.372020839481490562e-01
4.667700300526831381e-01
5.217098151788319704e-01
4.859345651485079132e-01
5.038408216526514272e-01
5.016652125364398085e-01
4.967975349151328990e-01
5.041999549155711247e-01
5.220888114104588196e-01
5.168467886771260789e-01
5.222400319614227682e-01
5.304656645170195972e-01
5.160252780070005985e-01
5.009467910835447846e-01
4.880721534465364830e-01
4.944224941705366305e-01
5.021875198054501777e-01
5.048184658484514697e-01
4.952305900893948509e-01
4.863527062448068650e-01
5.167851113600562263e-01
5.097094057548610113e-01
4.908841985444402645e-01
5.024021462029026885e-01
5.030889601448065296e-01
5.039714800610357592e-01
5.102211200557082993e-01
4.893116692302826309e-01
4.872895410023300178e-01
5.161823374077191273e-01
5.148805664549639394e-01
5.112630757018672423e-01
5.009146492839587905e-01
4.879479261147303126e-01
5.057872057709884572e-01
4.975055778751708013e-01
5.183869598186970906e-01
5.114959447626360456e-01
4.827130824738714021e-01
4.814739451715439600e-01
4.867440356431453896e-01
5.124910289169070099e-01
4.814060016776130491e-01
4.705791945449790958e-01
5.072014973183842645e-01
5.155969816051064747e-01
4.706870781798256909e-01
4.714624989148732959e-01
5.016321186514846042e-01
5.006227204705460121e-01
4.697441212537488142e-01
4.616044473513278845e-01
4.744340851617043775e-01
4.898837936224629819e-01
4.844428340659232002e-01
4.639928859142986028e-01
4.727363467101556860e-01
4.731964073605485210e-01
4.728649907734415181e-01
4.951212740112643229e-01
4.926357396336325523e-01
4.832453631175285813e-01
4.764841066359537525e-01
4.699127214964193278e-01
4.543469903438231428e-01
4.766363624764586304e-01
4.766550056690653792e-01
4.628840051750022222e-01
4.850655394393279529e-01
4.656368550236421600e-01
4.479231233413119573e-01
4.844844517509819815e-01
4.556421371476526150e-01
4.651996239296935509e-01
4.734224543263065854e-01
4.757704483086276359e-01
4.487499906161842578e-01
4.660346475450332648e-01
4.619648735551020735e-01
4.700879217307841196e-01
4.619991698880483444e-01
4.607340221042237061e-01
4.643048742513690152e-01
4.619669246678859142e-01
4.329991040032787342e-01
4.672296983266860382e-01
4.411359545091734224e-01
4.591918277448173713e-01
4.631902972782643291e-01
4.522697935190217455e-01
4.901738952190743404e-01
4.593653332685717627e-01
4.719764403736654845e-01
4.450142817578092158e-01
4.680406049896122522e-01
4.647602658565407885e-01
4.583011386006655141e-01
4.461283044412885923e-01
4.675566940666216476e-01
4.489241313605807915e-01
4.418902687367653459e-01
4.407774473731816411e-01
4.347506732606148949e-01
4.488583125207469271e-01
4.584317063843845186e-01
4.416011451921914022e-01
4.560376539350359804e-01
4.487341460098542290e-01
4.518098355985106784e-01
4.491051370473224114e-01
4.425342591938545844e-01
4.386969550065746848e-01
4.486192847820452134e-01
4.444084456079752665e-01
4.364920386813488928e-01
4.381804599542142298e-01
4.528713144171454541e-01
4.435298862770489792e-01
4.426681870158662435e-01
4.511047231888742903e-01
4.423264479720285247e-01
4.289324835415290749e-01
4.287072435467152998e-01
4.310718370619593398e-01
4.674750704043659222e-01
4.315650055724632450e-01
4.547603123429516114e-01
4.644274896473685743e-01
4.829347686900359871e-01
4.614895393935306012e-01
4.547613131828128763e-01
4.736198006729970822e-01
4.369024981833981025e-01
4.484095875873642112e-01
4.319544251094429854e-01
4.475588154947842123e-01
4.354038777744790312e-01
4.364853862674034080e-01
4.265214646623805006e-01
4.320612269382181347e-01
4.382337798235824700e-01
4.192442957966810990e-01
4.276797898503150175e-01
4.454634336704044184e-01
4.129567106089179207e-01
4.266309364358224498e-01
4.212652144969497581e-01
4.359715584589052284e-01
4.283736142498599242e-01
4.389675744525461942e-01
4.375573891255084558e-01
4.228281033254541188e-01
4.180444949741942140e-01
4.235357494378246823e-01
4.499967779160547465e-01
4.185992205791336795e-01
4.205102296295172848e-01
4.171466104213884529e-01
4.338099909947008004e-01
4.200481717999287601e-01
4.201264089680454283e-01
4.172928897826942984e-01
4.197485965323160539e-01
4.289425877889448402e-01
4.157723095208125108e-01
4.052425301163865012e-01
4.277765923916146962e-01
4.284523250355642965e-01
4.460054251713404527e-01
4.091589681373237752e-01
4.092946445610521344e-01
4.259069507095606388e-01
4.191529724358237230e-01
4.216366984374496640e-01
4.187454900374075750e-01
4.145459117907897006e-01
4.044594051524847966e-01
4.273674871955904231e-01
4.154279077749051252e-01
4.202186922359861243e-01
4.099419021255631956e-01
4.089406937497264138e-01
4.220650449978998187e-01
4.097707102381397126e-01
4.256247238595525229e-01
4.206314186464832905e-01
4.150345326447684169e-01
4.129085608432175869e-01
4.100670119142889036e-01
4.019502200570557182e-01
3.954239765930514516e-01
4.131628939830687131e-01
4.028871966658779669e-01
4.158589097575818849e-01
4.234646681623863151e-01
4.123109909618649649e-01
3.964729395308012605e-01
4.143281520802004070e-01
4.081169276681250735e-01
4.098997938731561153e-01
4.273731353991727100e-01
4.122288600109015877e-01
4.012637937682645428e-01
4.217116403742145470e-01
4.146589428735030780e-01
4.048861632360613028e-01
4.051982559503117809e-01
4.107884058537194516e-01
3.995856517729708401e-01
3.980696509519658366e-01
4.108883836957127333e-01
4.080192117528259055e-01
3.924750621314100907e-01
4.096910878938311851e-01
3.997152189641330344e-01
3.935089937024406348e-01
3.959348078980656771e-01
3.880953134768025392e-01
4.120698739998832072e-01
4.086180664314223998e-01
3.970821970060526285e-01
4.164164473962655988e-01
4.307134903025394701e-01
4.142413573410997363e-01
3.985869883926883572e-01
3.893583029174624843e-01
4.110984050210262364e-01
3.898654361622533315e-01
4.038308968827200585e-01
3.850309322854376104e-01
3.916986389106434374e-01
3.977339875564523397e-01
3.945778861760025902e-01
3.971603965001462289e-01
4.079064974456187431e-01
3.955368315984525429e-01
3.919132235177315571e-01
3.889165422746230782e-01
3.888333087954145006e-01
3.885379916150200064e-01
3.985427799360282131e-01
3.840304702865817710e-01
3.824114659725243448e-01
3.791881472093137084e-01
3.942624842866163104e-01
3.893493738613267308e-01
3.870808417575806182e-01
3.706476635194111968e-01
3.746160050685222731e-01
3.884715614180947463e-01
3.893004940625522936e-01
3.897469723313315981e-01
3.815369250098675225e-01
4.001667757936197556e-01
4.053669285578299086e-01
3.948069870229432010e-01
3.849513096336169560e-01
3.981665291581613642e-01
3.809344812706968453e-01
3.973452588602502944e-01
3.804346599434730303e-01
3.763860044877457289e-01
3.903736826797717385e-01
3.834072744358933416e-01
3.830860000071198423e-01
4.029124420124208794e-01
3.847301885577202318e-01
3.856398252090192380e-01
3.814278567575281609e-01
3.724802370454851075e-01
3.808674565710022941e-01
3.772279234071537757e-01
3.773250047718437750e-01
3.730015600377605822e-01
3.755902448480523681e-01
3.827962943967438969e-01
3.834494715850738089e-01
3.820227198326235363e-01
3.722257087893740546e-01
3.868648909082502141e-01
3.810019935769458077e-01
3.691146288500880557e-01
3.790512252657189940e-01
3.834921582227621695e-01
3.653532068378205211e-01
3.741634247397605528e-01
3.901212163025940538e-01
3.926219298786389200e-01
3.779818458408923387e-01
3.643084890927626440e-01
3.711034296123345011e-01
3.717571082822697659e-01
3.793666673630818886e-01
3.643972426919960261e-01
3.737549296876678251e-01
3.679560737507863721e-01
3.723838693146114820e-01
3.613632723180522643e-01
3.684266987353008171e-01
3.697243440375712065e-01
3.710786398147608023e-01
3.620058615998367202e-01
3.706245522453526231e-01
3.681194828169132571e-01
3.634011150107972488e-01
3.667698902188722965e-01
3.711409123278024969e-01
3.723560419112159625e-01
3.634012044004726882e-01
3.605467209444530585e-01
3.810380016364358635e-01
3.715102670686165620e-01
3.650497071440836905e-01
3.626039019860320400e-01
3.616778854145647482e-01
3.663380189607750026e-01
3.619028630385909828e-01
3.599833608632279636e-01
3.636118415390570680e-01
3.573471000607475467e-01
3.673164397785539381e-01
3.651705345234788624e-01
3.549997564936419603e-01
3.626439039784288276e-01
3.566124345211621471e-01
3.645427210999610534e-01
3.547634339974285456e-01
3.588440539535111551e-01
3.524997595450131693e-01
3.597459105908504817e-01
3.656657035346683182e-01
3.594765866905838547e-01
3.612909314383401238e-01
3.590757626388938473e-01
3.587828647439194607e-01
3.594751205397513361e-01
3.556746830327504050e-01
3.772203813000882255e-01
3.590972245744307179e-01
3.600354702384346295e-01
3.645583307346747515e-01
3.515155302273076376e-01
3.560566494043420072e-01
3.439001058401029987e-01
3.690138242814993697e-01
3.468223521904982287e-01
3.627270576970247351e-01
3.706477082458211614e-01
3.529066975049525157e-01
3.497050246244186589e-01
3.551292564001087282e-01
3.553260746884807086e-01
3.551544832723580458e-01
3.584896803811766230e-01
3.534057879076070163e-01
3.573171129441022886e-01
3.527268259721386690e-01
3.500655317230616514e-01
3.516276132305392044e-01
3.494319256610469715e-01
3.477757986488685948e-01
3.495782837709296431e-01
3.424949406025375453e-01
3.377188731615578532e-01
3.530065057391541528e-01
3.454242994951164936e-01
3.368159885141827070e-01
3.547575134534148300e-01
3.514485653436383306e-01
3.477360216003874682e-01
3.581227855555965123e-01
3.443008973483739354e-01
3.448995733276110087e-01
3.431719632925315788e-01
3.457500370388423838e-01
3.476783583273260758e-01
3.410538481638618058e-01
3.540499097896518399e-01
3.493434351412367245e-01
3.369878819595240049e-01
3.456273714144692533e-01
3.446527097899698688e-01
3.397350616059857664e-01
3.510830045312989256e-01
3.407269200021865729e-01
3.422154995802181299e-01
3.393687215038065919e-01
3.417702172371497871e-01
3.437475089392299510e-01
3.452552805669236724e-01
3.368739246603751902e-01
3.480821257324457907e-01
3.523053514551479637e-01
3.459155723456576181e-01
3.412030853892584759e-01
3.454971561335569152e-01
3.507566279471054926e-01
3.349221778673210914e-01
3.333109838383742640e-01
3.482126660874117485e-01
3.406845122535098191e-01
3.470866246153720969e-01
3.421514454975715380e-01
3.573842929349325126e-01
3.505744102420635944e-01
3.404823264632391711e-01
3.287142463780380885e-01
3.359299382194431693e-01
3.341645234539973308e-01
3.430130083194809498e-01
3.368578638436277584e-01
3.334584016816517504e-01
3.334046266045878615e-01
3.499065479531016654e-01
3.596179429916572245e-01
3.349767796524803498e-01
3.373162118665068432e-01
3.313168748899739668e-01
3.370901811738590270e-01
3.344745587609990189e-01
3.394074939297846982e-01
3.330430313721950975e-01
3.287208728063051311e-01
3.326180916942456656e-01
3.334609125806948793e-01
3.309009937301718440e-01
3.244815275504888685e-01
3.240637859529973963e-01
3.407354335823834512e-01
3.362215244166675832e-01
3.305020063376644668e-01
3.270225140417433729e-01
3.233089419644243345e-01
3.363055801898530150e-01
3.428842424691797008e-01
3.359939827322088735e-01
3.317745550702261847e-01
3.271228589494850070e-01
3.393081356029744033e-01
3.251553734043916566e-01
3.363944364738124526e-01
3.256815123716216842e-01
3.301624108757427178e-01
3.326888658891288819e-01
3.332228866571643189e-01
3.223059222449317085e-01
3.282562372852805277e-01
3.358789472454371539e-01
3.325293111502631849e-01
3.351308560998100261e-01
3.244821781437484121e-01
3.417394140202824060e-01
3.266855451335939353e-01
3.282776838928003760e-01
3.232033125019952990e-01
3.286467709419262917e-01
3.256470733110306548e-01
3.238502597247914228e-01
3.276012647186241633e-01
3.143908543132173383e-01
3.389506636219410396e-01
3.237425968458030878e-01
3.209276370189350636e-01
3.207853519139782783e-01
3.204703485798929274e-01
3.204626654564660115e-01
3.202454363711137453e-01
3.296906467067263202e-01
3.200533332308287404e-01
3.195084367106190149e-01
3.228430856955130102e-01
3.212811536622555697e-01
3.198375689233148300e-01
3.256971501327867724e-01
3.288219862676955985e-01
3.173286575659489683e-01
3.185919681588011421e-01
3.191997640625571231e-01
3.247174345338588730e-01
3.180783571854068903e-01
3.210933171319463875e-01
3.237819002863844831e-01
3.301470619930030881e-01
3.163056974927780929e-01
3.224376530635696958e-01
3.224976260889630963e-01
3.193363352252299170e-01
3.149359540269413560e-01
3.215510242032773025e-01
3.137039718676821187e-01
3.189117845952579300e-01
3.278542585911613516e-01
3.111568775982018753e-01
3.167834673493118425e-01
3.102662073824609124e-01
3.149470107628819515e-01
3.137181919703327937e-01
3.249375652935279080e-01
3.204509357378827472e-01
3.103074944696985193e-01
3.187822812784605886e-01
3.187866996351657045e-01
3.175011499860928010e-01
3.174683618050480605e-01
3.171860819850225166e-01
3.149123213147453360e-01
3.208765785793176173e-01
3.233699115905538379e-01
3.145899793670722255e-01
3.161771429776133457e-01
3.127918873987716175e-01
3.177665867748188377e-01
3.120399569880200619e-01
3.074567152671522363e-01
3.104070869760538476e-01
3.011723451682017383e-01
3.218966235204350768e-01
3.138295589968946309e-01
3.161311769996992260e-01
3.119300721826866463e-01
3.085259489939257693e-01
3.061616250599026312e-01
3.060888422255868546e-01
3.085465320447059456e-01
3.166667026206664293e-01
3.072529634667706122e-01
3.175671802465425686e-01
3.083883148113862882e-01
3.087483555328998652e-01
3.100346445605051682e-01
3.082467876708734900e-01
3.055614223717745825e-01
3.091085940643702457e-01
3.145085313986788478e-01
3.078516918259028290e-01
3.064475626891947635e-01
3.132581712200365742e-01
3.111986859115135062e-01
3.034938491937047567e-01
3.111957764552280570e-01
3.040834097677553305e-01
3.027475133874346636e-01
3.054068961008239436e-01
3.062045181974037411e-01
3.043859034262567098e-01
2.979787303729337644e-01
3.028263199039592513e-01
3.055494937657193266e-01
3.086049981327438352e-01
3.104470080027898482e-01
3.079777071601298988e-01
3.033993711891543876e-01
3.020899206223316980e-01
3.025782887716681469e-01
3.066524677347647332e-01
3.025936789521307402e-01
3.067169521432074886e-01
3.018510441911059772e-01
3.069416191898011181e-01
3.050930013317855738e-01
2.987144519354789085e-01
3.021457238228744124e-01
3.039708466107569618e-01
3.027141583909961353e-01
3.083957318945615422e-01
3.039694309255764892e-01
3.035749140255294964e-01
3.001807807005615336e-01
2.980925929722106904e-01
3.067260898766436816e-01
2.976267268648868924e-01
3.009592869190946263e-01
3.109992761397746830e-01
3.007303267928264634e-01
3.098184046558580818e-01
3.004183112601830907e-01
3.043448079364866055e-01
2.881104094875925892e-01
2.979104462557948807e-01
3.001016140790972453e-01
2.993382270927805733e-01
2.979904868261267215e-01
2.994884277904111824e-01
3.041094274266267217e-01
3.003085642828788315e-01
3.012667813942732642e-01
2.975359169007073534e-01
2.989889200100185329e-01
2.992804764306606358e-01
2.972905772238512156e-01
2.938418947071072540e-01
3.000245941613959300e-01
2.951141484711238272e-01
2.971649841183227059e-01
2.900038635004809073e-01
2.960937492656308123e-01
3.052297066564565453e-01
2.979870603213691793e-01
2.936721326527891862e-01
2.945356760850008637e-01
3.008430135555262841e-01
2.930336578488646482e-01
2.975474413231609661e-01
