1.308913442874968559e-02
1.231100251912177826e-02
1.311175898030399536e-02
1.325738911991704988e-02
1.311728124069016371e-02
1.456129723706980905e-02
1.418162036664399883e-02
1.356148930446423109e-02
1.415256939573692613e-02
1.316707579164591232e-02
1.495671640347270674e-02
1.234758783403255844e-02
1.521531191161616670e-02
1.298575667137452649e-02
1.418903728534141005e-02
1.304234399567729893e-02
1.395417038648663795e-02
1.363810741256741774e-02
1.283935417699336168e-02
1.352578559518787145e-02
1.282496336292243515e-02
1.269262381611303662e-02
1.370170331874604429e-02
1.304863078459690684e-02
1.336211258531370093e-02
1.348698188076840124e-02
1.248185329457213513e-02
1.368078505110024122e-02
1.299709380668448606e-02
1.340885134972818679e-02
1.255534146775945208e-02
1.399564708189341908e-02
1.190050035919678478e-02
1.358437399976048822e-02
1.349758534772749208e-02
1.424798707109606842e-02
1.375769637495859697e-02
1.350041515971824903e-02
1.170958230430912440e-02
1.204795251480183550e-02
1.192278402755016231e-02
1.312815426213411081e-02
1.302834995895863976e-02
1.271470521108847111e-02
1.268633877761242597e-02
1.283493428000515892e-02
1.165344974191002796e-02
1.183735458904192593e-02
1.216538011105632727e-02
1.250085307564374054e-02
1.146356491883723794e-02
1.248711090747677520e-02
1.275924615093860896e-02
1.380225716872443380e-02
1.304561206813564453e-02
1.308925278876839002e-02
1.167654476888800932e-02
1.195880535740158866e-02
1.205721202692497038e-02
1.222849052491321170e-02
1.137724041966806619e-02
1.182536510977938611e-02
1.200306795327118342e-02
1.232931355353313052e-02
1.219981616279697777e-02
1.155141473618614967e-02
1.279875492436014991e-02
1.082231809362505133e-02
1.184012692248677043e-02
1.114370661210658392e-02
1.237535336227517900e-02
1.311175645582475166e-02
1.097277606138044939e-02
1.258349462364575545e-02
1.082774433825428942e-02
1.175052153072318750e-02
1.208270688200069332e-02
1.126414983022283600e-02
1.162505782174034358e-02
1.245136465890842037e-02
1.170130333744909268e-02
1.060824659697880840e-02
1.214137660521209805e-02
1.076890042568004816e-02
1.231830780255457024e-02
1.156918725202299089e-02
1.179397534638755921e-02
1.175677442943336495e-02
1.202771996984630318e-02
1.111831459956406573e-02
1.033164501703878052e-02
1.105136628312505288e-02
1.162868034093592941e-02
1.101816204265893342e-02
1.136513926723790868e-02
1.100845110949078692e-02
1.082188850085827325e-02
1.105855562452903902e-02
1.083470794681425098e-02
1.286588113984406256e-02
1.245084192224236996e-02
1.130778734665425535e-02
1.033430384061247674e-02
1.220083788817641346e-02
1.081220906123533769e-02
1.095817095106600345e-02
1.103715113355752814e-02
1.051841493687917170e-02
1.016202800482478123e-02
1.015948452413161472e-02
1.072469781644570970e-02
1.061702121180632154e-02
1.126685215585963677e-02
1.122477179632130895e-02
1.017286583308590030e-02
1.018407374224379082e-02
1.096400511786158917e-02
1.028147565360338495e-02
1.077349104976890563e-02
9.960976544487772436e-03
1.101338200604272226e-02
1.076367366809690904e-02
1.011066633766494888e-02
9.930447756239139251e-03
1.116120067615145560e-02
1.014620993429324498e-02
9.836306532407164752e-03
1.065828457451568900e-02
1.036937311013109118e-02
1.054049050171394428e-02
1.036410435986688180e-02
1.023295978717315285e-02
1.042427272287108596e-02
1.058654542544453653e-02
9.948837110062636394e-03
1.057347944739088844e-02
9.497290709621327223e-03
1.090598999637274608e-02
1.000648652237600723e-02
1.045092553073017662e-02
9.836214570979910296e-03
9.568632211395993251e-03
1.007284175807816873e-02
9.828741958585539285e-03
1.039960674629530034e-02
9.055946284787973199e-03
9.742798716000287268e-03
1.007568957300929852e-02
1.090099802190213664e-02
1.062977182874450845e-02
1.017006149917121585e-02
9.563154215209573178e-03
9.784978916424755258e-03
9.704829778116609226e-03
9.403403703675861786e-03
1.018070393351114787e-02
1.011971935872367154e-02
9.078101259400051665e-03
9.039634478996139144e-03
1.002323244848412655e-02
1.079106384194416200e-02
9.430059595804191758e-03
1.010172298891022849e-02
9.283845962488178338e-03
1.000396889564135472e-02
9.669181153105419618e-03
9.622465142966418403e-03
9.721422528974846961e-03
9.002143966362959049e-03
9.241815216854199974e-03
9.038966360009663414e-03
9.230629545818278339e-03
9.832544016818527827e-03
9.353756116547535041e-03
9.535563318295650626e-03
9.447989744722971178e-03
9.539068551707375471e-03
9.957713001522854740e-03
9.471393704538819472e-03
1.033920551129378571e-02
8.567445069010958328e-03
9.153558146020306097e-03
8.946793676848646334e-03
9.385911105908728222e-03
9.035713641341803354e-03
9.159089042444336706e-03
8.937952928505417394e-03
9.074243900392848020e-03
9.231589131031212037e-03
9.478280916163657477e-03
8.878074632679828354e-03
9.435211433263044137e-03
9.014200972368376780e-03
8.816110866248276501e-03
9.234050637949469884e-03
8.861748296270566261e-03
9.685004154844155388e-03
9.511401127207207498e-03
9.419618111360878246e-03
8.810486906265327725e-03
9.126260407766685623e-03
9.022148988024492750e-03
8.879022663980424765e-03
8.906238743958710957e-03
8.482057574930070010e-03
8.696342277431844126e-03
8.687787772961566915e-03
8.782994840020319494e-03
9.219223494445698275e-03
9.377562457878935165e-03
8.635729004609111678e-03
8.709075414763138914e-03
8.462272069099871508e-03
8.669038149688865907e-03
8.703565470590837044e-03
9.022578006240474999e-03
8.480277434122347052e-03
8.470657053830828176e-03
8.704281513978505067e-03
8.604007442973597361e-03
8.564181236279987466e-03
8.462814353824251942e-03
9.131501250415497567e-03
8.725688704440034624e-03
8.693523890368311940e-03
8.352924328089254835e-03
8.639621589835335194e-03
8.291352267858058747e-03
8.189650469032389024e-03
8.367026368830932440e-03
8.375904141638761471e-03
8.754311798946590173e-03
9.104306595400887825e-03
8.283116861404168571e-03
8.348477212593120173e-03
8.356543731634675717e-03
8.293588878135886230e-03
8.399954118444527898e-03
8.123156081085226507e-03
8.556497542245928428e-03
8.499598253449971649e-03
7.787904183092647821e-03
8.049378112516845929e-03
8.783385351022630558e-03
8.702473801524428926e-03
8.423952969994406154e-03
8.006235640231177536e-03
8.184409043126967404e-03
8.159643358617907349e-03
7.856883866969548505e-03
8.032434855288801342e-03
8.396515255680308751e-03
8.364601717454421548e-03
7.822195374369466520e-03
8.679287989140827345e-03
7.811932766512477352e-03
7.613019881162381292e-03
7.950316401096920241e-03
8.231815513968546508e-03
8.143692952108439950e-03
8.710283030408858679e-03
7.868744423443371078e-03
8.422313820992174266e-03
8.728834268457079035e-03
8.362203286241346942e-03
7.989029711614609175e-03
7.815531541448903635e-03
8.158051680117251944e-03
7.780456555740843799e-03
7.841218711103428371e-03
8.267560575113019894e-03
8.303320785405307949e-03
7.313822911454473732e-03
8.015919612652213505e-03
8.049139220263330438e-03
7.773429847457161840e-03
8.055232692890929372e-03
8.707809179513914533e-03
7.781285314350492449e-03
8.625060026509282982e-03
7.758778944783721772e-03
7.332638528053557307e-03
7.503384226024235881e-03
7.903946310325433988e-03
7.773571622638752142e-03
7.877632919397255240e-03
7.623743014736203243e-03
7.506374893071137561e-03
7.875109975176748309e-03
8.010300388323577866e-03
7.368735905588327806e-03
7.767505677968009926e-03
7.556441972443580200e-03
7.705546350079330725e-03
7.906330962888270461e-03
7.823667234796570502e-03
7.464441743088692620e-03
7.750923948802020298e-03
7.837766039818904601e-03
7.132607315293912516e-03
7.391416696235025841e-03
7.578737092033879102e-03
7.531962039316655519e-03
7.593766041258937297e-03
7.187490158984940168e-03
8.010483812529545916e-03
7.406766708562529354e-03
7.061266374947048306e-03
7.730790701226753284e-03
7.381281010179554201e-03
7.424875221083530007e-03
7.449468747427434936e-03
7.320581066222592130e-03
7.793349676509151412e-03
7.346345115777176693e-03
7.877208612112608990e-03
7.633534493350013599e-03
7.148589342426523233e-03
7.234428910786790817e-03
7.703411386582656797e-03
7.605503066676599574e-03
7.687921412868795046e-03
7.350016995223201607e-03
7.123149437270877120e-03
7.599248406551500218e-03
7.585586163455098480e-03
7.009226171716104355e-03
6.948752579134786882e-03
8.052175751594982389e-03
6.947514038801014605e-03
7.312274072306622179e-03
7.251417009641379294e-03
7.311313875716584157e-03
7.239827421452902853e-03
7.155266892318512886e-03
7.621136936139138139e-03
7.467251605563562239e-03
7.039945408543239747e-03
7.004937263971937333e-03
7.236325494221815431e-03
6.787410362209259779e-03
7.175179950727621908e-03
7.076751546673609207e-03
7.284295093591372158e-03
7.152311306659982736e-03
7.087389524599439772e-03
7.216782001690833816e-03
6.700799088844280361e-03
6.986680346287609152e-03
7.199828051831802002e-03
6.382546795139498741e-03
6.878511157832756760e-03
6.962085731462418214e-03
7.083505201343411051e-03
6.869362487217186251e-03
7.004544222353666430e-03
7.239327768405596358e-03
7.300150126778910328e-03
6.662344157684398256e-03
6.882278796015566316e-03
7.274054716125568851e-03
6.983712415736542840e-03
6.559329857669128454e-03
7.071871235095459132e-03
6.882714424658441070e-03
6.825768343421345467e-03
7.013249787186024743e-03
7.084306135304474505e-03
6.622776917968861005e-03
6.805164873356434746e-03
7.027917888439786862e-03
6.767005537117220908e-03
6.593743472721026386e-03
6.519971740521676370e-03
6.845474263626625568e-03
6.833265113925625703e-03
6.705511096272086594e-03
6.449225957791672632e-03
6.660756030139155376e-03
6.524883298637052138e-03
6.951191702858621792e-03
6.921052458430002746e-03
6.484892637583547503e-03
6.599314286440601494e-03
6.758256401338976621e-03
6.702137285523122011e-03
6.937059487647764811e-03
6.569790235780033349e-03
6.866548790514536739e-03
6.721389551470515443e-03
6.427116162907693490e-03
6.787376020717474957e-03
6.665096535193123888e-03
6.576356756614329564e-03
6.750760666370271210e-03
6.503445780092671075e-03
6.566807674453866914e-03
6.481667755102982729e-03
6.577036733711352605e-03
6.976627483255361077e-03
6.481720983087351819e-03
6.518068851123374162e-03
6.870356339087565524e-03
6.616717084903426561e-03
6.452370214361531804e-03
6.646636699658314829e-03
6.614622849395975987e-03
6.891504270537088944e-03
7.249763134216555618e-03
6.422502904875861812e-03
6.391000073752494542e-03
6.384230116547122066e-03
6.854227917677158284e-03
6.582569725421088570e-03
6.640741563284969368e-03
6.238392623731952961e-03
6.302652761536556639e-03
6.221319269339203178e-03
6.474085297686669668e-03
6.309486274517125612e-03
6.196377696271597110e-03
6.167870237427199205e-03
6.240063191377090077e-03
6.156359471555366940e-03
6.376896850309870211e-03
6.107575042649521571e-03
6.390315714463928702e-03
6.254101166506834120e-03
6.406042437638375005e-03
6.208598791792936840e-03
6.164344050038853690e-03
6.295688026051626807e-03
6.444646206436621325e-03
6.449861520672084750e-03
6.263144482138849681e-03
6.141281941158779553e-03
6.235640462974777198e-03
6.146956702545421439e-03
6.074860716608666139e-03
6.182117063891988049e-03
5.985210874244661396e-03
5.993918952076075085e-03
5.975073974225165833e-03
6.140851735829311667e-03
5.922381166122763982e-03
5.874732159411965964e-03
6.224081033619627279e-03
6.138321165722970471e-03
5.931122280546645420e-03
6.032612471881909980e-03
5.953697604424142663e-03
6.479304217110641063e-03
6.017042758279686661e-03
6.018817960336087652e-03
5.925228772166015422e-03
6.031161063209962599e-03
6.162769380260901125e-03
5.831939398952735824e-03
5.986173816072648708e-03
5.966620984055216390e-03
6.095784298893704850e-03
6.165281627528915002e-03
5.837456738215862986e-03
6.067866765010559993e-03
6.121853366708017267e-03
6.063107087908119024e-03
5.925182081362573988e-03
5.913373204188502458e-03
6.057386251665863169e-03
6.163611124895084122e-03
5.938176488068506488e-03
5.814725484872771029e-03
5.636675409597471237e-03
6.294734349630983633e-03
6.027645054393865158e-03
5.801054165189409827e-03
5.857365347801845278e-03
5.946241534955085117e-03
5.836949484350918010e-03
6.029861380833476808e-03
6.211701199728868021e-03
5.716413169232216832e-03
5.980665596174518199e-03
6.135561306200112454e-03
5.831803476556868607e-03
6.349516322886975331e-03
5.972799492888726351e-03
5.836978805339729411e-03
5.642436006477749566e-03
5.692314278971355099e-03
5.684141188950153460e-03
5.746359693562039760e-03
6.043610402035692539e-03
5.813987149421852123e-03
5.719052324191850958e-03
5.951768578409660955e-03
5.795821742269641197e-03
5.567068371894690927e-03
5.646640416364350629e-03
5.631902331872361452e-03
6.153221203745454053e-03
5.726614675925062112e-03
5.705286416847657471e-03
5.781679663148964199e-03
5.710912491587649339e-03
5.588069450076392150e-03
5.644302998320338202e-03
5.671159330750950335e-03
5.590050097310415855e-03
5.487876519811596583e-03
5.559365650517237439e-03
5.740034622434849083e-03
5.820469411250544026e-03
5.830341211945993043e-03
6.075791433519242730e-03
5.717960597125466490e-03
5.713106341219284512e-03
5.639372146914464236e-03
6.010274931741023223e-03
5.900409400696593649e-03
5.639021322219605302e-03
5.625901935796790744e-03
5.628271806051964553e-03
5.487623917703864790e-03
5.778055690369786335e-03
5.678984660661091574e-03
5.680709390570193307e-03
5.353530770116379095e-03
5.588403250998555741e-03
5.447875296233041162e-03
5.525996369220351374e-03
5.791698405498373232e-03
6.055519757563960007e-03
5.683694842616547269e-03
5.430104967812633687e-03
5.445628117444113563e-03
5.872417592074498371e-03
5.817768461286241047e-03
5.307625868967323288e-03
5.560413852866583073e-03
5.660725230407322693e-03
5.476429863068317874e-03
5.428045472387508716e-03
5.463167108824826430e-03
5.544402032265845735e-03
5.310903950943999391e-03
5.291053012653942553e-03
5.376844271324647193e-03
5.328487570019304134e-03
5.364887437066189271e-03
5.504050150411320466e-03
5.342992962769553718e-03
5.627063915664919612e-03
5.595664749483096438e-03
5.456598063671373733e-03
5.620283994585412515e-03
5.655569707186357264e-03
5.350073270165283702e-03
5.616734255240714811e-03
5.266292033113230582e-03
5.453198169734892187e-03
5.274141073064880954e-03
5.360921412864491989e-03
5.513806426953549340e-03
5.418746674661050443e-03
5.276537486851837905e-03
5.296781436947300796e-03
5.444956144841757439e-03
5.088930962626292236e-03
5.384573573950038675e-03
5.248167150616366364e-03
5.307557058685483629e-03
5.406788283991037329e-03
5.425900235733370318e-03
5.437625693252499427e-03
5.354916627644197395e-03
5.392224584624748934e-03
5.590268890912686306e-03
5.344157383171085560e-03
5.368409026462419263e-03
5.118518650652840486e-03
5.322837495164726464e-03
5.213690498615787539e-03
5.353320767518438515e-03
5.306466552771939467e-03
5.507997812273963956e-03
5.411523420838509554e-03
5.334410108131786878e-03
5.098963655199483837e-03
5.363852277541773100e-03
5.124955004665467280e-03
5.170612248134598583e-03
5.613959736185875245e-03
5.319887272059014779e-03
5.132223855776486994e-03
5.169796153702736242e-03
5.244260399464960830e-03
5.210896899935271720e-03
5.142112343754187340e-03
5.055588397435714296e-03
4.979632152751629383e-03
5.032918939256914373e-03
5.111374915653318050e-03
5.268909210661482621e-03
5.060061478945082625e-03
5.114891816729116511e-03
5.109470593354801561e-03
5.141787111734798590e-03
5.094700709692832029e-03
5.085746779074364413e-03
5.298556422966544006e-03
5.096243978827076984e-03
5.160960693588607581e-03
5.226892903650791691e-03
5.120600714768903244e-03
5.036926863699171808e-03
5.236861575438509116e-03
5.104439204426831043e-03
5.307022505240987717e-03
5.013134169909437034e-03
5.177576616754176950e-03
5.099507640211852801e-03
4.944736547355469899e-03
5.092959989866191819e-03
4.994741239645688301e-03
5.091125070233800710e-03
5.033803676773637020e-03
4.991922319728604902e-03
5.103122332521622950e-03
5.023148392944022655e-03
5.057445244495461026e-03
5.072840846151461733e-03
4.966056699966826631e-03
5.015067283499385214e-03
5.058867863553983407e-03
4.919558203836771337e-03
5.032437597233985205e-03
4.723278987403904325e-03
4.934037937046436596e-03
5.067044348204894320e-03
4.969524939360428321e-03
5.014969222829958675e-03
4.857058803996413751e-03
4.998978394601155846e-03
4.890137190128570135e-03
4.937648855816763153e-03
4.900264125042967829e-03
4.817727332065000444e-03
5.023878569197378317e-03
5.027655112218097459e-03
4.938619056489988897e-03
4.805701937628198070e-03
4.964143235965741592e-03
4.813346114058964127e-03
5.020357679751583611e-03
4.797498538118119375e-03
5.031191603914077562e-03
4.823666958472920714e-03
4.876992294919481330e-03
4.886886685702685612e-03
4.807565875768388987e-03
4.660495247618302340e-03
4.737775227575672342e-03
4.907937294832656790e-03
5.031448738357350951e-03
4.699680184774521555e-03
4.730453898821683663e-03
4.834867356915806443e-03
4.767367292022301958e-03
4.695557622396599913e-03
4.984670662521302649e-03
4.642614658873160660e-03
4.846226365562669898e-03
4.706774860509873801e-03
4.725272779666892659e-03
4.775174670567144432e-03
4.885236952980067521e-03
4.820868860100939977e-03
4.742312191375096589e-03
4.746330845183341710e-03
4.766920732409024065e-03
4.763510786582242362e-03
4.883791585058848764e-03
4.775749664930468465e-03
4.644078147599373964e-03
4.805721542281365423e-03
4.615918585567957075e-03
4.823594877303756176e-03
4.933589054414543561e-03
4.766960746214914287e-03
4.885663552678025032e-03
4.592883744807282551e-03
4.703071531233161268e-03
4.789869368049588620e-03
4.469781784283199944e-03
4.607142968132357103e-03
4.758208735656638787e-03
4.723036612682645838e-03
4.599448373454459969e-03
4.665804697561507647e-03
4.704087140897084823e-03
4.739065507838308502e-03
4.569179926992085992e-03
4.837560499778692687e-03
4.670730987277517225e-03
4.670676081798833673e-03
4.942093932900529230e-03
4.783725923427635529e-03
4.669689311564646783e-03
4.785350592361377678e-03
4.691566880623598661e-03
4.665335798263566848e-03
4.718040383193805413e-03
4.549155972831742285e-03
4.683887491679582758e-03
4.684950803569983349e-03
4.604826498913935570e-03
4.521564111285287894e-03
4.650156020602948075e-03
4.786891894123482434e-03
4.600125051734685160e-03
4.590123547350145015e-03
4.763164152461856794e-03
4.606957528371543632e-03
4.660701312601220683e-03
4.461449669403392236e-03
4.593463506540366829e-03
4.529171239920822163e-03
4.476710136054679740e-03
4.560632143009124735e-03
4.636113869366990589e-03
4.531867174001283187e-03
4.480309194447042696e-03
4.580237179935779841e-03
4.526050204187111875e-03
4.534155607058591546e-03
4.638418698741043379e-03
4.501577420421135067e-03
4.538199738336429895e-03
4.676994903212338545e-03
4.598145933667523166e-03
4.635266008129764088e-03
4.562356084439463284e-03
4.548793051704228332e-03
4.451129214605899741e-03
4.396824148724367588e-03
4.654124242490339375e-03
4.488550114867221642e-03
4.541990140184671253e-03
4.393023281946902697e-03
4.493752071574610985e-03
4.436265340665553059e-03
4.516831441795419490e-03
4.713964142530020947e-03
4.458658230186853845e-03
4.490899445894166661e-03
4.409312065911955882e-03
4.444515640424868096e-03
4.565190792758531783e-03
4.388544854016298950e-03
4.548365437060949458e-03
4.411581548607687413e-03
4.553953837065587325e-03
4.433781165211455114e-03
4.383773833475362175e-03
4.411088629213461357e-03
4.378871770535757921e-03
4.510613353268405970e-03
4.372340294420950894e-03
4.314558301176207693e-03
4.576182370448737477e-03
4.455769662990364914e-03
4.456838633814247906e-03
4.396155360239030994e-03
4.316463975279460040e-03
4.446656485712308267e-03
4.341954405349879829e-03
4.424863037407572065e-03
4.610479947486938526e-03
4.509783277397740042e-03
4.348611488038651648e-03
4.345640486946293624e-03
4.383296546012104521e-03
4.290965754291321994e-03
4.538431998081758623e-03
4.448648893952997924e-03
4.391457413446701007e-03
4.412277883191362965e-03
4.417285742454984607e-03
4.413457955125377197e-03
4.350936231843000219e-03
4.479431324374054391e-03
4.520991909224445979e-03
4.306718473880266802e-03
4.433941183629531123e-03
4.521523484844970978e-03
4.263102334758145200e-03
4.356090388681604225e-03
4.500994584866425605e-03
4.319025435954896089e-03
4.445951801500877022e-03
4.444707833031470191e-03
4.279429301593357451e-03
4.367874668562622686e-03
4.401408910963162426e-03
4.425036205641026156e-03
4.250456113053593943e-03
4.375496845898440255e-03
4.267899348023506192e-03
4.208223775265850300e-03
4.335152066834773929e-03
4.258599635925246554e-03
4.329835077078353876e-03
4.287705035385524534e-03
4.329088709385533855e-03
4.247436354286929922e-03
4.281284043557180216e-03
4.205083189412509199e-03
4.239257833964731222e-03
4.222702367769158929e-03
4.214319464610991398e-03
4.293635076275164643e-03
4.232334890473337351e-03
4.312396579058321716e-03
4.188934019729645061e-03
4.196657197452328264e-03
4.344457707173338470e-03
4.300082065603482925e-03
4.317429749036655849e-03
4.184629383124640993e-03
4.205803629820009659e-03
4.199755781617615577e-03
4.224459809196206422e-03
4.254819960674223293e-03
4.134666019354861846e-03
4.254133904728605621e-03
4.283249851282984466e-03
4.345327355311585232e-03
4.229959765161496812e-03
4.271316081718682864e-03
4.255216230932197009e-03
4.233394127406947538e-03
4.293780272717743866e-03
4.145906239436360045e-03
4.256961215606511022e-03
4.124362289790787194e-03
4.215337137526440313e-03
4.094195745685015597e-03
4.114750575994636020e-03
4.157711351224454600e-03
4.151235384928759521e-03
4.152127778783118103e-03
4.132310673107939328e-03
4.225180258800783142e-03
4.348248071867817990e-03
4.191625177009440997e-03
4.202004876668022533e-03
4.277033872378694854e-03
4.190621441298139800e-03
4.145336418949849104e-03
4.074328544297147608e-03
4.070088216051809607e-03
4.190720231284246304e-03
4.089340966296420819e-03
4.065712300198635019e-03
4.075476373695050350e-03
4.122098694183623166e-03
4.030219955245964610e-03
4.116012362722329225e-03
4.089758770238417947e-03
4.061706890146544145e-03
4.173575444403860614e-03
4.130202236013748827e-03
4.192742927304151171e-03
4.027646687785819794e-03
4.065214840528279076e-03
4.106445840170517593e-03
3.986553937326964628e-03
4.150183607422124749e-03
4.049105005268304781e-03
4.063542754878719278e-03
4.118302936140967596e-03
4.090169252913425715e-03
4.005975697779998006e-03
4.036282668610869338e-03
4.059346284807793803e-03
4.049168010989518882e-03
4.128141207068967110e-03
4.094070911029938122e-03
4.016967321781635819e-03
4.079659333824517745e-03
3.979251379977612364e-03
4.130251659241397297e-03
4.067250443293963721e-03
4.031631856901861030e-03
4.050227150172201925e-03
4.001098809398697179e-03
4.276245792109625854e-03
4.138376320088301384e-03
4.090561488881999490e-03
3.988676299863779667e-03
4.012843666667487152e-03
4.044909207333138683e-03
4.054959948681727266e-03
4.043952767029224821e-03
3.947160991252979777e-03
4.134838749618299780e-03
4.085976127252858268e-03
3.991598975511723331e-03
3.958008288978460791e-03
3.887342993919648201e-03
3.894362075690514357e-03
4.115804998481038986e-03
3.935305165543472213e-03
3.947784354793403179e-03
3.909966966712047180e-03
4.012798153045398115e-03
4.038684001669976507e-03
4.022650339663227242e-03
3.946149625536667094e-03
3.917903050273134971e-03
4.038400642505486464e-03
3.993802698459746926e-03
3.910707372236749482e-03
4.088999970140791765e-03
4.030502152368000204e-03
3.866245116667476386e-03
3.929528067017614389e-03
3.907776865830145385e-03
3.837851730707720222e-03
3.881446856234279427e-03
3.879702116878977047e-03
3.860019889586932453e-03
3.941928986196308569e-03
3.966337268225208004e-03
3.985124563276168375e-03
3.899854327118275951e-03
3.935890438663192624e-03
3.995482925170341232e-03
3.869440855847574266e-03
3.886735868246063690e-03
3.954199697528372123e-03
3.934895361388887451e-03
3.891679307787245662e-03
3.951499270054912270e-03
3.947533716999991095e-03
3.975903777717115783e-03
3.928089150022298463e-03
3.955947181472343685e-03
4.031930689522240062e-03
3.938245277565562488e-03
3.928801626959496467e-03
3.953344063812655809e-03
3.930863434209692225e-03
3.884016743946900295e-03
3.793124522486755398e-03
3.897435814719616299e-03
3.832696019128487008e-03
3.842606704624365078e-03
3.872274745287921857e-03
3.850700702790873110e-03
3.939741724794361757e-03
3.994161594680648887e-03
3.861145780957676420e-03
3.792857820887254178e-03
3.790246770766701918e-03
3.813518758423173338e-03
3.937800795547507192e-03
3.835534922901271283e-03
3.792810345563189366e-03
3.809647779957660296e-03
3.774395863365664818e-03
3.758599401813288426e-03
3.979630322610575900e-03
3.835284168940579410e-03
3.822736979530269152e-03
3.776486157006543089e-03
3.845016370106170249e-03
3.818734565988461237e-03
3.984621756821841131e-03
3.719401642213753315e-03
3.783170693522940227e-03
3.865804585758344201e-03
3.773999750561380945e-03
3.802320056711803748e-03
3.821851493624365149e-03
3.795128714133904832e-03
3.834896598557545073e-03
3.792285323748095446e-03
3.805019028425056776e-03
3.817929092570091637e-03
3.740783693612288827e-03
3.738634455475983547e-03
3.833693574901892581e-03
3.769537085884457853e-03
3.856597699752466711e-03
3.729828067930994733e-03
3.776682992455851831e-03
3.713339360007898889e-03
3.725325386247004249e-03
3.792667340880334376e-03
