7.293514086016352239e-13
8.204210724045019832e-13
7.953313155880031121e-13
8.473779300442783226e-13
8.202915957715726116e-13
7.868162634441491584e-13
7.606838120955971597e-13
8.138480504782435748e-13
9.281876532340639096e-13
8.070934204185945494e-13
7.891672011987105800e-13
8.122232717173130584e-13
8.168754457966822703e-13
8.433702970282985595e-13
8.373716159089861081e-13
8.098609918553558453e-13
7.749461151860814517e-13
9.309539160764723157e-13
7.436078163420483098e-13
7.528856706483903703e-13
7.553508632512079311e-13
8.298251571938281645e-13
8.749132696995327862e-13
9.156179324237221418e-13
8.451672744326044501e-13
9.014306844177884398e-13
9.165753319373053494e-13
8.273390379217139191e-13
8.510046198231177557e-13
7.827222925436941312e-13
8.018504633895782487e-13
6.992283151570421346e-13
7.617194329486170887e-13
7.234083537412169445e-13
8.368061188071274911e-13
7.174445443359304567e-13
7.419909065246312032e-13
8.323847150911656119e-13
6.608021173554634378e-13
7.865841334141536146e-13
8.213630755905520313e-13
8.491495537060028131e-13
8.237543683858534217e-13
8.588303816775460557e-13
7.464372944663066550e-13
8.372651904762296446e-13
7.836593208667370380e-13
8.466474612987332981e-13
8.623099022142946764e-13
8.703034177925672104e-13
