1.247382119626599700e-12
1.167208367011814540e-12
1.211672418313613970e-12
1.228114343039996698e-12
1.166116209198198036e-12
9.526954356452364610e-13
1.072430789002968347e-12
9.571733549328212696e-13
1.052787501000122522e-12
9.937954455422680069e-13
1.240572627775577620e-12
1.297056747656819539e-12
1.249636930311487218e-12
1.437013528394194853e-12
1.457102198417795520e-12
1.169000846498127699e-12
1.309954406393016626e-12
1.157464701062892034e-12
1.183280338252252888e-12
1.004696799772994176e-12
1.273024493667813801e-12
1.124232548865750198e-12
9.278775759856338585e-13
1.037769868949831220e-12
1.032717671251987429e-12
1.016112351963963400e-12
1.232744049180649705e-12
1.312153105597036220e-12
1.419337169297764686e-12
1.457560762936662443e-12
1.353232230487573489e-12
1.382775053707931669e-12
1.211059414664859452e-12
1.226998989105947070e-12
1.207684114675609523e-12
1.492900964834486230e-12
1.320454347274769643e-12
1.212479117631536495e-12
1.210076454232920080e-12
1.024185287773733782e-12
1.074740469886153968e-12
1.060328879889080236e-12
1.126944976795857261e-12
1.219349950886779239e-12
1.127278284518373400e-12
1.083078777755225090e-12
1.124176135003801711e-12
1.026984507885209155e-12
1.074185142596009247e-12
1.076811726366375063e-12
