8.769195649897513562e-13
7.455033560287348637e-13
8.098178508499541787e-13
8.459692358154314790e-13
7.847252488035453572e-13
7.492302475903770053e-13
7.830120209733979403e-13
9.480267205065477924e-13
7.739435457576033520e-13
8.274545897873705753e-13
8.972965166808068225e-13
9.437180958323414163e-13
8.763588260309146745e-13
8.174383967550330446e-13
9.855811599261012977e-13
7.654711443369919021e-13
6.879998670291234589e-13
6.152089416508370993e-13
7.020554773690121068e-13
6.491803206162131142e-13
9.391673410713965251e-13
1.034513014261202147e-12
7.765523888948639263e-13
7.672512540937725912e-13
7.569926682040008315e-13
7.674689360632423604e-13
7.255343746584034275e-13
8.720265596159960262e-13
7.724072951633602456e-13
7.075114109252102670e-13
9.531552157023261548e-13
6.791598935735563222e-13
9.369311387890601897e-13
8.862664162066721242e-13
7.903313328051463904e-13
7.904486858409059922e-13
6.853094378955140203e-13
6.899082460472895086e-13
7.490208162846882914e-13
8.023203377339608986e-13
7.315902224070252051e-13
6.959714151102549776e-13
7.551000024256373565e-13
8.500681047818582638e-13
9.018003972491206860e-13
8.567336199513285748e-13
8.557692516320068195e-13
7.198041355615688652e-13
7.787098422469710556e-13
8.201825021183474235e-13
