2.220446049250313081e-16
4.757172074844445708e-01
6.463463554020685180e-14
4.044486523816748102e-13
8.201825021183474235e-13
1.426364181648047129e-12
7.177493937229988937e-13
8.443889733503040996e-13
6.053382360750122792e-13
8.703034177925672104e-13
9.092467402149464408e-13
1.280127633819089661e-12
1.212285602273476794e-12
1.249589544900679791e-12
1.076811726366375063e-12
8.486658711037268788e-13
9.955762977839297938e-13
7.823614917802445256e-13
7.740360061471017594e-13
7.562705177646556933e-13
1.073691416746500352e-12
