9.185160025018858371e-13
1.038980043534005801e-12
7.912924457850277345e-13
8.550199849872236313e-13
8.170473469357297389e-13
9.032595425308515637e-13
9.703806347025498040e-13
1.089211002371526344e-12
9.185633666512365983e-13
9.166476741478551408e-13
8.644965102499626181e-13
8.655509187464715655e-13
8.776519706993046570e-13
9.018698502451338309e-13
8.799488337448099818e-13
8.989456194128894534e-13
7.318166253734273920e-13
8.717301778714862717e-13
8.616106465853929512e-13
8.714141186730328982e-13
9.022085741759141810e-13
8.549207754202289551e-13
8.526350396023415784e-13
7.949432937557034532e-13
7.556059124908345839e-13
7.581336206343280282e-13
8.383619332712881024e-13
7.608203871583360418e-13
8.323351103713920286e-13
9.364136647183214347e-13
8.122485520050713336e-13
8.264149788649987402e-13
8.001927391879117306e-13
7.902615067558323226e-13
8.173500417470739028e-13
8.999756222114257907e-13
9.631864930407781033e-13
9.925970550257982887e-13
9.350850237929590699e-13
9.305952755492202514e-13
8.711629979151451972e-13
8.639697682416458864e-13
9.677885328865041600e-13
9.453898884065602742e-13
8.740302210293325162e-13
7.827980013123961703e-13
8.536984760377838213e-13
8.585624141429306515e-13
8.455990590949381863e-13
7.823614917802445256e-13
