1.062962720908663821e-12
1.106665313455436309e-12
9.795523796613028627e-13
1.258118064906082798e-12
1.331971934732773825e-12
1.210553394129712723e-12
1.030804762627234487e-12
1.065637183232662142e-12
1.077071717830389180e-12
9.876139274432749532e-13
1.015102491944094089e-12
1.147774287239544248e-12
1.132769043933078013e-12
1.126813466410017629e-12
1.120103078459992904e-12
1.375066713865304249e-12
1.107965497296203255e-12
1.127502662850915334e-12
1.068960222978754335e-12
1.097340652358197030e-12
1.069329696302278779e-12
1.116794915344996778e-12
1.207079086069270790e-12
1.225440787006766425e-12
1.018077174505106306e-12
1.033077320558679426e-12
1.155930262684910463e-12
1.063038465361702418e-12
1.188408608026537968e-12
1.149293069715603308e-12
1.120620443902339142e-12
1.167490900341109030e-12
1.266693504438706025e-12
1.247816990297926008e-12
1.248687295607667171e-12
1.118555671259365838e-12
1.061757523721468868e-12
1.102789937157548391e-12
1.083926299043659145e-12
1.218240838327409769e-12
1.084051067668960587e-12
1.232816880669530861e-12
1.106792650290313624e-12
1.021649856353398093e-12
1.088818027467173684e-12
1.022671696608505059e-12
1.159165333016309022e-12
1.051657341654773385e-12
1.038334113807842453e-12
1.249589544900679791e-12
