6.123597227438637880e+00
6.187538928037374930e+00
6.182158781662254299e+00
6.150323693484446075e+00
6.196983026202572020e+00
6.137430268741380424e+00
6.102085005322352984e+00
6.101190303380782609e+00
6.069500307985013166e+00
6.063198274220999551e+00
6.037450289036667250e+00
5.975831670311890775e+00
5.831461659960824662e+00
5.829707561970796093e+00
5.882985045386194933e+00
5.868461597238836092e+00
5.818715299905903748e+00
5.834085564690939307e+00
5.792982510046739364e+00
5.769396372382948002e+00
5.846734493505856278e+00
5.826181144404025680e+00
5.847686523035664941e+00
5.857943438859448904e+00
5.901701815076156876e+00
5.929753503207942700e+00
6.004652772444488917e+00
6.070454909414911171e+00
6.109982981829640281e+00
6.101555798909117811e+00
6.063425962578651074e+00
6.036501534913154998e+00
6.045094168962671155e+00
6.073869873390312257e+00
6.049166809722400728e+00
6.058129654764710104e+00
6.057199554346485826e+00
6.002494578549676163e+00
5.989418872592525034e+00
5.988393380220940365e+00
5.989740250277426625e+00
6.010180374991273666e+00
6.048715732136582979e+00
6.017633157932448462e+00
5.899874268947383094e+00
5.893013868795102361e+00
5.933275368767508162e+00
5.926498578789028748e+00
6.001334934330547988e+00
6.032331279527253898e+00
