3.098430188151007035e-03
3.714646649145818963e-03
3.412423506864869453e-03
2.550479040765002512e-03
1.751053633967158529e-03
1.670374777567013025e-03
1.613574565353912988e-03
1.192392365167374655e-03
1.239494749095416178e-03
1.334003646032401458e-03
1.437280122678764697e-03
1.657448644421110825e-03
1.692965303844896560e-03
1.692798083959417025e-03
1.800556538645388090e-03
2.106006996785016183e-03
2.318965498620333479e-03
2.540694327759602036e-03
2.712217620029579602e-03
2.909048122277441660e-03
4.147012621468968568e-03
5.459220712687585034e-03
8.760801134410651364e-03
1.148560138570828282e-02
1.039539668461190135e-02
1.211069620706445304e-02
1.322161101152257920e-02
7.801099646999973269e-03
7.281592346263951465e-03
8.010811309361449278e-03
6.826873699702543097e-03
5.191934810713885393e-03
6.233449057311773664e-03
5.995882209416618716e-03
4.909578836887216156e-03
4.454106417323365312e-03
4.214277335527814514e-03
5.900411165068123603e-03
7.930084291841317176e-03
9.141166547481347632e-03
9.629321975981867954e-03
8.976513620071392002e-03
9.365789520552810291e-03
1.105088442095713934e-02
1.202011366792856729e-02
1.241321324369319690e-02
1.309974658126759374e-02
1.408445793058053438e-02
1.904860725384990849e-02
2.655374474725478648e-02
