4.446917040980736715e+02
4.690141076760431247e+02
4.927987213525831862e+02
5.160320643546094743e+02
5.484899035401756464e+02
5.883995787337825050e+02
6.305945603667437354e+02
6.700584468198508148e+02
7.135565188473997296e+02
7.631609376110110361e+02
8.191633675021456611e+02
8.806456308398041983e+02
9.355021891141669812e+02
9.900983051816399438e+02
1.045662194126378154e+03
1.106189652112056137e+03
1.162138251261537562e+03
1.216306289444412869e+03
1.275087755322576186e+03
1.334077267063586532e+03
1.395980690296411467e+03
1.466161029737512536e+03
1.545027405069597762e+03
1.625981748205906342e+03
1.713356401159979896e+03
1.812097238420821441e+03
1.930158361281444968e+03
2.049335076577339805e+03
2.177634421677799310e+03
2.315137812263363230e+03
2.467603413893405559e+03
2.640441434133933853e+03
2.819816385260657171e+03
3.015494844932549313e+03
3.230315353690024494e+03
3.458461578471556550e+03
3.674204646480663087e+03
3.903239809075440462e+03
4.191998714857646519e+03
4.461794016546477906e+03
4.746692172444657444e+03
5.088759814926826039e+03
5.423970958919801888e+03
5.758937311171730471e+03
6.121533960260719141e+03
6.485446573571257431e+03
6.868206089344796055e+03
7.265912420416717396e+03
7.727012016376123029e+03
8.219624403689122119e+03
