6.098268053989788484e+01
6.376719459349539676e+01
6.623210214061749923e+01
6.806167336550677760e+01
7.102045335545982141e+01
7.372210719470983520e+01
7.611449913132668144e+01
7.642474867745436029e+01
7.789519732200913893e+01
7.812284609559277726e+01
7.677068022324115759e+01
7.482484261249103952e+01
7.226757356202168125e+01
6.831723966039567131e+01
7.223086607370751722e+01
7.367836586626030737e+01
7.774574228209775129e+01
7.926111387554487919e+01
8.105166033425635419e+01
8.283789832261123820e+01
8.499905436360972999e+01
8.692134307011552607e+01
8.894495131939973476e+01
9.112201563074415844e+01
9.396222644717397543e+01
9.657577461506556915e+01
9.855896384862668924e+01
9.989749096984108689e+01
1.010980462702901121e+02
1.024446067031007885e+02
1.046530169750151629e+02
1.078870102550254586e+02
1.127164526085034879e+02
1.169518376594107139e+02
1.217403376264047665e+02
1.288666242886995406e+02
1.339601401738397897e+02
1.407582587564457413e+02
1.462301504860840282e+02
1.555626551475056658e+02
1.632588547479870158e+02
1.705466249502885887e+02
1.787286073685017129e+02
1.853382326133929325e+02
1.893703459299899521e+02
1.964911656974171024e+02
2.040498638384221408e+02
2.116702618379769945e+02
2.205413799802308006e+02
2.306691695056790650e+02
