4.636263791608629248e+01
4.733787686247863036e+01
4.892488797418214830e+01
5.299893095641986918e+01
5.366502241137363427e+01
5.411621016781686677e+01
5.385119242296073594e+01
5.545529942457257988e+01
5.150196958913888068e+01
5.293212393886988565e+01
5.467575020732349600e+01
5.643529816688719336e+01
5.681386241067722409e+01
5.914412198727445968e+01
6.218289107769614787e+01
6.509628687103639777e+01
6.857484922289728502e+01
7.001622489334795318e+01
7.129762153866165875e+01
7.278234288074067138e+01
7.518468570842844656e+01
7.780496570556195479e+01
8.023876612211350334e+01
8.202335085871398235e+01
8.333387495419788138e+01
8.186479045785614517e+01
8.244309274767132933e+01
8.425953355410888435e+01
8.761881184919636212e+01
9.107558230741662442e+01
9.660213505450271043e+01
1.000420245947345279e+02
1.055998778659875796e+02
1.085725611904950938e+02
1.133458299904256279e+02
1.209586106917711703e+02
1.279473951163867014e+02
1.363112462314863649e+02
1.454054550117208748e+02
1.533146828701850097e+02
1.588600882114388071e+02
1.632832708344083414e+02
1.696365236648417749e+02
1.780004956215897209e+02
1.899439994994786787e+02
2.022295929652332518e+02
2.138494534112390397e+02
2.266062221063529591e+02
2.427499950821033963e+02
2.576381481463896534e+02
