1.889109491815405439e+00
2.037373869851155206e+00
2.199996344395902526e+00
2.379371212053764229e+00
2.579435133135069780e+00
2.793767057921101138e+00
3.024481022196892077e+00
3.272966064659569074e+00
3.553455995333784756e+00
3.884323217615808232e+00
4.244490216133566918e+00
4.658353383163219341e+00
5.049652912827467865e+00
5.524283845185586905e+00
6.021569573025587374e+00
6.587141528341346586e+00
7.227174077804580321e+00
7.906171671921768507e+00
8.624959305785356634e+00
9.373082102211306221e+00
1.018393325058545429e+01
1.106527846059962883e+01
1.204989464589764125e+01
1.312379474939126567e+01
1.428569715729181766e+01
1.551138640511607925e+01
1.670716889058671839e+01
1.803621153062005433e+01
1.948460347459717923e+01
2.105833603327970849e+01
2.275137740319013346e+01
2.459361333881713207e+01
2.662230561476081903e+01
2.879173822119512138e+01
3.129863331170200524e+01
3.408504326517025618e+01
3.706154141001736235e+01
4.023269539352474311e+01
4.361710151094861487e+01
4.734514566190534168e+01
5.142923935285430304e+01
5.587305906862851401e+01
6.077558129301946366e+01
6.607382224754604749e+01
7.179826407506861585e+01
7.792244647342732833e+01
8.457391377474887406e+01
9.178840390349975564e+01
9.966790312442107336e+01
1.082796641804036000e+02
