5.470465839429167701e-07
2.994048749789975499e-07
7.599178482387942251e-07
1.469029962643126838e-02
2.276407095660407380e-06
2.404635304927352823e-06
7.890944851695417747e-03
4.171381607334522673e-04
7.907433920459070245e-03
7.446513889451440542e-03
7.097867239597612475e-03
1.100418626913861237e-05
1.420958724810077178e-01
1.195685490204102469e-06
2.090447554047886528e-02
4.829313414264125235e-07
3.105017769052838048e+03
1.283819282471713730e-01
7.483701679859067500e+07
8.316335286559692008e+00
1.549159074446691819e-01
1.614149947718019062e-01
1.566015355719022617e-01
1.265265438632185990e-01
7.479848090532341398e-02
1.082455755399571243e-02
1.062465085887187161e-01
1.141272149502897081e-05
1.143313794054049565e-01
7.756695552271190841e-02
6.093006629125333889e-02
2.859080283634489739e-01
1.926580537852098582e-03
7.832076871349756553e-02
1.112023487966478930e-01
1.974368942872711460e-02
8.129301671203396917e-03
5.644330988148369421e-01
3.746972160044850786e-02
2.138968936699955157e+04
3.310391716372891591e-02
5.525522615709250324e-02
6.455662680896943895e-02
1.321250540182013558e-02
1.303036903991675044e-01
3.232543157934047451e-01
1.118473758579938832e-01
2.794997814617494400e-02
7.755380097854212840e-02
5.542587824609628750e+14
