2.634918905971349368e+00
2.618142741256696659e+00
2.628449725268306558e+00
2.681446580335718810e+00
2.688975560789113040e+00
2.673506733432042815e+00
2.667318855258255628e+00
2.688501560984398076e+00
2.706667926800887081e+00
2.714276838483259624e+00
2.708426714737924623e+00
2.713501315616625664e+00
2.749410893669963052e+00
2.700133153974084710e+00
2.682681967323227834e+00
2.766210474713339806e+00
2.772535242351722218e+00
2.801989975727984472e+00
2.774480860217470202e+00
2.777459506281371837e+00
2.813550282652969692e+00
2.833248616752338744e+00
2.851438034988878378e+00
2.851965459795770208e+00
2.804697491994283531e+00
2.830738319956815907e+00
2.811755441360419550e+00
2.765673808474232054e+00
2.777291980772201185e+00
2.805939343674757502e+00
2.827110142781847912e+00
2.805077918696951667e+00
2.735963689369001361e+00
2.696324121357258186e+00
2.697816350047291145e+00
2.742115081458620374e+00
2.797861469728440742e+00
2.804211810382394532e+00
2.809378453050689561e+00
2.809248590442712690e+00
2.807212152519788173e+00
2.805325123125453235e+00
2.812313002579007293e+00
2.834765454648100924e+00
2.838952140024691317e+00
2.859338758851438733e+00
2.858353529734894316e+00
2.797893383068099649e+00
2.759954449770060325e+00
2.764623860358462526e+00
