2.897893480665920674e+00
2.923202874698167086e+00
2.951239526640389244e+00
3.001301501963454577e+00
3.033294508060898842e+00
3.067787108899500126e+00
3.095879603912325528e+00
3.109776163515251213e+00
3.097247851022305820e+00
3.141632959634228950e+00
3.153835670148465553e+00
3.121791126220359924e+00
3.082686449314208765e+00
3.091133687706973721e+00
3.104158654817402940e+00
3.112871796398310131e+00
3.139361715727083002e+00
3.169513535512604285e+00
3.159678895734754356e+00
3.145603037755754006e+00
3.119017106608587664e+00
3.122860913612595102e+00
3.114236990063226962e+00
3.141816263588663727e+00
3.145004820558929826e+00
3.146322482849697622e+00
3.142420038147473171e+00
3.137036757497015049e+00
3.142837523818434953e+00
3.165829889957343379e+00
3.160557962305386770e+00
3.146514814750928313e+00
3.163228539747599211e+00
3.158797257104476230e+00
3.199772782358074608e+00
3.177761411839184369e+00
3.196412959039558466e+00
3.195406716253622825e+00
3.161775622247287476e+00
3.138584331716178788e+00
3.093527971970320145e+00
3.113183357153621600e+00
3.150143023558553246e+00
3.160251592970527490e+00
3.177470562430086964e+00
3.182014456988243811e+00
3.178192245153996787e+00
3.193793119845769191e+00
3.207760485787859217e+00
3.190806875981148316e+00
