4.150763774081655582e-07
4.025595502979498032e-07
3.925066740651405038e-07
3.843473605345332996e-07
3.714823505264727359e-07
3.609143966885178570e-07
3.570956818558179406e-07
3.512149814349839192e-07
3.367507277785131547e-07
3.169748627487191236e-07
2.971100983244014722e-07
2.888704114907080774e-07
2.944522625533436414e-07
2.997274246360666571e-07
3.002007064597713051e-07
3.015725577469574117e-07
3.034219156599958019e-07
3.075499986373464641e-07
2.958934439643415381e-07
2.710077303441811051e-07
2.414470738636139396e-07
2.190225182110868975e-07
2.068264879049185386e-07
1.965662283305372646e-07
1.862868668820021957e-07
1.770962423275782041e-07
1.683273517026997491e-07
1.615288899085828191e-07
1.519868834191122154e-07
1.405948636117297905e-07
1.321606970453080313e-07
1.270429631109733396e-07
1.225682689091433145e-07
1.184990572997324447e-07
1.146290625191863835e-07
1.077095455537458903e-07
1.006686778805747299e-07
9.401091465409607329e-08
8.993761798779776088e-08
8.563951584213767136e-08
8.153312952339904645e-08
7.882938870180099767e-08
7.352670298197070703e-08
6.908071120226104418e-08
6.646779609633231379e-08
6.495656433033775125e-08
6.363776560870791746e-08
5.998011057359833767e-08
5.332269503032487716e-08
4.839354702155791590e-08
