1.206779459349662529e-11
1.119558662166996960e-11
1.009576248889950842e-11
9.038990714846980036e-12
8.011485926346542495e-12
7.555423256026138786e-12
6.632756422699683881e-12
6.068047620516174210e-12
5.332823211242133066e-12
4.776917306159038472e-12
4.507584061481685723e-12
4.311046547626004486e-12
3.942265014215547419e-12
3.643764244691893804e-12
3.228915570000885307e-12
2.887696432778120119e-12
2.686557439892528995e-12
2.471830122924330053e-12
2.137886089777937120e-12
1.889269361866872528e-12
1.762612230079934621e-12
1.629719480048054821e-12
1.539880056187107949e-12
1.426751454684593191e-12
1.353412610889657546e-12
1.259596768196810401e-12
1.150261466730694835e-12
1.033020644449801405e-12
9.734994890266146794e-13
9.138434448494856434e-13
8.492450750317978099e-13
7.718451400905849906e-13
6.895677401799595309e-13
6.852111616122738763e-13
6.442320544063349253e-13
5.861322226522615125e-13
5.405837943042160325e-13
5.059891238242352057e-13
4.944590067582615185e-13
4.789920923711491490e-13
4.531355464033378483e-13
4.426723220735866562e-13
3.808325208461934524e-13
3.334695601707879268e-13
2.998763657333884309e-13
3.051642763237268028e-13
2.813260682688698477e-13
2.586676534513197282e-13
2.400020984763647528e-13
2.271742695834627684e-13
