3.889017666720099697e+01
3.754763817253963509e+01
3.714591558890272438e+01
3.908036947149488327e+01
3.704784417498759552e+01
3.944837812330643345e+01
3.690384394038362359e+01
3.931714199810958377e+01
3.682427162509497265e+01
3.932915587309525307e+01
3.912663328469091795e+01
3.941427826418983926e+01
3.885079740462372655e+01
3.980762518799284067e+01
3.705206998644229088e+01
3.945080993586390861e+01
3.672767112319409222e+01
3.909658579002351786e+01
3.898005365739683725e+01
3.564405309288665791e+01
3.850089540535949340e+01
4.135371724530759252e+01
3.855437494238419305e+01
4.021435039072581930e+01
3.921359258350945964e+01
3.749981004057481471e+01
3.598332769552368404e+01
3.971287468472950621e+01
3.886375951854666511e+01
3.855472528519596409e+01
3.744506189044479783e+01
4.014794506190929013e+01
4.015766955451556441e+01
3.866075968029996801e+01
3.711972115321441379e+01
3.850825215129602697e+01
3.905192581241099248e+01
3.966739661241003745e+01
3.915913095951312073e+01
3.871033571244279869e+01
3.830067656331340942e+01
3.835123721784562889e+01
3.620772455215060148e+01
4.033144832308315131e+01
3.877390408479418227e+01
3.939303695861828913e+01
3.836076094321284558e+01
3.884496546631306302e+01
3.938812479320598214e+01
3.802307619822149576e+01
3.911163121693403610e+01
3.791815346596923320e+01
4.046907662470584910e+01
3.891734605269519420e+01
4.005419316314675626e+01
3.656152466225569242e+01
3.844470773379009643e+01
3.711174806575866825e+01
3.786118082297066678e+01
3.961178062272326628e+01
3.807880570492280015e+01
3.930017223945571203e+01
3.760391472114709188e+01
3.810745612138064331e+01
3.761598219139263222e+01
3.857211623815158674e+01
3.607780135012204425e+01
3.874212192372245767e+01
3.828235773471439529e+01
3.982395672590521940e+01
3.943717982131195043e+01
3.664006908871977686e+01
3.779005744024508573e+01
3.614602649279844826e+01
4.023502678745583694e+01
3.646258235514369517e+01
3.394696559007423531e+01
3.916441959815600882e+01
4.022892771588995942e+01
3.811042785670915833e+01
4.053382900905194219e+01
3.936852618019923256e+01
3.828018456302098826e+01
3.866024649002820723e+01
3.986982349758561384e+01
3.852520056794474357e+01
3.673037585716873821e+01
3.864626893101176819e+01
3.865448308442445580e+01
3.936651801045386634e+01
3.987720414862402407e+01
4.122801255858781388e+01
3.799094040792578397e+01
3.805295576317050887e+01
4.008249407709091372e+01
4.134912626606026720e+01
3.948940184352628080e+01
3.884572197584279252e+01
4.057775231911656988e+01
3.814710767329732022e+01
3.868441895033424771e+01
3.828367005846920534e+01
3.913412189586601642e+01
3.708738097743766815e+01
3.997153899551197043e+01
3.849093701293097780e+01
3.892067701679145131e+01
4.029832085189436697e+01
3.861366647196246049e+01
4.014945726555635019e+01
4.032178561084713664e+01
3.789254856158321871e+01
4.109801510450464690e+01
3.883935010149294698e+01
3.701271350132127935e+01
3.835895060336662965e+01
3.812179003725075432e+01
3.782518056324893507e+01
3.779519511328331305e+01
3.820961865628648724e+01
3.768769897199195640e+01
3.958433956979974511e+01
3.845134808452983322e+01
3.699679011930665951e+01
3.836678004987086865e+01
3.923827950103765261e+01
4.009447157956555685e+01
3.966173063647635644e+01
3.470918967974147051e+01
3.740887846556365304e+01
4.001029250076100396e+01
3.621099108897112018e+01
3.785855343731488887e+01
3.900615373542118647e+01
3.738865061897962505e+01
2.668528002584300651e+01
3.956965164117904266e+01
3.880841007003982668e+01
3.986879654353265323e+01
3.608274105370970375e+01
4.050093270724024563e+01
3.761096763320401948e+01
4.007074556690832168e+01
4.064932731008383371e+01
3.823522037616037039e+01
3.822094440328599063e+01
3.746704541031854774e+01
2.576610145356902137e+01
4.015531491032567146e+01
4.076919813220541755e+01
3.629821712176644155e+01
3.690572323482437156e+01
4.046934201016218680e+01
3.606507995220444229e+01
4.054455257109849953e+01
3.995595809447670632e+01
3.811684219271734264e+01
3.820291962921276507e+01
3.855132335225489726e+01
3.853970339314331994e+01
3.766701725278514346e+01
3.681236092795951720e+01
3.979730678777955433e+01
4.018796431790502055e+01
4.025899481487778786e+01
3.729927819803125288e+01
3.705455988929109878e+01
3.899947573151449376e+01
3.631771593127965048e+01
3.862347542508565112e+01
3.870214158666649240e+01
4.028054683893599019e+01
3.974205115245068498e+01
3.819439945187713192e+01
3.988391777578490149e+01
3.592447580771514737e+01
3.573999986174196408e+01
3.806813172908786669e+01
3.851640013010451469e+01
3.740909459179945884e+01
3.938746115057178798e+01
3.724786821476981657e+01
3.737134638325220237e+01
3.811532141634319260e+01
3.211799180217619210e+01
3.907440553591091259e+01
4.061083563729746260e+01
3.726654181611984740e+01
3.869650633099987402e+01
3.707421823603915811e+01
4.124789816892516114e+01
3.690074786436244381e+01
3.915799395714891773e+01
3.784395225727266876e+01
3.816931763056074800e+01
3.791053945199258379e+01
4.023128631610123307e+01
3.907432166268820595e+01
3.644022338079293633e+01
3.945233107159096164e+01
3.802819187750205288e+01
2.567674077707911451e+01
3.884594869730079125e+01
3.694822287793725479e+01
3.777526953685369904e+01
3.875835530967017206e+01
3.938492357879308514e+01
3.716842312305308837e+01
3.968347941542418056e+01
4.079856560563199963e+01
4.033631982994833010e+01
3.769989026226325990e+01
2.761232832305224605e+01
3.770480761791156965e+01
3.842855742492249504e+01
3.573300860069227269e+01
3.891892860052912084e+01
3.908528258423906010e+01
3.891546604663251685e+01
3.589038265288863272e+01
3.699358899371493692e+01
3.975894805080930894e+01
3.975225261152706224e+01
3.932572366184484736e+01
2.880082366549451933e+01
3.417089656583046775e+01
3.868896993491900815e+01
3.835595173786756362e+01
3.855836906311356671e+01
3.994766897827550878e+01
3.900375946624838264e+01
3.640503850795738572e+01
3.822982461391806197e+01
3.876460359564860170e+01
3.814312160017738051e+01
3.816986991545567776e+01
3.800176894965112240e+01
3.913304404504042822e+01
3.941576628165817198e+01
4.041759194121787857e+01
3.747433012384242090e+01
3.736416890215957665e+01
3.738701152087745783e+01
3.444260111603384189e+01
3.739168659633113379e+01
3.963271242514415604e+01
3.555287581497757543e+01
4.019685744925974547e+01
3.444739159886123048e+01
3.801982028137808811e+01
4.051327232977094894e+01
3.774682630350059753e+01
3.933421912111074192e+01
3.717197304139472180e+01
3.949574005587918890e+01
4.153208444558906365e+01
3.864395379798011732e+01
3.852806531581094163e+01
3.854590146419847230e+01
3.828034512608843443e+01
3.554359186612582278e+01
3.948725082855471413e+01
3.814089932099077629e+01
3.976981393327551473e+01
3.862028167399992640e+01
3.927571663411675473e+01
3.761813044695118435e+01
3.987814199201776688e+01
3.453949876569795663e+01
3.819651609832266814e+01
3.763969647775724070e+01
3.708909036520909552e+01
3.497848167502694139e+01
3.833895852286990191e+01
3.706437377386549059e+01
4.088861661401759307e+01
4.020092577098495923e+01
3.917665183589317479e+01
4.031440176641635986e+01
3.786795020551411994e+01
3.583407642163689388e+01
3.628320622519220962e+01
3.851646836063603985e+01
3.876954497809535383e+01
3.789053263739886290e+01
3.923638511757704350e+01
3.961032232741158765e+01
3.831609313437372322e+01
3.769337483753503903e+01
3.917213001250151194e+01
3.797108491346616432e+01
3.962935324056182651e+01
3.684649322198077925e+01
3.910943657368672888e+01
3.834937248830718204e+01
3.598882262108953256e+01
3.886183870794062045e+01
3.940740072485273515e+01
3.533399037942663057e+01
3.882271376275861741e+01
4.039387958244844157e+01
3.862738722993637452e+01
4.061509192882942898e+01
3.936362805987239710e+01
4.138152832579886109e+01
3.764901464040186596e+01
4.126844444178146176e+01
3.688981410466133326e+01
3.748743468907868959e+01
3.853376870734100379e+01
4.057265060126458422e+01
3.903296856426255346e+01
3.650872880781113139e+01
3.905267298374489826e+01
4.109710263159909260e+01
3.856168365894438210e+01
3.936808887630478893e+01
3.852074790362701151e+01
3.850429487682577445e+01
3.880684175757340881e+01
3.914015144672945468e+01
4.178982938416345405e+01
3.656986388548481415e+01
4.045155859774496321e+01
3.985787959891035825e+01
3.748754610792198605e+01
3.933948923453400681e+01
4.011706108682508187e+01
3.917918682757638749e+01
3.770509841730221012e+01
3.872901096299990087e+01
3.971738308117403449e+01
3.984906152249124744e+01
3.822034492106435266e+01
4.131706656478102246e+01
4.032475690444577765e+01
3.654382786104427083e+01
3.971720660348668730e+01
3.917366915008696537e+01
3.512893910598954506e+01
3.431357062437743366e+01
3.720720117904077995e+01
3.828399606442394543e+01
3.965938600474920861e+01
3.771650794491272052e+01
3.991022480464491906e+01
3.609099506640103527e+01
3.799290931526626025e+01
3.930461288508511331e+01
3.830610960692109757e+01
3.794068759962727455e+01
3.678328146307944024e+01
3.701839374583231290e+01
3.765339833866159580e+01
3.798239009294279356e+01
3.900807419108805618e+01
3.829587267940396345e+01
3.816054826356113949e+01
3.873588223766203953e+01
3.522993722707794007e+01
3.827852598258047578e+01
2.469033797246003203e+01
3.245515751676229144e+01
3.975680577020892770e+01
3.811102400758991138e+01
3.676158508201987019e+01
3.947289852802311572e+01
4.085900340660167274e+01
3.746483796901131313e+01
4.014964740291176071e+01
3.838438676565967711e+01
3.746240627826026781e+01
2.750187810298039182e+01
3.824725011195625513e+01
3.898753103674946630e+01
3.859521348631147930e+01
3.681200721365774342e+01
3.974501253500328346e+01
3.810526277542732032e+01
3.837940560096603093e+01
3.783665349495770158e+01
4.099078808289395681e+01
3.797046468042560008e+01
3.799027015761046044e+01
3.915569732106025214e+01
3.872301765574685817e+01
4.125470764010627533e+01
3.941064993042010656e+01
3.801843795507488721e+01
3.688326437450151474e+01
3.850575068043019655e+01
3.859261657464787731e+01
3.980060765954539193e+01
4.033146338985293511e+01
3.917233763475262265e+01
3.877539671633111595e+01
3.852731854540473222e+01
4.171699874662788687e+01
3.738660306334001149e+01
3.923595735195795697e+01
3.962841900555905283e+01
3.802489600413260717e+01
3.885412479785198769e+01
3.890040153738313933e+01
1.775694250203702751e+01
3.926966362378611564e+01
3.805780169665972323e+01
3.694178680313439855e+01
3.845624429935609356e+01
3.825153535810297001e+01
3.998262576112776401e+01
3.893976911782641537e+01
3.724491719403811629e+01
4.066723303925942190e+01
3.882722221159136922e+01
3.587872227147789062e+01
3.985895636615369142e+01
4.242525986806779059e+01
3.827444120532352656e+01
3.947483696015147814e+01
3.649302898324896205e+01
3.791201651688592023e+01
3.886397659265170290e+01
3.890077095558481091e+01
4.004212187108152676e+01
3.865245196153554730e+01
3.339365297406850885e+01
3.702215322274144427e+01
3.897938547950185040e+01
3.753815105973308164e+01
3.785668204610193044e+01
3.964894027591494563e+01
3.995219417541693474e+01
3.526044086708683523e+01
3.877612014470961554e+01
3.833615109505587526e+01
3.594432357084144058e+01
4.036416417332236506e+01
3.902855361175512172e+01
3.872833168499624179e+01
4.015861573505841875e+01
4.200981084913976815e+01
3.763359738316039937e+01
3.968088639883541191e+01
3.970202790760234279e+01
3.784923160423910105e+01
4.025269985576337461e+01
3.956241191025502957e+01
3.717222380239936541e+01
3.896344869638922859e+01
3.782594794709668662e+01
3.772920248031200430e+01
3.952409682130638657e+01
3.789007588363898549e+01
3.871317673648252367e+01
3.688383446564442636e+01
3.831448490322375733e+01
3.634167114758783157e+01
3.895135470871230865e+01
3.772307408667107609e+01
3.708112596612114231e+01
3.677264354556563575e+01
3.880588885185447623e+01
4.034453108059715021e+01
3.987865174127839651e+01
4.007600163242482694e+01
3.934272420303926054e+01
3.940229719351888349e+01
4.104373916202928285e+01
3.567688090794707279e+01
3.865891516211107870e+01
3.976029320240304088e+01
3.806847875250152669e+01
3.969053512888390145e+01
3.910934430753160029e+01
3.939359802092730689e+01
3.892041157394003648e+01
3.715460956517900826e+01
3.924245487085354256e+01
3.897386060002757802e+01
2.235571934635798286e+01
3.814389071568454881e+01
3.845031437531525853e+01
4.066785461525972778e+01
3.990829476893757288e+01
4.033107078532744794e+01
3.957672686718426291e+01
3.953762675370402491e+01
3.998381538448726502e+01
3.959795638879256074e+01
3.780360427548025370e+01
3.871433156523669794e+01
3.922205828658259463e+01
3.814757826551774400e+01
3.972772653708562274e+01
4.088410923304273581e+01
3.747539397765474689e+01
3.609372921246034593e+01
3.960288374095833319e+01
3.853596292421673297e+01
3.692992584764078146e+01
4.044775971922761926e+01
4.126487781476348005e+01
3.972436171687962059e+01
3.949215208403255417e+01
3.579856299164597289e+01
3.964454077337696702e+01
3.882672250084003451e+01
3.741784665052101388e+01
3.612403340569369448e+01
3.837008110558618768e+01
4.051040582644702681e+01
3.845220400880112521e+01
3.615469236776000628e+01
3.974582635142552078e+01
3.931784324106817508e+01
3.682965437846645074e+01
3.704526649092888135e+01
3.915219324178870863e+01
3.730746439313544727e+01
3.819552823119137486e+01
3.905568959728097411e+01
3.775907011986465278e+01
3.605641024573930054e+01
3.850974782283788045e+01
2.675727757712957455e+01
3.821442073069677292e+01
3.896862462476632061e+01
3.676568260069527128e+01
2.419436799639787594e+01
4.075471378769062625e+01
3.911171531755726960e+01
3.951343150574042795e+01
3.929315083050288138e+01
3.237904579423191365e+01
3.788384158957010328e+01
3.819764645882565191e+01
3.894101843788673989e+01
4.153627056738463352e+01
3.822677031077505916e+01
3.970867853396918434e+01
3.805064640882052629e+01
3.753238883698463013e+01
3.860802792259388383e+01
3.815892801329578532e+01
3.621895286221351284e+01
3.867449958995684511e+01
3.734105212061322732e+01
3.693264952223348274e+01
3.779875121138903182e+01
4.061926563958432013e+01
3.808181729541612270e+01
3.809701298655707546e+01
3.767362320237173634e+01
4.106849414052999236e+01
3.974271926346656159e+01
4.022189323989754683e+01
3.805277101329253497e+01
3.267605250470126776e+01
3.680206344714844846e+01
3.892011294754143336e+01
3.911339718291942091e+01
3.836405638860856016e+01
3.856270901285441965e+01
3.853955129586089612e+01
3.957782124730709228e+01
3.872323035216155773e+01
2.183104679867293285e+01
3.759503944034700140e+01
3.897643914219862893e+01
3.865910462546570159e+01
3.971726369180528593e+01
3.913172956787501278e+01
3.734903323155592858e+01
3.867068985090937616e+01
4.070910276643140691e+01
3.939336855571664842e+01
3.934032946023400257e+01
3.889403800378678966e+01
3.471587530079160899e+01
3.958056723398917143e+01
3.724964771766057936e+01
3.677045842564016453e+01
3.746934256614214576e+01
3.508797400194588789e+01
3.983548205168117562e+01
3.573658195852160446e+01
4.095005094119429856e+01
4.004681744703945867e+01
3.911135031226353220e+01
3.791546202524715881e+01
4.157803338805388904e+01
3.645243263572520931e+01
3.699688558977238984e+01
3.924225855840325750e+01
4.018038359968654305e+01
3.893101952896116558e+01
3.434232602077484842e+01
3.783524017718799115e+01
3.414769063861723453e+01
3.778219374734863578e+01
3.830294119813500231e+01
4.004203500216541300e+01
4.093996581396142886e+01
3.886240477982312314e+01
4.030874562604417832e+01
3.706460644847754793e+01
3.445448844990816895e+01
4.029299923686198781e+01
3.955453916647711310e+01
1.735671277790228473e+01
3.831483885008078261e+01
4.072238071717659125e+01
3.844416418008421488e+01
4.086533701733254276e+01
3.928767570076428228e+01
4.116455780685708987e+01
3.871681357300887782e+01
3.910089919225887201e+01
3.860345100067298318e+01
3.856566389908930148e+01
3.844478501483887101e+01
3.944088569877093420e+01
3.845230383100032867e+01
4.016698188055249119e+01
3.723103025952127609e+01
3.898741291582022939e+01
3.958516259998010156e+01
3.866579751623435612e+01
3.787099705036474262e+01
3.967170930466848233e+01
3.974903452563388129e+01
4.019008485097987204e+01
3.870757069488435320e+01
3.742471777252576715e+01
3.912024270450828567e+01
3.885676148722498624e+01
3.842792749191118418e+01
3.767961062524411631e+01
3.721152043302164714e+01
3.694380524855482406e+01
3.869539760358230041e+01
4.017742102971273255e+01
3.582726731662493336e+01
2.922398558171236971e+01
3.872556974554856168e+01
3.905813365442436691e+01
3.780776623927261682e+01
3.715725811933229750e+01
3.887459117784494111e+01
3.829660429697472779e+01
3.671504723448887120e+01
3.615066302009168453e+01
3.805484533139628667e+01
3.884483169562354732e+01
3.861280657401041339e+01
3.759052233629980577e+01
3.840290813541709980e+01
3.640623245020056942e+01
3.792392283945147824e+01
3.866425537560658654e+01
3.957429319478185903e+01
3.783937067153498646e+01
3.765436048011515879e+01
3.966722015995563311e+01
3.704404815975680521e+01
3.778476643819912795e+01
3.797258856274759609e+01
3.863052427492266361e+01
3.846711562383943317e+01
4.007581899444191720e+01
3.866371238726987514e+01
3.909920200460650364e+01
3.806573847762655305e+01
3.891927129265423702e+01
3.769382557411796597e+01
3.777984377945517025e+01
3.878060716635219052e+01
4.002525818040393801e+01
4.001519226287584985e+01
3.747386704825537862e+01
3.780890704292666982e+01
4.147292270358397559e+01
3.702124682801664335e+01
3.970808852627714458e+01
3.990656479123114764e+01
4.086552350033829129e+01
3.418225376876945631e+01
3.898890306007823625e+01
3.791051790337746041e+01
4.034472610217304833e+01
3.789251287115485667e+01
3.709501823066169379e+01
3.703298920347242529e+01
3.847097845563710905e+01
3.988472816544214083e+01
3.900269831459073089e+01
3.825638642609953166e+01
4.051739412671166463e+01
3.736786485945680170e+01
3.745828754947014261e+01
3.644890615591874194e+01
4.097751208743484597e+01
3.670388306679495827e+01
3.897212099124327267e+01
3.978302840664967022e+01
3.933916430194084768e+01
3.890038302422573224e+01
3.861948286345155168e+01
3.928162556581601450e+01
4.018695564750849059e+01
3.825877970161804598e+01
3.769721481337216318e+01
3.649537416956441405e+01
3.472395097878148817e+01
3.946493958834339111e+01
4.056271004519899037e+01
3.914860344016968696e+01
3.777367907150577508e+01
3.612469533888388185e+01
3.900294196122811741e+01
2.763091452879232435e+01
3.703564635206539180e+01
3.628000530936041912e+01
3.876398346400861783e+01
3.694428296834355763e+01
3.722760922138827766e+01
3.898362855599163623e+01
3.738334329876753515e+01
2.526855889930539334e+01
3.562547806908360570e+01
3.822844147404298809e+01
3.473812555796288848e+01
4.043286155859878050e+01
3.919906419914262585e+01
3.684676482009648169e+01
3.729054100998678223e+01
2.879934616411292581e+01
3.776456332912187008e+01
4.021207269543418050e+01
3.721772603813087699e+01
3.962869393027285270e+01
3.986722186282003122e+01
3.774016177541151507e+01
3.807275432800927462e+01
3.647207905986317655e+01
3.799444353974082134e+01
3.857708934088711317e+01
3.812662171940466749e+01
3.840649760073086583e+01
3.482006772392132632e+01
3.911061178544552774e+01
3.945498170496566104e+01
3.883754346922670919e+01
3.969889766062754433e+01
3.734343349171265203e+01
3.851380867697206867e+01
3.812386503740377464e+01
3.803265253697271930e+01
4.074194555577231824e+01
3.829100252695892692e+01
3.402021100818663513e+01
3.912408608515562491e+01
3.810442463792313816e+01
3.896799384205006334e+01
4.020604058759676036e+01
4.044247671481956985e+01
3.597093845905661169e+01
3.646978098064574425e+01
3.959151503089461954e+01
3.889437979173339954e+01
3.797501796422002229e+01
3.932005147728757777e+01
3.842510973842275490e+01
3.659351725094229835e+01
3.933265152159349753e+01
3.940054737234857640e+01
3.763221237784232187e+01
3.880108768025063171e+01
3.841831279864465643e+01
3.750095815298716673e+01
3.920687990253405530e+01
3.888910648531395964e+01
3.934408697552286327e+01
3.978456010630668516e+01
3.849141274214146335e+01
4.006990956295659601e+01
3.988478137889189412e+01
3.762345689565655249e+01
3.961332027409385148e+01
3.744727963315046537e+01
3.844949559841293052e+01
3.941633255813054149e+01
3.704200602521708419e+01
3.810933298949481696e+01
3.885695580742874000e+01
3.812126108175159089e+01
3.879292152124857296e+01
3.728588102311705654e+01
3.951927120606848121e+01
3.736210392885669052e+01
4.021853674391707756e+01
3.755513318546836388e+01
3.942499342025367781e+01
3.852667877182657463e+01
3.974069416423290591e+01
3.879945757841882426e+01
4.483686050400324064e+01
3.820898303706936616e+01
3.929641757818599501e+01
3.931354420685281781e+01
3.977121550612083922e+01
3.911341079047206648e+01
3.965409235023923173e+01
3.765364578045532085e+01
4.006265419963642671e+01
3.983868354704482329e+01
3.686473830424004205e+01
3.879219043099677577e+01
3.709419844273510591e+01
3.684168475065143156e+01
3.859045475986049212e+01
3.929441755529168745e+01
3.940741324489101061e+01
4.105200042129824567e+01
3.946747707456352572e+01
3.624670840581425324e+01
3.603313068810004438e+01
3.783875288475499588e+01
4.139094488272928629e+01
3.939211756787246088e+01
3.781634863585036044e+01
3.979759532783006648e+01
3.823611800884867762e+01
3.871778096941153535e+01
3.848812306341726241e+01
3.802410285118141076e+01
3.703431312108605056e+01
3.745329959489041727e+01
3.908712166527229215e+01
3.695146350273927993e+01
3.771549437414447681e+01
3.590495205011177404e+01
3.878800319264737340e+01
4.167312467314654612e+01
3.681345552477512939e+01
3.659337060793120600e+01
3.804928554291841891e+01
4.076657141248367822e+01
3.685894264836081646e+01
3.767043627132161276e+01
3.650333805759834149e+01
3.853349241631134703e+01
4.011202978436158872e+01
3.636415309929552819e+01
4.063157503520804426e+01
3.669422923590542496e+01
4.031979457229961383e+01
3.929144885585728275e+01
3.992778733972663474e+01
3.735560124179478692e+01
3.793606169636280612e+01
4.055105981714327612e+01
3.846997365404605773e+01
3.898356220424825125e+01
3.734802610405209577e+01
3.857572531605484301e+01
3.558934704183169373e+01
4.115603092528691320e+01
3.764092646110579210e+01
3.951310355011057140e+01
3.757679869881663137e+01
4.059096204899166338e+01
3.934390980549772365e+01
4.285497512982593094e+01
3.991406396123736045e+01
3.725411746480788366e+01
3.993674574380639086e+01
3.968558731531800987e+01
3.821392657310131113e+01
3.800913378197672898e+01
3.772894312727972022e+01
4.045817647265243266e+01
3.523855984655423157e+01
4.027679700233521487e+01
3.945006031801505486e+01
3.778445800438232283e+01
3.868151084012446717e+01
3.814785024783369494e+01
3.626776057138208387e+01
3.798632591042121476e+01
3.695101702510307717e+01
3.826158442181760932e+01
4.120620503036120397e+01
4.059557529079668825e+01
3.877623232868740644e+01
3.772220319526334009e+01
3.686528221400083538e+01
3.945773059457462040e+01
4.093389299511367341e+01
3.664200953498225743e+01
3.958458573343853004e+01
3.920725942772626382e+01
3.999478493725022332e+01
3.878389586329197414e+01
4.104263737216453478e+01
4.005270688738364981e+01
3.956793212300417650e+01
3.928670070355207145e+01
3.925264971205450593e+01
4.078342448703465095e+01
3.993557175335532605e+01
3.949134458933572489e+01
4.033682495295629167e+01
3.779808985582423730e+01
3.830860798284309965e+01
3.959995306160436002e+01
3.287939979886705544e+01
3.810246719832179707e+01
3.816230082395749434e+01
3.968308227743989391e+01
3.880047397182570990e+01
4.016191016029193861e+01
3.613639941198698580e+01
3.818045931633654533e+01
3.895003958408000244e+01
3.978480416385900753e+01
3.912248818276233919e+01
3.817777170612455251e+01
3.815078623845846550e+01
3.457492788044915955e+01
3.869651343408493460e+01
3.928680792482708739e+01
3.827727563891499329e+01
4.015313832465122346e+01
3.944521884593938665e+01
3.954068798090563064e+01
3.682121551751637156e+01
4.046747225135950288e+01
3.905929609031114325e+01
4.100543060427823150e+01
3.576300172698103097e+01
3.974056367389584921e+01
4.002347777070212942e+01
3.899364709301437415e+01
3.878697765446846546e+01
3.839441316273111227e+01
3.990754743411986993e+01
3.956577393995758030e+01
4.054229972157483530e+01
3.788605428082840376e+01
3.867190051671739326e+01
3.836591828788547076e+01
2.957344571247769593e+01
4.019404068867171986e+01
3.833434651590700071e+01
3.890905549677767539e+01
3.697775200067491852e+01
3.993975103503677104e+01
4.041629132561413229e+01
3.883804752334319232e+01
3.841591861948618458e+01
4.245746750267898761e+01
2.844021895322272186e+01
3.912308052562252669e+01
3.929708038933321035e+01
3.869960624721602471e+01
3.792437255530186491e+01
3.767258797281289162e+01
3.956152984710710996e+01
4.045470273986993703e+01
3.741433079329807043e+01
3.842447505125323914e+01
3.657238623705680425e+01
4.057189683411289138e+01
3.883695290250638976e+01
4.018867427387237257e+01
3.954499222270837322e+01
3.973848920442721777e+01
3.836232259963016844e+01
3.862784787607966308e+01
3.768475697866280427e+01
3.625095892410202225e+01
3.708778275910507460e+01
3.922720455455245769e+01
3.780699213248849588e+01
3.805515478460219470e+01
3.868538331180974410e+01
3.672174386009798752e+01
3.679511829961844427e+01
3.946083527758531062e+01
3.905999813752968919e+01
4.059654028834357575e+01
3.582855548347386332e+01
3.950651115303001859e+01
4.018877062032437664e+01
3.864518047009817536e+01
3.858512251292727058e+01
3.769739100397610798e+01
4.008652608449638421e+01
3.515847342387043994e+01
