1.217728739604582297e-08
2.014714661378474730e-13
3.223669536699302375e-03
4.767765871674856754e-13
4.438183631605489010e-01
1.947407723548553363e-10
8.511738882528327059e-11
8.977080503953331625e-02
6.541756741226706015e-03
9.527006039626348770e-09
3.721540888456066629e-08
1.239303154408587352e-08
2.228500915633198125e-11
4.973436039897957009e-12
5.450732480003442611e-11
1.394931006071759091e-10
8.283457021640478047e-09
6.657434666027836623e-02
2.951064173174705240e-09
5.424111040436021716e-11
4.013117440934031288e-07
3.752052257525517757e-11
1.992468278184111351e-11
7.065732399366561834e-07
1.148636668795861917e-07
1.370813605316842824e-09
3.696945187219344287e-02
8.940074070217843244e-10
1.080140605017554738e-08
1.518330808667083005e-06
5.575647059420788670e-02
6.743629491551806909e-01
1.684598734113789686e-01
6.818692426745710800e-02
2.450255545181696153e-04
2.185575355045235655e-04
1.254778385413453656e-01
9.901947160278687377e-05
6.131759647440199190e-01
1.414771118746833543e-07
1.206992192750938817e-10
1.076240770650228103e-03
3.298687126997311055e-10
1.089910060708308356e-02
1.068983420693547376e-01
5.573527754725333440e-03
2.243827984240732987e-02
1.098566656725442296e-03
8.364299959359682572e-10
6.525275791382831314e-03
