5.133181778959653417e+57
3.987613449731081553e-15
3.140304260409539299e-15
3.010746041268949214e-15
2.984007715310611382e-15
2.856106384690275104e-15
2.781684488394733386e-15
3.126285691803039960e-15
2.978663398331511014e-15
2.871228067658708824e-15
2.782324196501346123e-15
2.823184350578875066e-15
2.718791201217456065e-15
2.681701444773635089e-15
2.781575960356738744e-15
2.425302688335480707e-15
2.626231885820696309e-15
2.481076581200375227e-15
2.573832634749307276e-15
2.505095379030275441e-15
2.635784376235404306e-15
2.353330275721021502e-15
2.666508841140540053e-15
2.534236904131330927e-15
2.341506222931622827e-15
2.363301429138695733e-15
2.310000091904322107e-15
2.405103640991383695e-15
2.207991424185834361e-15
2.152972776866653802e-15
2.259830538582112239e-15
2.063153960612440531e-15
2.103067083139375517e-15
2.142881336266653426e-15
2.136780504194620635e-15
1.881808536806498545e-15
2.070940233467915804e-15
1.896522082258552081e-15
2.021679061519466324e-15
1.916825030506467374e-15
2.016937447045561351e-15
2.041246257392308723e-15
2.016129019693062963e-15
2.076740140328778561e-15
2.449034537668088018e-12
3.446873417839265319e-08
7.128697268904416277e-08
9.705746838388761081e-08
1.732277546676914205e-06
5.606611922551732207e-11
1.021543052103454110e-12
1.171260946418472074e-13
2.225076775057862205e-14
1.783225013927039446e-10
4.420030193193523946e-12
2.927000829268130812e-12
3.980173828642560691e-12
1.495889608977223340e-11
3.666224806110189766e-11
4.704869420368712924e-11
4.414154015746047223e-10
4.538024528489638395e-08
5.068902958707338070e-10
2.865018676630258515e-09
1.941323808385823092e-09
2.608677292294961589e-09
