2.327283344647021746e-01
2.363480981047580975e-01
2.320814385563981230e-01
2.326777747105565064e-01
2.216838948208195159e-01
2.172089979649472202e-01
2.131829055059705491e-01
2.150470134715717074e-01
2.162452728917802769e-01
2.164203048683119579e-01
2.118939804047208220e-01
2.112410386850195332e-01
2.062860841797139189e-01
2.098443785556084740e-01
2.095933913304170448e-01
2.090169646056599939e-01
2.065261626694120389e-01
2.060258840618496567e-01
1.968725840731307131e-01
1.900989434512034282e-01
1.858746361440522521e-01
1.844861197275957376e-01
1.784640954888311870e-01
1.775018879098280433e-01
1.734704910771776576e-01
1.724375560130546603e-01
1.676821131376776963e-01
1.668096821329627388e-01
1.634673698691790633e-01
1.583386657227786598e-01
1.527433051993221380e-01
1.508022007900306771e-01
1.491369952637813245e-01
1.500402179931940860e-01
1.489098802855408632e-01
1.458112381073608521e-01
1.409893933638021180e-01
1.359436787179587880e-01
1.275015958860699627e-01
1.231693115200386407e-01
1.198244571321069180e-01
1.208360509718132692e-01
1.203494372220310915e-01
1.228687057864955717e-01
1.231720384562498827e-01
1.252569140954456484e-01
1.203428685133825088e-01
1.183674707681306171e-01
1.180352097951236634e-01
1.158188943551869549e-01
