1.178055039485896138e+01
1.205684707763117203e+01
1.223987254133043834e+01
1.244143427376100064e+01
1.271542668839065193e+01
1.328561485719939128e+01
1.373287089933951854e+01
1.434494378802928871e+01
1.480442544781562120e+01
1.551204707107630476e+01
1.554411934602819834e+01
1.539783688030065889e+01
1.511920914679273054e+01
1.527818635400050695e+01
1.532817904094116201e+01
1.511340105609137652e+01
1.495891456843441070e+01
1.509758494731266154e+01
1.541980680589371921e+01
1.575347128233019411e+01
1.601562555479712202e+01
1.662133950326613174e+01
1.641408222809357298e+01
1.623631329782984878e+01
1.632493369824103269e+01
1.674273110945602738e+01
1.677073664680031229e+01
1.690838533676369693e+01
1.677730144398672607e+01
1.699657488936831484e+01
1.687103931804313106e+01
1.706381905549361377e+01
1.727913231117964798e+01
1.751048808825171577e+01
1.728875107329497496e+01
1.713434947827006383e+01
1.698774008771344057e+01
1.729139060283981877e+01
1.696786574356193711e+01
1.697899721179512511e+01
1.713921745559363785e+01
1.758099348859583344e+01
1.787278043557932250e+01
1.851993196250767681e+01
1.911182780983897089e+01
1.982857405091880665e+01
2.029628509450070339e+01
2.105122891884841962e+01
2.193906681167652906e+01
2.422052451988712463e+01
