2.220446049250313081e-16
2.220446049250313081e-16
2.220446049250313081e-16
2.220446049250313081e-16
2.220446049250313081e-16
2.220446049250313081e-16
2.220446049250313081e-16
2.220446049250313081e-16
2.220446049250313081e-16
2.220446049250313081e-16
2.220446049250313081e-16
2.220446049250313081e-16
2.220446049250313081e-16
2.220446049250313081e-16
2.220446049250313081e-16
2.220446049250313081e-16
2.220446049250313081e-16
2.220446049250313081e-16
2.220446049250313081e-16
2.220446049250313081e-16
2.220446049250313081e-16
2.220446049250313081e-16
2.220446049250313081e-16
2.220446049250313081e-16
2.220446049250313081e-16
1.644601615025664255e-15
2.220446049250313081e-16
2.220446049250313081e-16
2.220446049250313081e-16
2.220446049250313081e-16
2.220446049250313081e-16
2.220446049250313081e-16
2.220446049250313081e-16
2.220446049250313081e-16
2.220446049250313081e-16
2.220446049250313081e-16
2.220446049250313081e-16
2.220446049250313081e-16
2.220446049250313081e-16
2.220446049250313081e-16
2.220446049250313081e-16
2.220446049250313081e-16
2.220446049250313081e-16
2.220446049250313081e-16
2.220446049250313081e-16
2.220446049250313081e-16
2.220446049250313081e-16
2.220446049250313081e-16
2.220446049250313081e-16
2.220446049250313081e-16
2.220446049250313081e-16
2.220446049250313081e-16
2.220446049250313081e-16
2.220446049250313081e-16
2.220446049250313081e-16
2.220446049250313081e-16
2.220446049250313081e-16
2.220446049250313081e-16
2.220446049250313081e-16
2.220446049250313081e-16
2.220446049250313081e-16
2.220446049250313081e-16
2.220446049250313081e-16
2.220446049250313081e-16
2.220446049250313081e-16
2.220446049250313081e-16
2.220446049250313081e-16
2.220446049250313081e-16
2.220446049250313081e-16
2.220446049250313081e-16
2.220446049250313081e-16
2.220446049250313081e-16
2.220446049250313081e-16
2.220446049250313081e-16
2.220446049250313081e-16
2.220446049250313081e-16
2.220446049250313081e-16
2.220446049250313081e-16
2.220446049250313081e-16
2.220446049250313081e-16
2.220446049250313081e-16
2.220446049250313081e-16
2.220446049250313081e-16
2.220446049250313081e-16
2.220446049250313081e-16
2.220446049250313081e-16
2.220446049250313081e-16
2.220446049250313081e-16
2.220446049250313081e-16
2.220446049250313081e-16
2.220446049250313081e-16
2.220446049250313081e-16
2.220446049250313081e-16
2.220446049250313081e-16
2.220446049250313081e-16
2.220446049250313081e-16
2.220446049250313081e-16
2.220446049250313081e-16
2.220446049250313081e-16
2.220446049250313081e-16
2.220446049250313081e-16
2.220446049250313081e-16
2.220446049250313081e-16
2.220446049250313081e-16
2.220446049250313081e-16
2.220446049250313081e-16
2.220446049250313081e-16
2.220446049250313081e-16
2.220446049250313081e-16
2.220446049250313081e-16
2.220446049250313081e-16
2.220446049250313081e-16
2.220446049250313081e-16
2.220446049250313081e-16
2.220446049250313081e-16
2.220446049250313081e-16
2.220446049250313081e-16
2.220446049250313081e-16
2.220446049250313081e-16
2.220446049250313081e-16
2.220446049250313081e-16
2.220446049250313081e-16
2.220446049250313081e-16
2.220446049250313081e-16
2.220446049250313081e-16
2.220446049250313081e-16
2.220446049250313081e-16
2.220446049250313081e-16
2.220446049250313081e-16
2.220446049250313081e-16
2.220446049250313081e-16
2.220446049250313081e-16
2.220446049250313081e-16
2.220446049250313081e-16
2.220446049250313081e-16
2.220446049250313081e-16
2.220446049250313081e-16
2.220446049250313081e-16
2.220446049250313081e-16
2.220446049250313081e-16
2.220446049250313081e-16
2.220446049250313081e-16
2.220446049250313081e-16
2.220446049250313081e-16
2.220446049250313081e-16
2.220446049250313081e-16
2.220446049250313081e-16
2.220446049250313081e-16
2.220446049250313081e-16
2.220446049250313081e-16
2.220446049250313081e-16
2.220446049250313081e-16
2.220446049250313081e-16
1.593599938199381707e-15
2.220446049250313081e-16
2.220446049250313081e-16
2.220446049250313081e-16
2.220446049250313081e-16
2.220446049250313081e-16
2.220446049250313081e-16
2.220446049250313081e-16
2.220446049250313081e-16
2.220446049250313081e-16
2.220446049250313081e-16
2.220446049250313081e-16
2.220446049250313081e-16
2.220446049250313081e-16
2.220446049250313081e-16
2.220446049250313081e-16
2.220446049250313081e-16
2.220446049250313081e-16
2.220446049250313081e-16
2.220446049250313081e-16
2.220446049250313081e-16
2.220446049250313081e-16
2.220446049250313081e-16
2.220446049250313081e-16
2.220446049250313081e-16
2.220446049250313081e-16
2.220446049250313081e-16
2.220446049250313081e-16
2.220446049250313081e-16
2.220446049250313081e-16
2.220446049250313081e-16
2.220446049250313081e-16
2.220446049250313081e-16
2.220446049250313081e-16
2.220446049250313081e-16
2.220446049250313081e-16
2.220446049250313081e-16
2.220446049250313081e-16
2.220446049250313081e-16
2.220446049250313081e-16
2.220446049250313081e-16
2.220446049250313081e-16
2.220446049250313081e-16
2.220446049250313081e-16
2.220446049250313081e-16
2.220446049250313081e-16
2.220446049250313081e-16
2.220446049250313081e-16
2.220446049250313081e-16
2.220446049250313081e-16
2.220446049250313081e-16
2.220446049250313081e-16
1.606355422728794877e-15
2.220446049250313081e-16
2.220446049250313081e-16
2.220446049250313081e-16
2.220446049250313081e-16
2.220446049250313081e-16
2.220446049250313081e-16
2.220446049250313081e-16
2.220446049250313081e-16
2.220446049250313081e-16
2.220446049250313081e-16
2.220446049250313081e-16
2.220446049250313081e-16
2.220446049250313081e-16
2.220446049250313081e-16
2.220446049250313081e-16
2.220446049250313081e-16
2.220446049250313081e-16
2.220446049250313081e-16
2.220446049250313081e-16
2.220446049250313081e-16
2.220446049250313081e-16
2.220446049250313081e-16
2.220446049250313081e-16
2.220446049250313081e-16
2.220446049250313081e-16
2.220446049250313081e-16
2.220446049250313081e-16
2.220446049250313081e-16
2.220446049250313081e-16
2.220446049250313081e-16
2.220446049250313081e-16
2.220446049250313081e-16
2.220446049250313081e-16
2.220446049250313081e-16
2.220446049250313081e-16
2.220446049250313081e-16
2.220446049250313081e-16
2.220446049250313081e-16
2.220446049250313081e-16
2.220446049250313081e-16
2.220446049250313081e-16
2.220446049250313081e-16
2.220446049250313081e-16
1.616186608571643044e-15
2.220446049250313081e-16
2.220446049250313081e-16
2.220446049250313081e-16
2.220446049250313081e-16
2.220446049250313081e-16
1.418062798484453347e-15
2.220446049250313081e-16
2.220446049250313081e-16
2.220446049250313081e-16
2.220446049250313081e-16
2.220446049250313081e-16
2.220446049250313081e-16
2.220446049250313081e-16
2.220446049250313081e-16
2.220446049250313081e-16
2.220446049250313081e-16
2.220446049250313081e-16
2.220446049250313081e-16
2.220446049250313081e-16
2.220446049250313081e-16
2.220446049250313081e-16
2.220446049250313081e-16
2.220446049250313081e-16
2.220446049250313081e-16
2.220446049250313081e-16
2.220446049250313081e-16
2.220446049250313081e-16
2.220446049250313081e-16
2.220446049250313081e-16
2.220446049250313081e-16
2.220446049250313081e-16
2.220446049250313081e-16
1.166529214112673583e-14
2.220446049250313081e-16
2.220446049250313081e-16
2.220446049250313081e-16
2.220446049250313081e-16
2.220446049250313081e-16
2.220446049250313081e-16
2.220446049250313081e-16
8.420131128559552381e-14
2.220446049250313081e-16
1.630868975618121231e-15
2.220446049250313081e-16
2.220446049250313081e-16
2.220446049250313081e-16
2.220446049250313081e-16
2.220446049250313081e-16
2.220446049250313081e-16
2.220446049250313081e-16
2.220446049250313081e-16
2.220446049250313081e-16
2.220446049250313081e-16
1.626099011052992754e-15
2.220446049250313081e-16
1.483027639471763149e-15
2.220446049250313081e-16
2.220446049250313081e-16
2.220446049250313081e-16
2.220446049250313081e-16
1.418156570794237958e-15
2.220446049250313081e-16
2.220446049250313081e-16
2.220446049250313081e-16
2.220446049250313081e-16
2.220446049250313081e-16
2.220446049250313081e-16
2.220446049250313081e-16
2.220446049250313081e-16
2.220446049250313081e-16
2.220446049250313081e-16
1.199788140063249977e-14
2.220446049250313081e-16
2.220446049250313081e-16
2.220446049250313081e-16
2.220446049250313081e-16
2.220446049250313081e-16
2.220446049250313081e-16
1.568888250961347372e-15
2.220446049250313081e-16
2.220446049250313081e-16
2.220446049250313081e-16
2.220446049250313081e-16
2.220446049250313081e-16
1.646370651022326114e-15
2.220446049250313081e-16
2.220446049250313081e-16
1.195041179232087664e-14
1.609361235833661262e-15
2.220446049250313081e-16
2.220446049250313081e-16
2.220446049250313081e-16
1.578352178537598710e-15
2.220446049250313081e-16
2.220446049250313081e-16
2.220446049250313081e-16
2.220446049250313081e-16
2.220446049250313081e-16
2.220446049250313081e-16
2.220446049250313081e-16
2.220446049250313081e-16
2.220446049250313081e-16
2.220446049250313081e-16
1.108839236816573813e-14
1.590289222698114522e-15
2.220446049250313081e-16
2.220446049250313081e-16
2.220446049250313081e-16
1.601337788355898806e-15
2.220446049250313081e-16
2.220446049250313081e-16
2.220446049250313081e-16
2.220446049250313081e-16
1.587444249826709583e-15
2.220446049250313081e-16
1.631397101872494255e-15
2.220446049250313081e-16
2.220446049250313081e-16
2.220446049250313081e-16
1.547068749451678700e-15
2.220446049250313081e-16
2.220446049250313081e-16
1.630853342746379458e-15
2.220446049250313081e-16
1.523250792707972239e-15
2.220446049250313081e-16
2.220446049250313081e-16
2.220446049250313081e-16
2.220446049250313081e-16
1.563677525199968402e-15
2.220446049250313081e-16
1.630061132456024849e-15
1.591878116745297845e-15
2.220446049250313081e-16
2.220446049250313081e-16
2.220446049250313081e-16
2.220446049250313081e-16
2.220446049250313081e-16
2.220446049250313081e-16
2.220446049250313081e-16
2.220446049250313081e-16
2.220446049250313081e-16
1.643096907290729185e-15
2.220446049250313081e-16
2.220446049250313081e-16
1.644503702564826344e-15
2.220446049250313081e-16
2.220446049250313081e-16
1.618061390450878631e-15
2.220446049250313081e-16
2.220446049250313081e-16
2.220446049250313081e-16
1.631172547645698046e-15
2.220446049250313081e-16
2.220446049250313081e-16
2.220446049250313081e-16
2.220446049250313081e-16
1.637523875897365493e-15
1.394595951870864851e-15
2.220446049250313081e-16
2.220446049250313081e-16
2.220446049250313081e-16
2.220446049250313081e-16
1.580472573156011160e-15
1.629621371032327433e-15
2.220446049250313081e-16
1.631390670659051424e-15
2.220446049250313081e-16
2.220446049250313081e-16
2.220446049250313081e-16
2.220446049250313081e-16
2.220446049250313081e-16
2.220446049250313081e-16
1.120091473460671887e-14
2.220446049250313081e-16
2.220446049250313081e-16
2.220446049250313081e-16
2.220446049250313081e-16
1.197253816896058960e-14
1.217895580218978055e-08
1.539857180891630602e-15
2.220446049250313081e-16
1.139771496908798397e-14
2.220446049250313081e-16
1.619419253350953459e-15
2.220446049250313081e-16
8.602389156423631773e-14
2.220446049250313081e-16
2.220446049250313081e-16
2.220446049250313081e-16
2.220446049250313081e-16
2.220446049250313081e-16
2.220446049250313081e-16
1.117848108797840190e-14
2.220446049250313081e-16
1.641127648738179053e-15
2.220446049250313081e-16
2.220446049250313081e-16
2.220446049250313081e-16
1.620353671318036414e-15
2.220446049250313081e-16
2.220446049250313081e-16
2.220446049250313081e-16
2.220446049250313081e-16
2.220446049250313081e-16
2.220446049250313081e-16
2.220446049250313081e-16
2.220446049250313081e-16
2.220446049250313081e-16
2.220446049250313081e-16
1.630394860205530378e-15
2.220446049250313081e-16
2.220446049250313081e-16
1.640182986225292497e-15
2.220446049250313081e-16
1.521881271751614718e-15
1.525084660738812683e-15
8.545853878531410535e-14
2.220446049250313081e-16
2.220446049250313081e-16
2.220446049250313081e-16
6.182166063319987463e-13
2.220446049250313081e-16
2.220446049250313081e-16
1.592473235393232991e-15
1.176043340633100739e-14
1.499327615541925832e-15
2.220446049250313081e-16
2.220446049250313081e-16
2.220446049250313081e-16
1.131304789116378744e-14
2.220446049250313081e-16
2.220446049250313081e-16
2.220446049250313081e-16
2.220446049250313081e-16
1.640219254953187015e-15
7.542982785960395675e-14
3.191482997268854396e-11
6.053735161513605947e-13
2.220446049250313081e-16
2.220446049250313081e-16
8.370022108232073147e-14
2.220446049250313081e-16
2.220446049250313081e-16
2.455169293640981001e-10
6.204683529192921765e-13
2.220446049250313081e-16
6.285974506632172083e-13
2.220446049250313081e-16
1.630944831773763951e-15
2.220446049250313081e-16
8.296936776536940294e-14
1.533321029233754206e-15
5.030811961967033641e-06
6.142710903215977752e-13
4.652300529999111044e-12
2.220446049250313081e-16
6.099852141412179915e-13
1.637105359677807650e-15
1.565206846390195791e-15
1.598512685568315438e-15
1.183015592341532169e-14
8.539120819699346149e-14
2.220446049250313081e-16
2.220446049250313081e-16
1.578352178537265416e-15
2.220446049250313081e-16
2.566227454324260776e-11
2.220446049250313081e-16
2.220446049250313081e-16
1.622022250013145249e-15
2.220446049250313081e-16
2.220446049250313081e-16
1.344755996110869566e-02
2.669028439427500619e-04
6.149189128378545575e-13
1.587713386927692555e-15
2.220446049250313081e-16
1.608625816843905602e-15
1.761321216742365186e-09
8.120536578822996492e-14
2.220446049250313081e-16
8.349107402233661716e-14
2.220446049250313081e-16
1.538260630284697098e-15
1.194485794291211649e-14
2.220446049250313081e-16
1.584159038440387738e-15
4.477466758910434034e-12
2.220446049250313081e-16
1.598609071362966387e-15
6.775399743352578929e-07
2.979641068012554696e-11
2.220446049250313081e-16
2.220446049250313081e-16
1.609350661209559528e-15
6.580822178089361276e-07
2.220446049250313081e-16
2.220446049250313081e-16
2.220446049250313081e-16
1.136912153285698772e-14
3.341613318680914781e-11
1.166506903187549335e-14
2.220446049250313081e-16
1.636477821447580387e-15
2.220446049250313081e-16
4.550765481876584893e-12
1.545538084832206539e-15
2.220446049250313081e-16
2.220446049250313081e-16
3.330848592121487003e-11
1.581190096571486797e-15
1.039277883870810325e-14
8.056726833745948968e-14
1.635442238002599846e-15
2.220446049250313081e-16
1.716113365566909865e-09
2.220446049250313081e-16
1.590077528228506189e-15
1.966770313190271957e-03
8.244048785236185198e-08
1.604533040760405418e-15
4.248561593018068886e-12
1.860287336156796374e-03
2.220446049250313081e-16
1.114514405669514174e-14
1.527377290292299467e-15
2.220446049250313081e-16
1.632196361541970872e-15
2.220446049250313081e-16
2.220446049250313081e-16
2.220446049250313081e-16
2.220446049250313081e-16
2.220446049250313081e-16
2.220446049250313081e-16
2.220446049250313081e-16
6.387574951598159234e-13
1.252124111062379247e-08
8.641006455733431490e-14
2.220446049250313081e-16
3.346156782803845039e-11
7.959329602776211496e-14
1.733540379927486483e-09
2.220446049250313081e-16
1.486281208701813954e-15
2.220446049250313081e-16
2.220446049250313081e-16
3.167325423596392943e-11
7.249131336057853182e-08
1.628506021303587752e-15
5.955227400181692538e-13
2.220446049250313081e-16
3.848556318074678018e+01
6.143289299308661961e-13
2.220446049250313081e-16
2.588881675891290218e-04
6.914644402704536346e-07
2.220446049250313081e-16
5.476091649041435083e+00
2.220446049250313081e-16
1.593412442992318571e-15
2.220446049250313081e-16
7.867222671143441953e-14
2.744707632737499966e-04
4.894492793799756554e-06
1.976066836429097503e-10
1.551008401069324450e-15
2.220446049250313081e-16
9.888978100952597328e-02
6.417033553946013393e-07
7.484979938780922999e-14
3.192644546757405446e-11
2.425252170158718510e-10
3.286256732953066033e-11
5.009755595167052711e+00
4.974484770801720579e+00
1.643854023710721574e-15
3.698102719884110456e+01
3.113415400041089597e-11
5.610131725555327797e+00
9.440479772841320472e-08
1.400893492703430936e-02
2.220446049250313081e-16
2.220446049250313081e-16
2.220446049250313081e-16
5.057872941769373037e-06
6.881325363393894223e-01
1.937136689540790610e-05
7.848223257170644493e-08
1.045109204961231550e-14
4.484215451073214994e-12
2.220446049250313081e-16
2.431554617552147653e-04
9.487211107038821811e-02
2.459756881329493877e-04
4.974048731311531928e-13
1.725770513237838991e-09
1.336924795436337700e-08
1.311641775475612783e-08
2.220446049250313081e-16
3.013134000569537818e+01
2.220446049250313081e-16
1.822932490460609898e-10
4.993500493242479799e+00
1.612807809250507663e-15
1.005403896588141222e-01
3.625366487139165628e+01
4.548506758346186452e+00
4.541555485982498097e-12
1.160811898842710663e-08
1.580129489975479280e-05
1.134074940580269165e-14
1.303258034406135600e-02
6.793182829147200730e-01
4.350061493178123406e-01
3.432972623178871823e-05
3.854375927508721844e+01
1.869244803810784800e-03
8.970358337800171723e-08
6.597958838324689701e-07
7.419416868696563361e-01
7.087736229847363147e-14
8.304054381866866657e-14
1.552670053378331965e-15
8.991690126340450007e-02
1.479825605665319204e-15
2.220446049250313081e-16
2.220446049250313081e-16
2.220446049250313081e-16
1.180005783671738400e-14
4.393723445487366610e-12
1.013035886074416803e-01
2.978823502642582710e+01
1.300665750782529009e-02
3.826339341600483244e-06
9.586123118387657183e-02
5.340976599167460647e-07
5.185518426887404608e+00
1.962725924745782353e-03
6.499406163113902420e-07
6.359578504333374127e-02
2.220446049250313081e-16
1.781902286848930815e-03
1.427967160020238155e-15
2.302428719378806245e-10
3.117304008237244406e-01
7.581795643097768989e-02
1.850297169307548980e-03
4.437796818038183602e-06
7.290045176086994427e-01
3.797302402675239108e+01
2.424775665998992746e-10
1.650691209796372903e-03
1.082327142888483880e-14
3.464532991481610225e+01
1.181769694808981915e-14
7.700546123210125771e-01
2.220446049250313081e-16
4.654996825098725033e+00
1.589881507844653957e-15
4.024670133527053650e+01
5.030232830819922896e+00
2.268995331817303349e-10
3.882144437511751534e+01
5.726398448195006056e-07
3.749090903807231712e+01
2.444281392414164502e-04
3.901391670657594801e+01
4.428353376091738395e-12
2.374374220494502862e-10
2.220446049250313081e-16
6.926943246661980895e-07
3.455736182203445850e+01
1.477819329628510158e-15
2.220446049250313081e-16
1.175359930492632675e-14
3.899348844428271121e+01
1.890415717274532628e-03
2.220446049250313081e-16
1.193888209950524859e-14
2.228571069041122771e-10
3.911077506926928038e+01
1.380006035271059322e-03
2.220446049250313081e-16
3.166689371446244650e+01
2.220446049250313081e-16
4.668569981478032281e-06
3.622725181865877175e+01
2.421933805785042072e-04
2.220446049250313081e-16
3.605791796304512786e+01
1.922929516034323433e-03
2.405166111329210505e-10
2.816015129441038312e+01
5.313941932801714785e+00
2.502997726121727494e-04
3.761150266817863042e+01
5.068224913492729300e+00
3.090282845981312931e+01
3.928807513584846589e+01
3.668486405711779952e+01
1.047391799370899360e-14
8.394309932299720182e-14
2.690956011699370846e-04
1.350737540388661184e-09
5.019858466482729931e+00
2.220446049250313081e-16
8.567445381955175743e-02
7.105491941076838014e-01
2.335518996844726658e+01
6.703551303465378197e-01
1.521515530148107981e-15
3.108604023642844085e-11
4.941617780831320417e+00
2.220446049250313081e-16
3.567847909048947486e+01
4.026102317099428518e+01
2.109476947338043441e-05
1.936375640560431682e-03
9.421880209152780679e-15
3.483418379603138249e+01
3.748101214594284869e+01
1.127301372162054025e-14
1.298275671675943001e-08
7.157812043528209989e-01
3.987812747629503463e+01
9.850016608044284694e-02
8.784056746691931031e-14
3.496867370161852051e+01
1.774533368589327909e-03
6.283835748968740736e-07
4.955737728487726201e+00
8.630386745887026272e-08
9.610255172945363078e-02
4.214034757559681958e-13
1.800807582487396179e-03
1.110545648868662415e-14
1.008806519040138794e-01
3.213614976722810468e+01
3.763752004698589104e+01
7.578021180887553054e-01
2.116344920049014123e-10
5.173751873996893171e-13
3.880639548334048783e+01
4.073779748828604830e-01
2.220446049250313081e-16
5.090725137285271990e-13
3.907849060327263402e+01
4.202146059426984692e+01
1.928641136089817909e+00
3.996463606642953437e+01
5.399493822732231330e+00
7.276075096936782671e-01
4.429455846675512858e-08
3.719471578693480751e+01
4.322648325026896907e-12
2.139714345957554275e-12
3.733362487469436530e+01
2.585942190094334237e+01
3.686901821313355043e+01
4.122594678798687085e+01
1.013326950955656912e-02
3.262856783018219771e-08
5.364499331252654102e+00
2.359986675093085953e-10
9.508664784304815543e-02
1.269455586643926049e-08
3.601865759862403849e+01
2.220446049250313081e-16
2.227825121202914715e+01
3.950339732098337464e+01
3.884912038088567243e+01
1.337453064239629494e-02
3.732839861095212086e+01
9.760823658729689267e-02
2.205752536438278000e+01
3.905871755229572528e+01
7.657038652770320128e-03
9.458766284280953340e-02
5.154216238496831970e+00
5.049677235987535262e+00
7.314540706215287045e-14
5.452250426576804924e-13
3.739007445578125299e+01
1.165156140882530810e-14
3.829732849769309411e+01
1.645948555118536327e-15
3.701240276725272338e+01
3.932372935378860035e+01
9.496437016152960153e-02
3.637173241681532687e+01
6.332476111744382852e-01
1.140765355183752904e-02
1.689262018792527442e+01
1.567758397606752252e-04
5.153168607557324421e+00
1.018284028653524825e-01
3.314204137400817984e+01
3.392772415028233185e-12
2.449465244294385171e-05
2.836829024040235753e-04
1.395042036233374964e-02
2.220446049250313081e-16
2.429487173378595700e-10
3.689715660189892077e+01
1.535555998961914051e-15
3.763801130790836424e+01
5.638161391989851445e+00
2.013014086731960191e-03
2.797068770216882427e+01
1.134859069122803550e-14
3.903251387909437398e+01
3.639657585670372697e+01
7.386789642300778391e-01
3.851592239718859645e+01
7.129074416531905323e-01
1.337950115697573474e-02
7.009620540447485393e-01
1.410447737723227908e-02
6.445738864007847235e-01
5.843883855186882636e-09
3.970877779989446310e+01
3.894969344166872816e+01
4.007660522395309499e+01
3.793461642928411237e+01
2.220446049250313081e-16
2.220446049250313081e-16
3.790306663284004429e+01
4.696903707537565253e+00
1.156741659481532116e-09
3.428000890034466863e+01
2.541136955125487224e-08
5.513106348221847419e+00
6.017177350171494270e-14
3.822256721353914344e+01
6.414595120636857883e-01
3.742398652534565429e+01
3.519778955690172495e+01
3.911230455141509527e-06
5.423355968561647700e+00
6.652734010524109509e-01
3.297174461185294803e+01
9.514595927671062303e-08
3.332955991526446127e+01
8.681050936027359366e-08
1.897539652898218082e-03
2.220446049250313081e-16
9.918517930602244181e-02
3.597190398122015154e+01
3.638996638203056477e+01
4.975486476861627950e-12
3.890952772672770266e+01
3.912564051377181329e+01
3.924203234040498245e+01
1.523751494125003170e+01
5.334441091130971202e+00
3.721688795800967142e+01
3.773131308932121897e+01
5.012068021734166656e+00
9.339311947056051423e-08
5.542707829989799162e-01
3.849875689447492277e+01
5.198503183335859035e+00
5.441603735112517271e+00
5.058795025806333889e+00
3.498650763855635404e+01
1.457550112838228815e-15
3.840565761457910554e+01
2.220446049250313081e-16
1.608293357737558496e-15
3.682577124006480318e+01
9.201366400380203703e-02
5.190689569320965369e+00
1.885070322527260922e+00
3.513357045581741289e+01
3.478009408607825037e+01
1.032674935990383957e-14
4.121187942639983959e+01
7.305332210005871518e-01
8.849036472238576630e-09
3.180400479609909681e+01
7.176031975227227244e-01
2.220446049250313081e-16
3.953777789000259446e+01
2.220446049250313081e-16
6.815289128176429401e-01
2.220446049250313081e-16
5.444317411228087877e+00
5.512131556441572933e+00
5.132014698720098426e-08
5.422322605794809292e+00
3.390335072882146505e+01
5.155096818543352555e+00
3.476793526395232448e+01
1.312311860947740950e-08
1.608589037664564939e-03
2.220446049250313081e-16
2.220446049250313081e-16
5.000727401442945919e+00
3.995077756418763393e+00
1.067145028252551170e-01
2.181714519260096097e+01
5.740100070515987983e-13
5.509017657875177054e-01
5.339954299382854153e+00
4.660494143888604945e+00
1.325528996598683129e+01
1.484653686731437770e-15
4.041450708557302818e+01
3.815193015874837101e+01
3.770033909393791305e+01
5.176831471433125387e+00
4.460736485039456883e-13
1.094910707232584456e-02
3.761855757960844215e+01
3.576577972470639111e+01
1.460390358456130005e-10
2.220446049250313081e-16
3.769516278560936229e+01
3.692929682732424368e+01
9.975880424123781398e-02
3.921611761231795867e+01
3.606989901936329090e+01
1.432673239064993417e-15
3.853907672933299011e+01
3.621211924908385527e+01
5.675950001863777850e+00
2.862464258636134809e-05
5.143630827815500517e+00
3.937942419586054399e+01
3.924723370907186393e+01
2.239882898487737606e-06
2.329908567242587125e+01
4.027287246297275816e-07
3.330674267535890465e+01
1.432167676405180756e-15
1.646370647606978857e-15
2.347507821608301772e-04
4.928927407855420384e+00
3.828314195197157233e+01
3.936532354293678537e+01
3.629914343319373415e+01
5.473690220495803338e+00
3.875898748214960676e+01
3.614059997826574033e+01
5.146436881927912488e+00
3.404637177035688467e+01
2.072332703296910319e-04
2.606101070615706305e+01
4.771534470665140582e+00
3.615566347072373624e-05
