2.220446049250313081e-16
2.220446049250313081e-16
2.220446049250313081e-16
2.220446049250313081e-16
2.220446049250313081e-16
1.594156879797194140e-15
2.220446049250313081e-16
2.220446049250313081e-16
2.220446049250313081e-16
2.220446049250313081e-16
2.220446049250313081e-16
2.220446049250313081e-16
2.220446049250313081e-16
2.220446049250313081e-16
2.220446049250313081e-16
2.220446049250313081e-16
2.220446049250313081e-16
2.220446049250313081e-16
2.220446049250313081e-16
2.220446049250313081e-16
2.220446049250313081e-16
2.220446049250313081e-16
2.220446049250313081e-16
2.220446049250313081e-16
2.220446049250313081e-16
2.220446049250313081e-16
2.220446049250313081e-16
2.220446049250313081e-16
2.220446049250313081e-16
2.220446049250313081e-16
2.220446049250313081e-16
2.220446049250313081e-16
2.220446049250313081e-16
2.220446049250313081e-16
2.220446049250313081e-16
2.220446049250313081e-16
2.220446049250313081e-16
2.220446049250313081e-16
2.220446049250313081e-16
2.220446049250313081e-16
2.220446049250313081e-16
2.220446049250313081e-16
2.220446049250313081e-16
2.220446049250313081e-16
2.220446049250313081e-16
2.220446049250313081e-16
2.220446049250313081e-16
2.220446049250313081e-16
2.220446049250313081e-16
2.220446049250313081e-16
2.220446049250313081e-16
2.220446049250313081e-16
2.220446049250313081e-16
2.220446049250313081e-16
2.220446049250313081e-16
2.220446049250313081e-16
2.220446049250313081e-16
2.220446049250313081e-16
2.220446049250313081e-16
2.220446049250313081e-16
2.220446049250313081e-16
2.220446049250313081e-16
2.220446049250313081e-16
2.220446049250313081e-16
2.220446049250313081e-16
2.220446049250313081e-16
2.220446049250313081e-16
1.450273208383367439e-15
2.220446049250313081e-16
2.220446049250313081e-16
2.220446049250313081e-16
2.220446049250313081e-16
2.220446049250313081e-16
2.220446049250313081e-16
2.220446049250313081e-16
2.220446049250313081e-16
2.220446049250313081e-16
2.220446049250313081e-16
2.220446049250313081e-16
2.220446049250313081e-16
2.220446049250313081e-16
2.220446049250313081e-16
2.220446049250313081e-16
2.220446049250313081e-16
2.220446049250313081e-16
2.220446049250313081e-16
2.220446049250313081e-16
2.220446049250313081e-16
2.220446049250313081e-16
2.220446049250313081e-16
2.220446049250313081e-16
2.220446049250313081e-16
2.220446049250313081e-16
2.220446049250313081e-16
2.220446049250313081e-16
2.220446049250313081e-16
2.220446049250313081e-16
2.220446049250313081e-16
2.220446049250313081e-16
2.220446049250313081e-16
2.220446049250313081e-16
2.220446049250313081e-16
2.220446049250313081e-16
2.220446049250313081e-16
2.220446049250313081e-16
1.636341394240539769e-15
2.220446049250313081e-16
2.220446049250313081e-16
2.220446049250313081e-16
2.220446049250313081e-16
2.220446049250313081e-16
2.220446049250313081e-16
2.220446049250313081e-16
2.220446049250313081e-16
2.220446049250313081e-16
2.220446049250313081e-16
2.220446049250313081e-16
2.220446049250313081e-16
2.220446049250313081e-16
2.220446049250313081e-16
2.220446049250313081e-16
2.220446049250313081e-16
2.220446049250313081e-16
2.220446049250313081e-16
2.220446049250313081e-16
2.220446049250313081e-16
2.220446049250313081e-16
2.220446049250313081e-16
2.220446049250313081e-16
2.220446049250313081e-16
2.220446049250313081e-16
2.220446049250313081e-16
2.220446049250313081e-16
2.220446049250313081e-16
1.586906135651099256e-15
2.220446049250313081e-16
2.220446049250313081e-16
2.220446049250313081e-16
2.220446049250313081e-16
2.220446049250313081e-16
2.220446049250313081e-16
2.220446049250313081e-16
2.220446049250313081e-16
2.220446049250313081e-16
2.220446049250313081e-16
2.220446049250313081e-16
2.220446049250313081e-16
2.220446049250313081e-16
2.220446049250313081e-16
2.220446049250313081e-16
1.599833172607106826e-15
2.220446049250313081e-16
2.220446049250313081e-16
2.220446049250313081e-16
2.220446049250313081e-16
2.220446049250313081e-16
2.220446049250313081e-16
2.220446049250313081e-16
2.220446049250313081e-16
2.220446049250313081e-16
2.220446049250313081e-16
2.220446049250313081e-16
2.220446049250313081e-16
2.220446049250313081e-16
2.220446049250313081e-16
2.220446049250313081e-16
2.220446049250313081e-16
2.220446049250313081e-16
2.220446049250313081e-16
2.220446049250313081e-16
2.220446049250313081e-16
2.220446049250313081e-16
2.220446049250313081e-16
2.220446049250313081e-16
2.220446049250313081e-16
2.220446049250313081e-16
1.537655222861571334e-15
2.220446049250313081e-16
2.220446049250313081e-16
2.220446049250313081e-16
1.567489105751795210e-15
2.220446049250313081e-16
2.220446049250313081e-16
2.220446049250313081e-16
2.220446049250313081e-16
2.220446049250313081e-16
1.607680678765495595e-15
2.220446049250313081e-16
2.220446049250313081e-16
2.220446049250313081e-16
2.220446049250313081e-16
2.220446049250313081e-16
2.220446049250313081e-16
2.220446049250313081e-16
2.220446049250313081e-16
2.220446049250313081e-16
2.220446049250313081e-16
2.220446049250313081e-16
2.220446049250313081e-16
2.220446049250313081e-16
2.220446049250313081e-16
2.220446049250313081e-16
1.638038908291383572e-15
2.220446049250313081e-16
2.220446049250313081e-16
2.220446049250313081e-16
2.220446049250313081e-16
1.603793100524673171e-15
2.220446049250313081e-16
2.220446049250313081e-16
2.220446049250313081e-16
2.220446049250313081e-16
2.220446049250313081e-16
2.220446049250313081e-16
2.220446049250313081e-16
2.220446049250313081e-16
2.220446049250313081e-16
2.220446049250313081e-16
2.220446049250313081e-16
2.220446049250313081e-16
2.220446049250313081e-16
2.220446049250313081e-16
2.220446049250313081e-16
2.220446049250313081e-16
2.220446049250313081e-16
2.220446049250313081e-16
2.220446049250313081e-16
2.220446049250313081e-16
2.220446049250313081e-16
2.220446049250313081e-16
2.220446049250313081e-16
2.220446049250313081e-16
1.629456903134393481e-15
2.220446049250313081e-16
2.220446049250313081e-16
2.220446049250313081e-16
2.220446049250313081e-16
2.220446049250313081e-16
2.220446049250313081e-16
2.220446049250313081e-16
2.220446049250313081e-16
2.220446049250313081e-16
2.220446049250313081e-16
2.220446049250313081e-16
2.220446049250313081e-16
2.220446049250313081e-16
2.220446049250313081e-16
2.220446049250313081e-16
2.220446049250313081e-16
2.220446049250313081e-16
2.220446049250313081e-16
2.220446049250313081e-16
2.220446049250313081e-16
2.220446049250313081e-16
2.220446049250313081e-16
2.220446049250313081e-16
2.220446049250313081e-16
2.220446049250313081e-16
2.220446049250313081e-16
2.220446049250313081e-16
2.220446049250313081e-16
2.220446049250313081e-16
2.220446049250313081e-16
2.220446049250313081e-16
2.220446049250313081e-16
2.220446049250313081e-16
2.220446049250313081e-16
2.220446049250313081e-16
2.220446049250313081e-16
2.220446049250313081e-16
2.220446049250313081e-16
2.220446049250313081e-16
1.587127671329246049e-15
2.220446049250313081e-16
1.539134633379220365e-15
2.220446049250313081e-16
2.220446049250313081e-16
2.220446049250313081e-16
2.220446049250313081e-16
2.220446049250313081e-16
2.220446049250313081e-16
2.220446049250313081e-16
2.220446049250313081e-16
2.220446049250313081e-16
2.220446049250313081e-16
2.220446049250313081e-16
2.220446049250313081e-16
2.220446049250313081e-16
2.220446049250313081e-16
2.220446049250313081e-16
2.220446049250313081e-16
2.220446049250313081e-16
2.220446049250313081e-16
2.220446049250313081e-16
2.220446049250313081e-16
2.220446049250313081e-16
2.220446049250313081e-16
2.220446049250313081e-16
2.220446049250313081e-16
2.220446049250313081e-16
2.220446049250313081e-16
2.220446049250313081e-16
2.220446049250313081e-16
2.220446049250313081e-16
2.220446049250313081e-16
2.220446049250313081e-16
2.220446049250313081e-16
1.630256827041082306e-15
2.220446049250313081e-16
2.220446049250313081e-16
2.220446049250313081e-16
2.220446049250313081e-16
2.220446049250313081e-16
2.220446049250313081e-16
2.220446049250313081e-16
2.220446049250313081e-16
2.220446049250313081e-16
2.220446049250313081e-16
2.220446049250313081e-16
2.220446049250313081e-16
2.220446049250313081e-16
2.220446049250313081e-16
2.220446049250313081e-16
2.220446049250313081e-16
2.220446049250313081e-16
2.220446049250313081e-16
2.220446049250313081e-16
2.220446049250313081e-16
2.220446049250313081e-16
2.220446049250313081e-16
2.220446049250313081e-16
2.220446049250313081e-16
1.633014815041868600e-15
2.220446049250313081e-16
2.220446049250313081e-16
2.220446049250313081e-16
1.111206125034575372e-14
2.220446049250313081e-16
2.220446049250313081e-16
2.220446049250313081e-16
2.220446049250313081e-16
1.592468285010445241e-15
1.578517870787587535e-15
2.220446049250313081e-16
2.220446049250313081e-16
2.220446049250313081e-16
2.220446049250313081e-16
2.220446049250313081e-16
2.220446049250313081e-16
2.220446049250313081e-16
2.220446049250313081e-16
2.220446049250313081e-16
2.220446049250313081e-16
2.220446049250313081e-16
2.220446049250313081e-16
1.567010618292600386e-15
2.220446049250313081e-16
1.643780182137344496e-15
2.220446049250313081e-16
2.220446049250313081e-16
2.220446049250313081e-16
2.220446049250313081e-16
2.220446049250313081e-16
2.220446049250313081e-16
2.220446049250313081e-16
2.220446049250313081e-16
2.220446049250313081e-16
2.220446049250313081e-16
2.220446049250313081e-16
2.220446049250313081e-16
2.220446049250313081e-16
2.220446049250313081e-16
2.220446049250313081e-16
2.220446049250313081e-16
2.220446049250313081e-16
2.220446049250313081e-16
2.220446049250313081e-16
1.623858469547741707e-15
1.633585880737816810e-15
1.203503388898866251e-14
2.220446049250313081e-16
2.220446049250313081e-16
2.220446049250313081e-16
2.220446049250313081e-16
2.220446049250313081e-16
2.220446049250313081e-16
2.220446049250313081e-16
2.220446049250313081e-16
2.220446049250313081e-16
8.461835327296823579e-14
2.220446049250313081e-16
1.600637975430311675e-15
1.601690413683446492e-15
2.220446049250313081e-16
2.220446049250313081e-16
2.220446049250313081e-16
2.220446049250313081e-16
2.220446049250313081e-16
2.220446049250313081e-16
2.220446049250313081e-16
2.220446049250313081e-16
2.220446049250313081e-16
2.220446049250313081e-16
2.220446049250313081e-16
2.220446049250313081e-16
1.640797472412030393e-15
1.127443880901490172e-14
2.220446049250313081e-16
1.579690483140587940e-15
2.220446049250313081e-16
2.220446049250313081e-16
1.568766796346110311e-15
2.220446049250313081e-16
2.220446049250313081e-16
2.220446049250313081e-16
8.604157949212754824e-14
2.220446049250313081e-16
1.579678631582456271e-15
5.191492367793793025e-13
2.220446049250313081e-16
2.220446049250313081e-16
1.570874928184440890e-15
2.220446049250313081e-16
2.220446049250313081e-16
1.575535011590647957e-15
2.220446049250313081e-16
2.220446049250313081e-16
2.220446049250313081e-16
1.597006499399081784e-15
2.220446049250313081e-16
1.645842368215290263e-15
2.220446049250313081e-16
1.642949223679155109e-15
2.220446049250313081e-16
2.220446049250313081e-16
2.220446049250313081e-16
2.220446049250313081e-16
2.220446049250313081e-16
2.220446049250313081e-16
2.220446049250313081e-16
2.220446049250313081e-16
2.220446049250313081e-16
2.220446049250313081e-16
1.547007958459616001e-15
2.220446049250313081e-16
2.220446049250313081e-16
1.620256620445190931e-15
2.220446049250313081e-16
1.180082851688787902e-14
8.556882875278648977e-14
2.220446049250313081e-16
2.220446049250313081e-16
2.220446049250313081e-16
1.623665097841833851e-15
2.220446049250313081e-16
2.220446049250313081e-16
2.220446049250313081e-16
1.513400273394530450e-15
1.978383121141679012e-10
2.220446049250313081e-16
1.522143445850717353e-15
2.220446049250313081e-16
2.220446049250313081e-16
1.063698075549546559e-14
2.220446049250313081e-16
2.220446049250313081e-16
2.220446049250313081e-16
2.220446049250313081e-16
2.220446049250313081e-16
2.220446049250313081e-16
1.126926099399955264e-14
2.220446049250313081e-16
2.220446049250313081e-16
1.054509120645068929e-14
9.136798970107874245e-08
1.586384880692423905e-15
2.220446049250313081e-16
1.186614005568937683e-14
2.220446049250313081e-16
2.220446049250313081e-16
1.149136700888072643e-14
2.220446049250313081e-16
2.220446049250313081e-16
1.611774967376427751e-15
2.220446049250313081e-16
2.220446049250313081e-16
1.583455784371939779e-15
2.220446049250313081e-16
2.220446049250313081e-16
2.220446049250313081e-16
5.942370039113449181e-13
2.220446049250313081e-16
1.142373312041835994e-14
2.220446049250313081e-16
6.576819600475627905e-14
2.220446049250313081e-16
1.133311744583707481e-14
2.220446049250313081e-16
2.220446049250313081e-16
2.220446049250313081e-16
2.220446049250313081e-16
2.220446049250313081e-16
1.624670524028583995e-15
2.220446049250313081e-16
2.220446049250313081e-16
2.220446049250313081e-16
1.561746072811772328e-15
4.685698447376562387e-12
1.270957038303942820e-02
6.054813281412078935e-13
2.220446049250313081e-16
1.098096726474379329e-14
6.764678948278291276e-07
2.220446049250313081e-16
1.600281787825430876e-15
2.220446049250313081e-16
2.220446049250313081e-16
2.220446049250313081e-16
6.715021539800463682e-07
1.646107335766262532e-15
1.309365631828281337e-08
1.626225920107199438e-15
2.220446049250313081e-16
1.586015886180441435e-15
1.089031524993174450e-14
2.220446049250313081e-16
1.338294244398140036e-02
1.302008644728724171e-08
6.752835104580626293e-07
9.589481165996020394e-08
8.555354839352234508e-14
2.220446049250313081e-16
7.795489449622858624e-14
1.122632225550240042e-14
4.622494087947002227e-12
9.215414624179067704e-02
1.408261849739537129e-02
4.419030095311516923e-12
5.708568270541065937e-13
1.511623951363564984e-15
2.220446049250313081e-16
2.220446049250313081e-16
1.297511717051187608e-08
2.220446049250313081e-16
1.261245831201805705e-08
2.220446049250313081e-16
1.329146779099862381e-08
1.163847116091124218e-14
2.220446049250313081e-16
5.610125720296683553e-13
1.619560910959710888e-15
1.595139314900445011e-15
2.220446049250313081e-16
2.220446049250313081e-16
2.220446049250313081e-16
1.199778368979293743e-14
1.514294234133077982e-15
2.220446049250313081e-16
1.355247656733021833e-02
2.220446049250313081e-16
1.109071272592231430e-14
2.220446049250313081e-16
1.418062798486806125e-15
1.144037797090674148e-14
3.409711608027870595e-05
1.003326047750898314e-01
2.220446049250313081e-16
4.071033949903944915e+01
6.096369502393349285e-07
4.873378312410988749e-06
3.291293883006282865e-11
7.412895639928575323e-14
4.476529131596561406e+00
2.552864804122890194e-04
5.460152565747317333e+00
1.047320633480960320e-14
2.294646077940914803e-10
2.220446049250313081e-16
3.665207753358235010e+01
1.120757965567629977e-14
2.220446049250313081e-16
1.734358074604551835e-09
5.385121628912842288e-13
2.220446049250313081e-16
1.099850869582353603e-14
2.492816501877441692e-11
1.223952238637822860e-08
2.220446049250313081e-16
8.291492478864810882e-14
2.220446049250313081e-16
6.565070197342145443e-07
3.086035951532805226e-11
4.654302357704120525e-12
1.432510273726354516e-15
5.620307891974724024e-01
2.220446049250313081e-16
4.437894696379512927e-12
1.015685045499185729e-01
4.423943520161732795e-12
2.220446049250313081e-16
3.499315255148851964e-05
1.172156670905270415e-14
2.220446049250313081e-16
5.433804351728077187e+00
2.220446049250313081e-16
2.220446049250313081e-16
3.952181246434018647e+01
1.365263465744535540e-02
2.220446049250313081e-16
9.037303719347270118e-08
7.876163572611507226e-14
2.220446049250313081e-16
2.220446049250313081e-16
4.303792423124205562e-12
1.483148925982940456e-15
1.220029166862781136e-02
3.534439870144754536e+01
7.233464495975213682e-01
1.126511037490666640e-14
1.553877212005491524e-15
5.613104754449776967e-01
1.479488657220191383e-15
6.587298981460244273e-07
2.220446049250313081e-16
3.288806170032493142e-11
2.220446049250313081e-16
1.049406613679456229e-01
1.393702940409727461e-15
3.084899026159249598e-11
3.941679966695467944e-12
3.641313135317781772e-05
4.438552881855720771e-06
7.094460649567421577e-05
1.814222602884304862e-03
2.220446049250313081e-16
7.293031794762521880e-14
1.257626963261440095e-08
2.374747185367914185e-10
2.356398437416255478e-10
9.325206181718725473e-08
1.606195604970181404e-15
2.836669896536208217e-11
4.821707182384767247e-12
5.214258181348356718e-06
2.220446049250313081e-16
3.346035792146320758e-05
4.652829482048893873e-06
7.416989362357744309e-01
5.887253377931458531e-13
8.601617919143275829e-14
1.293006959948189509e-09
5.755500313424628805e-07
3.920589336788906820e+01
3.852588985723608062e+01
4.621635635929368213e+00
4.485087899066769245e-12
2.220446049250313081e-16
6.924543548037349009e-07
4.644325604147276541e-12
3.561201712944380660e+01
2.091610595010272281e-10
8.890762033153843883e-08
6.353465567035923902e-14
1.019569921996096307e-01
3.477392989369354126e+01
2.220446049250313081e-16
2.142588786303998148e-05
5.044171112077454389e+00
3.764960247294293350e+00
1.091723335119061385e-14
1.538865280926236455e-15
1.642107760462568691e-15
1.616290861929549650e-09
4.215979460050737515e+01
5.964967644031597516e+00
1.360367857286195678e-02
3.743681072765214513e-05
2.220446049250313081e-16
2.220446049250313081e-16
2.220446049250313081e-16
5.503574892032278565e-04
3.125580370863411919e-11
2.205517207633255921e-10
1.506406117764529582e-15
8.265720781681185070e-08
9.160540546836934851e-08
7.838323636085285405e-09
8.432320542544285980e-02
9.073905881980860826e-08
5.427851768633843221e+00
4.922208231333298111e-06
3.891636838884253535e+01
9.185802012474393923e-08
5.346887136353581482e+00
5.235036355428939636e+00
6.290119479631673724e-07
6.792064784824934920e-01
4.763628251344338871e+00
1.780815729888044891e-09
1.541405107485199025e-15
2.220446049250313081e-16
6.131394432435602175e-13
1.125262523547179331e-14
3.198156607923937411e-11
9.125789810239377260e-08
5.313761956563760472e-07
2.220446049250313081e-16
6.514981915971477785e-07
1.608822415251881649e-15
1.281964760264777195e-02
5.274537405020218728e+00
3.304634352098955575e-05
2.220446049250313081e-16
4.498328820518825375e-12
2.220446049250313081e-16
2.220446049250313081e-16
3.494996668496265529e-05
1.906724087915806411e-03
2.734084739623621370e-04
1.517366586913903628e-15
1.720340667926823544e-09
5.263589825021159463e+00
1.254765536167916189e-02
9.565699025763969854e-02
5.184729164181883121e+00
3.666632241099479038e-12
3.454299459851132781e+01
2.220446049250313081e-16
2.220446049250313081e-16
7.649162966867757429e-01
4.425825966713894750e-12
6.838918539610026048e-01
1.991311942160210909e-03
2.297057150757008449e-10
3.944095610924046724e+01
2.615012494606835849e-04
3.807197747283595501e-01
5.159382805884693113e+00
2.220446049250313081e-16
4.697269854788054921e+00
4.394700404757534408e-06
2.228876718040297789e+01
4.097460633115126043e-07
3.527981455747503125e-05
2.220446049250313081e-16
3.594850305290889736e+01
3.752934808330432048e+01
4.145571209687782499e+01
3.665006004607374024e+01
5.433045341452888977e+00
8.064897229403000269e-14
1.838251008341731984e-03
4.006951319371272291e+01
4.897477876993804990e+00
1.021147312119958933e-01
3.527041708238031248e+01
1.579437476713467362e-15
2.220446049250313081e-16
3.698536686059905776e+01
3.735312599814172785e+01
3.884983657913529242e+01
5.458887765383552804e+00
5.285592215626063073e+00
2.220446049250313081e-16
1.727219395147427689e-03
8.252632023152658625e-08
1.604660624337666305e-04
7.003779900500363420e-03
3.562385433758669253e-05
1.642983280893970436e-15
6.060084751643402059e-07
2.676710829591251439e+01
3.096693608553715037e-11
1.679464953512237136e-03
1.766443360904038129e-09
3.342778204415782260e-05
3.862488279750815678e+01
4.270974702099762932e-01
2.908369412921610767e-11
2.481791628349755656e-11
1.923763681027023154e+01
1.168941672752323726e-08
5.573083245247436146e+00
3.416034946633559333e-01
2.291696132600470747e-10
8.469847115743731059e-02
5.073388724272009043e+00
3.703584403172008876e+01
7.867272392163258132e-01
3.954322970586670749e+01
3.573361346264857019e+01
3.198889538651288333e-01
4.696765658713106362e+00
7.513866353850670032e-01
2.220446049250313081e-16
9.859345227299363187e-04
2.538228427206395565e+01
4.762477838132062935e+00
3.947681136567410221e+01
2.220446049250313081e-16
9.667461738069571542e-02
6.832371472595215600e-01
3.539491274190120151e+01
3.049708711141631667e+00
4.027375024274124371e+01
4.575057809651759122e+00
3.853726493354438531e+01
9.027221571499272823e-08
4.823244823153483907e+00
3.708461688522465494e+01
5.312578843439065501e+00
4.996527562268043177e+00
4.505224229046187972e-13
3.815069743622223797e+01
5.927852821003764053e-03
1.613840778073878626e-15
2.544883875810832015e-04
2.228538025660374101e-06
4.226278606609369604e+01
2.220446049250313081e-16
9.507758755276853030e-15
4.072432419451343577e+01
3.903582605790347770e+01
3.679570254104071125e+01
5.040549192620338737e+00
5.492106000543087063e+00
2.220446049250313081e-16
5.231171764676026292e+00
3.711281454681081016e+01
1.032857787525823508e-14
2.698193133792938618e-05
4.938835771237402916e+00
3.626597019514126430e+01
2.886012815686949213e-08
2.220446049250313081e-16
3.634008500812158360e+01
2.220446049250313081e-16
3.992498566323565967e+01
4.118281708426441412e+01
2.979130127702510011e-05
5.217438916240144664e+00
3.180201508433769320e+01
4.966180077824898120e+00
4.004600184814078645e+00
3.686043766661351820e-05
7.177464681651173350e-01
1.793093787552373186e+01
1.448816890327008198e-15
2.657026040451765999e-11
7.033600236786013982e-01
3.737895435965447888e+01
3.561077664725991099e+01
5.482645768708312772e+00
5.609083993362929732e+00
4.572625356440146750e-13
3.255326693077593347e+01
3.936085511671149106e+01
5.281808937324894870e+00
3.757350340401403344e+01
1.264972615623868916e-09
3.974331362901944686e+01
5.327697730111453644e+00
3.794712854740669883e+01
3.738546954456675309e+01
2.301058560103324619e-05
1.059642474193155520e-01
3.499368399566406396e+01
4.091830106090499442e+01
5.041988683848838804e+00
3.911755303018749430e+01
1.356293487594871363e-09
7.018312372333466165e-01
6.763245681080558569e-01
2.220446049250313081e-16
3.952632318075423257e+01
3.645507074166010142e+01
1.814350846533807342e-05
3.896257647858843143e+01
9.220684534327974746e-02
1.937789548549311318e-10
3.290692108971535716e-05
3.522211862726503995e+01
4.051445464999306267e+01
3.889488373112835973e+01
3.708602198354024182e+01
5.293276248952402341e+00
3.820127008647452982e+01
3.939248749985609921e-01
2.220446049250313081e-16
1.796515389357217441e-10
3.651480818434524878e+01
3.704724712714602930e+01
4.152004944250606400e+01
3.897711000151502247e+01
1.089017540528798567e-01
4.902819552923375068e-02
4.586728842732737732e+00
3.670660893661157331e+01
2.671210625151375527e-07
5.494682014730781504e-15
3.895005324095500043e+01
5.563887711719015645e-05
2.796539047712557266e-05
3.052639041357785368e-11
3.664984709894513060e+01
4.823968217996758234e+00
5.171222770867103691e+00
3.887766915327011930e+01
1.402017765702351273e-04
3.663213044105201988e+01
3.591124494641314158e+01
5.222340697330203341e+00
8.198449300795994030e-03
1.607098307116311712e-03
1.333793631340877625e-02
3.700472046130866488e+01
6.655610986877558144e-01
1.992016958157137065e-03
4.051494201877908097e+01
3.706538437612949618e-13
3.664099232086567071e+01
3.520649955524002195e+01
5.380542997494858426e+00
3.541359980506785377e+01
3.552139143856263104e+01
3.363879750632718668e+01
5.326341746886139594e-01
3.384948598725281954e+01
3.728386275515276793e+01
3.891610934317306913e+01
7.491629450378981536e-01
3.626014300379419808e+01
5.599705950230038610e-06
3.848075481607478565e+01
3.461942445657565770e+01
3.537809609107178943e+01
1.427356814211900726e+01
3.883492210072572703e+01
1.524424784623312957e-15
1.728630196318863390e-03
3.363211934205856579e+01
2.220446049250313081e-16
4.383357601551833889e-07
2.220446049250313081e-16
3.909149681119694719e+01
3.983894437507721165e+01
2.884434972496309868e+01
3.688203873264905752e+01
3.497303996466501275e+01
5.128451286238153504e-13
3.947055650324537623e+01
3.817624358249172190e+01
3.887980547935352860e+01
5.335825847850742321e+00
5.335281972286513685e+00
7.292047415417157134e-09
3.737983752961882544e+01
3.778773672246013956e-05
5.339289685048190570e+00
3.197073129467301822e+00
1.996525660293726290e+01
3.350375869503322690e+01
8.448181661135217990e-08
4.015494798893121242e+01
3.883296241769348711e+01
8.843465729113553220e-02
3.970864652337684930e+01
4.750406653532345480e+00
2.220446049250313081e-16
7.779210733084064300e-01
3.622060045220506908e+01
8.676472004553383854e+00
3.851589251746281661e+01
3.838740070953617334e+01
2.220446049250313081e-16
3.820330187405578215e+01
3.379273936059637862e+01
7.140360510421307483e-01
8.919392937233545926e-02
3.514278151880051837e+01
8.701527158289074082e-02
3.973767037637878019e+01
1.908400979725483233e-03
8.294283509770743190e-02
8.291747400851804395e-01
8.346108142330678133e-14
1.155535403772777088e-02
3.833364895982906972e+01
4.055260778234235630e+01
5.387608842489994387e+00
1.858145649595338966e+01
1.481729441403607274e-02
3.714789942026641256e+01
2.238404337240902464e+01
9.430343877000774144e-02
3.386783094905589309e+01
7.408558481327813805e-01
5.283375977786248789e+00
3.206837488234335609e+01
1.698513365542169036e-03
5.208803431301949338e+00
