2.220446049250313081e-16
2.220446049250313081e-16
2.220446049250313081e-16
2.220446049250313081e-16
2.220446049250313081e-16
2.220446049250313081e-16
2.220446049250313081e-16
2.220446049250313081e-16
1.637263971242789593e-15
2.220446049250313081e-16
2.220446049250313081e-16
2.220446049250313081e-16
2.220446049250313081e-16
2.220446049250313081e-16
2.220446049250313081e-16
2.220446049250313081e-16
2.220446049250313081e-16
2.220446049250313081e-16
2.220446049250313081e-16
2.220446049250313081e-16
2.220446049250313081e-16
2.220446049250313081e-16
2.220446049250313081e-16
2.220446049250313081e-16
2.220446049250313081e-16
2.220446049250313081e-16
2.220446049250313081e-16
2.220446049250313081e-16
2.220446049250313081e-16
2.220446049250313081e-16
2.220446049250313081e-16
2.220446049250313081e-16
2.220446049250313081e-16
2.220446049250313081e-16
2.220446049250313081e-16
2.220446049250313081e-16
2.220446049250313081e-16
2.220446049250313081e-16
2.220446049250313081e-16
2.220446049250313081e-16
2.220446049250313081e-16
2.220446049250313081e-16
2.220446049250313081e-16
2.220446049250313081e-16
2.220446049250313081e-16
2.220446049250313081e-16
2.220446049250313081e-16
2.220446049250313081e-16
2.220446049250313081e-16
2.220446049250313081e-16
2.220446049250313081e-16
2.220446049250313081e-16
2.220446049250313081e-16
2.220446049250313081e-16
2.220446049250313081e-16
2.220446049250313081e-16
2.220446049250313081e-16
2.220446049250313081e-16
2.220446049250313081e-16
2.220446049250313081e-16
2.220446049250313081e-16
2.220446049250313081e-16
2.220446049250313081e-16
2.220446049250313081e-16
2.220446049250313081e-16
2.220446049250313081e-16
2.220446049250313081e-16
2.220446049250313081e-16
2.220446049250313081e-16
2.220446049250313081e-16
2.220446049250313081e-16
2.220446049250313081e-16
2.220446049250313081e-16
2.220446049250313081e-16
2.220446049250313081e-16
2.220446049250313081e-16
2.220446049250313081e-16
2.220446049250313081e-16
2.220446049250313081e-16
2.220446049250313081e-16
2.220446049250313081e-16
2.220446049250313081e-16
2.220446049250313081e-16
2.220446049250313081e-16
2.220446049250313081e-16
2.220446049250313081e-16
2.220446049250313081e-16
2.220446049250313081e-16
2.220446049250313081e-16
2.220446049250313081e-16
2.220446049250313081e-16
2.220446049250313081e-16
2.220446049250313081e-16
2.220446049250313081e-16
2.220446049250313081e-16
2.220446049250313081e-16
2.220446049250313081e-16
2.220446049250313081e-16
2.220446049250313081e-16
2.220446049250313081e-16
2.220446049250313081e-16
2.220446049250313081e-16
2.220446049250313081e-16
2.220446049250313081e-16
2.220446049250313081e-16
2.220446049250313081e-16
2.220446049250313081e-16
2.220446049250313081e-16
2.220446049250313081e-16
2.220446049250313081e-16
2.220446049250313081e-16
2.220446049250313081e-16
2.220446049250313081e-16
2.220446049250313081e-16
2.220446049250313081e-16
2.220446049250313081e-16
2.220446049250313081e-16
2.220446049250313081e-16
2.220446049250313081e-16
2.220446049250313081e-16
2.220446049250313081e-16
2.220446049250313081e-16
2.220446049250313081e-16
2.220446049250313081e-16
2.220446049250313081e-16
2.220446049250313081e-16
2.220446049250313081e-16
2.220446049250313081e-16
2.220446049250313081e-16
2.220446049250313081e-16
2.220446049250313081e-16
2.220446049250313081e-16
2.220446049250313081e-16
2.220446049250313081e-16
2.220446049250313081e-16
2.220446049250313081e-16
2.220446049250313081e-16
2.220446049250313081e-16
2.220446049250313081e-16
2.220446049250313081e-16
2.220446049250313081e-16
2.220446049250313081e-16
2.220446049250313081e-16
2.220446049250313081e-16
2.220446049250313081e-16
2.220446049250313081e-16
2.220446049250313081e-16
2.220446049250313081e-16
2.220446049250313081e-16
1.644382056181652237e-15
2.220446049250313081e-16
2.220446049250313081e-16
2.220446049250313081e-16
2.220446049250313081e-16
2.220446049250313081e-16
2.220446049250313081e-16
2.220446049250313081e-16
2.220446049250313081e-16
1.483027639471763347e-15
2.220446049250313081e-16
2.220446049250313081e-16
2.220446049250313081e-16
1.476283323874334726e-15
2.220446049250313081e-16
2.220446049250313081e-16
2.220446049250313081e-16
2.220446049250313081e-16
2.220446049250313081e-16
2.220446049250313081e-16
2.220446049250313081e-16
2.220446049250313081e-16
2.220446049250313081e-16
2.220446049250313081e-16
2.220446049250313081e-16
2.220446049250313081e-16
2.220446049250313081e-16
2.220446049250313081e-16
2.220446049250313081e-16
2.220446049250313081e-16
2.220446049250313081e-16
2.220446049250313081e-16
2.220446049250313081e-16
2.220446049250313081e-16
2.220446049250313081e-16
2.220446049250313081e-16
2.220446049250313081e-16
2.220446049250313081e-16
1.491323960190375428e-15
2.220446049250313081e-16
2.220446049250313081e-16
2.220446049250313081e-16
2.220446049250313081e-16
2.220446049250313081e-16
2.220446049250313081e-16
2.220446049250313081e-16
2.220446049250313081e-16
2.220446049250313081e-16
2.220446049250313081e-16
2.220446049250313081e-16
2.220446049250313081e-16
2.220446049250313081e-16
2.220446049250313081e-16
2.220446049250313081e-16
2.220446049250313081e-16
2.220446049250313081e-16
2.220446049250313081e-16
2.220446049250313081e-16
1.619005496935943622e-15
2.220446049250313081e-16
2.220446049250313081e-16
2.220446049250313081e-16
2.220446049250313081e-16
2.220446049250313081e-16
2.220446049250313081e-16
2.220446049250313081e-16
2.220446049250313081e-16
2.220446049250313081e-16
2.220446049250313081e-16
2.220446049250313081e-16
2.220446049250313081e-16
2.220446049250313081e-16
2.220446049250313081e-16
2.220446049250313081e-16
2.220446049250313081e-16
2.220446049250313081e-16
2.220446049250313081e-16
2.220446049250313081e-16
2.220446049250313081e-16
2.220446049250313081e-16
2.220446049250313081e-16
2.220446049250313081e-16
2.220446049250313081e-16
2.220446049250313081e-16
2.220446049250313081e-16
2.220446049250313081e-16
2.220446049250313081e-16
2.220446049250313081e-16
2.220446049250313081e-16
2.220446049250313081e-16
2.220446049250313081e-16
2.220446049250313081e-16
2.220446049250313081e-16
2.220446049250313081e-16
2.220446049250313081e-16
2.220446049250313081e-16
2.220446049250313081e-16
2.220446049250313081e-16
2.220446049250313081e-16
2.220446049250313081e-16
2.220446049250313081e-16
2.220446049250313081e-16
2.220446049250313081e-16
2.220446049250313081e-16
2.220446049250313081e-16
2.220446049250313081e-16
2.220446049250313081e-16
2.220446049250313081e-16
2.220446049250313081e-16
2.220446049250313081e-16
2.220446049250313081e-16
2.220446049250313081e-16
2.220446049250313081e-16
2.220446049250313081e-16
2.220446049250313081e-16
2.220446049250313081e-16
2.220446049250313081e-16
2.220446049250313081e-16
1.639235271315791051e-15
2.220446049250313081e-16
2.220446049250313081e-16
1.574050329487764164e-15
2.220446049250313081e-16
2.220446049250313081e-16
2.220446049250313081e-16
2.220446049250313081e-16
2.220446049250313081e-16
2.220446049250313081e-16
2.220446049250313081e-16
1.542597094197284519e-15
2.220446049250313081e-16
2.220446049250313081e-16
2.220446049250313081e-16
2.220446049250313081e-16
2.220446049250313081e-16
2.220446049250313081e-16
1.603036308413932225e-15
2.220446049250313081e-16
1.542679601526745546e-15
2.220446049250313081e-16
2.220446049250313081e-16
2.220446049250313081e-16
2.220446049250313081e-16
2.220446049250313081e-16
2.220446049250313081e-16
2.220446049250313081e-16
2.220446049250313081e-16
2.220446049250313081e-16
2.220446049250313081e-16
2.220446049250313081e-16
2.220446049250313081e-16
2.220446049250313081e-16
2.220446049250313081e-16
2.220446049250313081e-16
2.220446049250313081e-16
2.220446049250313081e-16
2.220446049250313081e-16
2.220446049250313081e-16
2.220446049250313081e-16
2.220446049250313081e-16
2.220446049250313081e-16
2.220446049250313081e-16
2.220446049250313081e-16
2.220446049250313081e-16
2.220446049250313081e-16
2.220446049250313081e-16
2.220446049250313081e-16
1.485998249375975729e-15
2.220446049250313081e-16
2.220446049250313081e-16
2.220446049250313081e-16
2.220446049250313081e-16
1.605909480820764208e-15
2.220446049250313081e-16
2.220446049250313081e-16
2.220446049250313081e-16
2.220446049250313081e-16
2.220446049250313081e-16
2.220446049250313081e-16
2.220446049250313081e-16
2.220446049250313081e-16
2.220446049250313081e-16
2.220446049250313081e-16
2.220446049250313081e-16
2.220446049250313081e-16
6.279173174686198661e-13
2.220446049250313081e-16
1.083971114946911019e-14
2.220446049250313081e-16
2.220446049250313081e-16
2.220446049250313081e-16
2.220446049250313081e-16
2.220446049250313081e-16
1.167340830423301737e-14
2.220446049250313081e-16
2.220446049250313081e-16
2.220446049250313081e-16
2.220446049250313081e-16
2.220446049250313081e-16
2.220446049250313081e-16
1.618292276488666019e-15
2.220446049250313081e-16
2.220446049250313081e-16
6.073332585816175324e-13
2.220446049250313081e-16
2.220446049250313081e-16
2.220446049250313081e-16
2.220446049250313081e-16
2.220446049250313081e-16
2.220446049250313081e-16
2.220446049250313081e-16
2.220446049250313081e-16
2.220446049250313081e-16
2.220446049250313081e-16
1.613195049536178155e-15
2.220446049250313081e-16
2.220446049250313081e-16
2.220446049250313081e-16
2.220446049250313081e-16
8.552925104209148974e-14
2.220446049250313081e-16
8.177283819486216950e-14
2.220446049250313081e-16
1.573129856380863950e-15
2.220446049250313081e-16
1.210479077039341507e-14
2.220446049250313081e-16
2.220446049250313081e-16
2.220446049250313081e-16
2.220446049250313081e-16
2.220446049250313081e-16
2.220446049250313081e-16
2.220446049250313081e-16
2.220446049250313081e-16
2.220446049250313081e-16
2.220446049250313081e-16
2.220446049250313081e-16
2.220446049250313081e-16
1.602817759296571439e-15
2.220446049250313081e-16
1.123564564478595389e-14
1.616186568518017470e-15
1.601253922520769545e-15
1.620225967751931642e-15
8.563616518978147233e-14
6.234248255282102980e-13
2.220446049250313081e-16
2.220446049250313081e-16
2.220446049250313081e-16
1.195290120134834355e-14
2.220446049250313081e-16
2.220446049250313081e-16
1.503921597901123443e-15
2.220446049250313081e-16
1.172522678934171964e-14
2.220446049250313081e-16
1.623042178198661804e-15
2.220446049250313081e-16
1.544377152105988611e-15
2.220446049250313081e-16
1.531998296812440230e-15
2.220446049250313081e-16
2.220446049250313081e-16
1.205090102695812716e-14
2.220446049250313081e-16
2.220446049250313081e-16
1.529082834219713492e-15
2.220446049250313081e-16
1.630098015138590007e-15
1.175049301362716825e-14
2.220446049250313081e-16
2.220446049250313081e-16
1.630746339763402462e-15
2.220446049250313081e-16
2.220446049250313081e-16
2.220446049250313081e-16
2.220446049250313081e-16
2.220446049250313081e-16
4.391091537660276040e-12
2.220446049250313081e-16
2.220446049250313081e-16
2.220446049250313081e-16
2.220446049250313081e-16
1.608879168771426819e-15
2.220446049250313081e-16
2.220446049250313081e-16
2.220446049250313081e-16
2.220446049250313081e-16
2.220446049250313081e-16
2.220446049250313081e-16
2.220446049250313081e-16
2.220446049250313081e-16
2.220446049250313081e-16
2.220446049250313081e-16
2.220446049250313081e-16
2.220446049250313081e-16
2.220446049250313081e-16
1.636070938364599054e-15
2.220446049250313081e-16
2.220446049250313081e-16
1.593615774025017048e-15
1.169932168328323342e-14
1.640520129423877780e-15
2.220446049250313081e-16
2.220446049250313081e-16
1.578092314025885315e-15
2.220446049250313081e-16
1.628440220430087804e-15
8.315307073746252195e-14
2.220446049250313081e-16
8.407900589685948700e-14
2.220446049250313081e-16
1.624525829248736949e-15
2.220446049250313081e-16
2.220446049250313081e-16
1.630415274168910816e-15
2.220446049250313081e-16
2.220446049250313081e-16
2.220446049250313081e-16
2.220446049250313081e-16
2.220446049250313081e-16
2.402701637247754054e-10
3.314091919131841197e-11
2.220446049250313081e-16
1.591073523493459272e-15
2.220446049250313081e-16
1.580069172698053792e-15
1.640220774538737562e-15
2.220446049250313081e-16
2.220446049250313081e-16
2.220446049250313081e-16
2.220446049250313081e-16
1.168204961053635032e-14
4.405045309928645065e-12
6.223589264340119736e-13
2.220446049250313081e-16
1.176450639127715772e-14
8.632196295418275514e-14
8.430639891632341044e-14
2.220446049250313081e-16
2.220446049250313081e-16
4.499218384110674056e-12
2.220446049250313081e-16
2.220446049250313081e-16
2.220446049250313081e-16
1.582064673914830180e-15
1.155650137435382479e-14
2.220446049250313081e-16
8.742056149432678813e-14
1.517242365447772977e-15
1.203547549957914478e-14
1.641563642273028280e-15
2.220446049250313081e-16
2.220446049250313081e-16
6.895969174006446460e-07
6.441357357237752221e-13
1.620012154234509766e-15
2.220446049250313081e-16
1.640102654649844644e-15
2.220446049250313081e-16
2.563155342652962982e-04
1.566145406268530004e-15
1.608098880411533789e-15
8.350632492062774509e-14
1.125445733115802094e-14
1.622298003967029556e-15
2.220446049250313081e-16
1.612065728470083124e-15
8.352656557559959655e-14
1.646370651022326114e-15
5.913562618290038298e-13
3.237420149608750596e-11
2.220446049250313081e-16
5.917802082288904192e-13
2.220446049250313081e-16
2.220446049250313081e-16
3.500156781037769387e-11
3.941524834768315107e-12
7.906916900664498789e-14
3.606335309602761948e-05
2.220446049250313081e-16
1.928211927246054015e-03
3.133523140644458875e-11
3.319002048512469418e-11
3.245533999075930862e-11
1.608621075514646050e-15
1.207017428493419823e-14
1.054218676987826853e-14
8.328115174216787542e-14
6.519750988090848634e-07
1.637718458769685627e-15
7.944306839795545243e-14
1.187533312063592746e-14
2.220446049250313081e-16
2.220446049250313081e-16
6.273635166418825434e-07
6.911877110533267151e-14
1.501943964459257920e-15
2.220446049250313081e-16
2.220446049250313081e-16
8.831287852988442445e-14
2.220446049250313081e-16
1.118855438507368902e-14
1.636714126744758149e-15
2.220446049250313081e-16
2.220446049250313081e-16
4.902878992570381104e-06
1.638002907343773850e-15
1.869693800799104074e-03
2.220446049250313081e-16
2.220446049250313081e-16
4.297634143064747409e-12
6.302697777049554293e-07
6.040028578713622360e-13
1.174319482875173938e-14
2.053945527284586437e-04
1.846845286031691479e-10
2.220446049250313081e-16
2.220446049250313081e-16
1.279284254428931486e-08
2.220446049250313081e-16
1.629794285475163287e-15
2.220446049250313081e-16
2.366851678163519620e-05
2.220446049250313081e-16
1.166096748786370027e-14
1.609376215957380353e-15
3.779877179544992172e-12
1.326869894703688012e-02
1.716635449111238248e-09
2.220446049250313081e-16
1.106443474412806232e-14
1.088361055914192484e-08
5.934749879767034660e-13
1.634986793997104520e-15
9.433262907388745748e-08
1.188076309729945187e-14
2.220446049250313081e-16
2.220446049250313081e-16
6.451684755362393147e-13
6.179236306031262144e-13
2.220446049250313081e-16
2.519557070925924895e-10
1.636475391213225632e-15
2.220446049250313081e-16
1.631222860026693462e-15
5.081640512572118240e+00
6.522195067675473197e-13
1.759726397133679355e-09
1.881051509386510740e-03
9.421712497481139017e-08
5.315786798439541272e+00
3.440578470580305589e-05
2.220446049250313081e-16
1.146961291483930912e-14
4.480047912802455770e-12
1.776983658229220253e-03
1.432510261974845664e-15
5.986985532656699153e-13
7.880857327909870676e-08
1.632585032946191636e-15
1.036994020630685834e-14
3.259530067858181380e-05
1.522147325956950974e-15
2.220446049250313081e-16
9.115816076788857041e-08
1.038112480915737830e-14
4.451566804322531199e-12
4.126159421521317714e-12
5.015779031165623069e-06
7.290709575517354480e-15
5.387794133176205591e+00
1.582750169117014875e-15
2.220446049250313081e-16
4.494284364242492114e-12
1.460125155239267933e-02
4.450256669519860649e-13
1.382535869251588976e-09
5.919992576623891629e-13
1.348654310028272151e-02
2.220446049250313081e-16
5.794007537673637731e-07
7.334756535892323903e-01
9.554374328573863228e-15
7.252930894473723633e-01
4.754581968902988785e-06
1.217658727039038736e-14
4.239656906087630426e-12
8.770783076556364528e-14
5.207255666099360525e+00
2.220446049250313081e-16
1.510881790901625498e-15
4.604653472875006982e-06
1.352986012436316852e-02
3.685200860910746457e+01
2.220446049250313081e-16
1.463178008136412951e-15
2.371120383927380608e-04
3.681588870282868964e+00
1.196472447853075453e-14
3.981128362376836805e+01
7.695441990331386488e-14
5.089748618901444777e-07
1.537098230906622646e-15
2.220446049250313081e-16
6.788119194957777935e-01
5.357387988858152816e+00
2.220446049250313081e-16
6.647987031167084651e-07
3.514443597237306528e-05
1.903755878875710121e-10
7.583199003578895898e-08
1.348490352975189113e-02
1.461318658169395113e-15
7.200557215948570899e-01
2.220446049250313081e-16
1.144344131422919867e-14
2.415770027185853131e-10
1.147916655749345970e-14
1.646370651022313492e-15
8.167202715339208496e-02
6.962958173980424714e-01
7.264707801833630851e-01
2.220446049250313081e-16
2.220446049250313081e-16
3.583534408876677446e+01
2.220446049250313081e-16
1.861394657758140773e-09
6.940842120104228075e-01
2.232223578653806380e-04
7.581194472732994189e-14
4.159015160861327587e+01
9.992499103910826297e-02
1.360414814342350565e-02
9.798764566948119603e-08
2.307293843621848405e-04
2.448882918608521271e-04
1.889485253917820356e-03
1.515907458604878267e-15
2.220446049250313081e-16
2.220446049250313081e-16
1.378614865890896712e-02
3.831114176389303339e+01
3.680488121987831826e-12
1.109269388877504874e-08
2.451430005384102663e-04
1.613055535435296248e-15
5.981702502017703820e-13
2.220446049250313081e-16
4.137170428615225859e+01
3.650415207377396598e+01
2.220446049250313081e-16
2.220446049250313081e-16
2.220446049250313081e-16
4.696025213394899780e-06
6.550686962374354065e-13
5.281998171969894074e+00
3.862225283579842738e+01
4.890497489900674811e-13
5.949687368441541890e-01
3.188158235808951485e-05
4.999645763927259136e-13
4.085666760684791399e+01
5.169325754685959673e+00
1.582615058775201907e-15
4.092044134234954811e+01
5.539420165857439571e+00
1.345994247821098332e-08
3.932868204184584471e+01
1.425010743237369731e-02
1.220717036319277158e-14
3.468011732044431739e+01
9.846489107814462849e-02
3.372387365333672449e+01
4.844049762744006671e+00
2.492690683216862939e-06
4.044760985187424041e+01
2.220446049250313081e-16
8.909371052606668284e-02
5.298398890177774974e-13
3.727672066285227714e+01
7.993252818755062549e-14
1.517992708660280824e-15
1.393701328383562773e-15
2.220446049250313081e-16
4.933713905648099640e+00
4.034810588297823131e+01
4.695571288348904007e-07
5.882945370240196612e-13
2.220446049250313081e-16
7.590240737202595955e-01
2.220446049250313081e-16
5.377902445825263005e-13
2.215918238860166186e-11
2.220446049250313081e-16
1.006985870678961670e-01
6.978935980943474782e-01
3.283056473089483518e+01
2.848227237952230695e+01
3.760645699948216247e+01
2.220446049250313081e-16
3.962972402761025137e+01
4.911272663545202199e+00
1.147348485720850325e-01
2.220446049250313081e-16
1.042455542893858130e-14
1.563356889844941297e-15
8.386973338732376844e-08
3.655513352296754448e+01
2.220446049250313081e-16
2.220446049250313081e-16
3.971721305898778098e+01
1.522135594683621736e-15
2.220446049250313081e-16
3.289028842970222118e-11
3.348630491366056106e+01
3.894044411359095648e+01
1.874822467922039776e-10
1.089161716983794983e-03
2.513088661554117170e-04
3.089230785614106693e-05
5.236772125658071708e+00
5.173428257291017296e+00
4.734202702496688175e+00
6.125199018626500310e-13
4.984596908419095307e+00
4.041420508571079040e+01
3.534058776523905010e+01
7.252235231817046979e-14
4.028979106287064127e+01
5.730384491193945412e-02
5.311782963004160862e+00
4.551789354747492133e+00
3.949381745265147714e+01
4.784384960540684628e-01
2.992027321590484760e-05
3.402789457137017592e+01
4.634915505759065191e+00
2.220446049250313081e-16
3.085507293495474236e-05
5.566568605987274615e-13
2.006333727759394790e-10
3.750747480915988064e+01
4.670242367723497878e+00
3.847939629856713850e+01
9.692489780983158427e-12
2.220446049250313081e-16
1.105181979216780537e-14
4.000808085047258800e+01
8.990745484862797461e-09
1.402201663231251416e+01
1.648463153463544484e-09
2.220446049250313081e-16
5.428729078540022179e+00
2.220446049250313081e-16
1.586682248669545031e-15
3.502584344608911238e+01
2.220446049250313081e-16
3.962430521656944649e+01
3.707600370075806495e+01
1.844913520559152099e-03
1.477712302291040887e-15
6.677480849876994924e-14
6.203589384087605297e-14
2.438496164058695115e+01
5.005374688945184225e+00
3.810395273382636816e+01
1.049179523713411397e-14
4.016709136961599569e+01
5.089561790323135604e+00
5.173194843814776789e+00
2.220446049250313081e-16
7.711893025650223832e-02
4.895028982037036513e+00
3.380831365605784899e+00
3.782711328085725455e+01
6.991300445733976687e-01
2.220446049250313081e-16
3.609355699386533445e+01
5.224152261257815510e+00
1.046802023522098783e-08
2.295680868907398420e+00
6.996896511479747671e-01
2.335110341198187538e-04
7.424960546358082660e-14
5.056856191095494779e+00
2.220446049250313081e-16
3.733141996949843389e+01
6.671909201658181576e-01
1.070222050746104792e+01
5.444838196849125289e+00
1.433187965253141839e-04
4.820849892407237380e-01
3.830348007498115948e+01
3.674372621112812709e+01
2.395279197623202737e-04
3.836213574539568327e+01
3.479935834990107267e-11
3.532013338745192499e+01
3.817694815412168197e+01
1.209035591325396825e-08
7.638446550703603677e-02
2.354515448214349212e-04
3.596350568401069125e+01
7.658561844911406791e-01
4.766894360160945496e-06
3.985506408144837565e+01
3.941726640068671372e+01
5.400561667154234691e+00
3.978993002070797047e+01
4.670804354823732574e+00
4.911946684254666255e-06
1.290727408269548744e-02
2.220446049250313081e-16
2.156353534975681769e-04
4.615474015286781473e+00
3.971142684602398097e-07
3.650452481075593170e+01
2.919218332584309578e-12
1.102010757745345475e-03
4.732984405336101652e+00
4.005109634578854690e-06
3.214002851754677053e-05
3.943351067461549064e+01
3.717896334342697884e+01
1.210677758761938297e-14
4.087655792331199223e+01
5.444858861671754369e+00
3.727417778739044252e+01
2.218641796362051366e+01
3.930873877918507020e+01
4.625810696906523120e-06
3.947799684849954360e+01
1.896765178301738192e-04
2.923990545320861223e+00
4.071526928278962032e+01
3.976178621752814024e+01
3.962394087201646187e+01
7.255498419679755617e-01
7.115625748984945043e-01
5.263633066775807556e+00
3.260008535671636309e+01
3.759150375521852538e+01
4.835189835979776739e-07
5.084869846380851932e+00
3.242457840483226761e+01
1.210656058777623970e-14
3.910287116690723508e+01
1.236147360519375404e-02
1.246815744149542236e-02
5.851046224098015447e-01
5.164366000150941716e+00
6.507048855822112898e-01
3.311543710754939696e+01
3.482686434178856416e+01
5.160394195358265712e+00
6.118499461529457762e-13
3.341762178508729875e+01
3.553654805050632604e+01
3.150889062065960644e+00
3.912245021314667781e+01
1.761009052532268478e-03
4.969260768766358360e+00
3.558061686727197952e-05
3.338022940674804317e+01
3.847109613111877024e+01
2.038458109213581082e+01
3.899648707128891090e+01
3.627553034767991136e+01
3.296031662052448041e+01
7.465642525330567330e-14
3.358828160897297010e+01
3.628915644466644608e+01
3.479245440359289177e+01
3.396525407753715277e-06
6.401727565511380670e-07
3.930936722801237693e+01
3.617082795850633659e+01
9.658743550065670099e-15
6.409506826295883197e-01
3.605783056985747237e+01
3.557436812556711203e+01
4.439934930760041661e-13
3.813896228691643842e+01
5.070445417113186970e+00
5.320001521571201764e+00
4.131875258174937926e+01
2.914373167562252931e+01
5.423542470775087665e+00
5.210175301310930429e+00
1.261356264101671271e-08
3.542197919631828995e+01
3.068676221098363399e+01
3.507339037200069498e+01
1.476714924825065350e-15
1.102537459118431429e-03
3.712009623162450822e+01
3.650618546539872256e+01
5.630027503422355695e-01
3.481898505192170035e+01
3.416639193516870421e+01
3.714660606656738651e+01
1.557240458056673457e-15
4.750106009338054112e-16
3.597538946228498702e+01
4.726812045635973166e-16
9.320908698853851149e-02
3.784285061413272189e+01
3.864333216107236524e+01
1.741484291890714247e-03
3.887020687777557981e+01
3.502041085146104238e-02
3.799812014128171711e+01
1.800921872291110090e-04
4.042982428304234332e+01
3.831985448683622053e+01
3.596767096037780931e+01
3.744613460409815531e+01
5.611303128409637075e-01
2.066849497510187206e+01
1.099245496473313932e-02
3.435271216769023539e+01
4.600068921641070396e+00
5.335707074025378027e+00
1.776726304142473381e-11
3.888084424738525513e+01
3.896567576070942351e+01
3.967587957260511189e+01
2.848489458276966602e+01
2.220446049250313081e-16
1.376019771695909431e-05
2.220446049250313081e-16
3.790662684182817088e+01
3.909989307018557270e+01
3.163931110014539370e-05
3.918851863499271104e+01
3.677499671963009575e+01
3.801437919085594075e+01
3.649479080820186283e+01
3.177227182135743178e+01
5.920099235520703059e-16
3.696241003994892793e+01
3.613068266116861338e+01
3.362765191643286045e+01
2.412496845043414753e-06
1.903672652218144279e+01
2.220446049250313081e-16
3.029418324313790123e+01
8.711714967537128283e-04
3.282190027591723691e+01
3.901373354500211832e+01
3.831067061102279325e+01
