2.220446049250313081e-16
2.220446049250313081e-16
2.220446049250313081e-16
2.220446049250313081e-16
2.220446049250313081e-16
2.220446049250313081e-16
2.220446049250313081e-16
2.220446049250313081e-16
2.220446049250313081e-16
2.220446049250313081e-16
2.220446049250313081e-16
2.220446049250313081e-16
2.220446049250313081e-16
2.220446049250313081e-16
2.220446049250313081e-16
2.220446049250313081e-16
2.220446049250313081e-16
2.220446049250313081e-16
2.220446049250313081e-16
2.220446049250313081e-16
2.220446049250313081e-16
2.220446049250313081e-16
2.220446049250313081e-16
2.220446049250313081e-16
2.220446049250313081e-16
2.220446049250313081e-16
2.220446049250313081e-16
2.220446049250313081e-16
2.220446049250313081e-16
2.220446049250313081e-16
2.220446049250313081e-16
2.220446049250313081e-16
2.220446049250313081e-16
2.220446049250313081e-16
2.220446049250313081e-16
2.220446049250313081e-16
2.220446049250313081e-16
2.220446049250313081e-16
2.220446049250313081e-16
2.220446049250313081e-16
2.220446049250313081e-16
2.220446049250313081e-16
2.220446049250313081e-16
2.220446049250313081e-16
2.220446049250313081e-16
2.220446049250313081e-16
2.220446049250313081e-16
2.220446049250313081e-16
2.220446049250313081e-16
2.220446049250313081e-16
2.220446049250313081e-16
2.220446049250313081e-16
2.220446049250313081e-16
2.220446049250313081e-16
2.220446049250313081e-16
2.220446049250313081e-16
2.220446049250313081e-16
2.220446049250313081e-16
2.220446049250313081e-16
2.220446049250313081e-16
2.220446049250313081e-16
2.220446049250313081e-16
2.220446049250313081e-16
2.220446049250313081e-16
2.220446049250313081e-16
2.220446049250313081e-16
2.220446049250313081e-16
2.220446049250313081e-16
2.220446049250313081e-16
2.220446049250313081e-16
2.220446049250313081e-16
2.220446049250313081e-16
2.220446049250313081e-16
2.220446049250313081e-16
2.220446049250313081e-16
2.220446049250313081e-16
2.220446049250313081e-16
2.220446049250313081e-16
2.220446049250313081e-16
2.220446049250313081e-16
2.220446049250313081e-16
2.220446049250313081e-16
2.220446049250313081e-16
2.220446049250313081e-16
2.220446049250313081e-16
2.220446049250313081e-16
2.220446049250313081e-16
2.220446049250313081e-16
2.220446049250313081e-16
2.220446049250313081e-16
2.220446049250313081e-16
2.220446049250313081e-16
2.220446049250313081e-16
2.220446049250313081e-16
2.220446049250313081e-16
2.220446049250313081e-16
2.220446049250313081e-16
2.220446049250313081e-16
2.220446049250313081e-16
2.220446049250313081e-16
2.220446049250313081e-16
2.220446049250313081e-16
2.220446049250313081e-16
2.220446049250313081e-16
2.220446049250313081e-16
2.220446049250313081e-16
2.220446049250313081e-16
2.220446049250313081e-16
2.220446049250313081e-16
2.220446049250313081e-16
2.220446049250313081e-16
2.220446049250313081e-16
2.220446049250313081e-16
2.220446049250313081e-16
2.220446049250313081e-16
2.220446049250313081e-16
2.220446049250313081e-16
2.220446049250313081e-16
2.220446049250313081e-16
2.220446049250313081e-16
2.220446049250313081e-16
2.220446049250313081e-16
2.220446049250313081e-16
2.220446049250313081e-16
2.220446049250313081e-16
2.220446049250313081e-16
2.220446049250313081e-16
2.220446049250313081e-16
2.220446049250313081e-16
2.220446049250313081e-16
2.220446049250313081e-16
2.220446049250313081e-16
2.220446049250313081e-16
2.220446049250313081e-16
2.220446049250313081e-16
2.220446049250313081e-16
2.220446049250313081e-16
2.220446049250313081e-16
2.220446049250313081e-16
2.220446049250313081e-16
2.220446049250313081e-16
2.220446049250313081e-16
2.220446049250313081e-16
2.220446049250313081e-16
2.220446049250313081e-16
2.220446049250313081e-16
2.220446049250313081e-16
2.220446049250313081e-16
2.220446049250313081e-16
2.220446049250313081e-16
2.220446049250313081e-16
2.220446049250313081e-16
2.220446049250313081e-16
2.220446049250313081e-16
2.220446049250313081e-16
2.220446049250313081e-16
2.220446049250313081e-16
2.220446049250313081e-16
2.220446049250313081e-16
2.220446049250313081e-16
2.220446049250313081e-16
2.220446049250313081e-16
2.220446049250313081e-16
2.220446049250313081e-16
1.631918643491312933e-15
2.220446049250313081e-16
2.220446049250313081e-16
2.220446049250313081e-16
2.220446049250313081e-16
2.220446049250313081e-16
2.220446049250313081e-16
2.220446049250313081e-16
2.220446049250313081e-16
2.220446049250313081e-16
2.220446049250313081e-16
2.220446049250313081e-16
2.220446049250313081e-16
2.220446049250313081e-16
2.220446049250313081e-16
2.220446049250313081e-16
2.220446049250313081e-16
2.220446049250313081e-16
2.220446049250313081e-16
2.220446049250313081e-16
2.220446049250313081e-16
1.432504649526834185e-15
2.220446049250313081e-16
2.220446049250313081e-16
2.220446049250313081e-16
2.220446049250313081e-16
2.220446049250313081e-16
2.220446049250313081e-16
2.220446049250313081e-16
2.220446049250313081e-16
2.220446049250313081e-16
2.220446049250313081e-16
2.220446049250313081e-16
2.220446049250313081e-16
2.220446049250313081e-16
1.605102134507923753e-15
2.220446049250313081e-16
2.220446049250313081e-16
2.220446049250313081e-16
2.220446049250313081e-16
2.220446049250313081e-16
2.220446049250313081e-16
2.220446049250313081e-16
2.220446049250313081e-16
2.220446049250313081e-16
2.220446049250313081e-16
2.220446049250313081e-16
2.220446049250313081e-16
2.220446049250313081e-16
2.220446049250313081e-16
2.220446049250313081e-16
2.220446049250313081e-16
2.220446049250313081e-16
2.220446049250313081e-16
2.220446049250313081e-16
2.220446049250313081e-16
2.220446049250313081e-16
2.220446049250313081e-16
2.220446049250313081e-16
2.220446049250313081e-16
2.220446049250313081e-16
2.220446049250313081e-16
2.220446049250313081e-16
2.220446049250313081e-16
2.220446049250313081e-16
1.611136731451360476e-15
2.220446049250313081e-16
2.220446049250313081e-16
2.220446049250313081e-16
2.220446049250313081e-16
2.220446049250313081e-16
2.220446049250313081e-16
2.220446049250313081e-16
2.220446049250313081e-16
2.220446049250313081e-16
2.220446049250313081e-16
2.220446049250313081e-16
1.608883793006364620e-15
2.220446049250313081e-16
2.220446049250313081e-16
2.220446049250313081e-16
2.220446049250313081e-16
2.220446049250313081e-16
2.220446049250313081e-16
2.220446049250313081e-16
2.220446049250313081e-16
2.220446049250313081e-16
2.220446049250313081e-16
1.171040152716438904e-14
2.220446049250313081e-16
2.220446049250313081e-16
2.220446049250313081e-16
2.220446049250313081e-16
2.220446049250313081e-16
2.220446049250313081e-16
2.220446049250313081e-16
2.220446049250313081e-16
2.220446049250313081e-16
2.220446049250313081e-16
2.220446049250313081e-16
2.220446049250313081e-16
2.220446049250313081e-16
2.220446049250313081e-16
2.220446049250313081e-16
2.220446049250313081e-16
2.220446049250313081e-16
2.220446049250313081e-16
2.220446049250313081e-16
2.220446049250313081e-16
2.220446049250313081e-16
2.220446049250313081e-16
2.220446049250313081e-16
2.220446049250313081e-16
2.220446049250313081e-16
2.220446049250313081e-16
2.220446049250313081e-16
2.220446049250313081e-16
2.220446049250313081e-16
2.220446049250313081e-16
2.220446049250313081e-16
2.220446049250313081e-16
2.220446049250313081e-16
2.220446049250313081e-16
2.220446049250313081e-16
2.220446049250313081e-16
2.220446049250313081e-16
1.615557616399558366e-15
2.220446049250313081e-16
2.220446049250313081e-16
2.220446049250313081e-16
1.616186620443337616e-15
2.220446049250313081e-16
2.220446049250313081e-16
1.173293125899918489e-14
2.220446049250313081e-16
2.220446049250313081e-16
2.220446049250313081e-16
2.220446049250313081e-16
2.220446049250313081e-16
1.586220607163869776e-15
2.220446049250313081e-16
2.220446049250313081e-16
2.220446049250313081e-16
2.220446049250313081e-16
2.220446049250313081e-16
2.220446049250313081e-16
2.220446049250313081e-16
2.220446049250313081e-16
1.606267272884077309e-15
2.220446049250313081e-16
2.220446049250313081e-16
1.568879761888662981e-15
2.220446049250313081e-16
2.220446049250313081e-16
2.220446049250313081e-16
2.220446049250313081e-16
2.220446049250313081e-16
2.220446049250313081e-16
2.220446049250313081e-16
2.220446049250313081e-16
2.220446049250313081e-16
2.220446049250313081e-16
1.617548844009633290e-15
1.621513540598444623e-15
2.220446049250313081e-16
2.220446049250313081e-16
2.220446049250313081e-16
2.220446049250313081e-16
2.220446049250313081e-16
1.601408799247440642e-15
2.220446049250313081e-16
2.220446049250313081e-16
2.220446049250313081e-16
2.220446049250313081e-16
2.220446049250313081e-16
2.220446049250313081e-16
2.220446049250313081e-16
2.220446049250313081e-16
2.220446049250313081e-16
2.220446049250313081e-16
2.220446049250313081e-16
2.220446049250313081e-16
2.220446049250313081e-16
2.220446049250313081e-16
2.220446049250313081e-16
2.220446049250313081e-16
2.220446049250313081e-16
2.220446049250313081e-16
1.189618757912606694e-14
2.220446049250313081e-16
1.602926781258529543e-15
1.640276978085590238e-15
2.220446049250313081e-16
1.586015877431388859e-15
2.220446049250313081e-16
2.220446049250313081e-16
2.220446049250313081e-16
2.220446049250313081e-16
2.220446049250313081e-16
1.602448283391001580e-15
2.220446049250313081e-16
2.220446049250313081e-16
2.220446049250313081e-16
1.635159544834134710e-15
2.220446049250313081e-16
1.631060068050936620e-15
2.220446049250313081e-16
1.603419728162460322e-15
2.220446049250313081e-16
2.220446049250313081e-16
2.220446049250313081e-16
2.220446049250313081e-16
2.220446049250313081e-16
2.220446049250313081e-16
2.220446049250313081e-16
2.220446049250313081e-16
2.220446049250313081e-16
2.220446049250313081e-16
2.220446049250313081e-16
2.220446049250313081e-16
2.220446049250313081e-16
1.635804148997793752e-15
1.640092792849573142e-15
2.220446049250313081e-16
2.220446049250313081e-16
2.220446049250313081e-16
2.220446049250313081e-16
2.220446049250313081e-16
2.220446049250313081e-16
3.303803165485475783e-11
2.220446049250313081e-16
2.220446049250313081e-16
2.220446049250313081e-16
1.541239429844749490e-15
2.220446049250313081e-16
9.050427044127609968e-14
2.220446049250313081e-16
6.345423598402403131e-13
2.220446049250313081e-16
2.220446049250313081e-16
1.514622870520032317e-15
1.175062264805280448e-14
2.220446049250313081e-16
2.220446049250313081e-16
2.220446049250313081e-16
2.220446049250313081e-16
1.633870755160356415e-15
2.220446049250313081e-16
1.588413274342523199e-15
1.619140315857635041e-15
2.220446049250313081e-16
1.308159477556189260e-08
2.220446049250313081e-16
2.220446049250313081e-16
2.220446049250313081e-16
2.220446049250313081e-16
2.220446049250313081e-16
2.220446049250313081e-16
2.220446049250313081e-16
2.220446049250313081e-16
2.220446049250313081e-16
1.183041174684797073e-14
2.220446049250313081e-16
2.220446049250313081e-16
1.442850099498202372e-15
2.220446049250313081e-16
1.211125662046260314e-14
2.220446049250313081e-16
3.174312834674924777e-11
1.632508690838106745e-15
2.220446049250313081e-16
2.220446049250313081e-16
2.220446049250313081e-16
2.220446049250313081e-16
2.220446049250313081e-16
2.220446049250313081e-16
2.220446049250313081e-16
2.220446049250313081e-16
2.220446049250313081e-16
1.161264525408005244e-14
2.220446049250313081e-16
2.220446049250313081e-16
2.220446049250313081e-16
2.220446049250313081e-16
2.220446049250313081e-16
2.220446049250313081e-16
2.220446049250313081e-16
2.220446049250313081e-16
2.220446049250313081e-16
2.220446049250313081e-16
2.220446049250313081e-16
2.220446049250313081e-16
1.417589171051588641e-15
2.220446049250313081e-16
2.220446049250313081e-16
1.629995342040122601e-15
2.220446049250313081e-16
2.220446049250313081e-16
2.220446049250313081e-16
2.220446049250313081e-16
2.868672894004690110e-11
2.220446049250313081e-16
1.189011132020019949e-14
2.220446049250313081e-16
2.220446049250313081e-16
2.220446049250313081e-16
1.518636226355366229e-15
2.220446049250313081e-16
2.220446049250313081e-16
1.177154163321965224e-14
2.220446049250313081e-16
2.220446049250313081e-16
1.126537420660922843e-14
9.521286090150481754e-08
2.220446049250313081e-16
2.220446049250313081e-16
7.730999621671610918e-14
1.206641432600177326e-14
2.220446049250313081e-16
1.614435584683790891e-15
2.220446049250313081e-16
3.122000631955051420e-11
2.220446049250313081e-16
2.220446049250313081e-16
2.220446049250313081e-16
1.639210480813304331e-15
2.220446049250313081e-16
8.424705416393796307e-14
1.170341794225794547e-14
2.220446049250313081e-16
1.614531288099888873e-15
2.220446049250313081e-16
1.880376448696609824e-03
6.188973115335378858e-13
8.455754757889818024e-14
1.618834029573568796e-15
8.327431599286647654e-14
2.220446049250313081e-16
2.220446049250313081e-16
2.220446049250313081e-16
2.220446049250313081e-16
1.193095336531196818e-14
2.220446049250313081e-16
2.220446049250313081e-16
1.063116333422795678e-14
3.513435695673253651e-05
1.553310685764540585e-15
2.220446049250313081e-16
1.322984210123508419e-08
1.568168357436422248e-15
2.220446049250313081e-16
1.189680950916349528e-14
2.220446049250313081e-16
1.637370969599586080e-15
2.220446049250313081e-16
2.220446049250313081e-16
2.220446049250313081e-16
1.572177704051836976e-15
5.955087112195981410e-13
5.352421370105884440e-13
2.220446049250313081e-16
1.169178164322144736e-14
6.237763660701570774e-13
2.625720697684046285e-04
1.234996682485736169e-15
2.220446049250313081e-16
2.220446049250313081e-16
1.018113615503267019e-14
8.141534492612044404e-14
2.220446049250313081e-16
2.220446049250313081e-16
2.220446049250313081e-16
8.315813147902906796e-14
2.220446049250313081e-16
4.452905099589274791e-12
4.991672481652778239e-06
1.630793075213965956e-15
2.575539460531726423e-04
2.220446049250313081e-16
2.220446049250313081e-16
2.220446049250313081e-16
6.494221487624630181e-07
2.220446049250313081e-16
8.686402851288989786e-14
6.400755055070970617e-13
1.507225463862479010e-15
5.911748822996690590e-13
4.861472171362440467e-13
1.537865700739643938e-15
2.220446049250313081e-16
1.126130478498969128e-14
1.564640170973520314e-15
2.220446049250313081e-16
2.220446049250313081e-16
9.141615629241289787e-02
2.220446049250313081e-16
9.488992740208706737e-08
1.473464949231997347e-15
2.220446049250313081e-16
9.383385769645673224e-02
2.220446049250313081e-16
5.177698862574261124e-06
6.147087181286788940e-13
4.890505480761437294e-06
2.220446049250313081e-16
6.225924647306071108e-13
2.220446049250313081e-16
4.547601622094070744e-12
5.963362856830568285e-13
2.328665558408657483e-10
6.345153803961687606e-07
7.983476587850205346e-14
4.957090255557149661e+00
2.220446049250313081e-16
6.458716182844907246e-07
2.443478151151823415e-10
2.220446049250313081e-16
3.033686435555367355e-14
1.521928971272430520e-15
5.131844994686888760e-06
5.825327642278607685e-13
2.056225119928228244e-10
1.605437015663291266e-15
1.197678064172156312e-14
1.892494883864957560e-03
9.989652147536209892e-02
2.220446049250313081e-16
1.381532179334052542e-02
2.220446049250313081e-16
1.203700455609951169e-14
3.534752995308061094e-05
2.220446049250313081e-16
2.220446049250313081e-16
5.682528448753416133e-13
4.350946711207683647e-12
4.886666885905617338e-06
4.243108106141942665e-12
2.220446049250313081e-16
1.635056011368088845e-15
1.205687147778208800e-08
4.749280282943299769e-06
2.220446049250313081e-16
2.220446049250313081e-16
5.298200196142047957e+00
2.691606906442128313e-04
1.557954838219123944e-15
2.220446049250313081e-16
2.220446049250313081e-16
5.343659342270971280e+00
7.096302829715681776e-07
4.912301498670924311e-07
2.419489377990745945e-10
5.355795277721420611e+00
1.636481951938916334e-15
6.385771264130982754e-13
2.220446049250313081e-16
4.535927463271120334e-12
7.474136744101376708e-14
1.718791177826297874e-09
1.241460591543939969e-08
2.220446049250313081e-16
2.420423371572249302e-10
3.759809268122209147e+01
5.086600458001347100e-06
8.842412251185269669e-08
2.220446049250313081e-16
1.565285463620231857e-15
4.203136208657184625e+01
2.220446049250313081e-16
7.287616000726976351e-01
1.301581518571740675e-02
4.827498615738321952e+00
6.977362879641170714e-07
1.495756625532043183e-15
1.160997533552946552e-14
3.199042664911762116e-11
7.223818123984085959e-01
8.084492709986494597e-14
1.644573781137810892e-15
3.799537078500352181e-05
1.262014997171935190e-03
2.220446049250313081e-16
1.511966383933061931e-15
2.574056537412497663e-04
1.251191074898030002e-08
1.759879482161218923e-09
5.187439739219024906e-13
2.359270297831613493e-04
3.970744656265084416e+01
4.239347904324581682e-06
8.826302450210966877e-02
7.539477283020987741e-01
1.636619794257701408e-15
5.574346889684778539e+00
1.501524271973798627e-15
9.626707571960843590e-02
3.496338960391778577e-11
5.241233073205089354e+00
7.435053104559139481e-01
2.220446049250313081e-16
9.010426543687344781e-08
3.697159604991261507e-05
9.098697418516202284e-02
2.220446049250313081e-16
1.644382056181650659e-15
3.486493577424075596e+01
1.258655298390144758e-08
5.207145532467565729e+00
7.457205689109719371e-01
1.482566252547662614e-15
2.220446049250313081e-16
5.707343841382016811e-08
2.220446049250313081e-16
5.963931198268635499e-14
7.133628051696023764e-01
2.220446049250313081e-16
2.076423377524892452e-10
1.642640549933443317e-15
1.080615846281428725e-14
9.732737266033918144e-02
2.220446049250313081e-16
1.154190511267165566e-14
1.568743221574271470e-15
1.442292081109277160e-02
1.646160175619787186e-15
2.220446049250313081e-16
5.194427680649243761e+00
3.668405548321688769e+01
1.170006297876298219e-14
4.937773799166398803e+00
1.629921623927402561e-15
6.819993335684386704e-01
2.220446049250313081e-16
2.220446049250313081e-16
1.706528273180142235e-09
3.909501226972978571e+01
5.462916175946578080e-13
1.367056918310169232e-09
8.345702028595356971e-14
5.477655510893069527e-13
2.565101299532934016e-04
6.092021582059407569e-13
1.299236653085638870e-08
1.188539355184671126e-08
2.220446049250313081e-16
2.220446049250313081e-16
9.349993885402059501e-02
3.146477038607479048e-11
3.295769756582200984e-05
2.220446049250313081e-16
1.200989312438027425e-14
1.011703994045625998e-01
5.850798356997286123e-13
5.310840997925637907e+00
2.653322657383847612e-04
4.001860004406253973e-02
1.195565913115301257e-14
8.876520680995939437e-08
5.098940070477463671e+00
1.635141343197932790e-15
8.670189693293082333e-14
7.370102667505524785e-01
3.324944026681005153e-12
4.830397784119974780e+00
2.569809655702352271e-04
5.068645728371328651e+00
2.220446049250313081e-16
5.151815240998399048e+00
5.227112399974195078e+00
2.220446049250313081e-16
7.197858291093297556e-01
7.310528331570520510e-01
2.220446049250313081e-16
5.331010843264813559e+00
1.864313557764928552e-10
5.130780160640149745e+00
3.613963012921309570e+01
1.189395896269823227e+00
9.080987584975346028e-02
2.240813523645145990e-04
9.974344691335489423e-09
7.792933596580330080e-02
2.220446049250313081e-16
1.395884281599564340e-02
1.383425433325242114e-02
2.220446049250313081e-16
2.847977238861874838e+01
5.229365754700022961e+00
6.028593890871996042e-01
2.323943587844883037e-08
1.966586200231526860e+01
7.340524446183881662e-14
4.474797025798345946e-06
1.046734897066972809e-14
1.240330202159918051e-02
2.220446049250313081e-16
2.707787302704964465e-11
2.220446049250313081e-16
2.220446049250313081e-16
2.220446049250313081e-16
3.551005947345014862e-05
3.964317892384396913e+01
7.347608801396640077e-01
2.220446049250313081e-16
2.220446049250313081e-16
8.721057263084182481e-08
2.220446049250313081e-16
5.851463912099259979e+00
4.423889246575517112e-12
8.567901374415435450e-14
1.092778316423793216e-08
2.314867268534481022e-04
2.357354433671391950e-10
2.648763896162732242e-06
3.793981959544872495e+01
5.103852931694514261e+00
4.351796029120102105e+01
8.179566025196002859e-14
7.457972904299615957e-02
6.770429391818065801e-01
4.030069775411741517e+01
3.013911387695838102e-11
3.654741855517913507e+01
3.556778093555671344e-05
5.798662840621084100e-07
4.156485910975181497e+01
5.004431291256707738e-06
2.220446049250313081e-16
3.601379848014483542e+01
1.028612565293135324e-14
2.642520895582611384e+00
2.220446049250313081e-16
3.428834814509099723e-05
9.516550802630112273e-08
4.103525148258610500e+01
3.380209247883533408e+01
1.094950077213644943e-02
7.741206872517640577e-14
8.675670177706387697e-15
5.486528769704873472e-07
3.814895532326031002e+01
3.228633327540781169e-06
3.251067302675378060e-11
3.562728205583141516e+01
3.696676455625396329e+01
3.118373059005526216e+01
5.051848270874221392e+00
3.761503638427446816e+01
6.961925739464660534e-01
5.311804558887700090e+00
7.900375218681889546e-14
2.220446049250313081e-16
3.922252459902936295e+01
9.762456108750235285e-08
1.471536600117187318e-09
3.986296746403679947e+01
7.527207315287127720e-01
2.788385518948495933e-04
8.579999816718071604e-02
1.942323493516257056e-10
1.023172781340953484e-14
1.432508173864911015e-15
1.649170756062956400e+01
4.612941360362082577e+00
3.646071468567325269e+01
5.981830236788564598e-13
5.308894554497030072e+00
7.829356527893539530e-01
3.869679328670885354e+01
1.057399280564441542e-07
1.646370651022325719e-15
2.220446049250313081e-16
3.021007405979359106e+01
5.733292940048747788e+00
1.703926529073961863e-03
2.563994691779593715e+00
2.220446049250313081e-16
3.564091946830948388e+01
3.608505931321573712e+01
8.091472141052574174e-08
4.154408488384637366e+01
2.220446049250313081e-16
3.986734035931487341e+01
2.502968602863510036e-04
2.329224411662822458e+00
3.781099283717131243e+01
7.642022048437873834e-09
7.729089040486707418e-01
3.330057127855001653e+01
2.184894440047182940e+01
5.146205294044210454e+00
9.778463037314968909e-02
3.725025846456476586e+01
3.837366008872567136e+01
3.722890813106229047e+01
8.663171427677786900e-14
4.388014210966603201e+01
1.510264259448166389e-15
1.740859782691141482e-03
2.481176982997899296e-05
2.846781451421609077e+01
3.876094720330306842e+01
3.809735546569842768e+01
4.079488451854489739e+01
4.976847202586387020e+00
2.220446049250313081e-16
3.163347529126835767e+01
3.865101342742768509e+01
3.542201242695237387e-12
3.906170994908305971e+01
3.998138345873478983e+01
5.256204987453839017e+00
5.358058480826113357e-01
3.650679763480267326e+01
4.984966649615619083e+00
4.865637583836806837e-06
1.729364074982536892e-10
9.483272779963682064e-02
3.898199054277783659e+01
4.103653935861074586e+01
5.011308144396210196e+00
1.955548236010714105e-03
1.711026944087566817e-09
3.769123433443385807e+01
5.459632043001201751e+00
2.220446049250313081e-16
1.371262656097711578e-03
3.647866042488929850e+01
3.851622288823094209e+01
2.717702131518564101e+01
3.558369446202216579e+01
3.678992050361492971e+01
1.288297862889500541e-08
1.398445666720139237e-02
1.887391616794407848e-03
1.359566980093372852e-02
1.646370651022326114e-15
3.387890517648814637e+01
4.902897645315093200e+00
3.719306318049588356e+01
2.559738927806508713e+01
3.815998302853719792e+01
5.029207324623608422e+00
3.689240548984465408e-12
9.476983766852593860e-02
3.904514963323652665e+01
3.435892427798539472e+01
4.801382436334844073e+00
1.301684565654931056e-02
4.067290523563443827e+01
3.877999717608720687e+01
7.925243288057766659e-12
3.502424872849669056e-05
3.904811459825839393e+01
3.972908030225545417e+01
3.853398854110432836e+01
5.064499340521998683e+00
5.559607316731582038e+00
3.734927908893380533e+01
9.514539586456867787e-15
9.294531134307570810e-15
1.233979824268675168e-02
3.799098329935732465e+01
3.581830183050265504e+01
5.352026796164840228e+00
2.220446049250313081e-16
3.614480497121174807e+01
9.118746329938653972e-02
3.752379913540622880e+01
3.801806388250856372e+01
2.220446049250313081e-16
2.220446049250313081e-16
3.686880352362546631e+01
1.595020602200328774e+01
7.448656256737044012e-01
5.854377969387535963e+00
5.140242346253693917e+00
3.412127063580022983e-15
3.684795038157342617e+01
4.066510348518939821e+01
6.474989158785247056e-01
3.348354951056634832e+01
5.879744083174618385e-01
3.444186405587734612e+01
3.880619917253896034e+01
2.316344502211806766e+00
3.733708005751731207e+01
5.635503447657721487e+00
1.064011773066879385e-01
5.257737574710365180e+00
3.738293564681836045e+01
4.969795216932531450e-06
3.861021972844998373e+01
3.866370334843308143e+01
8.541828622256285586e-01
1.353302298340826424e-10
3.028216010874982800e+01
1.825213634485281814e-03
5.265450452813370027e-07
4.083781622416356072e+01
3.650857391312440825e+01
3.643699141770983374e+01
8.552906516952547381e-08
3.031962143107586627e+01
4.771879215877255831e+00
5.123753300595225824e+00
1.432658240729432380e-09
3.543059954475713091e+00
2.799106667461835585e+01
2.704860698805295272e+01
3.467109868254703287e+01
7.476722305126179968e-01
3.445972764918894171e+01
3.482635198761685302e+01
3.251657048978830744e+01
4.023491198957987791e+01
4.017175459229650869e+01
3.786749744289431341e+00
3.840697905095095166e+01
3.595875097309043156e+01
3.642215016191202182e+01
2.220446049250313081e-16
4.893844218543984326e+00
3.986042260486352262e+01
3.856202531644716824e+00
1.842207400102367394e-06
5.212197531790758731e+00
3.764515213642956581e+01
1.216613104567911631e-14
3.891001014304141156e-12
3.974826895725312426e+01
4.194711138796910888e+01
3.770238632653461508e+01
3.932100816209641891e+01
5.509382099934247989e+00
3.492176663259363778e+01
3.588865113083075897e+01
