2.220446049250313081e-16
2.220446049250313081e-16
2.220446049250313081e-16
2.220446049250313081e-16
2.220446049250313081e-16
2.220446049250313081e-16
2.220446049250313081e-16
2.220446049250313081e-16
2.220446049250313081e-16
2.220446049250313081e-16
2.220446049250313081e-16
2.220446049250313081e-16
2.220446049250313081e-16
2.220446049250313081e-16
2.220446049250313081e-16
2.220446049250313081e-16
2.220446049250313081e-16
2.220446049250313081e-16
2.220446049250313081e-16
2.220446049250313081e-16
2.220446049250313081e-16
2.220446049250313081e-16
2.220446049250313081e-16
2.220446049250313081e-16
2.220446049250313081e-16
2.220446049250313081e-16
2.220446049250313081e-16
2.220446049250313081e-16
2.220446049250313081e-16
2.220446049250313081e-16
2.220446049250313081e-16
2.220446049250313081e-16
2.220446049250313081e-16
2.220446049250313081e-16
2.220446049250313081e-16
2.220446049250313081e-16
2.220446049250313081e-16
2.220446049250313081e-16
2.220446049250313081e-16
2.220446049250313081e-16
2.220446049250313081e-16
2.220446049250313081e-16
2.220446049250313081e-16
2.220446049250313081e-16
2.220446049250313081e-16
2.220446049250313081e-16
2.220446049250313081e-16
2.220446049250313081e-16
2.220446049250313081e-16
2.220446049250313081e-16
2.220446049250313081e-16
2.220446049250313081e-16
2.220446049250313081e-16
2.220446049250313081e-16
2.220446049250313081e-16
2.220446049250313081e-16
2.220446049250313081e-16
2.220446049250313081e-16
2.220446049250313081e-16
2.220446049250313081e-16
2.220446049250313081e-16
2.220446049250313081e-16
2.220446049250313081e-16
2.220446049250313081e-16
2.220446049250313081e-16
2.220446049250313081e-16
2.220446049250313081e-16
2.220446049250313081e-16
2.220446049250313081e-16
2.220446049250313081e-16
2.220446049250313081e-16
2.220446049250313081e-16
2.220446049250313081e-16
2.220446049250313081e-16
2.220446049250313081e-16
2.220446049250313081e-16
2.220446049250313081e-16
2.220446049250313081e-16
2.220446049250313081e-16
2.220446049250313081e-16
2.220446049250313081e-16
2.220446049250313081e-16
2.220446049250313081e-16
2.220446049250313081e-16
2.220446049250313081e-16
2.220446049250313081e-16
2.220446049250313081e-16
2.220446049250313081e-16
2.220446049250313081e-16
2.220446049250313081e-16
2.220446049250313081e-16
2.220446049250313081e-16
2.220446049250313081e-16
2.220446049250313081e-16
2.220446049250313081e-16
2.220446049250313081e-16
2.220446049250313081e-16
2.220446049250313081e-16
2.220446049250313081e-16
2.220446049250313081e-16
2.220446049250313081e-16
2.220446049250313081e-16
2.220446049250313081e-16
2.220446049250313081e-16
2.220446049250313081e-16
2.220446049250313081e-16
2.220446049250313081e-16
2.220446049250313081e-16
2.220446049250313081e-16
2.220446049250313081e-16
2.220446049250313081e-16
2.220446049250313081e-16
2.220446049250313081e-16
2.220446049250313081e-16
2.220446049250313081e-16
2.220446049250313081e-16
2.220446049250313081e-16
2.220446049250313081e-16
2.220446049250313081e-16
2.220446049250313081e-16
2.220446049250313081e-16
2.220446049250313081e-16
2.220446049250313081e-16
2.220446049250313081e-16
2.220446049250313081e-16
2.220446049250313081e-16
2.220446049250313081e-16
2.220446049250313081e-16
2.220446049250313081e-16
2.220446049250313081e-16
2.220446049250313081e-16
2.220446049250313081e-16
2.220446049250313081e-16
2.220446049250313081e-16
2.220446049250313081e-16
2.220446049250313081e-16
2.220446049250313081e-16
2.220446049250313081e-16
2.220446049250313081e-16
2.220446049250313081e-16
2.220446049250313081e-16
2.220446049250313081e-16
2.220446049250313081e-16
2.220446049250313081e-16
2.220446049250313081e-16
2.220446049250313081e-16
1.636208829515518147e-15
2.220446049250313081e-16
2.220446049250313081e-16
2.220446049250313081e-16
2.220446049250313081e-16
2.220446049250313081e-16
2.220446049250313081e-16
2.220446049250313081e-16
2.220446049250313081e-16
2.220446049250313081e-16
2.220446049250313081e-16
2.220446049250313081e-16
2.220446049250313081e-16
2.220446049250313081e-16
2.220446049250313081e-16
2.220446049250313081e-16
2.220446049250313081e-16
2.220446049250313081e-16
2.220446049250313081e-16
2.220446049250313081e-16
2.220446049250313081e-16
2.220446049250313081e-16
2.220446049250313081e-16
2.220446049250313081e-16
2.220446049250313081e-16
2.220446049250313081e-16
2.220446049250313081e-16
2.220446049250313081e-16
2.220446049250313081e-16
2.220446049250313081e-16
2.220446049250313081e-16
2.220446049250313081e-16
2.220446049250313081e-16
2.220446049250313081e-16
2.220446049250313081e-16
2.220446049250313081e-16
2.220446049250313081e-16
2.220446049250313081e-16
2.220446049250313081e-16
2.220446049250313081e-16
2.220446049250313081e-16
2.220446049250313081e-16
2.220446049250313081e-16
2.220446049250313081e-16
1.634777968157876550e-15
2.220446049250313081e-16
2.220446049250313081e-16
2.220446049250313081e-16
2.220446049250313081e-16
2.220446049250313081e-16
2.220446049250313081e-16
2.220446049250313081e-16
2.220446049250313081e-16
1.614195232659424401e-15
2.220446049250313081e-16
2.220446049250313081e-16
2.220446049250313081e-16
2.220446049250313081e-16
2.220446049250313081e-16
2.220446049250313081e-16
2.220446049250313081e-16
2.220446049250313081e-16
2.220446049250313081e-16
2.220446049250313081e-16
2.220446049250313081e-16
2.220446049250313081e-16
2.220446049250313081e-16
2.220446049250313081e-16
2.220446049250313081e-16
2.220446049250313081e-16
2.220446049250313081e-16
2.220446049250313081e-16
2.220446049250313081e-16
2.220446049250313081e-16
2.220446049250313081e-16
2.220446049250313081e-16
2.220446049250313081e-16
2.220446049250313081e-16
2.220446049250313081e-16
2.220446049250313081e-16
2.220446049250313081e-16
2.220446049250313081e-16
2.220446049250313081e-16
1.585822900489444085e-15
2.220446049250313081e-16
2.220446049250313081e-16
2.220446049250313081e-16
2.220446049250313081e-16
2.220446049250313081e-16
2.220446049250313081e-16
2.220446049250313081e-16
2.220446049250313081e-16
2.220446049250313081e-16
2.220446049250313081e-16
2.220446049250313081e-16
2.220446049250313081e-16
2.220446049250313081e-16
2.220446049250313081e-16
2.220446049250313081e-16
2.220446049250313081e-16
2.220446049250313081e-16
2.220446049250313081e-16
2.220446049250313081e-16
2.220446049250313081e-16
2.220446049250313081e-16
2.220446049250313081e-16
2.220446049250313081e-16
2.220446049250313081e-16
2.220446049250313081e-16
2.220446049250313081e-16
1.558769033851970982e-15
2.220446049250313081e-16
2.220446049250313081e-16
2.220446049250313081e-16
2.220446049250313081e-16
2.220446049250313081e-16
2.220446049250313081e-16
2.220446049250313081e-16
2.220446049250313081e-16
1.571821060137532156e-15
2.220446049250313081e-16
2.220446049250313081e-16
2.220446049250313081e-16
2.220446049250313081e-16
2.220446049250313081e-16
2.220446049250313081e-16
2.220446049250313081e-16
2.220446049250313081e-16
2.220446049250313081e-16
2.220446049250313081e-16
1.645145998553933208e-15
2.220446049250313081e-16
2.220446049250313081e-16
2.220446049250313081e-16
2.220446049250313081e-16
1.601869918253233136e-15
2.220446049250313081e-16
1.606627751037311117e-15
1.608867834077163145e-15
2.220446049250313081e-16
2.220446049250313081e-16
2.220446049250313081e-16
2.220446049250313081e-16
2.220446049250313081e-16
2.220446049250313081e-16
2.220446049250313081e-16
2.220446049250313081e-16
1.468070675077190717e-15
2.220446049250313081e-16
2.220446049250313081e-16
2.220446049250313081e-16
1.637279466759808805e-15
2.220446049250313081e-16
2.220446049250313081e-16
2.220446049250313081e-16
2.220446049250313081e-16
2.220446049250313081e-16
2.220446049250313081e-16
2.220446049250313081e-16
2.220446049250313081e-16
2.220446049250313081e-16
2.220446049250313081e-16
2.220446049250313081e-16
2.220446049250313081e-16
1.635656231848635899e-15
2.220446049250313081e-16
2.220446049250313081e-16
2.220446049250313081e-16
2.220446049250313081e-16
2.220446049250313081e-16
2.220446049250313081e-16
2.220446049250313081e-16
2.220446049250313081e-16
2.220446049250313081e-16
8.578319530979042386e-14
2.220446049250313081e-16
2.220446049250313081e-16
2.220446049250313081e-16
2.220446049250313081e-16
1.610017500787916378e-15
2.220446049250313081e-16
2.220446049250313081e-16
8.301103987441507940e-14
2.220446049250313081e-16
2.220446049250313081e-16
2.220446049250313081e-16
2.220446049250313081e-16
2.220446049250313081e-16
2.220446049250313081e-16
2.220446049250313081e-16
2.220446049250313081e-16
2.220446049250313081e-16
2.220446049250313081e-16
2.220446049250313081e-16
2.220446049250313081e-16
1.157284261785652691e-14
2.220446049250313081e-16
2.220446049250313081e-16
2.220446049250313081e-16
2.220446049250313081e-16
2.220446049250313081e-16
1.585561223011264351e-15
2.220446049250313081e-16
2.220446049250313081e-16
2.220446049250313081e-16
2.220446049250313081e-16
1.644710967122199603e-15
2.220446049250313081e-16
2.220446049250313081e-16
2.220446049250313081e-16
2.220446049250313081e-16
2.220446049250313081e-16
2.220446049250313081e-16
2.220446049250313081e-16
2.220446049250313081e-16
2.220446049250313081e-16
2.220446049250313081e-16
2.220446049250313081e-16
2.220446049250313081e-16
2.220446049250313081e-16
1.526388651477827156e-15
2.220446049250313081e-16
2.220446049250313081e-16
2.220446049250313081e-16
1.637944690284923041e-15
2.220446049250313081e-16
1.634624327379449564e-15
2.220446049250313081e-16
2.220446049250313081e-16
1.630487616829460963e-15
2.220446049250313081e-16
2.220446049250313081e-16
2.220446049250313081e-16
2.220446049250313081e-16
2.220446049250313081e-16
1.634917899397663612e-15
1.626812854268337408e-15
2.220446049250313081e-16
2.220446049250313081e-16
2.220446049250313081e-16
1.631016825505336609e-15
2.220446049250313081e-16
2.220446049250313081e-16
8.521872647125129674e-14
1.607301445771464000e-15
2.220446049250313081e-16
2.220446049250313081e-16
2.220446049250313081e-16
2.220446049250313081e-16
2.220446049250313081e-16
1.625613932292443087e-15
2.220446049250313081e-16
2.220446049250313081e-16
2.220446049250313081e-16
4.800075017057765810e-12
2.220446049250313081e-16
2.220446049250313081e-16
2.220446049250313081e-16
2.220446049250313081e-16
2.220446049250313081e-16
2.220446049250313081e-16
1.607033869434898995e-15
2.220446049250313081e-16
1.605660328173723780e-15
2.220446049250313081e-16
6.117685048962345873e-13
8.298456434986594772e-14
7.343978135706747163e-14
1.608874836344504124e-15
1.634918120332549731e-15
2.220446049250313081e-16
2.220446049250313081e-16
2.220446049250313081e-16
2.220446049250313081e-16
2.220446049250313081e-16
2.220446049250313081e-16
2.220446049250313081e-16
1.598027090722964185e-15
2.220446049250313081e-16
2.220446049250313081e-16
1.517391871638927407e-15
2.220446049250313081e-16
2.220446049250313081e-16
2.220446049250313081e-16
2.220446049250313081e-16
2.220446049250313081e-16
2.220446049250313081e-16
1.576870162503514467e-15
2.220446049250313081e-16
2.220446049250313081e-16
2.220446049250313081e-16
1.639608727214616418e-15
2.220446049250313081e-16
1.646106775365798183e-15
2.220446049250313081e-16
2.220446049250313081e-16
2.220446049250313081e-16
2.220446049250313081e-16
1.593021359314103341e-15
1.601253315175372586e-15
1.643991554379268658e-15
2.220446049250313081e-16
2.220446049250313081e-16
2.220446049250313081e-16
2.220446049250313081e-16
2.220446049250313081e-16
2.220446049250313081e-16
6.430852531851063294e-13
1.600266717744061009e-15
2.220446049250313081e-16
2.220446049250313081e-16
2.220446049250313081e-16
2.220446049250313081e-16
1.628926423443581849e-15
2.220446049250313081e-16
2.220446049250313081e-16
2.220446049250313081e-16
1.615660265039236620e-15
6.062894098676233111e-13
1.510459895821674476e-15
1.616924140887396630e-15
2.220446049250313081e-16
2.220446049250313081e-16
2.220446049250313081e-16
6.186244047520928009e-13
2.220446049250313081e-16
2.220446049250313081e-16
2.220446049250313081e-16
2.220446049250313081e-16
2.220446049250313081e-16
2.220446049250313081e-16
2.220446049250313081e-16
3.281791182737735757e-11
2.220446049250313081e-16
1.642611715915918165e-15
2.220446049250313081e-16
2.220446049250313081e-16
1.620322475456124125e-15
8.692118333794378857e-14
1.726140297116002213e-09
4.492527425100739704e-12
2.220446049250313081e-16
2.220446049250313081e-16
1.601417754545794901e-15
4.665945417809473369e-06
8.576697109133271859e-14
2.220446049250313081e-16
6.223604083399316125e-13
1.636073784968445650e-15
2.220446049250313081e-16
2.220446049250313081e-16
1.101899096562198786e-14
2.864941911467506941e-11
2.220446049250313081e-16
2.220446049250313081e-16
4.849750989289047996e-06
1.534614219165161650e-15
2.220446049250313081e-16
2.220446049250313081e-16
2.220446049250313081e-16
1.605744530158818713e-15
2.220446049250313081e-16
1.299444834350790132e-08
1.625243855381676006e-15
4.829458202154248813e-06
2.220446049250313081e-16
1.185383754358110330e-14
2.220446049250313081e-16
1.502088279970236705e-15
2.220446049250313081e-16
8.381611041905308236e-14
1.601910133477371650e-15
1.520124651108870308e-15
1.627470657226684029e-15
1.236490064378301554e-08
2.220446049250313081e-16
8.983359160791534202e-08
1.584641187362777086e-15
1.604219253332763578e-15
2.220446049250313081e-16
7.438889129694360447e-01
1.128569580591001527e-14
7.303877694074233373e-01
8.248535249816157336e-14
5.117007986514598095e+00
1.152549760843476474e-14
3.263653614452578620e-05
8.719368561821026497e-14
6.656274155470929213e-07
1.556328097351437510e-15
2.220446049250313081e-16
2.220446049250313081e-16
4.481966410777146044e-12
2.220446049250313081e-16
2.220446049250313081e-16
6.297501755631977316e-13
2.220446049250313081e-16
2.220446049250313081e-16
7.116112197471461955e-07
5.879731723807378238e-13
1.635193835179512548e-15
1.128184284455749065e-14
2.220446049250313081e-16
2.220446049250313081e-16
1.148576420697605705e-14
2.220446049250313081e-16
2.220446049250313081e-16
2.944736234419595474e-11
1.061078181951831565e-08
1.159604327671853268e-14
9.620036726300858305e-08
1.981851521358468468e-10
1.195134500413709873e-14
1.543271899983135123e-15
2.220446049250313081e-16
2.220446049250313081e-16
1.103184592147538794e-14
2.220446049250313081e-16
6.103811872171451747e-13
1.734032854404165735e-09
2.220446049250313081e-16
2.220446049250313081e-16
1.138464502963340315e-14
1.203218239756958125e-14
1.582728893839830338e-15
2.453218057246221726e-10
4.780089249166408568e-06
2.220446049250313081e-16
2.220446049250313081e-16
3.653363552095748238e-12
2.220446049250313081e-16
7.174888159683807665e-01
5.662749445295863200e-13
5.284104443917015281e+00
2.220446049250313081e-16
1.809576730629256771e-03
1.094128367773072278e-14
1.774333490169107026e-03
4.625644579572714085e-12
1.612209378277929793e-15
7.621162845373392614e-01
1.333751315313704893e-08
2.220446049250313081e-16
4.620270368090617976e-12
1.579619657054200583e-15
2.220446049250313081e-16
2.220446049250313081e-16
8.402284712919271279e-14
1.071696534010147229e-14
5.017443520617125507e+00
4.988173616996782300e+00
4.641432995350171864e-12
8.662152450635000945e-08
1.584172412528982378e-15
2.456906450669961860e-10
1.156313785085694007e-08
9.720822837110099091e-02
1.990010386893117082e-10
2.220446049250313081e-16
1.316883232620092917e-08
1.485967271057993882e-15
3.736695915325061271e-05
2.209541634173810708e-10
1.189131771963601932e-14
5.063660111526291807e+00
1.543915527060875910e-15
7.405950966747876230e-01
6.558747054859723192e-07
1.364386336459338183e-15
4.107529547533019354e+01
1.152457111536136064e-14
2.220446049250313081e-16
5.106464543655258481e+00
8.445825352712752816e-14
1.076439541711701511e-14
6.107291793792516746e-13
3.177697686243786197e-06
3.179685241256943747e-11
1.421874346070307535e-02
8.822051827293331137e-14
5.061116889591148098e-13
2.220446049250313081e-16
5.968280171821857370e-13
1.522145890850141636e-15
3.692475997300590006e-05
9.726126740300625184e-02
4.120547684444559167e+01
9.547407978382543680e-08
2.220446049250313081e-16
4.809123815124721295e-06
6.221948872698269267e-02
4.526981030756147075e-12
1.643972352118425948e-15
4.914596143250932414e+00
5.448461473037173874e+00
2.220446049250313081e-16
3.757511992689315150e+01
3.822114344263336960e+01
3.251654735923669303e-11
6.320243621854532235e-13
2.220446049250313081e-16
2.421524455826981072e-04
1.278444489795934550e-08
3.119380447794919302e-05
4.275854571396932939e-12
1.507038562538900702e-03
4.459403943889834132e-12
3.876537070220805248e+01
1.470693384463716208e-15
2.220446049250313081e-16
5.037780923343190942e+00
2.220446049250313081e-16
2.220446049250313081e-16
1.193691212502809188e-14
3.855966910089608931e-06
1.295177768784690797e-08
1.139585017998586987e-14
1.065370539771046627e-14
2.220446049250313081e-16
1.676975250507895063e-03
1.219333635317549342e-14
8.571883475840867321e-14
8.608564257998133343e-14
4.516759328708763378e-13
7.013863033769780486e-01
2.220446049250313081e-16
1.057075370221785026e-14
2.220446049250313081e-16
1.622676691868131857e-15
1.684784286425624494e-09
1.800241080440797420e-03
8.098835336286363812e-14
1.709680458288762072e-03
2.337639467950689626e-10
3.629289914338426115e+01
5.124223879952336524e+00
2.522532554492633139e+01
1.198441216065064994e-14
9.787967716728851464e-02
1.508839635202654567e-15
6.572949020043647184e-14
8.745574652913198267e-14
9.389169580813053195e-02
2.220446049250313081e-16
2.220446049250313081e-16
1.203845517665764982e-04
1.220717036319277158e-14
8.318571604347629372e-14
6.554033694992436043e-01
8.273385896779334195e-08
3.156427782353482608e-11
5.531239996379050616e+00
7.960887523656357836e-09
3.943293171738057623e+01
2.614393280103479905e-05
3.507984142026022956e-05
2.220446049250313081e-16
1.076056704775464196e-01
2.220446049250313081e-16
8.160328317624134246e-14
3.426858903595086048e+01
7.553926560192140149e-01
2.220446049250313081e-16
3.930663396482322725e+01
3.757991933635243242e+01
2.220446049250313081e-16
1.525182156431669807e-15
1.288242966009322220e-03
1.359623149398914675e-02
2.220446049250313081e-16
7.182366521963022832e-01
2.437833546633690876e-04
6.210189167149943244e-13
5.068255907844002758e-06
2.164719802037489659e-10
8.342174654502205633e-14
4.287292309342736544e-12
6.514513095602260135e-07
6.697992187293758670e-01
8.089935628844567919e-03
2.220446049250313081e-16
3.830936414736029860e+01
2.220446049250313081e-16
4.620471256858540499e-12
1.522146336990964586e-15
1.772248830128198309e-03
6.625831897058067632e-01
3.942859549819422682e+01
2.220446049250313081e-16
2.220446049250313081e-16
1.287983458567079036e-08
6.864184675445975659e-01
2.220446049250313081e-16
9.407484998818477218e-02
1.175289239952186383e-09
2.759952660901012792e-11
2.220446049250313081e-16
3.958977408305623413e+01
3.775079762503646208e+01
1.468070675187066222e-15
5.282911969853426370e+00
6.647941383026714224e-01
5.373214566054387298e+00
2.220446049250313081e-16
3.292693838803564432e+01
3.889862117397275654e+01
4.076956532504205200e+01
4.611612214771525053e+00
1.671635559283049218e-03
7.028996060353197353e-14
3.743565809982251835e+01
9.146265101242245787e-02
2.675751631791903673e+00
4.133552823905939344e-13
5.337003694042615543e+00
2.440327191081346417e-10
2.220446049250313081e-16
1.337641862193684430e-08
7.712696328181996019e-01
6.482306594322455595e-01
5.117110119581812278e+00
2.471578786621650892e+01
5.390636470035021973e-13
3.966156074222914185e+01
3.830146337403821377e+01
7.875052377056228838e-08
1.309853078822155112e-03
5.021501045950873987e+00
7.531679874903217543e-09
1.529191502571797022e-15
4.019291383509396809e+01
9.267166135993835140e-08
3.128510887129372413e-05
8.336422866128649634e-02
2.396864992943238416e-10
1.311455107454339783e-02
9.103616094404834436e-02
1.280902365037159957e-02
3.652449621900634469e+01
4.584510401117698031e+00
7.662693497168802104e-01
1.285827202267408181e-02
3.876504647929150593e+01
3.354861090395940243e-05
8.906757948302504148e-14
5.179600160063398097e-13
7.340552714318798744e-01
1.267429350528578912e-08
1.491631080177102769e-15
3.666012492094331066e+01
2.220446049250313081e-16
1.634882038181702514e-15
2.220446049250313081e-16
1.498127770058916034e-15
6.255595244489900453e-02
1.033372985803529539e-14
1.073773919364034990e-01
3.472723055039874060e-12
3.056207278060127486e+00
1.268362492981426520e-08
6.789149975947494919e-01
1.219052251626407493e-14
2.030157865007624005e-03
3.463198277795889624e+01
8.513575017742977341e-08
3.524862087233420027e+01
5.104611141982186240e+00
6.363779585709934405e-01
7.302116230378771758e-09
1.271763736995910367e-02
5.210012659086187270e+00
4.112089876810048139e+01
3.822492646705173058e+01
1.041624069000391256e-01
1.265982597871239020e-02
4.618324780040975241e+00
3.601517965392858400e+01
7.548593719938090363e-01
5.077954363073229338e+00
4.068792057714908594e+01
1.714749813392432622e-03
2.220446049250313081e-16
2.665042102941296391e-05
1.791730776674674828e-04
1.646053376966448581e-15
3.048007194197542930e-11
2.290864009329713230e-10
3.405483342744791031e+00
5.172253452382637562e+00
4.879586052321013945e+00
2.208628125264889164e+01
3.162834715056110468e+01
6.145408309851299672e-14
5.084532230258982821e+00
2.298685907446662224e-10
3.629411348448144992e+01
3.480329601597520575e-05
3.658877048548492183e+01
2.458420174709499140e+00
2.220446049250313081e-16
4.043295317002981903e+01
3.582116837037494150e+01
3.922905755146643259e+01
3.647551321220149134e+01
3.757336395814729713e+01
2.926345983149941060e-11
4.103274049809492396e+01
5.802987950604293843e+00
3.481583172974043242e-12
5.093371410318374259e+00
5.107795185225588952e+00
7.054912512448682227e-01
3.415578435342039398e+01
4.146576863394514589e+01
5.122000272781765221e-06
5.151724506500374723e+00
1.816645260342805469e-10
4.734804571638743909e+00
4.927555303308792212e+00
1.437631776959518923e-02
9.661964271433155782e-02
7.437122026744429071e-02
6.567449011755499555e-01
6.670791385936935040e-07
1.245936545783615844e-04
5.450415442485470052e+00
8.937346838040297896e-08
3.581296855982973426e+01
1.217577288159740440e-14
4.374592586182030729e+00
1.090469161247524102e-14
1.106407806916332045e-04
3.671002782587407154e+01
1.380921162339729044e-02
3.595214304182584897e+01
1.418062799026817308e-15
3.502395236496031572e+01
6.437172401621200746e-09
1.611959594387810353e-15
5.666598278674356060e+00
1.595647681863580970e-15
3.950723716867654159e-06
3.648982166486748469e+01
1.796039401000260710e-11
1.775648313491008845e-10
5.046504350028196306e+00
1.893315338454319924e-04
1.241860068903473697e-08
3.584766503316681963e+01
3.853031228366236149e+01
1.047928813405678216e-14
3.311952455035525933e+00
3.913256258690776690e+01
3.875138415500858002e+01
1.365755000368916564e-15
4.689264306999589849e+00
2.404215153412767806e-04
3.236905017295456588e+01
6.931553136980352914e-01
1.261171237973706359e-02
1.175512012578549918e-02
5.370286451333066081e-13
3.771499480958335937e+01
1.495966659751368510e+01
1.094096873867924380e+01
2.220446049250313081e-16
4.443577640988785937e+00
5.464730405622873377e+00
3.850342728685780003e+01
4.409658580573456277e+00
1.747793746140432312e-09
1.833547667430235251e+01
3.347089729763188615e+01
7.326674907537515935e-01
7.028430375833679689e-01
5.606775359373110668e+00
1.693878091367412599e-09
2.790120188682288216e+01
3.159135715731757332e-01
3.688109148233338885e+01
6.718586980586596496e-07
4.016976068032757041e+01
3.504490711393042091e+01
6.389421123686241932e-01
1.415204304888099701e-15
2.245609043240541858e-10
3.567549891019720576e+01
3.606276328187924207e+01
3.953372168416982646e+01
5.574731299263750550e+00
4.066501133363525565e-13
3.612205456618688751e-06
5.457045268821151929e+00
2.220446049250313081e-16
2.220446049250313081e-16
4.944419820021943579e+00
7.046025694500149816e-01
3.602785205619142772e+01
3.990389255239144717e+01
3.866828376431196546e+01
1.870246376153116685e+01
4.061530204303863911e+01
4.017441756303349365e+01
4.275732441354085367e+00
4.001271450490413173e+01
1.035937003333834844e-01
4.081139837790659396e-13
1.302290746527188549e-02
4.914408232537802235e+00
1.432478621455769051e-15
6.983951644571367869e-07
3.851765506736521161e+01
1.284583446753471969e-02
4.068301880763675626e+01
5.215791083626664104e+00
3.505988230639863446e+01
3.845612947061462705e+01
3.799881516571885246e-12
4.148860240911906772e+01
5.773273097486399053e+00
6.120577246622478716e-14
3.837175437873056438e+01
5.395329134382810032e+00
5.287875743207275825e+00
4.293847161332570295e+01
2.220446049250313081e-16
3.561953103447647262e+00
3.671567661758669487e+01
3.549384932679954119e+01
5.622366873452117275e+00
2.889480339193039526e+01
3.959709238935315767e+01
3.634819047579286888e+01
2.220446049250313081e-16
3.609762545479314610e+01
3.955642832563871991e+01
1.383572042183583983e-02
2.947062836833397870e-01
3.958665866615042717e+01
5.226022687918557175e+00
2.220446049250313081e-16
5.258697473127973865e+00
5.287902050707643298e+00
3.896049507483012775e+01
8.100647603323406975e-14
1.980608571377905491e+01
2.722104714052125729e+00
2.567323798272737179e+01
1.947162171239085292e-11
7.960723705717412738e-03
5.165995999319983767e+00
4.320421875878307816e+01
1.775836170086963151e+01
3.814440078339578832e+01
7.126752957318626505e-07
