2.220446049250313081e-16
2.220446049250313081e-16
2.220446049250313081e-16
2.220446049250313081e-16
2.220446049250313081e-16
2.220446049250313081e-16
2.220446049250313081e-16
2.220446049250313081e-16
2.220446049250313081e-16
2.220446049250313081e-16
2.220446049250313081e-16
2.220446049250313081e-16
2.220446049250313081e-16
2.220446049250313081e-16
2.220446049250313081e-16
2.220446049250313081e-16
2.220446049250313081e-16
2.220446049250313081e-16
2.220446049250313081e-16
2.220446049250313081e-16
2.220446049250313081e-16
2.220446049250313081e-16
2.220446049250313081e-16
2.220446049250313081e-16
2.220446049250313081e-16
2.220446049250313081e-16
2.220446049250313081e-16
2.220446049250313081e-16
2.220446049250313081e-16
2.220446049250313081e-16
2.220446049250313081e-16
2.220446049250313081e-16
2.220446049250313081e-16
2.220446049250313081e-16
2.220446049250313081e-16
2.220446049250313081e-16
2.220446049250313081e-16
2.220446049250313081e-16
2.220446049250313081e-16
2.220446049250313081e-16
2.220446049250313081e-16
2.220446049250313081e-16
2.220446049250313081e-16
2.220446049250313081e-16
2.220446049250313081e-16
2.220446049250313081e-16
2.220446049250313081e-16
2.220446049250313081e-16
2.220446049250313081e-16
2.220446049250313081e-16
2.220446049250313081e-16
2.220446049250313081e-16
2.220446049250313081e-16
2.220446049250313081e-16
2.220446049250313081e-16
2.220446049250313081e-16
2.220446049250313081e-16
2.220446049250313081e-16
2.220446049250313081e-16
2.220446049250313081e-16
2.220446049250313081e-16
2.220446049250313081e-16
2.220446049250313081e-16
2.220446049250313081e-16
2.220446049250313081e-16
2.220446049250313081e-16
2.220446049250313081e-16
2.220446049250313081e-16
2.220446049250313081e-16
2.220446049250313081e-16
2.220446049250313081e-16
2.220446049250313081e-16
2.220446049250313081e-16
2.220446049250313081e-16
2.220446049250313081e-16
2.220446049250313081e-16
2.220446049250313081e-16
2.220446049250313081e-16
2.220446049250313081e-16
2.220446049250313081e-16
2.220446049250313081e-16
2.220446049250313081e-16
2.220446049250313081e-16
2.220446049250313081e-16
2.220446049250313081e-16
2.220446049250313081e-16
2.220446049250313081e-16
2.220446049250313081e-16
2.220446049250313081e-16
2.220446049250313081e-16
2.220446049250313081e-16
2.220446049250313081e-16
2.220446049250313081e-16
2.220446049250313081e-16
2.220446049250313081e-16
2.220446049250313081e-16
2.220446049250313081e-16
2.220446049250313081e-16
2.220446049250313081e-16
2.220446049250313081e-16
2.220446049250313081e-16
2.220446049250313081e-16
2.220446049250313081e-16
2.220446049250313081e-16
2.220446049250313081e-16
2.220446049250313081e-16
2.220446049250313081e-16
2.220446049250313081e-16
2.220446049250313081e-16
2.220446049250313081e-16
2.220446049250313081e-16
2.220446049250313081e-16
2.220446049250313081e-16
2.220446049250313081e-16
2.220446049250313081e-16
2.220446049250313081e-16
2.220446049250313081e-16
2.220446049250313081e-16
2.220446049250313081e-16
2.220446049250313081e-16
2.220446049250313081e-16
2.220446049250313081e-16
2.220446049250313081e-16
2.220446049250313081e-16
2.220446049250313081e-16
1.584172412528991450e-15
2.220446049250313081e-16
2.220446049250313081e-16
2.220446049250313081e-16
2.220446049250313081e-16
2.220446049250313081e-16
2.220446049250313081e-16
2.220446049250313081e-16
2.220446049250313081e-16
2.220446049250313081e-16
2.220446049250313081e-16
2.220446049250313081e-16
2.220446049250313081e-16
2.220446049250313081e-16
2.220446049250313081e-16
2.220446049250313081e-16
2.220446049250313081e-16
2.220446049250313081e-16
2.220446049250313081e-16
2.220446049250313081e-16
2.220446049250313081e-16
2.220446049250313081e-16
2.220446049250313081e-16
2.220446049250313081e-16
2.220446049250313081e-16
2.220446049250313081e-16
2.220446049250313081e-16
2.220446049250313081e-16
2.220446049250313081e-16
2.220446049250313081e-16
2.220446049250313081e-16
2.220446049250313081e-16
2.220446049250313081e-16
2.220446049250313081e-16
2.220446049250313081e-16
2.220446049250313081e-16
2.220446049250313081e-16
2.220446049250313081e-16
2.220446049250313081e-16
2.220446049250313081e-16
2.220446049250313081e-16
2.220446049250313081e-16
2.220446049250313081e-16
2.220446049250313081e-16
2.220446049250313081e-16
2.220446049250313081e-16
2.220446049250313081e-16
2.220446049250313081e-16
2.220446049250313081e-16
2.220446049250313081e-16
2.220446049250313081e-16
2.220446049250313081e-16
2.220446049250313081e-16
2.220446049250313081e-16
2.220446049250313081e-16
2.220446049250313081e-16
2.220446049250313081e-16
2.220446049250313081e-16
2.220446049250313081e-16
2.220446049250313081e-16
2.220446049250313081e-16
2.220446049250313081e-16
2.220446049250313081e-16
2.220446049250313081e-16
2.220446049250313081e-16
2.220446049250313081e-16
2.220446049250313081e-16
2.220446049250313081e-16
1.190035868675441976e-14
2.220446049250313081e-16
2.220446049250313081e-16
2.220446049250313081e-16
2.220446049250313081e-16
2.220446049250313081e-16
2.220446049250313081e-16
2.220446049250313081e-16
2.220446049250313081e-16
2.220446049250313081e-16
2.220446049250313081e-16
2.220446049250313081e-16
2.220446049250313081e-16
2.220446049250313081e-16
2.220446049250313081e-16
1.638349127495891265e-15
2.220446049250313081e-16
2.220446049250313081e-16
2.220446049250313081e-16
2.220446049250313081e-16
2.220446049250313081e-16
2.220446049250313081e-16
2.220446049250313081e-16
2.220446049250313081e-16
2.220446049250313081e-16
2.220446049250313081e-16
2.220446049250313081e-16
2.220446049250313081e-16
2.220446049250313081e-16
2.220446049250313081e-16
2.220446049250313081e-16
2.220446049250313081e-16
2.220446049250313081e-16
2.220446049250313081e-16
2.220446049250313081e-16
2.220446049250313081e-16
2.220446049250313081e-16
2.220446049250313081e-16
1.616459286660805402e-15
1.511973041235849056e-15
2.220446049250313081e-16
2.220446049250313081e-16
2.220446049250313081e-16
2.220446049250313081e-16
2.220446049250313081e-16
2.220446049250313081e-16
2.220446049250313081e-16
2.220446049250313081e-16
2.220446049250313081e-16
2.220446049250313081e-16
2.220446049250313081e-16
2.220446049250313081e-16
2.220446049250313081e-16
2.220446049250313081e-16
2.220446049250313081e-16
2.220446049250313081e-16
2.220446049250313081e-16
2.220446049250313081e-16
2.220446049250313081e-16
2.220446049250313081e-16
2.220446049250313081e-16
2.220446049250313081e-16
2.220446049250313081e-16
2.220446049250313081e-16
2.220446049250313081e-16
2.220446049250313081e-16
1.561756312556414434e-15
1.591880573630712240e-15
2.220446049250313081e-16
2.220446049250313081e-16
2.220446049250313081e-16
2.220446049250313081e-16
2.220446049250313081e-16
2.220446049250313081e-16
2.220446049250313081e-16
2.220446049250313081e-16
2.220446049250313081e-16
2.220446049250313081e-16
2.220446049250313081e-16
2.220446049250313081e-16
2.220446049250313081e-16
2.220446049250313081e-16
2.220446049250313081e-16
2.220446049250313081e-16
2.220446049250313081e-16
2.220446049250313081e-16
2.220446049250313081e-16
2.220446049250313081e-16
2.220446049250313081e-16
2.220446049250313081e-16
2.220446049250313081e-16
2.220446049250313081e-16
1.628360937256439320e-15
2.220446049250313081e-16
2.220446049250313081e-16
2.220446049250313081e-16
2.220446049250313081e-16
2.220446049250313081e-16
2.220446049250313081e-16
2.220446049250313081e-16
2.220446049250313081e-16
2.220446049250313081e-16
1.580213558551174358e-15
2.220446049250313081e-16
2.220446049250313081e-16
2.220446049250313081e-16
2.220446049250313081e-16
2.220446049250313081e-16
2.220446049250313081e-16
2.220446049250313081e-16
2.220446049250313081e-16
2.220446049250313081e-16
2.220446049250313081e-16
1.587563101593730302e-15
2.220446049250313081e-16
2.220446049250313081e-16
1.608494583392139754e-15
2.220446049250313081e-16
2.220446049250313081e-16
2.220446049250313081e-16
2.220446049250313081e-16
2.220446049250313081e-16
2.220446049250313081e-16
2.220446049250313081e-16
2.220446049250313081e-16
1.419894354724659233e-15
2.220446049250313081e-16
2.220446049250313081e-16
2.220446049250313081e-16
2.220446049250313081e-16
2.220446049250313081e-16
1.601716787896050289e-15
1.566038232886023587e-15
2.220446049250313081e-16
1.615951550231862269e-15
2.220446049250313081e-16
2.220446049250313081e-16
2.220446049250313081e-16
2.220446049250313081e-16
2.220446049250313081e-16
2.220446049250313081e-16
2.220446049250313081e-16
2.220446049250313081e-16
2.220446049250313081e-16
2.220446049250313081e-16
2.220446049250313081e-16
2.220446049250313081e-16
1.587869866018810239e-15
2.220446049250313081e-16
2.220446049250313081e-16
2.220446049250313081e-16
2.220446049250313081e-16
8.330594844875309115e-14
1.641359233759068401e-15
2.220446049250313081e-16
2.220446049250313081e-16
2.220446049250313081e-16
2.220446049250313081e-16
1.636141059352984967e-15
2.220446049250313081e-16
2.220446049250313081e-16
2.220446049250313081e-16
2.220446049250313081e-16
2.220446049250313081e-16
2.220446049250313081e-16
2.220446049250313081e-16
2.220446049250313081e-16
2.220446049250313081e-16
2.220446049250313081e-16
1.536978714415348573e-15
2.220446049250313081e-16
2.220446049250313081e-16
2.220446049250313081e-16
2.220446049250313081e-16
2.220446049250313081e-16
2.220446049250313081e-16
2.220446049250313081e-16
2.220446049250313081e-16
2.220446049250313081e-16
2.220446049250313081e-16
2.220446049250313081e-16
9.055659050434539576e-15
2.220446049250313081e-16
2.220446049250313081e-16
1.612216168239948665e-15
2.220446049250313081e-16
2.220446049250313081e-16
1.158102275747580296e-14
2.220446049250313081e-16
1.599348386236671347e-15
2.220446049250313081e-16
2.220446049250313081e-16
1.603222961746085935e-15
2.220446049250313081e-16
1.580472704431463733e-15
2.220446049250313081e-16
1.581146323074515897e-15
2.220446049250313081e-16
2.220446049250313081e-16
2.220446049250313081e-16
2.220446049250313081e-16
2.220446049250313081e-16
2.220446049250313081e-16
2.220446049250313081e-16
2.220446049250313081e-16
8.338668930245203040e-14
2.220446049250313081e-16
2.220446049250313081e-16
2.220446049250313081e-16
2.220446049250313081e-16
2.220446049250313081e-16
2.220446049250313081e-16
2.220446049250313081e-16
2.220446049250313081e-16
2.220446049250313081e-16
2.220446049250313081e-16
3.311850934357304417e-11
2.220446049250313081e-16
2.220446049250313081e-16
2.220446049250313081e-16
1.205103110646509250e-14
2.220446049250313081e-16
9.507759259962366440e-15
2.220446049250313081e-16
2.220446049250313081e-16
2.220446049250313081e-16
2.220446049250313081e-16
2.220446049250313081e-16
2.220446049250313081e-16
2.220446049250313081e-16
2.220446049250313081e-16
2.220446049250313081e-16
2.220446049250313081e-16
1.596128747430363297e-15
8.638080911996939191e-14
2.220446049250313081e-16
2.220446049250313081e-16
2.220446049250313081e-16
3.301823180652987986e-11
1.622674184156700034e-15
1.611135643188386434e-15
2.220446049250313081e-16
2.220446049250313081e-16
2.220446049250313081e-16
2.220446049250313081e-16
2.220446049250313081e-16
2.220446049250313081e-16
1.591078011373766334e-15
2.220446049250313081e-16
2.220446049250313081e-16
1.255385988786505143e-08
2.220446049250313081e-16
6.107863447920432760e-13
1.114125036081301354e-14
1.641769307206500532e-15
2.869343792639681379e-11
2.220446049250313081e-16
1.618594634058612535e-15
2.220446049250313081e-16
2.220446049250313081e-16
2.220446049250313081e-16
2.220446049250313081e-16
2.220446049250313081e-16
2.220446049250313081e-16
1.616355204668445681e-15
1.623227945652635204e-15
1.521011727011313610e-15
2.220446049250313081e-16
2.220446049250313081e-16
1.624875040125884248e-15
2.220446049250313081e-16
2.220446049250313081e-16
2.220446049250313081e-16
1.640721281156870169e-15
2.220446049250313081e-16
2.220446049250313081e-16
2.220446049250313081e-16
1.183177585075099154e-14
1.432485487568600484e-15
2.220446049250313081e-16
2.220446049250313081e-16
2.220446049250313081e-16
6.693663989052262009e-01
1.166891660310790698e-14
2.220446049250313081e-16
2.220446049250313081e-16
5.969705304344896150e-13
2.220446049250313081e-16
2.220446049250313081e-16
2.220446049250313081e-16
1.643367843842785339e-15
1.550380345728393630e-15
4.320276830165523235e-12
2.220446049250313081e-16
2.220446049250313081e-16
1.609849415130540333e-15
2.220446049250313081e-16
2.220446049250313081e-16
2.220446049250313081e-16
9.105901603035239779e-15
2.220446049250313081e-16
8.567805612084513866e-14
4.425302365282746133e-12
1.177648787445565459e-14
3.607242514985090819e-05
2.220446049250313081e-16
1.169411448785639769e-14
2.220446049250313081e-16
2.220446049250313081e-16
2.220446049250313081e-16
3.290550197588753759e-05
2.220446049250313081e-16
8.600596471416159480e-14
8.380293507614979260e-14
2.220446049250313081e-16
9.255904881752125125e-08
3.360752346192288811e-05
2.220446049250313081e-16
1.642701659790830323e-15
1.175950762855686781e-14
2.220446049250313081e-16
2.220446049250313081e-16
1.161519707442481432e-14
6.210950859004700256e-13
4.806962678229446216e-06
1.483027639471721340e-15
6.121996879340535126e-13
2.528893281746442631e-04
1.757715591223367459e-09
2.220446049250313081e-16
4.582974823869080290e-12
2.220446049250313081e-16
6.978583024358297500e-07
6.242730755358301551e-13
1.642731928797044529e-15
4.364619614589357873e-12
2.220446049250313081e-16
1.768948087236817379e-09
8.023577231560211758e-14
2.220446049250313081e-16
4.396553504794068909e-12
2.220446049250313081e-16
1.607304613570292027e-15
4.888061109605678641e-06
6.105891128911940468e-13
2.220446049250313081e-16
1.524391648437182735e-15
4.980978607304451852e-06
8.642321918646854931e-14
3.547257197139535846e-05
2.220446049250313081e-16
2.220446049250313081e-16
4.526138390553830679e-12
2.220446049250313081e-16
2.549836753287480741e-11
1.238908992621712043e-08
2.220446049250313081e-16
1.613270331528707538e-15
2.220446049250313081e-16
2.220446049250313081e-16
1.642688924275785725e-15
1.622013823798743128e-15
3.475661196953860616e-05
3.491021005223412655e-11
4.609692750851109984e-06
2.220446049250313081e-16
7.046128183370658684e-07
2.220446049250313081e-16
6.233743070619511394e-13
3.387424617244909252e-11
2.220446049250313081e-16
1.262048272419979899e-08
1.711464752928279821e-09
1.172070448289091539e-14
1.639607385535356223e-15
1.623664920633466096e-15
1.594314108052108282e-15
2.220446049250313081e-16
9.179826864820500446e-08
7.052762803550112203e-01
1.110357223804414273e-14
2.220446049250313081e-16
1.577768114736996478e-15
4.635357064673547697e-06
4.741097074280071342e-12
1.531110287599925299e-15
2.220446049250313081e-16
6.519692796184428750e-13
4.330800494251128236e-12
5.521161781431959348e+00
2.220446049250313081e-16
2.220446049250313081e-16
2.220446049250313081e-16
2.220446049250313081e-16
1.185582538517054310e-14
9.821294413372856635e-02
3.937550295877407081e+01
2.220446049250313081e-16
3.207514669890924646e-11
1.275237788635147886e-08
2.220446049250313081e-16
4.404486635043801600e-06
4.465996868196418644e-06
5.602359076774749368e-13
1.392360587048273833e-02
2.454694332828465609e-10
9.861724042349173658e-02
6.573437987072403187e-07
1.461369698975533739e-02
1.638910828712097886e-15
1.194741942150162641e-14
1.144464601892799584e-14
5.932935309205656358e-13
6.163821519264373814e-13
1.187297280187852278e-14
1.519858366323758798e-15
3.541217960584677595e-12
7.436777957687275514e-14
6.898673319371505053e-08
5.568191414436999443e-13
2.220446049250313081e-16
4.300758293184122802e-12
9.649733759258428971e-15
1.461137224980440900e-02
5.970900007054052611e-13
7.465459731652772612e-14
1.325257800263097106e-02
1.725405178800181940e-09
5.625073117896280728e+00
5.199365227861281191e+00
7.351834955597057350e-14
1.230793997141517664e-08
5.173657061615925386e-13
4.231817668027115739e-12
7.726875674958105789e-01
2.220446049250313081e-16
5.374662327863298383e-13
2.220446049250313081e-16
7.837670388288428671e-14
1.595409804551567936e-15
1.902685371967107436e-10
6.155826672756556928e-01
5.901230580057878470e-13
2.220446049250313081e-16
7.653165592747238621e-01
1.269679050484471465e-08
2.220446049250313081e-16
1.145865997456650823e-14
3.988844518742646983e+01
1.516096422581750816e-15
1.334552740849232269e-02
9.239870889699582091e-02
1.633422441427038905e-15
1.348725771285759257e-08
8.444490924202831672e-14
3.824732762114948770e+01
2.220446049250313081e-16
4.309126516681177128e-06
1.014576599350000665e-08
1.065428509475078350e-08
2.408908742442643629e-04
2.402298008433932957e-10
2.220446049250313081e-16
1.033918615989223981e-14
4.691180555660644242e-12
1.250073670179405484e-08
1.468215909318344867e-15
1.358286267405663973e-02
6.076829121290351354e-01
2.220446049250313081e-16
8.803900357092436790e-02
2.253135343132076542e-10
1.061271070255439739e-14
2.220446049250313081e-16
5.732354948996312594e+00
1.519844082123782290e-15
2.220446049250313081e-16
4.090396701101517607e+01
1.283800437532742721e-02
1.818121077406934828e-03
4.725294954369940229e-12
1.622302877540562664e-15
3.623154962276426971e+01
4.380205474172126488e-12
6.170445131537314242e-13
5.182515830498592102e+00
3.744763782613656365e-12
6.867726763646591071e-01
6.460381329942419651e-13
3.587558103665735124e-12
3.123041586110099419e-11
9.459383956834498119e-02
5.658192665915705285e-13
2.699644190987854938e-04
5.492409461120311143e+00
2.220446049250313081e-16
1.076540051516629293e-02
9.377919674599560773e-02
6.752323618790826426e-07
2.220446049250313081e-16
4.593891868585884615e-12
2.220446049250313081e-16
9.415567928621566196e-08
2.220446049250313081e-16
8.552125798513222736e-08
8.405899128974688982e-14
3.379643234454727718e+01
3.465273658348938567e-05
6.911555386658179940e-07
3.623392453138435343e+01
8.676843496417825860e-14
3.903171720045381221e+01
3.284413944720847538e-11
1.540497222933909976e-15
3.748881487762380971e+01
8.993831152064127916e-08
1.646370507611482686e-15
6.859592628457568120e-01
2.220446049250313081e-16
5.112384136991863670e+00
7.339708453570004327e-05
3.647963663704813086e+01
7.802130964690393368e-08
6.328025059665488557e-07
7.681774788937963949e-01
5.092360557316792047e+00
3.997588270423593571e+01
1.415360318967675765e-02
5.617976277921729711e+00
2.709632014837254546e-12
3.609095289641401916e-01
2.434503712046480750e+00
7.167626011885990245e-01
4.496144525476276967e-06
3.501405506173360038e+01
7.460415882593961490e-01
3.772712467928046465e+01
9.643939316482844082e-02
4.092646229439205285e+01
4.125210355179864763e+01
3.884873056298538785e+01
3.700687005460788725e+01
3.408163285572756251e+01
3.037141497410872049e+01
1.443161622746032616e-02
1.904239439971082198e-03
1.089757828644715368e-14
3.487137744134385287e+01
3.936392791507213929e+01
1.477957942501630616e-02
5.186405509489397412e-06
4.597845972207392552e-12
2.220446049250313081e-16
1.384584041161618199e-02
3.419579782122676903e+01
3.902904074662228595e+01
9.210557434544563993e-02
1.371156833843842744e-09
1.173032291590655613e-14
1.000619698956386611e-01
2.220446049250313081e-16
3.677087075784923798e+01
6.101371058773735778e-07
1.105274314939832872e-14
2.220446049250313081e-16
2.317808946039424649e-10
6.700029079069503649e-07
1.790147132736053881e-03
4.174641408730960990e+01
3.840468064029776230e+01
1.551474504551118741e-15
5.019146601104974792e+00
8.932237122582449562e-02
4.997587088165781566e+00
7.261221480304651532e-01
7.296843409554546467e-01
1.354874806510582653e-09
1.010534522756022374e-01
2.220446049250313081e-16
6.174083279725703886e-03
7.676285162113217764e-01
3.393374977579631491e+01
3.081276595241947448e-11
9.348655007065444222e-02
3.159168035066556968e+01
3.781017209422947190e+01
1.635044429265483161e-15
6.226903660873302386e-07
3.669327911961549660e+01
5.015854622975518318e+00
5.151347602579165574e+00
7.027472242394497970e-01
3.128530511225386986e-11
6.416325406683293098e-01
2.189173245172572280e+00
1.003036567572021809e-01
4.049083960324798426e+01
3.632415912201013697e+01
3.916818433530288246e+01
2.429351025561461815e-06
2.220446049250313081e-16
4.097073308452768003e+01
1.646370651022326114e-15
1.646370651022326114e-15
3.512872253313561544e+01
3.953932174444856429e+01
5.225783355306854894e+00
4.025013133541011226e-12
5.490539707957471411e-14
5.283327853881784719e+00
1.147438924338456591e-14
2.374358873080175604e-05
5.187404269921512601e+00
1.285584530372385625e-02
9.969950344934153108e-02
3.251409249318338539e-11
8.040802125711348072e-09
3.950621809604245982e+01
2.703013372172720905e-04
2.042095959226939521e-05
2.718465837101568994e+01
3.948712815652624641e+01
3.436636588760111799e+00
3.905888160576319734e+01
3.744040919077075102e+01
2.979953071368798234e+01
4.933893838365251305e+00
3.731723305343632546e+01
7.113007406503624175e-01
6.232829836035067572e-01
4.134655583349034913e+01
3.605619361346517593e+01
5.390623656831392552e+00
3.670499175274638048e+01
5.145668156817409411e+00
1.945183605556326072e-03
4.042609991275683967e+01
2.220446049250313081e-16
7.667237142645257908e-01
3.193767686071621842e-11
6.884251697318930496e-01
2.220446049250313081e-16
3.503462531641385880e+01
4.032364831228311886e+01
1.685279054979120679e-03
7.433611791863308123e-03
6.674091098809653566e-01
4.313137642278189787e+01
3.486231125238507644e+01
9.291123643725741899e-02
9.394598210332057172e-15
2.646840580655335034e-04
5.455981453023425409e+00
3.151446466157842607e+01
3.902642646239836921e+01
8.510017621072425297e-14
3.659064699261148945e+01
3.727109528784750836e+01
5.822234593388725332e-08
2.471457649382857014e+01
2.071522290138046206e-06
4.466412859413250928e-13
3.893922557932026507e+01
5.298354983192135492e+00
9.799225712900343817e-15
1.455636984090205328e-04
3.607493265501273072e+01
1.079190583785586965e-01
5.367012088313492413e+00
8.248865751241181864e-08
3.640535851336558437e+01
2.410393442006025921e+01
9.720531508892284178e-02
1.220717036319277158e-14
4.041953480494979800e+01
6.800447967625504742e-01
3.865916115186902147e+01
3.659073767541097766e+01
3.699112133747696163e+01
3.671940833211189670e+01
9.858120553814637109e-04
5.121758928616855222e+00
2.359517633759874273e-04
5.377192312342842229e+00
7.520572876103235327e-01
2.403343980882869602e+01
5.364553521177260365e+00
3.869741708173074812e+01
3.724603375188077337e+01
9.397923311791842862e-04
1.901372731780869105e-03
1.334490685689420850e-02
5.944320070525179744e+00
3.835777753073843144e+01
4.038216725101713678e+01
3.967659324893194395e+01
3.964811566239213647e+01
4.795434307640350818e-13
7.187221548337353605e-01
3.778621426442183662e+01
5.989678790909539474e-01
3.370200581351815464e-05
9.381586375455224142e-15
5.339820969689455410e+00
2.220446049250313081e-16
3.978820948784824196e+01
1.661882325638894642e+01
3.746922331043439414e+01
3.727927561164838721e+01
2.096227276556148311e+01
3.033057834002819320e+01
9.729024943552563928e-11
5.151422773159629820e+00
3.368334253242667632e-11
3.710220870489285971e+01
1.155403167977322532e-03
3.672384631335063432e+01
8.980105856192076297e-02
1.111694692566433440e-09
3.762013198892034183e+01
8.988786384819609018e-14
1.738671025367034263e-11
3.935602882017500548e+01
3.898629591151308205e+01
2.136404158521056829e+01
7.326545969959367133e-01
5.491013393236008613e-13
5.386230877121735539e+00
4.797639036622687509e-13
7.272154124299940424e-03
3.525055911229590322e+01
2.220446049250313081e-16
5.183302144497985431e+00
4.895837289188911257e+00
7.319205285031890051e-01
2.767970768531113457e+00
3.890404044781806192e+01
3.622196726800534350e+01
2.388579703325480749e-11
1.493732136710253920e-15
3.193585224143965817e+01
4.011593393418648645e+01
3.862031977817514417e+01
5.004120080854116637e+00
3.633438514496304350e+01
4.062029936158382526e+01
1.640289833543872472e-10
3.803862207347287239e+01
3.508278692232512697e+01
4.110550202960198618e+01
5.388045152195775955e+00
9.810789232449559596e-10
3.994615493832451847e+01
5.212450389982979715e+00
1.561850492758185211e-03
3.604388698887802178e+01
5.270236058993239325e+00
3.778710058495800439e+01
5.506006127566797304e+00
3.808216162278706918e+01
7.072537169928866385e-01
4.181243427160465131e+01
4.360718889716037576e-16
5.674048978455200481e-02
2.606888011574163633e-04
1.424788129690108054e-02
1.206537883411847382e-14
3.856417834874793016e+01
5.381781858448542621e+00
7.336621234622020395e-14
3.767975473528244379e+01
3.747880199174461779e+01
4.063514556377455733e+01
4.471834525440569515e-08
2.220446049250313081e-16
3.858787987767180994e+01
4.224194189589413588e-13
3.707538161052781334e+01
5.201170271137610435e+00
3.923547041393492663e+01
3.802364372782862745e+01
6.387590839475230135e-14
3.853854070696422696e+01
4.608844586166669384e-06
3.112777955065235136e-01
3.800547288780850863e+01
3.625058486723300888e+01
1.123300442056431732e-09
4.453275522682621632e-12
3.827782568246981043e+01
2.510928627268675228e+01
3.702356186458083442e+01
3.416184438397980472e+01
8.185158841528003280e-09
3.643084973551727757e+01
3.815945984738706187e+01
2.220446049250313081e-16
3.658128803156530040e+01
4.554305062200560528e+00
4.733270917075484974e+00
1.356321563686002304e-02
3.726521068562622219e+01
8.016821892569983010e-01
5.563780377133890268e-11
4.076282099567063710e+01
3.814275575565898180e+01
3.700215210001285726e+01
3.659343727154413273e+01
