2.220446049250313081e-16
2.220446049250313081e-16
2.220446049250313081e-16
2.220446049250313081e-16
2.220446049250313081e-16
2.220446049250313081e-16
2.220446049250313081e-16
2.220446049250313081e-16
2.220446049250313081e-16
2.220446049250313081e-16
2.220446049250313081e-16
2.220446049250313081e-16
2.220446049250313081e-16
2.220446049250313081e-16
2.220446049250313081e-16
2.220446049250313081e-16
2.220446049250313081e-16
2.220446049250313081e-16
2.220446049250313081e-16
2.220446049250313081e-16
2.220446049250313081e-16
2.220446049250313081e-16
2.220446049250313081e-16
2.220446049250313081e-16
2.220446049250313081e-16
2.220446049250313081e-16
2.220446049250313081e-16
2.220446049250313081e-16
2.220446049250313081e-16
2.220446049250313081e-16
2.220446049250313081e-16
2.220446049250313081e-16
2.220446049250313081e-16
2.220446049250313081e-16
2.220446049250313081e-16
2.220446049250313081e-16
2.220446049250313081e-16
2.220446049250313081e-16
2.220446049250313081e-16
2.220446049250313081e-16
2.220446049250313081e-16
2.220446049250313081e-16
2.220446049250313081e-16
2.220446049250313081e-16
2.220446049250313081e-16
2.220446049250313081e-16
2.220446049250313081e-16
2.220446049250313081e-16
2.220446049250313081e-16
2.220446049250313081e-16
2.220446049250313081e-16
2.220446049250313081e-16
2.220446049250313081e-16
2.220446049250313081e-16
2.220446049250313081e-16
2.220446049250313081e-16
2.220446049250313081e-16
2.220446049250313081e-16
2.220446049250313081e-16
2.220446049250313081e-16
2.220446049250313081e-16
2.220446049250313081e-16
2.220446049250313081e-16
2.220446049250313081e-16
2.220446049250313081e-16
2.220446049250313081e-16
2.220446049250313081e-16
2.220446049250313081e-16
2.220446049250313081e-16
2.220446049250313081e-16
2.220446049250313081e-16
2.220446049250313081e-16
2.220446049250313081e-16
2.220446049250313081e-16
2.220446049250313081e-16
2.220446049250313081e-16
2.220446049250313081e-16
2.220446049250313081e-16
2.220446049250313081e-16
2.220446049250313081e-16
2.220446049250313081e-16
2.220446049250313081e-16
2.220446049250313081e-16
2.220446049250313081e-16
2.220446049250313081e-16
2.220446049250313081e-16
2.220446049250313081e-16
2.220446049250313081e-16
2.220446049250313081e-16
2.220446049250313081e-16
2.220446049250313081e-16
2.220446049250313081e-16
2.220446049250313081e-16
2.220446049250313081e-16
2.220446049250313081e-16
2.220446049250313081e-16
2.220446049250313081e-16
2.220446049250313081e-16
2.220446049250313081e-16
2.220446049250313081e-16
2.220446049250313081e-16
2.220446049250313081e-16
2.220446049250313081e-16
2.220446049250313081e-16
2.220446049250313081e-16
2.220446049250313081e-16
2.220446049250313081e-16
2.220446049250313081e-16
2.220446049250313081e-16
2.220446049250313081e-16
2.220446049250313081e-16
2.220446049250313081e-16
2.220446049250313081e-16
2.220446049250313081e-16
2.220446049250313081e-16
2.220446049250313081e-16
2.220446049250313081e-16
2.220446049250313081e-16
2.220446049250313081e-16
2.220446049250313081e-16
2.220446049250313081e-16
2.220446049250313081e-16
2.220446049250313081e-16
2.220446049250313081e-16
2.220446049250313081e-16
2.220446049250313081e-16
2.220446049250313081e-16
2.220446049250313081e-16
1.573437582960083624e-15
2.220446049250313081e-16
2.220446049250313081e-16
2.220446049250313081e-16
2.220446049250313081e-16
2.220446049250313081e-16
2.220446049250313081e-16
2.220446049250313081e-16
2.220446049250313081e-16
2.220446049250313081e-16
2.220446049250313081e-16
2.220446049250313081e-16
2.220446049250313081e-16
2.220446049250313081e-16
2.220446049250313081e-16
2.220446049250313081e-16
2.220446049250313081e-16
2.220446049250313081e-16
1.614420968480287012e-15
2.220446049250313081e-16
2.220446049250313081e-16
2.220446049250313081e-16
2.220446049250313081e-16
2.220446049250313081e-16
2.220446049250313081e-16
2.220446049250313081e-16
2.220446049250313081e-16
2.220446049250313081e-16
2.220446049250313081e-16
2.220446049250313081e-16
2.220446049250313081e-16
2.220446049250313081e-16
2.220446049250313081e-16
2.220446049250313081e-16
2.220446049250313081e-16
1.589881552517714096e-15
2.220446049250313081e-16
2.220446049250313081e-16
2.220446049250313081e-16
2.220446049250313081e-16
2.220446049250313081e-16
2.220446049250313081e-16
2.220446049250313081e-16
2.220446049250313081e-16
2.220446049250313081e-16
2.220446049250313081e-16
2.220446049250313081e-16
2.220446049250313081e-16
2.220446049250313081e-16
2.220446049250313081e-16
2.220446049250313081e-16
2.220446049250313081e-16
2.220446049250313081e-16
2.220446049250313081e-16
2.220446049250313081e-16
2.220446049250313081e-16
2.220446049250313081e-16
2.220446049250313081e-16
2.220446049250313081e-16
2.220446049250313081e-16
2.220446049250313081e-16
2.220446049250313081e-16
2.220446049250313081e-16
2.220446049250313081e-16
2.220446049250313081e-16
2.220446049250313081e-16
2.220446049250313081e-16
2.220446049250313081e-16
2.220446049250313081e-16
2.220446049250313081e-16
2.220446049250313081e-16
2.220446049250313081e-16
2.220446049250313081e-16
2.220446049250313081e-16
2.220446049250313081e-16
2.220446049250313081e-16
2.220446049250313081e-16
2.220446049250313081e-16
2.220446049250313081e-16
2.220446049250313081e-16
1.632066469079949512e-15
2.220446049250313081e-16
2.220446049250313081e-16
2.220446049250313081e-16
2.220446049250313081e-16
2.220446049250313081e-16
2.220446049250313081e-16
2.220446049250313081e-16
2.220446049250313081e-16
2.220446049250313081e-16
2.220446049250313081e-16
2.220446049250313081e-16
2.220446049250313081e-16
2.220446049250313081e-16
2.220446049250313081e-16
2.220446049250313081e-16
2.220446049250313081e-16
2.220446049250313081e-16
2.220446049250313081e-16
2.220446049250313081e-16
2.220446049250313081e-16
2.220446049250313081e-16
2.220446049250313081e-16
2.220446049250313081e-16
2.220446049250313081e-16
2.220446049250313081e-16
1.642004873984483745e-15
2.220446049250313081e-16
2.220446049250313081e-16
2.220446049250313081e-16
2.220446049250313081e-16
2.220446049250313081e-16
2.220446049250313081e-16
2.220446049250313081e-16
2.220446049250313081e-16
2.220446049250313081e-16
2.220446049250313081e-16
2.220446049250313081e-16
2.220446049250313081e-16
2.220446049250313081e-16
2.220446049250313081e-16
2.220446049250313081e-16
2.220446049250313081e-16
2.220446049250313081e-16
2.220446049250313081e-16
2.220446049250313081e-16
2.220446049250313081e-16
1.521011727002418217e-15
2.220446049250313081e-16
2.220446049250313081e-16
2.220446049250313081e-16
2.220446049250313081e-16
2.220446049250313081e-16
2.220446049250313081e-16
2.220446049250313081e-16
2.220446049250313081e-16
2.220446049250313081e-16
2.220446049250313081e-16
2.220446049250313081e-16
2.220446049250313081e-16
2.220446049250313081e-16
2.220446049250313081e-16
2.220446049250313081e-16
2.220446049250313081e-16
2.220446049250313081e-16
2.220446049250313081e-16
2.220446049250313081e-16
2.220446049250313081e-16
2.220446049250313081e-16
2.220446049250313081e-16
2.220446049250313081e-16
2.220446049250313081e-16
2.220446049250313081e-16
2.220446049250313081e-16
2.220446049250313081e-16
2.220446049250313081e-16
2.220446049250313081e-16
2.220446049250313081e-16
2.220446049250313081e-16
2.220446049250313081e-16
2.220446049250313081e-16
2.220446049250313081e-16
2.220446049250313081e-16
2.220446049250313081e-16
2.220446049250313081e-16
2.220446049250313081e-16
2.220446049250313081e-16
2.220446049250313081e-16
2.220446049250313081e-16
1.626537320475254467e-15
2.220446049250313081e-16
2.220446049250313081e-16
2.220446049250313081e-16
2.220446049250313081e-16
2.220446049250313081e-16
2.220446049250313081e-16
2.220446049250313081e-16
2.220446049250313081e-16
2.220446049250313081e-16
2.220446049250313081e-16
2.220446049250313081e-16
2.220446049250313081e-16
2.220446049250313081e-16
2.220446049250313081e-16
2.220446049250313081e-16
2.220446049250313081e-16
2.220446049250313081e-16
2.220446049250313081e-16
2.220446049250313081e-16
2.220446049250313081e-16
2.220446049250313081e-16
2.220446049250313081e-16
2.220446049250313081e-16
2.220446049250313081e-16
2.220446049250313081e-16
2.220446049250313081e-16
2.220446049250313081e-16
2.220446049250313081e-16
2.220446049250313081e-16
2.220446049250313081e-16
2.220446049250313081e-16
2.220446049250313081e-16
2.220446049250313081e-16
1.557873448010006444e-15
2.220446049250313081e-16
1.157288120214002995e-14
2.220446049250313081e-16
2.220446049250313081e-16
2.220446049250313081e-16
2.220446049250313081e-16
2.220446049250313081e-16
2.220446049250313081e-16
2.220446049250313081e-16
2.220446049250313081e-16
2.220446049250313081e-16
2.220446049250313081e-16
2.220446049250313081e-16
2.220446049250313081e-16
2.220446049250313081e-16
2.220446049250313081e-16
2.220446049250313081e-16
1.615198056081356578e-15
1.623948188202663870e-15
2.220446049250313081e-16
2.220446049250313081e-16
2.220446049250313081e-16
2.220446049250313081e-16
2.220446049250313081e-16
2.220446049250313081e-16
1.587566354181725770e-15
2.220446049250313081e-16
2.220446049250313081e-16
1.426532750707225661e-15
2.220446049250313081e-16
2.220446049250313081e-16
2.220446049250313081e-16
2.220446049250313081e-16
2.220446049250313081e-16
2.220446049250313081e-16
8.088179145984800318e-14
2.220446049250313081e-16
2.220446049250313081e-16
2.220446049250313081e-16
2.220446049250313081e-16
2.220446049250313081e-16
2.220446049250313081e-16
2.220446049250313081e-16
2.220446049250313081e-16
2.220446049250313081e-16
2.220446049250313081e-16
2.220446049250313081e-16
2.220446049250313081e-16
1.635973896545840713e-15
2.220446049250313081e-16
2.220446049250313081e-16
2.220446049250313081e-16
2.220446049250313081e-16
2.220446049250313081e-16
2.220446049250313081e-16
2.220446049250313081e-16
2.220446049250313081e-16
8.263163467161647813e-14
2.220446049250313081e-16
2.220446049250313081e-16
2.220446049250313081e-16
2.220446049250313081e-16
2.220446049250313081e-16
2.220446049250313081e-16
1.194391901109294983e-14
2.220446049250313081e-16
1.476018243795343717e-15
2.220446049250313081e-16
2.220446049250313081e-16
2.220446049250313081e-16
2.220446049250313081e-16
2.220446049250313081e-16
1.525368445377402553e-15
2.220446049250313081e-16
8.507636353592211645e-14
1.574240004867429871e-15
1.144185583852535083e-14
1.589270196467340499e-15
1.533683017285420717e-15
9.688204739247903824e-15
1.604013096264989384e-15
2.220446049250313081e-16
2.220446049250313081e-16
1.617676520569204484e-15
2.220446049250313081e-16
2.220446049250313081e-16
2.220446049250313081e-16
1.195976723496867629e-14
1.637002447460163835e-15
1.150999945299621182e-14
2.220446049250313081e-16
2.220446049250313081e-16
2.220446049250313081e-16
1.645092357350488026e-15
1.563365732644333127e-15
2.220446049250313081e-16
1.099403275322549327e-14
2.220446049250313081e-16
2.220446049250313081e-16
1.489360416426162630e-15
1.602537242521882516e-15
1.543254275493202149e-15
4.559432270258936156e-12
8.460256799784250214e-14
2.220446049250313081e-16
2.220446049250313081e-16
2.220446049250313081e-16
1.597119185815153792e-15
1.592464205862802690e-15
2.220446049250313081e-16
8.693145337041746237e-14
1.624314435435872226e-15
2.220446049250313081e-16
2.220446049250313081e-16
2.220446049250313081e-16
2.220446049250313081e-16
2.220446049250313081e-16
2.220446049250313081e-16
2.220446049250313081e-16
8.574476423689646641e-14
2.220446049250313081e-16
2.220446049250313081e-16
2.220446049250313081e-16
2.220446049250313081e-16
3.145528046154784353e-11
2.220446049250313081e-16
8.479896881479678241e-14
1.325877000260655293e-08
2.220446049250313081e-16
2.220446049250313081e-16
1.154419166163658507e-14
2.220446049250313081e-16
2.220446049250313081e-16
2.220446049250313081e-16
2.220446049250313081e-16
1.589262178694397844e-15
8.503066889522132781e-14
2.220446049250313081e-16
2.220446049250313081e-16
1.637523883139331062e-15
1.597746806585456357e-15
4.573434562719931532e-12
2.220446049250313081e-16
1.210443375419619912e-14
2.220446049250313081e-16
2.220446049250313081e-16
2.220446049250313081e-16
2.220446049250313081e-16
1.591685079305304961e-15
1.611138370652351171e-15
1.169221732162826432e-14
1.644682384525753685e-15
2.220446049250313081e-16
1.606379537929888535e-15
1.762835384525267710e-09
2.220446049250313081e-16
2.220446049250313081e-16
1.561341465278097704e-15
1.636540818509652438e-15
6.816069430668673767e-07
6.043754390759800936e-13
1.586964383965593570e-15
2.220446049250313081e-16
2.220446049250313081e-16
2.220446049250313081e-16
8.459030674839807508e-14
1.571844149437874246e-15
6.190202102854746725e-13
2.220446049250313081e-16
2.220446049250313081e-16
1.460225944289816340e-15
3.915688450346071853e-12
2.220446049250313081e-16
1.630420899339610626e-15
1.205002043676455567e-14
2.696178857577464366e-04
2.220446049250313081e-16
2.283449467048825362e-10
2.220446049250313081e-16
6.242129298255004720e-13
2.220446049250313081e-16
1.516105390775248459e-15
2.220446049250313081e-16
1.590849373836145701e-15
8.458692082972669731e-14
2.220446049250313081e-16
1.084335162371925067e-14
2.220446049250313081e-16
2.220446049250313081e-16
2.220446049250313081e-16
2.220446049250313081e-16
1.592249558821710482e-15
2.220446049250313081e-16
2.220446049250313081e-16
1.200863211881938531e-14
5.094379238201350058e-06
5.871726486748826355e-13
2.220446049250313081e-16
1.198068649675803340e-14
1.204197148845485819e-14
2.220446049250313081e-16
8.530452899318954166e-14
2.220446049250313081e-16
1.625788969058105922e-15
2.374120048912461687e-10
1.488116135285148483e-15
2.220446049250313081e-16
1.673903641702405800e-09
1.129902802044325431e-14
2.220446049250313081e-16
4.951597342326956460e-06
1.160796150998685276e-14
6.017201575279699884e-13
1.264971491215477810e-08
2.220446049250313081e-16
3.134235707901015513e-11
8.392392840799529780e-14
2.220446049250313081e-16
1.591154137410155128e-15
1.290449716511817557e-15
2.392737727629469079e-10
1.121178656365914288e-14
1.546408447138103256e-15
2.220446049250313081e-16
1.129362293069534239e-14
2.562601585058870346e-04
2.220446049250313081e-16
2.220446049250313081e-16
1.109962319384570452e-14
1.162988446560584630e-14
3.574225148079245961e-05
4.571896096039713790e-12
8.471406705697025723e-10
1.521011727110518588e-15
2.220446049250313081e-16
1.092438125232328555e-01
6.204474648619357782e-13
6.891999920032184884e-07
1.216052961446704763e-14
2.220446049250313081e-16
8.230386883543123734e-14
4.504808745276805319e-12
2.220446049250313081e-16
9.891672523603408936e-15
1.572850184131723555e-15
3.164196534912352345e-11
6.399248465523794011e-13
1.250936134396105206e-08
1.153596277224959789e-14
3.706652095246113545e-05
3.653879712504853959e-05
1.624457828700464238e-15
1.357815026311187320e-02
7.724372591992610477e-14
1.603664241155100956e-15
6.777604680720443475e-02
2.220446049250313081e-16
2.623048639562411034e-11
1.583271766249721794e-15
2.220446049250313081e-16
1.262842830420211708e-08
1.543923797531307874e-15
1.331221254148906699e-08
2.220446049250313081e-16
1.812882069073956388e-04
9.027471708004211724e-09
1.144983215021917842e-14
1.005567344265075697e-14
7.336732569480243465e-14
4.995546608440009422e-06
2.220446049250313081e-16
1.202291210889905780e-14
2.220446049250313081e-16
9.521653717862801902e-02
1.114324259349682193e-14
5.014762471378293232e-13
2.220446049250313081e-16
2.220446049250313081e-16
2.220446049250313081e-16
1.006853625491042070e-01
2.220446049250313081e-16
2.157875131421119470e-10
6.200013116003670888e-01
2.220446049250313081e-16
4.173762917104426405e-12
2.220446049250313081e-16
3.241650274999380445e-11
2.220446049250313081e-16
1.832308710092269647e-03
4.604865115861108623e-12
2.220446049250313081e-16
1.970288879782221389e-10
9.791667347031197954e-02
1.643974999106974209e-15
1.771902103308212141e-03
2.220446049250313081e-16
2.220446049250313081e-16
4.354710512418779561e-07
1.672991672314154215e-09
3.512115207252846716e+01
1.176284500597033041e-14
1.004553797350748595e-01
8.678918647811482116e-14
7.237316981698012353e-02
2.220446049250313081e-16
1.598704904203173798e-15
1.374375988924667752e-02
1.137995008156654538e-08
6.362063402071938561e-07
1.663113295991583953e-09
7.986037921249518554e-14
4.740540153066082896e-01
2.220446049250313081e-16
1.763638623559059022e-10
2.220446049250313081e-16
1.646177677705422350e-03
2.220446049250313081e-16
2.220446049250313081e-16
7.860952393882462202e-14
2.078515146527476276e-10
1.196707158700830317e-08
7.284262020787996129e-08
3.439884528600921593e-05
1.197329781461168985e-14
1.275781711083962001e-08
2.220446049250313081e-16
4.899212029981110582e-06
6.661649122273056936e-07
1.024868354859757972e-14
2.220446049250313081e-16
4.331553541375893780e-12
3.237856604680425230e-11
4.347533686058980956e-12
3.805008695260778495e+01
2.220446049250313081e-16
9.346361407071621108e-02
1.794251571540092476e-09
9.671006139163872140e-02
3.781854458353984683e+01
2.854401686400572657e+01
2.220446049250313081e-16
7.373675732590299070e-01
1.721607492452636217e-09
6.388100328461222555e-01
5.383831250053058293e-01
1.472399891337475448e-15
2.220446049250313081e-16
1.701667746314244371e-09
1.182791922024864602e-08
1.040947744341975872e-14
5.398066866905860905e+00
5.135645155321794775e+00
3.557989499150613933e-12
1.853009598316375059e-09
5.947931395756898887e+00
2.220446049250313081e-16
2.220446049250313081e-16
2.457266281813302346e-04
5.236069664476026371e-13
9.395896590437206828e-10
5.023642907258959532e-06
3.836402784208415540e+01
1.379542267118286612e-02
4.621772870190235554e-06
1.138689705284174666e-08
4.725592958707374355e-06
3.604128264449786911e+01
2.220446049250313081e-16
1.645735910894188965e-15
1.864712593059937671e-03
1.075832732484277718e-14
4.187557263745314629e+01
5.188865612333542701e-08
3.962141769057110707e+01
2.578384327004943385e-04
2.464158712487830708e-04
7.142877691209080782e-01
1.183036282556683477e-08
8.842042468638822150e-02
4.887844988762791054e+00
9.883611144380544090e-15
5.017540812446267040e+00
5.705903631177104529e+00
3.621710825215795637e+01
2.220446049250313081e-16
2.220446049250313081e-16
1.644060083835636295e-15
7.413261821376793126e-01
2.312569460034990954e+01
7.496015968617294534e-08
9.051121518928920598e-14
1.162335119551432825e-14
4.866179605022038007e-12
6.926469451116518087e-14
2.220446049250313081e-16
9.700937447338338349e-02
2.220446049250313081e-16
7.534043705024283666e-01
5.146719661593013306e+00
6.433297598172880161e-01
1.519668644787616505e-15
1.646370649462955377e-15
1.900649909244438553e-03
3.919687875923974474e+01
5.132272091616330023e+00
7.252202591374388163e-01
2.380068210154453563e-10
4.608668854102901195e-12
5.132501169909873262e+00
1.445087255557429839e-02
3.925685774764173885e+01
1.418062798266481218e-15
3.916354369931458734e+01
2.413962227734146285e-04
2.220446049250313081e-16
3.456769562789293085e-05
5.378871358776995848e+00
7.014583865366579296e-01
7.448461225086199233e-01
1.315761990301680647e-03
3.689029345906003243e+01
8.016884539742336603e-14
1.102863242733130393e-14
2.220446049250313081e-16
3.855433530824378607e+01
3.833490967234978086e+01
3.514848563724265684e+00
8.993773678744447497e-02
2.220446049250313081e-16
2.220446049250313081e-16
5.238240815614064258e-10
1.331174642844738898e+01
5.113724795103897769e+00
4.032201232917343248e+01
2.220446049250313081e-16
2.220446049250313081e-16
3.056252761389302464e+01
3.694460180957248951e+01
2.220446049250313081e-16
3.073030803751837325e+01
3.363380052325048092e-11
2.220446049250313081e-16
1.128996215100821685e-14
4.942460008030615803e+00
2.482763644801685388e+01
9.704166815922308415e-15
5.131785902850481307e+00
3.705179468251941444e+01
4.002187390035004455e+01
3.909224754106674737e+01
5.223100769642247343e+00
2.928242642778193172e+01
3.372433735366846719e+01
5.370153303348321749e+00
2.220446049250313081e-16
2.220446049250313081e-16
2.056623395109198185e-10
8.560469438386673097e-14
6.520985538341760240e-14
2.220446049250313081e-16
7.553123482363666152e-01
4.229215091648904412e+00
1.485720165561097810e-15
4.236554988791022050e-06
2.220446049250313081e-16
9.556188736827631277e-09
5.323859290414079126e+00
3.713778342081604933e+01
2.220446049250313081e-16
1.256463719959284402e-02
3.711691117035942256e+01
1.050629609227196069e-14
7.373392686850092081e-01
1.209565031727996408e-09
1.482983683149796183e-15
3.864926527137157564e+01
7.642757208235314570e-01
4.891827204884234170e+00
3.798862360727380860e+01
7.184215368951323288e-01
3.755189940920684677e+01
1.223662931806215367e-08
3.664692014963328859e+01
1.817857699816012292e-10
3.505747744690473677e+00
3.131043106665727335e-11
3.934571345653894525e+01
3.988452747763390249e+01
9.924650219470526832e-15
1.025048137457193234e-14
9.682510188603485152e-09
3.887159211972659989e+01
6.918749534739055962e-01
1.289859123431455104e-09
1.502276416103776104e-05
4.155596282565618083e+01
3.990643002188902955e+01
4.823619372082645462e+00
1.395637042030652836e-02
1.780632935820668196e-10
9.558210073207981661e-02
3.611763927796222057e-12
2.220446049250313081e-16
3.926745001286679582e+01
8.134665657922611582e-14
9.895235888276382452e-02
5.534265712953994054e+00
4.061182168054970987e+01
3.933399082888362841e+01
3.374796716890982040e+00
5.470463979984556246e+00
5.069844524571034405e+00
1.779603196664289065e-03
9.093270747204780513e-02
3.536881872872537969e+01
7.090430323730860795e-01
3.880306105841818138e-06
2.220446049250313081e-16
3.842306306958676743e+01
1.942118790709936288e-10
3.314892709727671871e+01
3.720128191747812707e+01
3.641156341689633535e+01
5.596999566789197189e+00
1.035784718918153215e-14
3.130560502550218737e-11
1.339798366312866659e-03
4.355288678196216294e-06
1.080355380276944582e-01
7.360041688370070334e-01
5.613477957406262320e+00
3.950901153121538016e-12
1.457210224107005734e-15
3.908734943634424752e+01
4.012938866860156395e+01
1.185025135144042548e-14
7.471086675236368047e-01
5.507017989434792149e+00
5.968241882404309555e-07
1.391269263226086600e-02
3.243223688005173955e+01
3.020245304305141154e+00
3.840685941141215753e+00
3.815612168772524626e+01
9.074659811170448562e-15
5.997741003844021216e-13
6.635865729503035437e-01
4.080131265090625448e+01
3.596646755268803823e-12
3.853870375714733854e+01
2.737221483799176980e+01
4.722971299025239489e+00
4.522705239083606484e-12
2.907974116663690988e-04
3.676835978028664442e+01
3.773882841761666640e+01
3.309067182668380269e+01
7.182370129880975007e-01
3.806531492734851696e+01
1.008788538472546454e-14
1.833338816747940925e+01
3.840303648620690069e+01
7.641778409791391002e-01
1.200044440623849670e-02
1.359848619902766238e-15
4.165080298914975387e-04
3.810085000874246219e+01
3.897249284036636396e+01
1.896166000549086295e-03
3.833337737388349353e+01
3.719369125636328022e+01
3.391086378877268004e+01
4.209321471773221646e+01
3.899540812099999698e+01
3.598213230612249447e+01
4.672243706312530165e+00
3.769960043684797313e+01
3.735667817284530656e+01
5.673033701002344113e-08
2.220446049250313081e-16
3.325930311292945163e+01
2.476877551720527668e-06
1.768645267715282185e-05
9.058923630356255337e-08
4.627951812918767780e-13
6.354058161096066058e-07
2.401816379730297239e-06
1.946020849022592376e-03
3.630645857181672653e+01
3.788451482381795898e+01
3.621155452934608832e+01
6.885427832428516748e-01
4.067878562997544378e+01
3.753098352461666565e+01
3.551060853249801852e+01
3.540295237541185003e+01
1.609698165089284974e-09
3.575470216537661372e+01
5.231144772465224690e+00
3.969822882899925531e+01
4.219602654252573615e+01
3.589894654423775222e+01
3.726806759213540232e+01
2.982799749330864358e+01
5.508360507657072525e+00
5.226904254947398520e+00
3.758011459945232957e+01
3.708797296042253500e+00
5.311734322935698138e+00
3.958079045791192385e+01
4.911074054102704700e+00
3.764783107279904328e+01
6.706156294018196240e-01
1.379917086577085605e+01
3.454141428573844053e+01
3.759320513784175688e+01
3.880717198855287364e+01
2.777918222610407550e+00
4.098544005860152595e+01
1.220717036319277158e-14
3.353087106899950248e-12
1.776174471234215344e-10
3.641749611473637316e+01
3.487867609663788926e+01
3.926133737440095928e+01
7.706620011715753504e-01
8.853964576208267490e-02
3.646644151421867974e+01
3.558228978868996961e+01
5.091735624551709805e+00
3.645873650783692455e+01
1.700144319738061682e-02
6.690236394019730692e-01
2.501588431095311369e-04
4.845278193724738891e+00
3.380257276750467810e+01
3.883264592902230561e+01
4.030574169330501633e+01
1.532851169375889378e-15
3.078676285969488191e+01
3.702584178949965121e+01
3.799481799274148841e+01
5.130768472288041337e+00
5.403825169149826912e+00
3.985340799025374281e+01
7.402908951687836581e-01
2.957720351997857833e+01
3.633568810310932662e+01
3.580541774907558050e+01
4.408281798636842774e-01
7.584646397870795642e-01
1.495331906073023276e-04
6.812027488393476160e-01
9.837379754465385771e-09
6.814797718647187530e-01
7.093617166066364631e-03
2.220446049250313081e-16
4.709784713683370365e-13
7.808814580316285614e-01
3.862715630518625431e+01
3.747427787954109135e+01
9.962476607198344659e-15
3.783632667994420729e+01
9.496141824879561488e-02
3.402317430941521792e+01
3.664432878005246863e+01
1.220712997842641816e-14
9.801628026853254592e-04
3.222718701441102951e+01
