2.220446049250313081e-16
2.220446049250313081e-16
2.220446049250313081e-16
2.220446049250313081e-16
2.220446049250313081e-16
2.220446049250313081e-16
2.220446049250313081e-16
2.220446049250313081e-16
2.220446049250313081e-16
2.220446049250313081e-16
2.220446049250313081e-16
2.220446049250313081e-16
2.220446049250313081e-16
2.220446049250313081e-16
2.220446049250313081e-16
2.220446049250313081e-16
2.220446049250313081e-16
2.220446049250313081e-16
2.220446049250313081e-16
2.220446049250313081e-16
2.220446049250313081e-16
2.220446049250313081e-16
2.220446049250313081e-16
2.220446049250313081e-16
2.220446049250313081e-16
2.220446049250313081e-16
2.220446049250313081e-16
2.220446049250313081e-16
2.220446049250313081e-16
1.632433764563739108e-15
2.220446049250313081e-16
2.220446049250313081e-16
2.220446049250313081e-16
2.220446049250313081e-16
2.220446049250313081e-16
2.220446049250313081e-16
2.220446049250313081e-16
2.220446049250313081e-16
2.220446049250313081e-16
2.220446049250313081e-16
2.220446049250313081e-16
2.220446049250313081e-16
2.220446049250313081e-16
2.220446049250313081e-16
2.220446049250313081e-16
2.220446049250313081e-16
2.220446049250313081e-16
2.220446049250313081e-16
2.220446049250313081e-16
2.220446049250313081e-16
2.220446049250313081e-16
2.220446049250313081e-16
2.220446049250313081e-16
2.220446049250313081e-16
2.220446049250313081e-16
2.220446049250313081e-16
2.220446049250313081e-16
2.220446049250313081e-16
2.220446049250313081e-16
2.220446049250313081e-16
2.220446049250313081e-16
2.220446049250313081e-16
2.220446049250313081e-16
2.220446049250313081e-16
2.220446049250313081e-16
2.220446049250313081e-16
2.220446049250313081e-16
2.220446049250313081e-16
2.220446049250313081e-16
2.220446049250313081e-16
2.220446049250313081e-16
2.220446049250313081e-16
2.220446049250313081e-16
2.220446049250313081e-16
2.220446049250313081e-16
2.220446049250313081e-16
2.220446049250313081e-16
2.220446049250313081e-16
2.220446049250313081e-16
2.220446049250313081e-16
2.220446049250313081e-16
2.220446049250313081e-16
2.220446049250313081e-16
2.220446049250313081e-16
2.220446049250313081e-16
2.220446049250313081e-16
2.220446049250313081e-16
2.220446049250313081e-16
2.220446049250313081e-16
2.220446049250313081e-16
2.220446049250313081e-16
2.220446049250313081e-16
2.220446049250313081e-16
2.220446049250313081e-16
2.220446049250313081e-16
2.220446049250313081e-16
2.220446049250313081e-16
2.220446049250313081e-16
2.220446049250313081e-16
2.220446049250313081e-16
2.220446049250313081e-16
2.220446049250313081e-16
2.220446049250313081e-16
2.220446049250313081e-16
2.220446049250313081e-16
2.220446049250313081e-16
2.220446049250313081e-16
2.220446049250313081e-16
2.220446049250313081e-16
2.220446049250313081e-16
2.220446049250313081e-16
2.220446049250313081e-16
2.220446049250313081e-16
2.220446049250313081e-16
2.220446049250313081e-16
2.220446049250313081e-16
2.220446049250313081e-16
2.220446049250313081e-16
2.220446049250313081e-16
2.220446049250313081e-16
2.220446049250313081e-16
2.220446049250313081e-16
2.220446049250313081e-16
1.642697882987851933e-15
2.220446049250313081e-16
2.220446049250313081e-16
2.220446049250313081e-16
2.220446049250313081e-16
2.220446049250313081e-16
2.220446049250313081e-16
2.220446049250313081e-16
2.220446049250313081e-16
2.220446049250313081e-16
2.220446049250313081e-16
2.220446049250313081e-16
2.220446049250313081e-16
2.220446049250313081e-16
2.220446049250313081e-16
2.220446049250313081e-16
2.220446049250313081e-16
2.220446049250313081e-16
2.220446049250313081e-16
2.220446049250313081e-16
2.220446049250313081e-16
2.220446049250313081e-16
2.220446049250313081e-16
2.220446049250313081e-16
2.220446049250313081e-16
2.220446049250313081e-16
2.220446049250313081e-16
2.220446049250313081e-16
2.220446049250313081e-16
2.220446049250313081e-16
2.220446049250313081e-16
2.220446049250313081e-16
2.220446049250313081e-16
2.220446049250313081e-16
2.220446049250313081e-16
2.220446049250313081e-16
2.220446049250313081e-16
2.220446049250313081e-16
2.220446049250313081e-16
2.220446049250313081e-16
2.220446049250313081e-16
2.220446049250313081e-16
2.220446049250313081e-16
2.220446049250313081e-16
2.220446049250313081e-16
2.220446049250313081e-16
2.220446049250313081e-16
2.220446049250313081e-16
2.220446049250313081e-16
2.220446049250313081e-16
2.220446049250313081e-16
2.220446049250313081e-16
2.220446049250313081e-16
2.220446049250313081e-16
2.220446049250313081e-16
2.220446049250313081e-16
2.220446049250313081e-16
2.220446049250313081e-16
2.220446049250313081e-16
2.220446049250313081e-16
2.220446049250313081e-16
2.220446049250313081e-16
2.220446049250313081e-16
2.220446049250313081e-16
2.220446049250313081e-16
2.220446049250313081e-16
2.220446049250313081e-16
2.220446049250313081e-16
2.220446049250313081e-16
2.220446049250313081e-16
2.220446049250313081e-16
2.220446049250313081e-16
2.220446049250313081e-16
2.220446049250313081e-16
2.220446049250313081e-16
2.220446049250313081e-16
2.220446049250313081e-16
2.220446049250313081e-16
2.220446049250313081e-16
2.220446049250313081e-16
2.220446049250313081e-16
2.220446049250313081e-16
2.220446049250313081e-16
2.220446049250313081e-16
2.220446049250313081e-16
2.220446049250313081e-16
2.220446049250313081e-16
2.220446049250313081e-16
2.220446049250313081e-16
2.220446049250313081e-16
2.220446049250313081e-16
2.220446049250313081e-16
2.220446049250313081e-16
2.220446049250313081e-16
2.220446049250313081e-16
2.220446049250313081e-16
2.220446049250313081e-16
2.220446049250313081e-16
2.220446049250313081e-16
2.220446049250313081e-16
2.220446049250313081e-16
2.220446049250313081e-16
2.220446049250313081e-16
2.220446049250313081e-16
2.220446049250313081e-16
2.220446049250313081e-16
2.220446049250313081e-16
2.220446049250313081e-16
2.220446049250313081e-16
1.530208774358419715e-15
2.220446049250313081e-16
2.220446049250313081e-16
2.220446049250313081e-16
2.220446049250313081e-16
2.220446049250313081e-16
1.627054517982494602e-15
2.220446049250313081e-16
2.220446049250313081e-16
2.220446049250313081e-16
2.220446049250313081e-16
2.220446049250313081e-16
2.220446049250313081e-16
2.220446049250313081e-16
2.220446049250313081e-16
2.220446049250313081e-16
2.220446049250313081e-16
1.560924268287358077e-15
2.220446049250313081e-16
2.220446049250313081e-16
2.220446049250313081e-16
2.220446049250313081e-16
2.220446049250313081e-16
2.220446049250313081e-16
2.220446049250313081e-16
2.220446049250313081e-16
2.220446049250313081e-16
2.220446049250313081e-16
2.220446049250313081e-16
2.220446049250313081e-16
2.220446049250313081e-16
2.220446049250313081e-16
2.220446049250313081e-16
2.220446049250313081e-16
2.220446049250313081e-16
2.220446049250313081e-16
2.220446049250313081e-16
2.220446049250313081e-16
2.220446049250313081e-16
2.220446049250313081e-16
2.220446049250313081e-16
2.220446049250313081e-16
2.220446049250313081e-16
2.220446049250313081e-16
2.220446049250313081e-16
2.220446049250313081e-16
1.553418474125879191e-15
2.220446049250313081e-16
2.220446049250313081e-16
2.220446049250313081e-16
1.569232009962980823e-15
2.220446049250313081e-16
2.220446049250313081e-16
2.220446049250313081e-16
2.220446049250313081e-16
2.220446049250313081e-16
2.220446049250313081e-16
1.584674013253178201e-15
2.220446049250313081e-16
2.220446049250313081e-16
1.630339374447052776e-15
2.220446049250313081e-16
1.153735741874263288e-14
2.220446049250313081e-16
2.220446049250313081e-16
2.220446049250313081e-16
2.220446049250313081e-16
2.220446049250313081e-16
2.220446049250313081e-16
2.220446049250313081e-16
2.220446049250313081e-16
2.220446049250313081e-16
2.220446049250313081e-16
2.220446049250313081e-16
2.220446049250313081e-16
2.220446049250313081e-16
1.559755906614673312e-15
2.220446049250313081e-16
2.220446049250313081e-16
2.220446049250313081e-16
1.589190855465692733e-15
2.220446049250313081e-16
2.220446049250313081e-16
2.220446049250313081e-16
2.220446049250313081e-16
2.220446049250313081e-16
2.220446049250313081e-16
2.220446049250313081e-16
2.220446049250313081e-16
2.220446049250313081e-16
1.623216558991023438e-15
2.220446049250313081e-16
2.220446049250313081e-16
2.220446049250313081e-16
2.220446049250313081e-16
2.220446049250313081e-16
2.220446049250313081e-16
2.220446049250313081e-16
2.220446049250313081e-16
2.220446049250313081e-16
2.220446049250313081e-16
2.220446049250313081e-16
2.220446049250313081e-16
2.220446049250313081e-16
2.220446049250313081e-16
2.220446049250313081e-16
2.220446049250313081e-16
2.220446049250313081e-16
2.220446049250313081e-16
2.220446049250313081e-16
2.220446049250313081e-16
2.220446049250313081e-16
2.220446049250313081e-16
2.220446049250313081e-16
1.638672160453993856e-15
8.348277571251296537e-14
2.220446049250313081e-16
2.220446049250313081e-16
1.626050328768370604e-15
2.220446049250313081e-16
2.220446049250313081e-16
1.633567748727470377e-15
2.220446049250313081e-16
2.220446049250313081e-16
2.220446049250313081e-16
1.149088549881201656e-14
2.220446049250313081e-16
2.220446049250313081e-16
2.220446049250313081e-16
2.220446049250313081e-16
2.220446049250313081e-16
2.220446049250313081e-16
2.220446049250313081e-16
2.220446049250313081e-16
2.220446049250313081e-16
2.220446049250313081e-16
2.220446049250313081e-16
2.220446049250313081e-16
1.596261115431798818e-15
2.220446049250313081e-16
2.220446049250313081e-16
2.220446049250313081e-16
2.220446049250313081e-16
1.624413509897288004e-15
2.220446049250313081e-16
2.220446049250313081e-16
8.473915734165119698e-14
2.220446049250313081e-16
1.646370651018167239e-15
2.220446049250313081e-16
2.220446049250313081e-16
1.605383757652027282e-15
2.220446049250313081e-16
8.319004844009896184e-14
2.220446049250313081e-16
2.220446049250313081e-16
1.598194857837579964e-15
2.220446049250313081e-16
2.220446049250313081e-16
2.220446049250313081e-16
2.220446049250313081e-16
2.220446049250313081e-16
8.533806972964118616e-14
2.220446049250313081e-16
2.220446049250313081e-16
1.632797924233417518e-15
2.220446049250313081e-16
2.220446049250313081e-16
2.220446049250313081e-16
2.220446049250313081e-16
2.220446049250313081e-16
2.220446049250313081e-16
2.220446049250313081e-16
2.220446049250313081e-16
2.220446049250313081e-16
2.220446049250313081e-16
2.220446049250313081e-16
1.610750619859506121e-15
2.220446049250313081e-16
1.180011756413513174e-14
6.118484686741744249e-13
2.220446049250313081e-16
1.188842801478458906e-14
2.220446049250313081e-16
1.037244905396219286e-14
1.587602947205892798e-15
1.635671162949620147e-15
2.220446049250313081e-16
2.220446049250313081e-16
2.220446049250313081e-16
2.220446049250313081e-16
2.220446049250313081e-16
2.220446049250313081e-16
2.220446049250313081e-16
2.220446049250313081e-16
2.220446049250313081e-16
1.545889843460389626e-15
2.220446049250313081e-16
2.220446049250313081e-16
2.220446049250313081e-16
2.220446049250313081e-16
2.220446049250313081e-16
2.220446049250313081e-16
2.220446049250313081e-16
2.220446049250313081e-16
2.220446049250313081e-16
4.653960227033412521e-12
2.220446049250313081e-16
1.529286040577722846e-15
2.220446049250313081e-16
1.625635444913665244e-15
2.220446049250313081e-16
6.061560190530214797e-13
1.092767211711635993e-14
2.220446049250313081e-16
1.115080675524353954e-14
1.631463377496771658e-15
2.220446049250313081e-16
8.405142474279650373e-14
2.220446049250313081e-16
2.220446049250313081e-16
2.220446049250313081e-16
2.220446049250313081e-16
8.103464869455164272e-14
3.588600595399536860e-05
2.220446049250313081e-16
9.427622608952198825e-08
2.220446049250313081e-16
2.220446049250313081e-16
1.190647978852041662e-14
2.220446049250313081e-16
2.220446049250313081e-16
1.597179075875152448e-15
2.220446049250313081e-16
2.220446049250313081e-16
2.220446049250313081e-16
2.220446049250313081e-16
2.220446049250313081e-16
1.583757824930611913e-15
1.645852982164919740e-09
2.220446049250313081e-16
2.220446049250313081e-16
2.220446049250313081e-16
3.389202097823991759e-11
2.220446049250313081e-16
2.220446049250313081e-16
8.619638081706848527e-14
8.592577712966036171e-14
1.185166461023358304e-14
2.220446049250313081e-16
8.512066759395461256e-14
8.647318025799629474e-14
1.615081147356531639e-15
6.239330108889340567e-13
5.615097737390721768e-13
1.183678412257597625e-14
2.008460351861180652e-04
2.220446049250313081e-16
2.220446049250313081e-16
2.220446049250313081e-16
3.149568101929547001e-11
2.220446049250313081e-16
1.790914626589686452e-09
2.220446049250313081e-16
2.984601137822065473e-11
1.580985931860305416e-15
2.220446049250313081e-16
2.220446049250313081e-16
2.220446049250313081e-16
1.556002868626374962e-15
6.956363709186336104e-14
5.655142163672414125e-13
2.220446049250313081e-16
1.583594853049415268e-15
4.645712545518109118e-12
9.738509444544334037e-02
2.220446049250313081e-16
8.028073723879363556e-14
1.704395466423598503e-09
2.220446049250313081e-16
2.220446049250313081e-16
3.016102286155865664e-11
1.585548190645569872e-15
1.595706877057853737e-15
2.220446049250313081e-16
2.220446049250313081e-16
1.493732098463082546e-15
1.159917502972448498e-14
6.336351120258717454e-13
1.588626555992775306e-15
3.054112376105881305e-11
8.376842378370797030e-14
1.741604077196678329e-09
2.220446049250313081e-16
6.311307415407397090e-13
4.873339810533679660e-06
1.049874188929407869e-14
2.220446049250313081e-16
1.180066941584046604e-14
2.220446049250313081e-16
1.204948512977379510e-14
3.405363400343576460e-11
2.220446049250313081e-16
1.202318161767225339e-08
1.057713355730854246e-08
4.651226356852562181e-12
3.442565994213132943e-11
8.511003622384728692e-08
1.138837386513988022e-14
3.681201724764955618e-05
2.220446049250313081e-16
8.803427255650230960e-14
8.682783328770987808e-14
1.190379414725333951e-14
1.532644712391046014e-15
2.220446049250313081e-16
6.072959945817104300e-07
1.033214033795173512e-14
6.194283657056888663e-13
7.766115357082022554e-14
2.234669473140669660e-10
5.677867539884631561e-13
5.000403739090463674e-06
2.220446049250313081e-16
2.220446049250313081e-16
6.297948829855089114e-13
1.161777101849215160e-14
1.748711843462717817e-09
1.190494749256443925e-14
1.551345892570646443e-15
4.484434781781867683e-12
5.887585860507867359e-13
2.556876923700057767e-04
2.220446049250313081e-16
2.220446049250313081e-16
1.410756084673437604e-15
7.240689410273227766e-01
5.755360406046415076e-13
2.220446049250313081e-16
1.597520392069781592e-15
1.589051890104989015e-15
6.210111708909875451e-13
1.142605875406811581e-14
8.305902780653195586e-08
1.079342916871614729e-08
1.289259520140221410e-02
1.016083957896650181e-01
9.034691864423552688e-08
3.405477999773353287e-05
1.392337079748674246e-02
6.334097186903533947e-13
3.759380298274973597e+01
1.132337634888627086e-14
1.329559598180182866e-08
8.844412976033114582e-14
1.545856376230050989e-15
1.187623680716170653e-14
3.618504294932021385e-05
2.358087002117240481e-10
1.276594682624711702e-08
2.220446049250313081e-16
4.436247594161564591e-12
2.220446049250313081e-16
4.110062315375054516e-12
1.188349878346139198e-08
5.644453815005959996e+00
2.220446049250313081e-16
3.121656932788310506e-11
5.532425299352186513e-13
2.555224392108759769e-12
1.774139641401722848e-03
8.942658534656942061e-08
2.220446049250313081e-16
2.220446049250313081e-16
5.085560896748454922e-06
2.220446049250313081e-16
8.468322340133922597e-14
2.220446049250313081e-16
1.065764956694334623e-14
2.220446049250313081e-16
2.477661051881252035e-10
1.592794300159629957e-15
3.414968611375791163e-05
7.779912117973243505e-14
1.181169746838183436e-14
5.386922664796806259e+00
3.810017748868126830e+01
1.219690281786721528e-14
4.277884434834003429e-12
9.410371174352393686e-08
1.847985472366517647e-09
1.505513034699894365e-15
9.803334104172440088e-08
5.008443597591636376e+00
2.220446049250313081e-16
3.220810984644873641e-11
2.220446049250313081e-16
2.220446049250313081e-16
1.471507598445711373e-09
2.220446049250313081e-16
5.248253102001790341e-07
4.345219637911391422e-13
1.155800440486596084e-08
7.550547327580167112e-01
5.670828679762009550e+00
2.956955893285960286e-11
2.220446049250313081e-16
2.361594651994092405e-04
2.220446049250313081e-16
3.820320059794615730e+01
2.220446049250313081e-16
4.917034900476289216e+00
1.601488143636952146e-15
5.131895875673567707e-06
4.051237915435825343e+00
2.220446049250313081e-16
3.838291567090534073e+01
5.750155942803627112e-13
4.900396504951944898e+00
1.186119116625214348e-14
2.220446049250313081e-16
1.199013945706991157e-14
4.903832767321391746e-06
6.209664800724368244e-13
8.255463488524548096e-14
2.458797019800146528e-04
2.220446049250313081e-16
7.189734086775350086e-01
4.494739700559990503e+00
1.183109145646375040e-14
1.033287091200352503e-01
1.089983926057941377e-14
2.372484435907680452e-10
3.496803846536459304e+01
3.210972695614171123e-11
3.404063420523820254e-11
9.645527928237970679e-08
1.269756700532213621e-08
2.220446049250313081e-16
3.841003082898071597e+01
1.345524032101023789e-08
4.009256122936381672e+01
9.369140551925064786e-02
3.900366506730316019e+01
3.562622746907213411e+01
1.172998149816559653e-14
2.844920106441400849e-11
2.220446049250313081e-16
6.287956809172440182e-13
1.918465880024324086e-03
2.302014127642106659e-10
5.415773774970053189e+00
1.639388674352611138e-05
1.168556901906019180e-14
3.942406547865613494e-12
4.090247566462538731e-01
2.220446049250313081e-16
2.220446049250313081e-16
2.220446049250313081e-16
1.782477336281959015e-04
1.995269468457715124e-10
1.507045492400064465e-15
3.640860865019176454e-05
7.870203449958442000e-14
4.001159769117766984e+01
3.678019189699203899e-12
3.249567199515007027e-05
3.566293571555385711e+01
1.094712229028135894e-14
9.308479076872237028e-15
5.711066785412885164e-13
8.937741470744272471e-08
1.196204027732173259e-14
2.220446049250313081e-16
2.220446049250313081e-16
4.529311530913242123e+00
1.860413470622358789e-03
6.277104636348199707e-01
1.603611829182791017e-03
3.255271410991597591e-11
3.638202036393223437e+01
4.433241646307899474e-12
6.226727613509066422e-02
4.312117918295800111e-12
1.662949218022016611e-03
1.106551058025783378e-14
5.472389027832632813e+00
2.220446049250313081e-16
5.362308162304126213e+00
4.494367144060973594e-12
9.055722593276078502e-08
7.418120034314670264e-01
3.475652770011145612e-05
5.004549715715078907e-06
5.362828675464564654e+00
3.617230210732785167e+01
5.300166498586475150e+00
1.597849285028175993e-15
6.100751760172056714e-13
1.536476494931087785e-15
2.168131367873274122e-10
5.139278115007332559e+00
2.220446049250313081e-16
4.993578018240914851e+00
2.220446049250313081e-16
2.220446049250313081e-16
3.844651916164702499e+01
5.120014714691053723e-03
3.568275658891237713e-12
3.607299794374562651e+01
2.187893014254937504e-11
2.220446049250313081e-16
3.306745187584005876e-11
7.317930993708648968e-01
1.555860194534640234e-06
3.862789808478497378e+01
1.947239176966143260e-03
3.263721805132887599e-06
1.336027986795814901e-02
5.385420657032251590e+00
9.588066223405117272e-02
2.220446049250313081e-16
4.985251517372335961e+00
6.938561678638404994e-09
7.440747470353145099e-01
7.067190439112109868e-01
9.333947842524309424e-02
3.710725760774577964e+01
4.003261397237417896e+01
1.572819458046678325e-15
7.164793222417110696e-01
7.677797158846492165e-01
3.991291248086437093e+01
2.220446049250313081e-16
1.432510273765434290e-15
1.776241147416977384e+01
1.571527387619279118e-15
4.260844107967723460e+01
7.340975955635677952e-01
7.002115593045866726e-01
7.660348496814572972e-01
3.988710690963524996e+01
1.385016411784484531e-03
3.849971307536311116e+01
3.075642148354706734e-06
7.256945281609212817e-01
8.048728686145824937e-14
3.912174052787820244e+01
1.267802512875249286e-08
2.220446049250313081e-16
4.134071106275613222e-13
3.479294962114524736e+01
6.165565165043823111e-13
3.545016002673773414e+01
4.039925296383252378e-12
5.195171818135458253e+00
3.712673728450960198e+01
1.125673248321139333e-14
5.381566139823951822e+00
2.220446049250313081e-16
3.245477699182619347e+01
2.140521608177759888e-10
5.256147565934617738e+00
2.220446049250313081e-16
6.031267989812937505e-14
2.220446049250313081e-16
5.543580432987771302e-12
2.220446049250313081e-16
9.720150767520394086e-02
3.937148421259587394e+01
9.390533609388326819e-02
1.760353415396942629e-03
3.879365183284663487e+01
4.083436167927531812e+01
5.473522638989198474e-06
9.364422596708199734e-08
1.269857398926158530e-02
3.660570923694228984e+00
3.264854722546850805e-05
6.443132844939817583e-08
1.070030798125301650e-14
2.220446049250313081e-16
7.387073959796907063e-01
1.817488681056198549e-03
4.090708213652168723e+01
2.571029221928226947e-04
5.267835575500371625e+00
7.495427964304418600e-01
5.767255190841763302e+00
5.930864348777701221e-13
3.894585959870958192e+01
5.067283972963039673e+00
3.886405763809358405e+01
1.983899236909537358e-04
4.710390463829975888e-06
7.220787404301291864e-14
1.541936616522063713e-15
5.285623037274636893e+00
7.781778145262682189e-01
2.220446049250313081e-16
1.835578298488776516e+00
5.139568044210039766e+00
3.791628046558235354e+01
4.035792895289520743e+01
2.835580284414260888e+01
3.746635737340449879e+01
2.970054946418987996e+01
2.485596636690092609e+01
1.048387594044225130e-01
2.375149694008438665e-12
2.453000461521794406e+01
5.409982360189760087e+00
2.220446049250313081e-16
6.029944114047657757e-13
9.774162183454593311e-02
7.366324506561541252e-01
5.189360720062405896e+00
7.387159798644465925e-02
2.220446049250313081e-16
3.666915239525103232e+01
2.167555898049259255e+01
1.206612380510704904e-14
1.210536052600612725e-14
1.143156303289772021e-09
7.001765707015998874e-01
4.737946037051055548e+00
1.374533750011126300e-02
1.250318000178031290e-02
4.893237385818570928e+00
3.802136613556717748e+01
3.830323126572110937e+01
3.766230485772045000e+01
8.740028205326416666e-02
3.741344375295457780e+01
4.076220895897855902e-06
3.334946806195025054e-05
4.440553129906609087e+01
2.600076161747281902e-04
3.571159632361143821e+01
9.929725292694742064e-03
6.058235715042732744e-07
1.190532970271875220e-02
2.260122724697189237e-04
3.803889736775581554e+01
3.717238032453224150e+01
3.549915583727909763e+01
9.796408362581278395e-02
2.220446049250313081e-16
8.971066329396332672e-04
2.220446049250313081e-16
9.976828781381574807e-02
5.371166534159108608e+00
5.832502428600536285e-13
3.407581403680291032e+01
1.799203676432412544e-05
5.502790679813386987e+00
3.968464761075353664e+01
5.025164080488520923e+00
4.043861615622609662e+01
7.128902023563374879e-01
3.852108346664352467e+01
2.953812808802295867e-11
1.424154575649323878e-15
5.497214011492094876e+00
3.761857950621989488e+01
1.393701331052823727e-15
2.220446049250313081e-16
9.280615922752215308e-02
1.391651473968311906e-04
3.408980228080681485e+01
3.984690549426974115e+01
3.699724518868267609e+01
3.785445551957145227e+01
7.218165884528376930e-01
2.319087030975689790e-04
5.483303992231130408e+00
3.256049660652107214e-01
3.653755344181905684e+01
1.178177021468980304e-14
3.728688256916999677e+01
9.411523625591783349e-02
3.881669881912691977e+01
6.738017330836640895e-01
3.247733262807792443e+01
9.857160307127236312e-08
5.421026683903950705e+00
3.991759694359451061e+01
3.658339087510896093e+01
3.260667204027276966e+01
8.007650278847591174e-01
7.592224627674008530e-14
3.689381885301923347e+01
1.304924311913929942e-02
1.789723243864238490e-03
9.768958019803450354e-02
3.562181397578300590e+01
3.569679856441084809e+01
3.777418283466761295e+01
2.220446049250313081e-16
5.171656247540543205e+00
9.981715274689481610e-02
3.849572898862555803e+01
6.750025282388167902e-01
5.243514711153669516e+00
3.644288713414817948e+01
5.240991210848518378e+00
3.995779363129432937e+01
3.996818316979911145e+01
7.675124834504331028e-01
3.808771595397522702e+01
2.220446049250313081e-16
1.442959003504494717e-15
3.729673653197914973e+01
3.762012710467679000e+01
3.945990044034243027e+01
6.849666460336709672e-01
2.646302815806254806e-04
3.506225937281967475e+01
3.888119843909181128e+01
4.507768973003169144e+00
2.079844066806223690e+00
5.385408310516596408e+00
3.933775233500170998e+01
5.189495406292842006e+00
3.729974566282736959e+01
6.358667121126496680e-01
5.767534729273106689e-03
3.914124885861444625e+01
4.323473827766907363e+01
5.759351546904558014e-08
3.868312171199637106e+01
1.933711466486940367e+01
3.909638987454368930e+01
3.122822776473792387e-05
4.433794679752498524e+00
1.256335452603213998e+00
3.897964900635946606e+01
4.712099800682363338e+00
3.876292779410255207e+01
5.262440104024435961e+00
2.397378739690994837e-11
3.772586062057043677e+01
7.434196780224411891e-05
1.830900021360971053e+01
3.708560972784434284e+01
2.227336877365064674e-07
4.017041957209076486e+01
3.408883892577778727e-05
3.947957019104441656e+01
3.755719725642282469e+01
6.647775651816468789e-01
3.676664916307596087e+01
3.708053818958109105e+01
5.691356081608786377e-08
2.220446049250313081e-16
2.203223145775487335e-07
7.321540311324309380e-01
9.874200073326012961e-02
3.524573791449689963e+01
3.414390987794425740e-05
3.896222664161789595e+01
8.315785360955389193e-14
3.867526682961695669e-12
4.645100296704405274e+00
2.220446049250313081e-16
7.033248081038636634e-01
2.601901975759565833e+00
4.985229991766225055e+00
1.680905350245046840e-03
