2.220446049250313081e-16
2.220446049250313081e-16
2.220446049250313081e-16
2.220446049250313081e-16
2.220446049250313081e-16
2.220446049250313081e-16
2.220446049250313081e-16
2.220446049250313081e-16
2.220446049250313081e-16
2.220446049250313081e-16
2.220446049250313081e-16
2.220446049250313081e-16
2.220446049250313081e-16
2.220446049250313081e-16
2.220446049250313081e-16
2.220446049250313081e-16
2.220446049250313081e-16
2.220446049250313081e-16
2.220446049250313081e-16
2.220446049250313081e-16
2.220446049250313081e-16
2.220446049250313081e-16
2.220446049250313081e-16
2.220446049250313081e-16
2.220446049250313081e-16
2.220446049250313081e-16
2.220446049250313081e-16
2.220446049250313081e-16
2.220446049250313081e-16
2.220446049250313081e-16
2.220446049250313081e-16
2.220446049250313081e-16
2.220446049250313081e-16
2.220446049250313081e-16
2.220446049250313081e-16
2.220446049250313081e-16
2.220446049250313081e-16
2.220446049250313081e-16
2.220446049250313081e-16
2.220446049250313081e-16
2.220446049250313081e-16
2.220446049250313081e-16
2.220446049250313081e-16
2.220446049250313081e-16
2.220446049250313081e-16
2.220446049250313081e-16
2.220446049250313081e-16
2.220446049250313081e-16
2.220446049250313081e-16
2.220446049250313081e-16
2.220446049250313081e-16
2.220446049250313081e-16
2.220446049250313081e-16
2.220446049250313081e-16
2.220446049250313081e-16
2.220446049250313081e-16
2.220446049250313081e-16
2.220446049250313081e-16
2.220446049250313081e-16
2.220446049250313081e-16
2.220446049250313081e-16
2.220446049250313081e-16
2.220446049250313081e-16
2.220446049250313081e-16
2.220446049250313081e-16
2.220446049250313081e-16
2.220446049250313081e-16
2.220446049250313081e-16
2.220446049250313081e-16
2.220446049250313081e-16
2.220446049250313081e-16
2.220446049250313081e-16
2.220446049250313081e-16
2.220446049250313081e-16
2.220446049250313081e-16
2.220446049250313081e-16
2.220446049250313081e-16
2.220446049250313081e-16
2.220446049250313081e-16
2.220446049250313081e-16
2.220446049250313081e-16
2.220446049250313081e-16
2.220446049250313081e-16
2.220446049250313081e-16
2.220446049250313081e-16
2.220446049250313081e-16
2.220446049250313081e-16
2.220446049250313081e-16
2.220446049250313081e-16
2.220446049250313081e-16
2.220446049250313081e-16
2.220446049250313081e-16
2.220446049250313081e-16
2.220446049250313081e-16
2.220446049250313081e-16
2.220446049250313081e-16
2.220446049250313081e-16
2.220446049250313081e-16
2.220446049250313081e-16
2.220446049250313081e-16
2.220446049250313081e-16
2.220446049250313081e-16
2.220446049250313081e-16
2.220446049250313081e-16
2.220446049250313081e-16
2.220446049250313081e-16
2.220446049250313081e-16
2.220446049250313081e-16
2.220446049250313081e-16
2.220446049250313081e-16
2.220446049250313081e-16
2.220446049250313081e-16
2.220446049250313081e-16
2.220446049250313081e-16
2.220446049250313081e-16
2.220446049250313081e-16
2.220446049250313081e-16
2.220446049250313081e-16
2.220446049250313081e-16
2.220446049250313081e-16
2.220446049250313081e-16
2.220446049250313081e-16
2.220446049250313081e-16
2.220446049250313081e-16
2.220446049250313081e-16
2.220446049250313081e-16
2.220446049250313081e-16
2.220446049250313081e-16
2.220446049250313081e-16
2.220446049250313081e-16
2.220446049250313081e-16
2.220446049250313081e-16
2.220446049250313081e-16
2.220446049250313081e-16
2.220446049250313081e-16
2.220446049250313081e-16
2.220446049250313081e-16
1.535326496232327230e-15
2.220446049250313081e-16
2.220446049250313081e-16
2.220446049250313081e-16
2.220446049250313081e-16
2.220446049250313081e-16
2.220446049250313081e-16
2.220446049250313081e-16
2.220446049250313081e-16
2.220446049250313081e-16
2.220446049250313081e-16
2.220446049250313081e-16
2.220446049250313081e-16
2.220446049250313081e-16
2.220446049250313081e-16
2.220446049250313081e-16
2.220446049250313081e-16
2.220446049250313081e-16
2.220446049250313081e-16
2.220446049250313081e-16
2.220446049250313081e-16
2.220446049250313081e-16
2.220446049250313081e-16
2.220446049250313081e-16
1.472397620618568967e-15
2.220446049250313081e-16
2.220446049250313081e-16
2.220446049250313081e-16
2.220446049250313081e-16
2.220446049250313081e-16
2.220446049250313081e-16
2.220446049250313081e-16
2.220446049250313081e-16
1.614420968480287012e-15
2.220446049250313081e-16
2.220446049250313081e-16
2.220446049250313081e-16
2.220446049250313081e-16
2.220446049250313081e-16
2.220446049250313081e-16
2.220446049250313081e-16
2.220446049250313081e-16
2.220446049250313081e-16
2.220446049250313081e-16
2.220446049250313081e-16
2.220446049250313081e-16
2.220446049250313081e-16
2.220446049250313081e-16
2.220446049250313081e-16
2.220446049250313081e-16
2.220446049250313081e-16
2.220446049250313081e-16
2.220446049250313081e-16
2.220446049250313081e-16
2.220446049250313081e-16
2.220446049250313081e-16
2.220446049250313081e-16
2.220446049250313081e-16
2.220446049250313081e-16
2.220446049250313081e-16
2.220446049250313081e-16
2.220446049250313081e-16
2.220446049250313081e-16
2.220446049250313081e-16
2.220446049250313081e-16
2.220446049250313081e-16
2.220446049250313081e-16
2.220446049250313081e-16
2.220446049250313081e-16
2.220446049250313081e-16
2.220446049250313081e-16
2.220446049250313081e-16
2.220446049250313081e-16
2.220446049250313081e-16
2.220446049250313081e-16
2.220446049250313081e-16
2.220446049250313081e-16
2.220446049250313081e-16
2.220446049250313081e-16
2.220446049250313081e-16
2.220446049250313081e-16
2.220446049250313081e-16
2.220446049250313081e-16
2.220446049250313081e-16
2.220446049250313081e-16
2.220446049250313081e-16
2.220446049250313081e-16
2.220446049250313081e-16
2.220446049250313081e-16
2.220446049250313081e-16
2.220446049250313081e-16
2.220446049250313081e-16
2.220446049250313081e-16
2.220446049250313081e-16
2.220446049250313081e-16
2.220446049250313081e-16
2.220446049250313081e-16
2.220446049250313081e-16
2.220446049250313081e-16
2.220446049250313081e-16
2.220446049250313081e-16
2.220446049250313081e-16
2.220446049250313081e-16
2.220446049250313081e-16
2.220446049250313081e-16
2.220446049250313081e-16
2.220446049250313081e-16
2.220446049250313081e-16
2.220446049250313081e-16
2.220446049250313081e-16
2.220446049250313081e-16
2.220446049250313081e-16
2.220446049250313081e-16
1.455301894677158532e-15
2.220446049250313081e-16
2.220446049250313081e-16
2.220446049250313081e-16
2.220446049250313081e-16
2.220446049250313081e-16
2.220446049250313081e-16
2.220446049250313081e-16
1.503921599196011995e-15
2.220446049250313081e-16
2.220446049250313081e-16
2.220446049250313081e-16
2.220446049250313081e-16
2.220446049250313081e-16
2.220446049250313081e-16
2.220446049250313081e-16
2.220446049250313081e-16
2.220446049250313081e-16
2.220446049250313081e-16
2.220446049250313081e-16
2.220446049250313081e-16
2.220446049250313081e-16
2.220446049250313081e-16
2.220446049250313081e-16
2.220446049250313081e-16
2.220446049250313081e-16
2.220446049250313081e-16
2.220446049250313081e-16
2.220446049250313081e-16
2.220446049250313081e-16
2.220446049250313081e-16
2.220446049250313081e-16
2.220446049250313081e-16
1.611981346446365988e-15
2.220446049250313081e-16
2.220446049250313081e-16
2.220446049250313081e-16
2.220446049250313081e-16
1.603520170208149471e-15
2.220446049250313081e-16
2.220446049250313081e-16
2.220446049250313081e-16
2.220446049250313081e-16
2.220446049250313081e-16
2.220446049250313081e-16
2.220446049250313081e-16
2.220446049250313081e-16
2.220446049250313081e-16
2.220446049250313081e-16
2.220446049250313081e-16
2.220446049250313081e-16
2.220446049250313081e-16
2.220446049250313081e-16
2.220446049250313081e-16
2.220446049250313081e-16
1.597065840144307405e-15
2.220446049250313081e-16
2.220446049250313081e-16
2.220446049250313081e-16
2.220446049250313081e-16
2.220446049250313081e-16
2.220446049250313081e-16
2.220446049250313081e-16
2.220446049250313081e-16
2.220446049250313081e-16
2.220446049250313081e-16
2.220446049250313081e-16
2.220446049250313081e-16
1.633299993703097620e-15
2.220446049250313081e-16
2.220446049250313081e-16
1.627469610079172514e-15
2.220446049250313081e-16
2.220446049250313081e-16
2.220446049250313081e-16
2.220446049250313081e-16
2.220446049250313081e-16
1.556957276689992355e-15
2.220446049250313081e-16
2.220446049250313081e-16
2.220446049250313081e-16
2.220446049250313081e-16
2.220446049250313081e-16
2.220446049250313081e-16
2.220446049250313081e-16
2.220446049250313081e-16
2.220446049250313081e-16
1.627193650575403283e-15
2.220446049250313081e-16
2.220446049250313081e-16
1.615038996228544653e-15
2.220446049250313081e-16
2.220446049250313081e-16
2.220446049250313081e-16
2.220446049250313081e-16
2.220446049250313081e-16
2.220446049250313081e-16
2.220446049250313081e-16
2.220446049250313081e-16
1.626710442502883168e-15
2.220446049250313081e-16
2.220446049250313081e-16
2.220446049250313081e-16
1.190562943471428903e-14
2.220446049250313081e-16
2.220446049250313081e-16
2.220446049250313081e-16
8.603267778763303819e-14
2.220446049250313081e-16
2.220446049250313081e-16
1.564527563410873083e-15
2.220446049250313081e-16
2.220446049250313081e-16
2.220446049250313081e-16
2.220446049250313081e-16
2.220446049250313081e-16
2.220446049250313081e-16
2.220446049250313081e-16
2.220446049250313081e-16
2.220446049250313081e-16
1.637974231300477727e-15
2.220446049250313081e-16
2.220446049250313081e-16
2.220446049250313081e-16
2.220446049250313081e-16
2.220446049250313081e-16
2.220446049250313081e-16
2.220446049250313081e-16
8.538391312183643080e-14
2.220446049250313081e-16
1.595419821810098965e-15
2.220446049250313081e-16
2.220446049250313081e-16
2.220446049250313081e-16
2.220446049250313081e-16
2.220446049250313081e-16
1.593599568806869554e-15
2.220446049250313081e-16
2.220446049250313081e-16
2.220446049250313081e-16
2.220446049250313081e-16
2.220446049250313081e-16
1.183301853555193463e-14
1.626982352488291759e-15
2.220446049250313081e-16
1.126603000007439015e-14
1.620783586939157787e-15
2.220446049250313081e-16
2.220446049250313081e-16
2.220446049250313081e-16
2.220446049250313081e-16
1.624933733938965592e-15
2.220446049250313081e-16
1.588208624728732899e-15
2.220446049250313081e-16
2.220446049250313081e-16
1.627439584566128819e-15
1.467643210340463428e-15
1.184564177467806055e-14
1.627055713607497640e-15
1.605383745464178164e-15
2.220446049250313081e-16
2.220446049250313081e-16
2.220446049250313081e-16
2.220446049250313081e-16
2.220446049250313081e-16
8.449970016461877114e-14
1.173745506634575778e-14
1.197474957027209396e-14
2.220446049250313081e-16
1.126083167932924981e-14
2.220446049250313081e-16
2.220446049250313081e-16
2.220446049250313081e-16
2.220446049250313081e-16
1.557414049718632109e-15
8.513508034083067966e-14
1.307009012885918792e-08
2.220446049250313081e-16
2.220446049250313081e-16
1.562155219849386337e-15
8.403352901823767998e-14
2.220446049250313081e-16
2.220446049250313081e-16
2.220446049250313081e-16
1.173558920524151016e-14
2.220446049250313081e-16
2.220446049250313081e-16
1.575822149952904652e-15
1.192779976647387174e-14
1.133910501016506035e-14
2.220446049250313081e-16
2.220446049250313081e-16
1.186048271607201790e-14
1.571551566591416220e-15
1.595239839783108505e-15
2.220446049250313081e-16
1.154710308928629827e-14
1.161399613194255469e-14
2.220446049250313081e-16
4.537931669504406273e-12
2.220446049250313081e-16
2.220446049250313081e-16
1.637339025827982170e-15
2.220446049250313081e-16
2.220446049250313081e-16
2.220446049250313081e-16
2.220446049250313081e-16
2.220446049250313081e-16
1.237687595762060811e-08
2.220446049250313081e-16
1.622774326491270100e-15
2.430380861389259292e-10
2.220446049250313081e-16
1.531497534677200274e-15
1.162455215315561514e-14
2.220446049250313081e-16
2.220446049250313081e-16
8.537324341927421622e-14
2.220446049250313081e-16
1.545181522857988152e-15
1.607979524775486870e-15
8.447955764719203314e-14
1.203741942281741841e-08
2.220446049250313081e-16
2.220446049250313081e-16
2.220446049250313081e-16
1.588475208836976651e-15
2.220446049250313081e-16
2.220446049250313081e-16
2.220446049250313081e-16
6.067467771372506984e-13
1.172506511045181015e-14
1.208458126371046979e-14
4.807321198145165077e-06
2.220446049250313081e-16
2.220446049250313081e-16
1.116902364127924557e-14
2.398520327297653493e-10
2.220446049250313081e-16
1.136990014828695107e-14
5.834739483690268170e-13
6.335581118010859990e-13
1.141122876279316721e-14
1.601102867895621830e-15
7.652084303117513420e-01
4.930142653941723670e-06
6.757018260666483467e-14
2.220446049250313081e-16
1.139517225951757736e-14
1.629850458308629527e-15
2.220446049250313081e-16
2.220446049250313081e-16
2.220446049250313081e-16
1.103914799083183005e-14
6.191637441148871189e-13
2.220446049250313081e-16
8.549430563433645659e-14
2.220446049250313081e-16
2.726762670720567065e-04
1.166228970252493913e-14
1.129858078847410767e-14
1.004169788161227495e-14
4.289020907844551940e-12
2.220446049250313081e-16
1.207483315037956520e-14
2.596606174489434729e-04
2.220446049250313081e-16
2.220446049250313081e-16
2.220446049250313081e-16
1.630564167362902338e-15
1.061260094529864652e-14
1.593194331523106968e-15
6.476796415787959380e-07
1.150059783301099644e-14
1.556490661050332259e-15
2.371302119288268783e-10
1.530888950138092374e-15
1.194357198468948913e-14
5.290264550223548104e-13
1.635513164454965003e-15
2.220446049250313081e-16
2.220446049250313081e-16
6.835549292680978815e-07
6.102446643002551030e-13
2.316155373054378107e-10
1.604310059187125400e-15
1.602780404646823334e-15
2.220446049250313081e-16
1.640337224669585071e-15
2.220446049250313081e-16
1.152476095401492549e-14
1.580605268668049796e-09
1.173281476682039728e-14
2.220446049250313081e-16
2.220446049250313081e-16
3.416769934900593168e-05
2.220446049250313081e-16
6.124350659097420247e-13
1.608494773318666792e-15
1.592536398010181095e-15
1.770583985787112366e-03
2.459389965502657157e-10
2.220446049250313081e-16
1.664259808971699708e-09
2.220446049250313081e-16
2.220446049250313081e-16
3.594797879093895117e-05
1.563716922750505993e-15
2.220446049250313081e-16
1.675144461709338836e-09
8.676985859904603296e-14
9.153850087201276554e-08
2.432349262317348651e-10
2.846234715551448736e-11
1.522147316284001072e-15
2.220446049250313081e-16
1.519416777745049442e-09
2.220446049250313081e-16
1.126854689055123572e-14
3.098261888325930761e-11
8.723129993412875490e-14
4.313437851287701924e-12
1.619800859832873758e-15
1.135222858139680103e-14
2.538461501746213907e-04
1.852450407766210831e-03
1.191960537730907050e-14
1.128193361228635007e-14
2.220446049250313081e-16
2.364212841993445184e-10
1.626130128259608597e-15
1.092739047022883294e-14
3.336541526339942845e-05
1.171278413663487422e-14
2.220446049250313081e-16
2.220446049250313081e-16
6.243175263538657487e-13
1.622194832803618319e-15
3.819229033475691892e+01
1.055015914091731247e-08
2.220446049250313081e-16
7.710093033396728801e-01
2.347066772592937451e-10
9.698786908183790190e-02
2.220446049250313081e-16
2.642637846022678001e-04
1.193039776288627675e-14
1.006203482096284403e-14
2.220446049250313081e-16
1.096486560741809714e-14
1.582733307316244890e-15
1.340656136295708886e-02
1.266854386503504966e-02
4.677808381656463385e-06
4.579626673840534341e-06
5.478891188102649856e+00
2.220446049250313081e-16
1.156320463857961865e-14
1.865688550195651520e-03
1.927045513247549339e-03
1.831125978294918452e-03
1.295994348346570356e-08
2.220446049250313081e-16
7.432715714751336744e-01
2.220446049250313081e-16
7.071554105452352301e-01
6.473350077154564188e-14
8.285614228126449373e-14
1.056957498871521082e-14
2.843941589057693976e-08
3.720363069044509530e+01
2.220446049250313081e-16
7.621294860774866225e-14
8.872768678635671150e-14
2.306052130120915339e-10
1.594409407116212027e-03
1.516367377906445894e-15
3.514790194370674214e+01
1.071419140886369914e-01
1.567763099172788911e-15
1.351611135990526957e-02
7.572276365071323179e-02
8.307328786061393986e-14
1.624410061338723473e-15
3.241791971288996911e-11
2.760993822408177254e-11
1.350189784142895831e-02
1.865185522221515920e-03
2.220446049250313081e-16
1.087147767845720040e-14
4.046487298639105745e+01
2.249994598871925960e-04
1.634433046570852468e-15
1.262615145688255083e-08
1.470218759842899220e-15
4.943986158254890739e+00
1.127938061707627142e-14
9.718163866719448535e-08
2.220446049250313081e-16
1.142185141694248059e-14
5.173973735152409326e+00
1.588203924349723945e-15
2.220446049250313081e-16
5.840777869495853228e-13
1.249859940011002790e-08
9.591703680207785965e-02
5.360897118482220058e+00
6.392050210282346481e-13
4.122778141535657426e+01
1.432501149044678889e-15
1.619976949045285728e-15
1.165119568264522936e-14
9.344159521619149855e-08
4.908272514330424282e-06
2.443499271321109489e+01
7.965825752008234917e-08
7.924832073495555573e-14
1.646370625200723541e-15
3.811995159089413517e-12
2.485345958318655071e-07
1.715618044818096851e-03
6.888439517850147350e-07
1.742775131725996071e-10
2.220446049250313081e-16
4.054481789606597313e-12
4.370285801737572529e-06
6.101766093087469857e-13
4.808326727506472607e-06
6.797062812713069446e-01
3.370858254048210121e-11
1.524288173220180602e-15
1.612894489121283160e-05
9.069144762202262233e-02
2.220446049250313081e-16
5.176032466560609890e+00
6.065645830778225863e-13
1.623521059649709960e-10
3.887410698392304042e-06
9.245563939953353738e-02
4.115342063408044071e-12
4.776828275094170628e+00
5.045764634495969416e-06
1.019092161956539483e-01
1.491302533705317865e-15
8.842986346477039114e-14
5.202826493818981213e+00
2.372765803331801277e-10
3.909557703677688068e+01
1.003692463986645429e-14
3.653319941298478621e-05
1.789833437756049541e-10
3.237131229044778153e-11
2.621655719781574591e-04
3.800772479239444124e+01
2.220446049250313081e-16
1.049589888466780616e-14
7.248901583078736222e-01
3.384022374527308349e-05
2.290383881601872656e-10
1.376525073841910161e-02
3.735378768631248647e+01
4.129256245659642666e+00
7.461546690615234611e-08
9.434298270916337270e-02
4.112868449708994234e+01
2.220446049250313081e-16
3.321789601088470705e-05
1.645403874888099259e-15
2.220446049250313081e-16
4.808786718287857280e-06
9.536359566708497092e-15
6.753495252633934644e-07
6.683221464050342089e-07
5.148399574243888388e+00
1.090455353956421292e-01
5.155709505243319749e-13
6.812619357826952271e-01
4.016282926960267794e-06
5.322267941367765197e-13
2.220446049250313081e-16
2.304646344426966564e+01
7.142600297654826970e-08
4.828558194711247253e+00
1.241818542158592854e-08
2.480903174841743311e-04
2.220446049250313081e-16
4.639882913643382926e-06
2.985432996297431472e-05
6.413307191650804992e-14
1.071395950218741178e-01
1.503567474298790767e-15
3.282640101775169228e+01
1.885633166054719728e-03
2.220446049250313081e-16
7.864461227523901871e-14
3.915075012609580085e+01
5.150294637819151474e-13
6.593445874760212044e-01
7.478156589986127978e-01
2.220446049250313081e-16
3.577885209258104737e+01
6.632112845726457762e-01
1.014832276229937364e-14
2.595857615325233002e-12
7.434527315733393538e-01
6.445012404357568503e-01
3.778604578605030895e+01
3.990440377166496688e+01
5.078751009185125315e-13
2.220446049250313081e-16
1.821274412994282332e-03
3.519715205609233521e+01
3.926682032675752509e+01
6.366589501820036775e-08
2.452228771247145665e-04
1.193881860131659195e-14
1.362783658654805158e-15
4.559280629687170738e-01
9.708422546433173594e-02
7.735661813985178671e-14
8.425455695237783100e-14
6.713833493868214264e-01
8.891598963923353073e-08
3.515947578371149351e+00
1.868069958285298099e-03
4.842517722921116707e+00
2.565958655262959187e+00
2.709089899176862914e+01
4.255792363253608122e-12
3.968714151601564311e+01
5.064873735556697731e+00
5.506089465150725494e-08
1.147901587325660215e-08
1.345000931796561973e-02
2.220446049250313081e-16
3.930584108547721911e+01
5.356253483203532895e+00
1.201454205892144890e-02
2.220446049250313081e-16
5.383231715473795198e+00
5.208396217044127148e-07
1.296927172356453044e-02
3.557959250720647176e-05
3.229790641969216836e+01
1.333313873571216786e-02
7.710662894971763437e-02
4.865201676246249803e-07
2.321131432049142543e-04
3.203176765097964118e+00
2.065613658879797656e-11
1.149788163930552895e-14
4.378124511328549055e-09
1.372734907192624476e+01
4.711648595745070445e+00
2.406962564575581935e-04
3.497428585466763451e+01
5.210231901049521497e+00
5.027667203731067680e+00
1.726156052697975036e-10
3.784226319121075477e+01
1.543134955649274715e-15
1.164625647513366369e-14
3.938928798612850812e+01
3.640820823778094706e+01
5.029273396599475809e+00
6.432071709067849856e-07
3.588113159226094950e+01
1.050277771670555698e-14
5.001952131961963310e+00
1.517281789755160401e-15
3.914052126978286594e+01
9.060426767995662386e-15
1.339215990441888077e-02
3.801626360155565968e-05
3.690005826955577106e+01
3.777712096257022978e+01
5.316341037033180505e+00
3.284687501461181114e+01
2.259219338155068753e-04
2.220446049250313081e-16
4.979580966267907804e+00
9.127142372368236833e-02
2.506461421534752887e+01
9.923162643267085963e-09
3.880472851173670534e+01
1.196479532809565235e-09
1.891564851330456310e-03
3.887440060168870559e+01
1.017121480966121401e-14
8.422315458484128658e-14
2.688781076209032506e-01
3.999819357879526649e+01
3.445478356647202765e-05
2.164376768351020314e-04
4.844026590554827649e+00
8.746328796493339428e-03
3.766956180959921596e+01
1.183176440403034970e-09
6.585808569806991253e-01
2.416657575076357745e+01
1.293300613121877672e-08
5.080264027415770656e+00
3.666117170703898864e+01
3.422674429466358959e+01
3.725202431364090927e+01
1.646642920491403830e-03
3.405704389303953405e+01
5.327277111748480287e+00
2.764991054591679487e-01
2.569909922632831675e-04
1.975152510731504043e-11
3.840015764027513967e+01
3.934679795239346589e+01
1.388291689663028253e-02
3.366958533342930338e+01
5.628808237839108664e+00
9.275949933255748381e-08
1.386904839133886371e-15
3.810154467947299395e+01
2.488416616995372731e-10
3.926586364455274492e+01
3.990942431005764490e+01
5.201107867497450243e+00
2.220446049250313081e-16
1.099619630384302132e-01
1.423639974788836263e-02
7.137416397512895694e-01
4.201442060922403954e+01
4.940246058757018943e+00
1.526841685011663900e-09
1.120670165590344783e-14
9.471891098308903023e-02
3.772130625048578167e+01
3.792326613401938573e+01
3.526636727483943901e+01
2.220446049250313081e-16
3.900583547359526904e+01
6.912873496766236414e-01
1.548803755535746885e-03
3.981117458477850590e+01
6.075004303830936312e-08
1.052494631365009745e-08
4.810753838898729207e+00
9.137489477007498806e-02
2.220446049250313081e-16
3.589395715485770921e+01
5.239302612345589694e+00
1.371330847133798688e-04
3.902065360868171240e+01
5.270582896080263424e+00
3.753999698633182192e+01
2.849569066519543448e+00
1.536160956294478861e-15
3.915843363449572604e-06
2.220446049250313081e-16
3.956448119096297944e+01
9.355910779552660539e-02
5.644733436046539023e-03
9.051121518928920598e-14
3.839500285151503789e+01
7.310816057601753348e-01
6.804887378217356897e-01
7.114617220378917084e-01
3.604524157607637846e+01
5.193049475736358112e+00
4.342895026047882112e+01
5.380489283558977931e+00
7.268361621140757567e-01
2.523075237158938577e+01
3.457119017653469939e+01
2.107495412498198917e+01
4.071248293919310157e+01
9.555338533602271422e-02
3.696084596088999064e+01
2.220446049250313081e-16
1.538819466958712212e+01
3.187804067375288852e+01
6.485175398660928886e-07
3.832686750737136805e+01
4.883942549027689317e+00
5.148946285877867624e+00
4.682088814008022148e-06
8.409539516279405935e-02
4.046774094305973080e+01
3.722299794478135482e+01
5.430118656618946993e+00
5.079174771094991492e+00
1.442844876164303379e-15
2.220446049250313081e-16
7.113643626432362144e-01
5.101153140183920520e+00
3.757422064011295504e+01
1.185406840787627252e-04
4.267215496884581682e+00
4.286930357371175404e+01
1.396413364270096913e-15
3.773575607849290492e+01
3.714936655863814963e+01
3.866947624217011281e+01
3.908660268629522960e+01
3.700331428186470362e+01
5.428722810829968104e+00
3.903398235568261043e+01
2.996097324671925020e-11
2.515921584829181675e-04
1.692431195441436139e-03
1.754643616491774694e+01
3.888303472693438323e+01
1.315953037523183607e-02
1.847143452777217070e-03
5.049837349479443738e+00
3.955041273069696928e+01
1.779710173712456848e-03
3.970210729907297065e+01
2.532484448400977258e-04
2.743358530938641238e+01
4.889021835799186810e+00
4.871566317841287130e+00
3.991754295346644277e+00
1.214079634056309739e-02
1.785475162491374865e-03
2.619920210216275629e-11
4.627440470476702039e+00
2.220446049250313081e-16
5.025472649817667836e+00
3.649514948219212918e-13
1.352284469790446947e-02
3.619980060557714552e+01
5.083268310877785190e+00
3.627357222498252298e+01
9.042272313130867135e-15
6.562813427188782800e-01
3.903255098231082343e+01
4.511699994474863473e+00
3.813186481071204526e+01
3.949524368288069098e+01
3.038373496363587313e-12
1.062518255692373081e+01
2.082713044959810134e+01
2.220446049250313081e-16
3.667501775357095539e+01
4.250284621107931268e-06
1.381975762377273258e-04
3.520109225083697169e+01
4.113068529748601776e+01
5.338130544057853477e+00
3.792675233041664029e+01
1.404521326541915416e+00
7.326934069122378324e-01
1.008455312464029419e-01
