2.996247151979141199e+04
3.051350987357231134e+04
4.311370417998259654e+04
4.328616975703915523e+04
5.734815991663258319e+04
3.762976690669568779e+04
5.813194534019623825e+04
5.859438867936973838e+04
5.491578719816224475e+04
3.903033725914250681e+04
3.746557970759456657e+04
3.010366098796088772e+04
2.894429345762543016e+04
2.283119741300912574e+04
5.497867094751435070e+04
2.734844746949874389e+04
3.149729670655586233e+04
2.988243255841008067e+04
3.198153409842966357e+04
3.205214889491394206e+04
2.535487311491793298e+04
2.392435689649771302e+04
2.049042129803807984e+04
2.577492453565167671e+04
2.253166438086232665e+04
3.345777855090337835e+04
2.214370572200976312e+04
2.263146599289736696e+04
2.662572068841549481e+04
3.096198829448691686e+04
2.448463714585925482e+04
2.630779659245743824e+04
2.641948320719213370e+04
3.854813531536866503e+04
2.528063491201216311e+04
2.095050838070506143e+04
1.801333590842857302e+04
2.511780381926159316e+04
2.738435679189080111e+04
2.780343914368101832e+04
2.167156147212793803e+04
2.238546994249318959e+04
2.436214054525962638e+04
1.476880108991867928e+04
1.815350388725008088e+04
2.398502134395172106e+04
2.036880081818366307e+04
2.182658276208909956e+04
1.994395424750825987e+04
1.302581937689108599e+04
2.221269925041640818e+04
1.634892504444639781e+04
1.801781367386989223e+04
1.179312882445507421e+04
2.301582354278930870e+04
1.304685747095361694e+04
1.385485978103507841e+04
1.309581075015761417e+04
1.243881524511266616e+04
1.516627887954383004e+04
1.652256173212133217e+04
1.291410311952408665e+04
1.786203648367488131e+04
1.914968792050270713e+04
1.518512587817552048e+04
1.286217033758961952e+04
2.042570612092833471e+04
1.710550853401869972e+04
1.045610154325798976e+04
1.493316018450050979e+04
1.119820868204141152e+04
1.093395106957593634e+04
1.046371254951121409e+04
1.261847904163627572e+04
1.207588503931558080e+04
1.288568295109733663e+04
9.302624270356465786e+03
1.220695479620326296e+04
8.337479626064901822e+03
1.416513602144269134e+04
1.232066283460523846e+04
1.179270606224804942e+04
8.666600540961588194e+03
1.317678079755830368e+04
1.278453578078792998e+04
8.752716716626555353e+03
1.309332454241383311e+04
1.254361470087592352e+04
9.147884305994284659e+03
8.662937307953621712e+03
9.494871170946646089e+03
8.110444231448441315e+03
1.073796086364119765e+04
1.010542188504188744e+04
1.006562735221598996e+04
8.662838441672149202e+03
7.946858748988162915e+03
1.120910462421507873e+04
8.064514724172956448e+03
8.743622508304388248e+03
7.334229650886152740e+03
7.208228749802537095e+03
9.910274364398266698e+03
8.275305047747813660e+03
7.460877328012122234e+03
6.757967768802638602e+03
6.642074788255994463e+03
6.232390531220847151e+03
6.575993791904696991e+03
7.320797187032860165e+03
6.633470580599482673e+03
6.723271877324819798e+03
5.713606680177243106e+03
5.380921429067615463e+03
6.100632271998505530e+03
9.576485411901372572e+03
7.516860166744309026e+03
6.504077512089595984e+03
7.258824248120973607e+03
5.711702279136003199e+03
6.145835881647956739e+03
5.008542775543171047e+03
5.617284341681362093e+03
6.573319977498989829e+03
4.380126951936125806e+03
6.132525606713320485e+03
5.162129573451269607e+03
5.144805267000293497e+03
6.030763194367542383e+03
4.796223532103826074e+03
8.477423137169122128e+03
4.326188813592584665e+03
4.884613833718212845e+03
5.114063978408001276e+03
5.641057816490731966e+03
4.643875983847099633e+03
6.347704371020087819e+03
7.257474388079446726e+03
4.565412601026987431e+03
5.547022063064888243e+03
4.459032726244942751e+03
5.230692664481241991e+03
5.084762121487326112e+03
4.765599219950846418e+03
4.172257400338877233e+03
3.745041009643507550e+03
3.582809523534699110e+03
3.753614373565892492e+03
3.850448064246372724e+03
4.700228353757047444e+03
2.635471711601782317e+03
4.123926331205957467e+03
3.492107419645904429e+03
3.661349385368096137e+03
2.925002579137968496e+03
3.584261371539381798e+03
3.680541098901823716e+03
3.071838598751236077e+03
3.661613287415622835e+03
5.977866301007848961e+03
4.489439420862545376e+03
3.540193526358350937e+03
3.385333046676935737e+03
2.734527483037535603e+03
2.869878184123011124e+03
3.065545291839199308e+03
3.119506953856102427e+03
2.836013852896171102e+03
3.568651086061243859e+03
3.051502550656920448e+03
3.807235267916136763e+03
2.898753890299478371e+03
2.233568554421356112e+03
3.286065617472977465e+03
3.013494325382681836e+03
2.560085111814345055e+03
3.203138171337279346e+03
2.855333706648339557e+03
2.038820039004936234e+03
4.103051036230301179e+03
2.949766303704597249e+03
3.082622914617840706e+03
4.352901740366225567e+03
2.916198899251396142e+03
2.929278810611154768e+03
2.432012337102948095e+03
2.363506321682475118e+03
2.036685163372068473e+03
4.164058293729699471e+03
2.276494997305582729e+03
3.310813194967010986e+03
2.108005524660987248e+03
3.066861252835390587e+03
2.324609559447305401e+03
2.431139183634970777e+03
2.461499817694019384e+03
2.453122931000987592e+03
2.829783351856525769e+03
1.624317516080727955e+03
2.137777309704628351e+03
2.812461638733327618e+03
2.480849055244483225e+03
2.488627027716018802e+03
2.428317410131187444e+03
2.369584636003029118e+03
1.657305805575509567e+03
1.783049351206684833e+03
1.838672091156309989e+03
2.262028486244693340e+03
2.141656051128703893e+03
1.883335046889797013e+03
2.119586715760981861e+03
2.508263184300871217e+03
1.567888704054268601e+03
2.161523578265084780e+03
1.970179536975698511e+03
1.838116839682584441e+03
2.558229448686836804e+03
1.607590153882074446e+03
1.853921955254013255e+03
1.555562451514196482e+03
1.608964281128875882e+03
2.313802611095760767e+03
1.234937324685853127e+03
1.869389483910354556e+03
1.686980358075483991e+03
1.116866679716070166e+03
1.636066019850611838e+03
1.549905745417816661e+03
1.369373716669671694e+03
1.434851269760261175e+03
1.285069284194716147e+03
1.291798884655225720e+03
1.120751712344338557e+03
1.499724835745244036e+03
1.360218211590707597e+03
1.479533414302406982e+03
1.568582994017207966e+03
1.732508424265694657e+03
1.241783193321351064e+03
1.286037670226292448e+03
1.760320034263793332e+03
1.375232386753069704e+03
1.486716066112792987e+03
1.079855792328546386e+03
1.232135794382620361e+03
1.437020268374596753e+03
1.424562473606179083e+03
1.510932026311143318e+03
1.011452464026767188e+03
1.155109886444252652e+03
9.728424948496935940e+02
1.261702764018937614e+03
1.121285998545462462e+03
9.453077522458553403e+02
1.297525730396336485e+03
1.157632289683131148e+03
1.234631304564809170e+03
1.173168282668192433e+03
9.633003302560309749e+02
1.049459961979249101e+03
1.328467331660168384e+03
1.479419552520937941e+03
9.836242359695002051e+02
9.925101236994456713e+02
8.316761128660067470e+02
9.661417461666676445e+02
9.632311079139851699e+02
9.152847551831117698e+02
8.852377686936874852e+02
8.434232001190924848e+02
1.042548483949796491e+03
7.561932889965321465e+02
8.478026387595374445e+02
1.297208799226675183e+03
1.017102050160434374e+03
7.898139201471725528e+02
9.269489153770210805e+02
6.154793985967204435e+02
9.982903401670109815e+02
9.246868677876257152e+02
9.638770190270449802e+02
9.932147811020631707e+02
8.792799496879755452e+02
6.134939134007480561e+02
7.622022883579539894e+02
7.669806636797667352e+02
9.292804040641182155e+02
9.456893103633627788e+02
8.049573967348026144e+02
7.852813921355161710e+02
7.652520175034762815e+02
7.150612157010765486e+02
9.310161991751557480e+02
8.869483371598860231e+02
5.942101707262111177e+02
7.891017997118748326e+02
7.519861904451693135e+02
5.956622510287112391e+02
6.900947793690198750e+02
7.365840521820539379e+02
7.208503120897220242e+02
8.242120185148431801e+02
6.286097333092387771e+02
8.102469853994023197e+02
5.360401497356234586e+02
7.560097438509476433e+02
8.519896154089468610e+02
6.974088264385687808e+02
6.946287708905581439e+02
6.494535431756235084e+02
6.571373607859011372e+02
7.091438833224765403e+02
5.740395293224909210e+02
5.873151870299442407e+02
6.165397958834651035e+02
7.020029606682910526e+02
5.530002680567750986e+02
5.047802949135008248e+02
6.383814958128976969e+02
6.245212911355887400e+02
6.397834123753965514e+02
5.124726846425812710e+02
5.198418229041860741e+02
5.475126415313187636e+02
6.488790079168567217e+02
5.668972518205303004e+02
5.111304508621983587e+02
4.514336421878272745e+02
4.610102324856075029e+02
6.198314365874246050e+02
3.672727242264749066e+02
4.385206766743024787e+02
5.644172160467295498e+02
4.833054729058338808e+02
4.918830171877512498e+02
3.883649913701830201e+02
4.561161335731728173e+02
4.688747973381013026e+02
4.987675889899012418e+02
4.074775008179308884e+02
5.115113778347798643e+02
5.228385025261294459e+02
4.920567174812373423e+02
6.674818500264236718e+02
3.631900782555911178e+02
3.518557162805179246e+02
5.082001316094213621e+02
3.693837228218435484e+02
4.750818971017864669e+02
4.414824960176847526e+02
4.006778310852945424e+02
4.393041307815248047e+02
4.290281747075367207e+02
4.332207816281905366e+02
4.879654705892025390e+02
4.627041267508280384e+02
3.566127724367696601e+02
3.960500599733624085e+02
3.189633794868149153e+02
2.917789540394902019e+02
3.869891156023172698e+02
4.021100202633892309e+02
4.632313781325504465e+02
3.562823127735064190e+02
4.350629969136982709e+02
5.453675441810966049e+02
3.912973862002526175e+02
3.463595477361738517e+02
3.374028212781738603e+02
2.991794658819119377e+02
2.916583622424138298e+02
2.954825111627853857e+02
3.133949572701535544e+02
4.134261068878317928e+02
3.515750463262340304e+02
3.949147871183301959e+02
3.344729233914686688e+02
3.419999006660666510e+02
3.140760920069959070e+02
2.991223634033516419e+02
4.366980396801855591e+02
2.885718419045483643e+02
2.429258261244976609e+02
3.173873950609697090e+02
3.378357517656801292e+02
3.104679190697722788e+02
3.393451334952058005e+02
3.143579223008086956e+02
3.335460049474532411e+02
2.820990974527842354e+02
2.947206345923110007e+02
2.885569438907747326e+02
2.870847414680116003e+02
2.889769577070176751e+02
2.891459387293463692e+02
2.691876851819940839e+02
2.537862077153592963e+02
3.417274030747272491e+02
3.116643413291621982e+02
2.696835106004978684e+02
2.900753516820035429e+02
2.241829056726315912e+02
3.289779095383273102e+02
2.521864824883613494e+02
2.064070033962216826e+02
2.610635402320007188e+02
2.522730390983468851e+02
2.304208523140607667e+02
1.754822397532055902e+02
2.575522357407312484e+02
2.478017791103723653e+02
2.963017625500525583e+02
2.150427284352980735e+02
2.123254233267254847e+02
2.258041267889511232e+02
2.161362820106948845e+02
2.296884871813421114e+02
2.472861530786009894e+02
2.379439133028647859e+02
2.669728739311165668e+02
1.832651342229353304e+02
2.168028850379525352e+02
2.053383418599586037e+02
2.644444015951628444e+02
2.071387707592271568e+02
1.968892495334109469e+02
2.048581844982175539e+02
1.929236104318919161e+02
2.039047829874798765e+02
2.113971667760824289e+02
2.088881714430811485e+02
2.154690371698467573e+02
1.972100833462850460e+02
2.140212540706206994e+02
2.066464474044054782e+02
1.759161612665806729e+02
1.909417539768190295e+02
1.935229106681848634e+02
2.385448431258048174e+02
1.778596356320379357e+02
1.825396968033997496e+02
1.695847612080125941e+02
1.600148217274968658e+02
2.542849244238916526e+02
2.077207607984527442e+02
1.460200847996043478e+02
1.697434102686581809e+02
1.600501546542340918e+02
1.770567775469051526e+02
2.186250193767975247e+02
2.046350392575937747e+02
1.809955742110400649e+02
1.530111120383649279e+02
1.841066330957461048e+02
1.838599449274371125e+02
1.812827221044521195e+02
2.103497156449735996e+02
1.523514805335417464e+02
1.355614211638009863e+02
1.671802213472221013e+02
1.555880131622013494e+02
2.106530000822617126e+02
1.534056546108787131e+02
1.392556338202788311e+02
1.636605685917485573e+02
1.318654829052249511e+02
1.486586688265668101e+02
1.587244257556464220e+02
1.448211605517300598e+02
1.624694407272202170e+02
1.917207425357406692e+02
1.971435652395536238e+02
1.575222736108780168e+02
1.627107066489339218e+02
1.659555949719738805e+02
1.443951720467700852e+02
1.321020612882413729e+02
1.457502027269750045e+02
1.191315522811134571e+02
1.107372226788590979e+02
1.163521185588514584e+02
1.591574553554354736e+02
1.219844907587852134e+02
1.525617588556145847e+02
1.416094940673948201e+02
1.191091574505604029e+02
1.345734686756134124e+02
1.288743600950003838e+02
1.960748520590599924e+02
1.183755911444669238e+02
1.503470586915928493e+02
1.420445444910643005e+02
1.254232461566411843e+02
1.286447353284420956e+02
1.289395168861193781e+02
1.092552742644800503e+02
1.032141615313451410e+02
1.427131625256565712e+02
1.393093528310863576e+02
1.386920284224638635e+02
1.177657246472446388e+02
1.020813504424867233e+02
1.486497382981793010e+02
1.100732922262510272e+02
1.150619173393926502e+02
1.446398867875820144e+02
1.120474788113178874e+02
1.133493650407559414e+02
1.276477519003437209e+02
9.378167788905246027e+01
1.089642697897007082e+02
1.121883951884119170e+02
1.312703001145728763e+02
8.936504667396783930e+01
9.552271387725896545e+01
1.013293929668251820e+02
1.185237795427247107e+02
1.121238483210877490e+02
1.010035340104645485e+02
8.220371473294113684e+01
1.087478023980723378e+02
9.457864730774649331e+01
9.833712634970017064e+01
1.116387339435861321e+02
8.253214888019337536e+01
8.530304448977767606e+01
9.421618547852430936e+01
8.667995511812456755e+01
1.104690754022203407e+02
8.695635715861757831e+01
9.315409807665211872e+01
8.470441198586065923e+01
1.171911100614148893e+02
9.072754267383677984e+01
1.091975982615723382e+02
9.469383276772148861e+01
1.073340632986736836e+02
9.852932183292014656e+01
9.909007380898009387e+01
1.205745838124424694e+02
8.824373217684907900e+01
7.728344305735731723e+01
1.016831387662932826e+02
8.312427902336801822e+01
8.204238321830764846e+01
9.060563654195196648e+01
8.412414122648151249e+01
1.146288906723428198e+02
9.092714806786177917e+01
9.736053002708396775e+01
8.400733096734656158e+01
7.254411520624333320e+01
8.776767392577050941e+01
9.570328790222384896e+01
9.026889059027229223e+01
7.255283001396702502e+01
8.704978250861017841e+01
7.768115721047794864e+01
8.492619636039557918e+01
7.351123700586205700e+01
8.028662733444569710e+01
7.480720832499784478e+01
8.237678143350140658e+01
6.757653455959855648e+01
7.683375556778324267e+01
8.124681728212833320e+01
8.628812800685166451e+01
6.979983101587765759e+01
6.485398996344596867e+01
6.538583243512827892e+01
7.893884337573841492e+01
9.476736371277692683e+01
6.124066360521584329e+01
7.669992122941079060e+01
7.439029075339404073e+01
6.379592466651466509e+01
6.375935023321657980e+01
6.559180738011242795e+01
7.248576458097274156e+01
6.349062708845444547e+01
6.806602958879318521e+01
6.130802456825995961e+01
6.412926105625628281e+01
5.857813828566924030e+01
6.366148782169327092e+01
6.727761807299022223e+01
5.961318025701308443e+01
6.554341943990900177e+01
7.553041122570348875e+01
6.153224444124802517e+01
6.459203184301436806e+01
6.607106731152505574e+01
7.201951632120486124e+01
6.190073562026941545e+01
6.568502053986345857e+01
6.258638330159378427e+01
6.042208205137739441e+01
6.603479861450163924e+01
6.224729075563572422e+01
5.323499528664735436e+01
6.604851983792765679e+01
5.532710559966544395e+01
5.240516022973509536e+01
6.350271504105091225e+01
5.937325485377970580e+01
5.159919465463989496e+01
5.134457006114590172e+01
6.558337201272439643e+01
6.319092536732255638e+01
7.254724299330399617e+01
6.435638685201737985e+01
5.363560545434162918e+01
5.456192190590073920e+01
5.960650156603443151e+01
5.813970421644514630e+01
6.057696083282382915e+01
5.473452609354333021e+01
4.923885421594116707e+01
5.511414051699672711e+01
6.004386337873307866e+01
5.840638238270881999e+01
5.252695241271859317e+01
5.201376634900493201e+01
4.993018718896438912e+01
4.836146659562839289e+01
4.619419967718447140e+01
4.809345488972291349e+01
4.694281924791990690e+01
5.511203176240164225e+01
5.829312928438524466e+01
4.952554165431559596e+01
5.305293186663752891e+01
4.994991117341282205e+01
5.539584346661169434e+01
4.523122875747686322e+01
4.861524318894310426e+01
5.492468166754633785e+01
4.162388688621580712e+01
5.961399466949475823e+01
4.521770132003813103e+01
3.938924220397867515e+01
5.124397898386102668e+01
4.953740977482548402e+01
5.341895071659359928e+01
4.218196563838623803e+01
4.754109468119474968e+01
3.680879603838936021e+01
3.716291571212121880e+01
4.443472433307334768e+01
5.046379944045700938e+01
3.533655325883908915e+01
4.974033115024899843e+01
4.295268740988753819e+01
4.357668682338665178e+01
4.450374771121980189e+01
4.417633293308713149e+01
4.099698089176572324e+01
4.105830467705563080e+01
4.747141403552341643e+01
4.548143997879840583e+01
3.946861890702160736e+01
4.064733199683573872e+01
4.047584943593619045e+01
4.067308418225007216e+01
3.672834060662486166e+01
4.301438432989291982e+01
4.425500987253687413e+01
4.203982137149207432e+01
4.633226840746753794e+01
3.204312667499424094e+01
4.372777075007665815e+01
4.069857526153005978e+01
4.243622535374952065e+01
4.124571775266848306e+01
3.764340339326678730e+01
4.769922184265873000e+01
3.723787770059817603e+01
4.844229763282180556e+01
3.728823911161565263e+01
3.630496655090407643e+01
3.872010011607283531e+01
3.495907772772402922e+01
3.839625222670625959e+01
3.165571504441108530e+01
4.345098868891548705e+01
3.466571276513774791e+01
3.317287911261949773e+01
3.673590032696503727e+01
3.519594060771699162e+01
3.402236413002573556e+01
3.971488464547175568e+01
3.559085692007371193e+01
3.651042780221258965e+01
3.371116349923890709e+01
3.848608956302984296e+01
2.964409537782375992e+01
3.338938432137988599e+01
2.951244136552465847e+01
3.182263814418120518e+01
3.098696580587969862e+01
3.614850347082100512e+01
3.493718294825114157e+01
3.495844252503940908e+01
3.453234710687440412e+01
3.437517460578951045e+01
3.847001535930930061e+01
3.594685925526884063e+01
3.115227530334403738e+01
2.638938613557758472e+01
3.494099821468551426e+01
3.820341154581911525e+01
3.075081682090709023e+01
3.622464335058768370e+01
3.098264046278550765e+01
3.006709945884565371e+01
2.856932148181346776e+01
2.950014433584167151e+01
3.096775350209914990e+01
3.509157596934805667e+01
2.942495487186966230e+01
3.061872311562972016e+01
3.109100860475476225e+01
3.047095822536111243e+01
2.745813207144207269e+01
3.074866311693580556e+01
3.620108614149054205e+01
3.008851982447573548e+01
3.163357268804456623e+01
3.168259958741907312e+01
2.771592233616220113e+01
2.892061855444956109e+01
3.094380371608275837e+01
2.835896126357885905e+01
2.884145926957109651e+01
2.770613793881199527e+01
3.218008275024282483e+01
2.409067478143785124e+01
3.187947094620931665e+01
2.766986498280587625e+01
3.174094247913332723e+01
2.541796944336757136e+01
2.759329105585974418e+01
2.661622679875458886e+01
3.255885793108257786e+01
2.378223126279239708e+01
3.123324385765789302e+01
2.551798080488836362e+01
2.734692123173541844e+01
2.920718829978827813e+01
2.589432771198563543e+01
2.393328937319231997e+01
2.644198684638863028e+01
2.698165629682902633e+01
2.706476687203571174e+01
2.686425547212510168e+01
2.668292563375132787e+01
2.402627119391872768e+01
2.250110073715903170e+01
2.350888331901516182e+01
2.401370782836861650e+01
2.648376194355267899e+01
2.908478170158672071e+01
2.350181516676051174e+01
2.271868346024810847e+01
2.442513848717613456e+01
2.422374625260151859e+01
2.229206826090437943e+01
2.619745943013612077e+01
2.455342317566196186e+01
2.476111126476119040e+01
2.590496380384423603e+01
2.180907248556550115e+01
2.429303914029054212e+01
2.478893887962432885e+01
2.559369132110462530e+01
2.247462157970377206e+01
2.540155226371938113e+01
2.254372746869693245e+01
2.465303090287685350e+01
2.264633063208380648e+01
2.125901238432558316e+01
2.230197525952544169e+01
2.400466030880374291e+01
2.203682955256743625e+01
2.586972653360939844e+01
1.997633461721886405e+01
2.326076412220399448e+01
2.532185488892966418e+01
2.085878628785613031e+01
2.319191679982742826e+01
2.231315611604635762e+01
2.142664457263668609e+01
1.937910554096903226e+01
2.121288844543806107e+01
2.318148040047276126e+01
2.338806293253900392e+01
2.315762198283807649e+01
2.058952532424592974e+01
2.186773285407312528e+01
2.284865207146381394e+01
2.040308576157396203e+01
2.109801725492494384e+01
2.202577447244048159e+01
2.010228298620533494e+01
2.090156549208529313e+01
1.772838575888482282e+01
1.967664949143924602e+01
1.757179885578602097e+01
1.995889520272415751e+01
2.024157837669566007e+01
1.857468324788931469e+01
2.251922438523966719e+01
1.926758876484647587e+01
2.089650220398216973e+01
1.800775823225526295e+01
1.782493751300074081e+01
1.912776308461370789e+01
1.771494585133138600e+01
2.221915909600656391e+01
1.965939550006098102e+01
1.832103903391177369e+01
1.895511777068043813e+01
1.825251048413779387e+01
1.809923477398328728e+01
1.949516190499965163e+01
1.715283357227543704e+01
1.956399424581384849e+01
1.931189056469148824e+01
1.601285307132099334e+01
1.871238500552090400e+01
1.665066312058869968e+01
1.931092152693096509e+01
1.737273621339440766e+01
1.602722385352408807e+01
1.680319003176820658e+01
1.805482235965406446e+01
1.796579223385502289e+01
1.805149313275915546e+01
1.600030025755994600e+01
1.556381924376423243e+01
1.554182620216256971e+01
1.869878052910286215e+01
1.680231140366043618e+01
1.748107197611689401e+01
2.053119696971487329e+01
1.621017286629639287e+01
1.465031929586314519e+01
1.742105111461857447e+01
1.570834338749946113e+01
1.741482162688968316e+01
1.734652713223930931e+01
1.485685555853642370e+01
1.730275402305877819e+01
1.758781142466660441e+01
1.680448337218058086e+01
1.640374386904107595e+01
1.404417035044665951e+01
1.711552248948036237e+01
1.528888598113666752e+01
1.610822340107326767e+01
1.622106116718457614e+01
1.400889981555077135e+01
1.610520446005483564e+01
1.579298962270858908e+01
1.585998128770695459e+01
1.537534150575338288e+01
1.403652621459294991e+01
1.472841074150657548e+01
1.692867683497345510e+01
1.631793769862959564e+01
1.614597246494046345e+01
1.408945958101096352e+01
1.303236701109627482e+01
1.766101672903025133e+01
1.397536437107119234e+01
1.680250897353605311e+01
1.512772902024726918e+01
1.335631266068894263e+01
1.447984071423488217e+01
1.455136788554729144e+01
1.390691529174141472e+01
1.523190143597391355e+01
1.314100470445549185e+01
1.356742069707011744e+01
1.276752311731632972e+01
1.469389958719990474e+01
1.419630088336440643e+01
1.468828737088925607e+01
1.426004142306627109e+01
1.335202001193939658e+01
1.342279999256884437e+01
1.349638725024488650e+01
1.319010427913313066e+01
1.594114519266484287e+01
1.231998859180115424e+01
1.233133343057242115e+01
1.364640266129318924e+01
1.410774574636592682e+01
1.261794120681240550e+01
1.287833080108844719e+01
1.306670952984165801e+01
1.401663460582104470e+01
1.266191462060798578e+01
1.411789930642682300e+01
1.429203344537077314e+01
1.443743802957455635e+01
1.240792788630131760e+01
1.231044787163059517e+01
1.186066819898539215e+01
1.335176669856820730e+01
1.201426094938954137e+01
1.183954490888092614e+01
1.325895494920520257e+01
1.165547745707199034e+01
1.317305011152107497e+01
1.143883663048422150e+01
1.334893305305168987e+01
1.213761311737232873e+01
1.115889422953606136e+01
1.092129053065348465e+01
1.144658658979064825e+01
1.247227712850171955e+01
1.120886238540705726e+01
1.279009191656155586e+01
1.139150572798906502e+01
1.160800479426818832e+01
1.150270460081466517e+01
1.243765403583566176e+01
1.184005708176066207e+01
1.186887838461285583e+01
1.085659066267526995e+01
1.104088909630453053e+01
1.009939794747044139e+01
1.090865676894845748e+01
1.138514612431647954e+01
9.860294545268518007e+00
1.104916036703347260e+01
1.174719425376218318e+01
1.244507537181177170e+01
1.191421049323174763e+01
1.144669991159462619e+01
1.311599760600177511e+01
1.166473011057034803e+01
1.174544883848050247e+01
1.099978332624386823e+01
1.149901903887682231e+01
1.035526496377112338e+01
1.088702333994350191e+01
1.158710754815324506e+01
1.134298044771422198e+01
1.214991379967806928e+01
1.012244513501172882e+01
1.036771230006679012e+01
1.118387813013174181e+01
1.071972319331777612e+01
1.140592800678265739e+01
1.061733999991487565e+01
9.589888685292798698e+00
9.596985119221114857e+00
1.096510344157127648e+01
1.098616746269565958e+01
1.152488753281406808e+01
1.153782007638169382e+01
1.027547048517527628e+01
1.059728399905645446e+01
1.075359127861178621e+01
1.067818319403317240e+01
1.123031731400022615e+01
9.933950281756441569e+00
1.109245021872140669e+01
9.736198706981053164e+00
9.550300549025084962e+00
9.518109828816106344e+00
8.946078941860426070e+00
9.204757568773050735e+00
1.071381506233393743e+01
1.092422220261901700e+01
8.988610979819952718e+00
1.016868731374130874e+01
9.413718224416012248e+00
9.839999047037480295e+00
9.099004479753558527e+00
9.220865086842968239e+00
8.371057405193816692e+00
9.806593525452685256e+00
1.042609918441861083e+01
9.486990239877446385e+00
8.826823258927564808e+00
9.675623319074993844e+00
9.275755263247443594e+00
8.689448167473580398e+00
9.693233972251279695e+00
9.862514547363021578e+00
1.034502830662186490e+01
9.264572492638816215e+00
8.610421778998254894e+00
8.659822231090721800e+00
1.005044845035858536e+01
9.941493490577801850e+00
8.168631120325347439e+00
