3.304579423682075401e+01
3.873750697136541277e+01
4.035932863593084363e+01
3.130438611597127974e+01
3.886880623031912307e+01
3.457592528652018160e+01
2.866951248623632154e+01
3.947651667823150490e+01
3.597301061661987376e+01
3.265371078938259330e+01
3.607564556767784580e+01
3.664549731954330269e+01
2.709248683921498468e+01
3.804567400489068518e+01
3.169308320610648977e+01
3.586240658224497224e+01
3.347315209165903838e+01
3.744630781480886128e+01
3.447466686295331328e+01
3.371139098847732640e+01
2.898139202969143113e+01
3.536339269736086521e+01
3.119703281121842764e+01
3.083368277973977101e+01
3.183723007640638158e+01
3.557485495980537848e+01
3.610582877779142308e+01
3.015408169732774368e+01
3.008055050648454554e+01
3.034405631141775217e+01
3.230038507099436629e+01
2.880821649178396981e+01
3.311572751073666154e+01
2.688957477603756985e+01
2.832419890124325690e+01
2.912717304454621114e+01
3.099704986810109375e+01
3.153626431360642002e+01
2.556636257991648264e+01
2.918449951179276525e+01
3.638301183345186729e+01
2.866399101068678235e+01
3.657374524403883242e+01
3.613435530512490601e+01
3.007783046994801524e+01
3.124830005563141810e+01
2.935574216321996133e+01
2.935674620331350937e+01
3.699905911106959167e+01
2.928876736114890633e+01
3.485654636805440987e+01
2.922451565427036968e+01
3.144882601189841864e+01
3.741149618324585902e+01
3.620293977385238549e+01
3.179175007793611840e+01
3.008891959398396310e+01
3.366414909771990693e+01
2.894022487401174715e+01
3.188862657344427376e+01
2.970754564953429977e+01
2.807581496921483577e+01
3.170568809313141401e+01
3.155133001633958401e+01
3.046439340338197610e+01
2.803858630145501962e+01
3.477511786584570075e+01
3.628407152294303017e+01
3.676974903376839166e+01
2.926846196231173636e+01
3.357699589215486924e+01
2.722936095076103769e+01
3.125570472172708136e+01
2.622129767290438807e+01
3.254030278857391068e+01
3.523821526558204198e+01
2.900256256855606907e+01
3.833360448161664635e+01
2.745005737613004015e+01
2.778088329489794006e+01
3.079707338467019895e+01
3.432483861784011481e+01
3.162948729242638990e+01
3.373775135403639069e+01
2.529274076133541982e+01
2.757134518018869329e+01
3.787796874803161273e+01
3.384270625803765853e+01
2.591038682102158219e+01
3.383317556887566724e+01
3.270473828049202325e+01
3.486901489775372909e+01
2.693144285144229144e+01
2.954142671864567404e+01
3.750600290171144024e+01
2.818959421420511902e+01
2.975642687760739591e+01
3.571474448367703758e+01
2.670768862962453127e+01
3.870702179367421536e+01
2.943434585446588869e+01
2.816644945624173246e+01
3.642082079125376737e+01
2.806454335274282030e+01
2.727041976603085160e+01
3.343043149482101484e+01
3.196293673853624639e+01
2.668168379757522857e+01
2.528227004624071483e+01
2.990838890128858196e+01
3.062767466387174409e+01
2.733393081624915766e+01
2.883428883132659593e+01
2.517894941838833844e+01
2.620783550446544297e+01
3.107137983245415569e+01
3.203644461623115092e+01
3.101426540489466532e+01
3.319402130702005849e+01
2.583450189315034962e+01
3.449223081263689750e+01
2.226778181207575003e+01
3.187472413396468340e+01
2.642859012615355851e+01
2.767257366774049387e+01
3.115631289909526558e+01
3.304508250493387322e+01
2.176873172151285374e+01
3.071086674928964300e+01
3.353037649779830787e+01
2.912113258215152811e+01
3.180619965321723797e+01
2.847995031365097063e+01
2.606305800517417381e+01
2.573750138756611960e+01
2.639492390210315165e+01
2.635751800957993751e+01
2.544117648402502851e+01
2.839675707821167450e+01
3.248234274422503631e+01
2.118628164960127336e+01
2.669080191161043913e+01
3.254431284074331643e+01
2.919906689764405527e+01
3.025514766822839974e+01
2.880433340091244077e+01
2.818690211730750761e+01
2.599699535505184755e+01
2.551374905210033006e+01
2.929261565350114438e+01
2.774607234296398772e+01
2.578772658699102749e+01
3.009675901939340292e+01
3.142732634736983854e+01
2.821771046148907658e+01
2.531955438241448419e+01
2.935749335723387432e+01
3.065357517492836337e+01
2.753796365939751567e+01
3.360886074745576479e+01
2.946922443818332482e+01
2.814297039307226811e+01
3.274741506483630360e+01
2.636654353958724428e+01
2.853253955663835484e+01
2.610229928257901832e+01
2.793888228806371643e+01
3.182950935895582134e+01
3.037343161595579488e+01
2.583637368173720006e+01
2.637436879894356423e+01
2.949280244291252728e+01
2.741539556469427907e+01
3.380364410219729621e+01
2.302159283901021070e+01
2.874566949491173773e+01
2.245520910418927230e+01
2.791910096606014235e+01
2.772044109823766433e+01
2.862436124180915087e+01
2.765333348704706040e+01
2.739955784256097715e+01
2.467042216673337052e+01
2.368306494476573576e+01
2.589561596934810339e+01
2.893822202170468927e+01
2.707581740002772364e+01
2.655588793243936152e+01
2.655120567319010405e+01
2.965427362415847412e+01
2.355646631051281759e+01
2.430411354099311438e+01
2.984338251029714684e+01
2.461722896346241285e+01
2.359037675877338813e+01
3.202233694301742162e+01
2.422409924191504516e+01
2.874001391623712820e+01
2.856914783788708334e+01
2.710267970184104058e+01
2.883662673574529833e+01
3.044602428649263004e+01
3.012835325699906974e+01
2.392823372336484056e+01
2.382400488037562170e+01
2.664894446161968489e+01
2.653656296397375414e+01
2.515140263466127379e+01
2.915868091197580014e+01
2.491582868945863183e+01
2.472413548752468415e+01
1.943209270844076997e+01
2.658696937255880854e+01
2.786389988809528262e+01
2.698890393782026109e+01
2.364659667566113654e+01
2.253213163475126279e+01
2.636403077228056446e+01
2.576914289925240098e+01
2.549004871072364509e+01
1.875783596334985148e+01
2.266957030996958977e+01
2.963740234782508054e+01
2.263514734200731127e+01
2.375767202484222906e+01
2.506103003456048484e+01
2.103242488938073151e+01
2.868700309002950277e+01
2.476483141135335941e+01
2.495160939639647069e+01
2.339128768055729068e+01
2.384114166711525939e+01
2.667461022304471641e+01
2.614587537866224665e+01
2.494188382588008324e+01
2.484229744905089632e+01
2.889207643579050711e+01
2.065263159376990387e+01
2.250853772395874941e+01
1.866922625409097591e+01
2.146062131647117255e+01
2.471158032947467120e+01
2.526890816109402849e+01
2.214192822964698237e+01
2.544396945612963279e+01
2.332973120292319180e+01
2.645245243201947005e+01
2.717065248210821338e+01
2.635985147928379391e+01
2.737139235856473718e+01
2.788720203480179904e+01
3.038455669257307079e+01
2.737727586197011931e+01
2.535245232983679742e+01
2.198735780409571205e+01
2.673138257369759430e+01
2.449279029144036457e+01
2.286587563594943617e+01
2.463285505776477891e+01
2.309329703009863977e+01
1.972285630051386107e+01
2.316444012976027977e+01
2.091127888141898339e+01
2.315776664960711528e+01
2.898522918436355766e+01
2.045287761595904286e+01
2.426960439417722171e+01
2.476041174833228808e+01
2.361336257875173317e+01
2.136033335563526236e+01
2.337914492102319741e+01
2.301017570619671204e+01
2.197767187402601152e+01
2.651798514705632570e+01
2.662749649657127904e+01
2.106835682775543717e+01
2.653484626286599379e+01
2.208960672596852248e+01
2.259470343037420292e+01
2.244125649473452100e+01
2.624195907207525735e+01
2.723235190724649968e+01
2.626728043974163995e+01
1.888792133319398658e+01
2.320441968033159696e+01
2.416123028899085412e+01
2.054091715628783632e+01
2.696708904080585611e+01
2.336856827690360916e+01
1.923126319295737829e+01
2.277470109901370776e+01
2.107324301282671186e+01
2.197140847484992676e+01
2.492289964186802109e+01
2.239359654211830275e+01
2.500902867205458335e+01
2.329726933403521016e+01
2.173269133844675238e+01
2.371106217842939756e+01
2.191382227481274825e+01
2.266567944830713444e+01
1.778736330038838531e+01
2.689335241344814875e+01
2.271100047277898781e+01
1.860159955081983085e+01
2.259942151681469724e+01
2.143420354361256841e+01
1.803923428270402241e+01
1.882643289780238760e+01
2.603741919512669156e+01
1.864461902510647207e+01
2.451395843984391121e+01
2.370849806788783454e+01
2.277827601560039739e+01
2.238060629068297658e+01
2.231189181476174710e+01
2.653135938648972569e+01
2.237648070361426633e+01
2.582088131155816413e+01
2.125142331789052008e+01
2.458278656148780783e+01
2.542546205199774789e+01
2.218274898461632816e+01
1.791977521076818292e+01
2.074086440429850242e+01
1.568963711562302166e+01
1.827407589228111107e+01
2.143466340042249030e+01
1.909494497416802972e+01
1.738944547403974639e+01
2.247667970214473954e+01
2.906048098062835905e+01
2.185061447939125756e+01
2.380059814611106361e+01
1.800602460709110986e+01
2.024926380522405367e+01
2.105128944887844256e+01
1.968247578829629774e+01
1.960059815835998975e+01
1.947140829464038703e+01
1.854479660366994409e+01
2.586952549959862324e+01
2.078217256637891452e+01
2.080244555438833132e+01
1.671504974183797998e+01
2.433302919367610784e+01
2.010576524367475670e+01
1.895108423533926256e+01
1.575012397035299117e+01
2.019402081216012235e+01
2.111384841612738228e+01
1.818823600948122277e+01
1.911211945277310420e+01
2.110760090552046009e+01
1.573591663440630661e+01
2.438891144372390229e+01
1.747423242835649049e+01
2.231301840828912120e+01
2.090911823590451135e+01
2.415048421097256082e+01
2.232845727210800746e+01
1.788073190024223535e+01
2.024228556990606975e+01
2.099628622541560929e+01
2.059245470855379878e+01
1.964061119690429535e+01
1.884023525043162195e+01
2.449906812267538214e+01
1.936663545993133084e+01
2.338613562836125581e+01
1.739479886326424563e+01
2.154947096077885149e+01
2.065791428374817684e+01
1.986139268270491698e+01
2.187294607881573683e+01
1.882727601665765249e+01
1.767522274261274973e+01
1.602167534877288446e+01
2.606092971315632312e+01
1.964903191666600080e+01
2.364122498514377568e+01
2.307149299131319609e+01
1.619151737569674410e+01
1.867259001976826127e+01
1.643098847644502669e+01
1.853126965864636588e+01
1.803807495512293357e+01
1.980470864173851808e+01
2.088791523844995623e+01
2.180268153319979874e+01
2.020496253171184620e+01
2.073262197895772019e+01
2.191629427401554508e+01
1.887899020716071874e+01
1.755890405701209289e+01
1.856823805799964333e+01
2.177887270743297066e+01
2.243151857272431116e+01
1.707024489921833066e+01
2.023007632267418643e+01
1.732302608383673714e+01
1.958543315220168779e+01
1.991415895972924588e+01
2.005096042233434162e+01
1.865819042863839883e+01
1.614926488193141196e+01
1.846936130357876138e+01
1.955933752429565331e+01
1.717460560175139861e+01
1.646054482551145171e+01
1.704418971440809827e+01
1.909867105219378658e+01
1.808473484692855493e+01
1.783046465038340500e+01
1.891575803568930780e+01
1.684903593143388179e+01
2.030000749555000183e+01
1.979875438634235962e+01
1.646707219549506007e+01
1.766755891926209543e+01
1.699578416702445338e+01
1.578135127041896268e+01
1.589503828064677116e+01
2.065085197742285317e+01
1.982564640325825778e+01
1.888051583338611650e+01
1.849942262121271952e+01
1.884713331898689859e+01
1.640806465648874735e+01
2.174330995618358386e+01
1.649677081240796284e+01
1.999471149742037568e+01
1.952736236036962580e+01
1.781591115919767176e+01
1.597485679286619309e+01
2.183256313468339371e+01
1.792306756469684004e+01
1.836690982932335814e+01
1.666555230234781249e+01
1.908125177657646532e+01
1.465218897375456208e+01
1.763788873491411735e+01
2.185207930190822623e+01
1.819578474745195606e+01
1.921797515820496116e+01
1.850511261704994936e+01
1.632955350947447570e+01
1.949336520408374085e+01
1.719083913675037323e+01
1.752108603259581443e+01
1.713734144097725220e+01
1.930316136140920946e+01
2.133281875365883806e+01
1.252188945342498450e+01
2.082329393589566280e+01
1.610766017505896741e+01
2.019210333899166088e+01
1.967300358302895802e+01
1.878446214655820867e+01
2.161345832015967972e+01
1.465369049615597596e+01
1.713242238950572016e+01
1.537656001064989475e+01
1.593293503846576264e+01
1.652478346762705641e+01
1.653618452858352583e+01
1.687276006134976214e+01
1.564039048710618829e+01
1.869786126490941669e+01
1.995294094655631412e+01
1.384242488759682210e+01
1.578117580742074999e+01
1.826457738663825126e+01
1.414461221165183247e+01
1.376534080929869752e+01
1.872696310580944967e+01
1.678585011909729729e+01
1.484675856446205522e+01
1.461428031841411723e+01
1.499446514069266279e+01
1.858933921676003109e+01
1.765160789172304945e+01
1.989833641070591952e+01
1.666760824231568705e+01
1.847006874232939211e+01
1.337528754477746062e+01
1.742653345173535939e+01
1.579277610440170854e+01
1.648381814956504243e+01
1.725262980940228630e+01
1.798689356964549546e+01
1.537421410420201795e+01
1.513234057482757500e+01
1.580345480509742551e+01
1.207850781227405790e+01
1.591912982994639592e+01
1.763208005106890397e+01
1.477091394352942189e+01
1.664587985345394472e+01
1.545800885330925567e+01
1.082373586970950186e+01
1.853757258427617316e+01
1.693538735858601640e+01
1.843457736102533673e+01
1.913334142192910292e+01
1.416665741481474328e+01
1.571507514258070515e+01
1.538608122355412355e+01
1.626081594518809936e+01
1.998142265621142499e+01
1.847520149885874474e+01
1.264902678362647315e+01
1.224938623210928590e+01
1.365519170153173256e+01
1.567240524994270245e+01
1.059794990227834433e+01
1.644822422942617379e+01
1.642647635824890173e+01
1.981061439203635643e+01
1.390257992856384206e+01
1.814324384122240374e+01
1.751170844955132111e+01
1.225342349346159310e+01
1.576600192228002939e+01
1.624525991237513978e+01
1.459213956478768992e+01
1.769276444096019674e+01
1.660055648807725603e+01
1.605490542539464727e+01
1.626378621564145632e+01
1.522922546741779293e+01
1.561111171223864069e+01
1.664031283398825778e+01
1.604933920069128206e+01
1.494736778516089082e+01
1.810847348765894083e+01
1.374120928311274525e+01
1.550191593868317064e+01
1.422287551073933010e+01
1.045327328627882935e+01
1.421952728549702982e+01
1.416092166720569345e+01
1.770761213354994368e+01
1.512361990248116150e+01
1.991275529762991781e+01
1.082314753747803593e+01
1.290993776165564810e+01
1.434139124047407066e+01
1.177443596603978726e+01
1.632184659114577130e+01
1.569052092496989737e+01
1.744869640183483739e+01
1.364869612519751207e+01
1.313139127151028163e+01
1.275702337858952440e+01
1.549698678181789546e+01
1.331314787405399258e+01
1.588789056613152262e+01
1.531462768386222706e+01
1.394711431161983484e+01
1.427766829672010473e+01
1.798287883519945751e+01
1.170239555008186727e+01
1.507758001258878799e+01
1.469766756951121778e+01
1.328015745633002176e+01
1.520429255776592647e+01
1.585043725358546141e+01
1.231733187862636036e+01
1.484432158034786298e+01
1.364960580074475693e+01
1.324243496718328927e+01
1.622423279853930111e+01
1.380539981440700892e+01
1.348407500687092941e+01
1.313615022517718423e+01
1.400705114157456066e+01
1.397844031842423007e+01
1.308387510744688065e+01
1.239340836538873347e+01
1.093255748085205958e+01
1.258462678534069035e+01
1.592802900526820054e+01
1.440471333531266040e+01
1.141644814274883224e+01
1.206243986783087863e+01
1.745831986357177001e+01
1.311831759420693189e+01
1.646953496458862176e+01
1.315753608343435133e+01
1.484238681346317534e+01
1.281229744908742596e+01
1.354253609019893290e+01
1.448836231060313295e+01
1.628746595946793718e+01
1.615295477301426530e+01
1.380228611953424434e+01
1.167904853172180957e+01
1.316294124454901215e+01
1.538567587502297229e+01
1.249351849476712317e+01
1.419916749819787682e+01
1.502661119268519663e+01
1.374295014840042839e+01
1.255850465020569118e+01
1.437083631593692701e+01
1.248427773441011723e+01
1.467677207690100794e+01
1.329607317755198359e+01
1.387244703385950828e+01
1.123351532420829990e+01
1.215341050745323059e+01
9.978599878701331249e+00
1.059620900759905382e+01
1.619735475092110377e+01
1.309399461453354974e+01
1.124138510720388417e+01
1.597734214441830680e+01
1.202699124904420813e+01
1.342926307354822590e+01
1.346125382329064379e+01
1.235233451664494808e+01
1.434868494857658483e+01
1.667724027943254939e+01
1.168561732798760033e+01
1.510739629617748925e+01
1.532953030950545958e+01
1.247530996969433303e+01
1.257011997214001120e+01
1.329060841990208353e+01
1.094701853831222138e+01
1.058466041114295741e+01
1.382948649462076141e+01
1.319928469014693917e+01
9.431189509082503974e+00
1.323969194233498570e+01
1.267667219090484032e+01
1.015620953428060780e+01
1.254991834353582192e+01
1.232820579783970594e+01
1.132856084233711513e+01
1.160699743809922069e+01
1.284732860955648626e+01
9.559796257815717624e+00
1.281141955496967100e+01
1.211687128648082812e+01
1.126421323477774017e+01
1.285761208858854943e+01
1.256204302276047180e+01
1.490547667634226947e+01
1.069865441958802599e+01
1.221912111825684910e+01
1.102204673501747223e+01
1.271853309166593426e+01
1.170266770499227604e+01
1.589751348727321201e+01
1.382774341693318298e+01
1.289164386131052886e+01
1.639873263201627296e+01
1.159517924699203917e+01
8.629397085951824309e+00
1.151796489184192396e+01
1.276059392649822399e+01
1.099972054777618169e+01
1.090073952585794359e+01
1.305922175749796210e+01
1.076214571363766481e+01
1.079912420048141009e+01
1.093729452385043288e+01
1.387322083729881150e+01
1.127770464907899317e+01
1.270501199983514162e+01
1.027628186837217328e+01
9.174128187390291345e+00
1.221134877024107901e+01
1.336752962030507064e+01
1.597316949433378852e+01
1.351441794356946424e+01
1.322323734545986618e+01
1.160465629788095043e+01
1.153936826816027761e+01
1.205361927191437488e+01
1.194322890383502944e+01
1.332016176590953727e+01
1.182005067665401477e+01
1.384529298734365810e+01
1.026974885049864206e+01
1.165998070161487021e+01
1.220677272863792240e+01
1.382277462765621223e+01
1.276556611901226468e+01
1.032995957428210509e+01
1.185981066696735553e+01
1.195448927778731552e+01
1.249086769393811913e+01
1.011593371390280360e+01
9.985778978411490314e+00
1.269845647580689985e+01
1.226985085928133223e+01
1.033214183498453131e+01
1.436930281284700150e+01
1.210466489748929320e+01
1.201884176227985002e+01
1.214946505183487346e+01
1.475038439621780562e+01
1.432149890223281474e+01
1.011276856356653120e+01
1.659296787190594458e+01
1.110279313648004518e+01
1.034221127349163361e+01
1.241188679423047780e+01
1.219800605274086891e+01
9.641059016977205687e+00
1.224461253374726333e+01
1.393279947139908437e+01
9.603203068153888466e+00
1.478998542819959638e+01
1.001834038347069722e+01
9.368964071476863609e+00
1.175920576919106253e+01
1.110178738957660194e+01
1.044901110185611337e+01
1.085379007593287071e+01
1.094314868301809085e+01
1.230479444376553388e+01
1.169819552426836040e+01
1.081492530253341222e+01
8.257336143721804689e+00
1.169371028357763720e+01
1.204895489254817420e+01
9.494533440924628920e+00
1.098685512028537836e+01
1.237610998746024116e+01
9.953311949803676839e+00
1.039943984292440504e+01
1.027398053175499371e+01
8.975277465568616719e+00
1.098557234045297903e+01
7.152122840464643083e+00
1.175918218298915185e+01
1.091374212342219074e+01
1.059114479136099618e+01
1.009612573624717058e+01
9.482452734088568036e+00
8.639915334296278004e+00
1.031120555477646761e+01
1.009893655352563435e+01
8.777449435245813447e+00
9.415343697513328891e+00
1.159112507762372424e+01
8.024816297536331078e+00
1.027257333294399366e+01
9.544990358927487151e+00
9.748911393342432063e+00
9.590919565489221199e+00
8.895796249404783751e+00
8.289714275890842643e+00
8.359538799061889236e+00
1.100564919347233328e+01
1.030218224787981462e+01
8.090237844945294299e+00
1.106956989251010093e+01
8.016882738352908433e+00
8.831573351853746701e+00
1.031527142409207443e+01
1.215860204924092614e+01
1.230041187605553432e+01
1.135365953371253056e+01
1.068475828984383824e+01
9.865585638265578439e+00
8.162868627964364521e+00
9.447206669848226213e+00
9.081633866296622060e+00
8.832101414210054457e+00
1.125051926328355201e+01
1.065275810683577262e+01
1.063493441224062153e+01
8.884160521019541790e+00
8.283451184479961427e+00
6.624690118879787093e+00
1.017496577791829537e+01
8.432450895447773931e+00
8.023291343733072623e+00
1.060176969494335175e+01
1.215376658661780596e+01
8.550580772873290769e+00
1.049448899952359504e+01
1.152687447808412102e+01
9.910342782865914302e+00
9.475122621726168148e+00
1.077653382988028063e+01
6.463068637075833678e+00
1.039068951441938715e+01
1.340405438490071965e+01
9.627147693524243266e+00
1.072624465361616863e+01
9.788920664948225436e+00
8.470835081030502423e+00
8.460249626170313064e+00
9.665405969710580081e+00
1.440139615377506921e+01
1.182656990872563796e+01
6.966124258506138034e+00
8.360189529425090527e+00
9.953815384226247787e+00
7.537996707792628648e+00
8.541431616257353809e+00
1.118254436992345546e+01
9.271518911456109180e+00
8.484398322806129045e+00
8.994550099997304926e+00
8.463771068571574574e+00
6.995201113966639461e+00
9.669589190522565048e+00
8.310166250866833693e+00
6.801531069806759255e+00
7.136444670504007881e+00
9.841565130491563451e+00
7.570291250811155059e+00
1.122031905588543133e+01
8.232499756330936336e+00
8.127036708835168710e+00
8.278205690610803913e+00
1.060968012154643247e+01
8.286137940612290365e+00
1.211097329262526756e+01
8.537518495645006311e+00
1.063576930632983775e+01
9.429741843380844202e+00
8.443153760785733652e+00
8.106819815290615239e+00
8.566281843208070512e+00
9.628024878716127333e+00
1.080450279900784594e+01
7.556694725760335629e+00
1.028299174151244699e+01
6.476552139396785535e+00
9.314907036165262610e+00
9.562210667540087528e+00
8.142992733157017327e+00
9.543933571950752537e+00
6.700009606067876433e+00
7.626636058951513419e+00
9.302954731385204568e+00
9.489432798509580991e+00
7.444654498090067740e+00
7.021552316395180959e+00
9.116618346811659279e+00
9.074964135397468823e+00
7.174779188526963836e+00
8.057117445258382915e+00
8.062920948716220337e+00
1.001499987424577753e+01
7.551297271910174302e+00
7.893455304570819564e+00
1.033982899711248038e+01
8.489164366780277859e+00
9.548862828544786296e+00
1.016256724767039898e+01
6.934921891651101511e+00
7.128945091301888581e+00
9.139749462307902306e+00
8.653639242495842154e+00
7.329106428594053924e+00
8.244228885476143631e+00
6.816974507350993306e+00
6.908112948328424707e+00
9.689643932598862364e+00
8.547524041722127208e+00
9.218620364365525788e+00
8.798306746911235265e+00
9.330009600138490455e+00
1.121608231619713258e+01
8.768409606786736532e+00
8.576799730090170826e+00
5.844482487712533647e+00
7.694419274762809735e+00
7.876259096771446089e+00
7.209874471656983808e+00
9.967717739265410160e+00
7.845570500338164166e+00
7.619135047926785198e+00
7.627390777282942125e+00
7.643798697178656454e+00
8.419965096699746354e+00
7.975141758175246842e+00
1.050057201148778319e+01
1.073326321062584121e+01
6.831188295144562161e+00
6.178281130697096835e+00
7.903686092776544214e+00
9.030415539319729845e+00
7.460906186784144190e+00
9.860740395982196205e+00
7.402974179719993941e+00
7.713993141681673826e+00
6.195408056618370907e+00
9.755978152319899621e+00
8.736053116373234673e+00
9.977379288369693455e+00
5.604024825121896036e+00
7.173409866039570204e+00
7.531905860245049489e+00
9.128637590300931137e+00
9.041124173141584563e+00
9.124331588072815080e+00
6.287919452233109219e+00
7.456070623415180343e+00
6.259658166803022006e+00
7.044395740884489499e+00
7.483495699612266350e+00
7.535507264900394908e+00
5.807185685675714915e+00
6.395748318545176225e+00
8.738229649918119790e+00
6.875773307685052238e+00
6.978716488499379977e+00
8.362510195365350896e+00
7.993768438948985811e+00
9.753270921322357623e+00
6.475514098976827171e+00
7.979932205174607773e+00
6.240399837606545930e+00
7.050186693499910007e+00
6.824096163384403724e+00
9.486023500382769313e+00
8.250407719982380428e+00
7.429343440017858846e+00
6.444992033997168690e+00
8.684936502635096645e+00
6.283965605816433708e+00
7.807360343300159933e+00
7.032512886793101714e+00
7.027442412201821753e+00
6.897692317495465630e+00
6.871939627089176383e+00
7.333863709392454133e+00
6.595263813775573247e+00
9.423661581952098132e+00
5.903478187914893205e+00
6.506916989830760834e+00
6.739638438439682133e+00
8.361453477231217235e+00
8.927387814092881513e+00
6.999295977101501975e+00
5.400979762703070897e+00
8.369604174228483018e+00
7.662387826417242032e+00
6.968619159217997350e+00
7.399984687482089818e+00
6.492246593239408448e+00
5.623978286849440344e+00
8.230289492179464261e+00
8.477718470216148106e+00
5.703887604519138677e+00
7.559741179888152196e+00
5.855073959436151831e+00
6.890383790960101784e+00
6.594801222602857393e+00
8.286305429763457298e+00
6.724619108157089187e+00
6.345802234386184182e+00
6.002498416493505573e+00
7.382443680745360837e+00
7.842368549033112757e+00
6.623461329573403944e+00
7.044213868701501013e+00
6.302806398229721552e+00
8.829069835844704173e+00
6.649610400386976039e+00
6.836116972005913617e+00
5.637316337761578033e+00
6.294488814616762795e+00
7.849980885995606172e+00
7.093896952998835381e+00
6.575217821078641833e+00
4.560642053770960658e+00
6.696277313707054368e+00
5.966265965148588535e+00
5.663430500227989661e+00
6.650103508653525175e+00
8.912176093437148339e+00
5.783959262756776631e+00
6.085482839839545299e+00
7.120647043834885892e+00
8.159713538021197365e+00
8.454524146098858495e+00
7.510234360694602707e+00
6.688525645370519079e+00
6.009480472934090045e+00
7.933170265445526503e+00
9.250737701726260198e+00
5.849643339698085143e+00
6.505290048826494420e+00
5.615732179714328254e+00
6.318116595794009527e+00
7.486157302869961505e+00
5.021087445101153790e+00
7.581091179064983088e+00
7.279384269483909264e+00
7.583328817009382661e+00
