3.362922426352632313e-12
2.288178558725708309e-10
4.979475603748812961e-07
2.286013541743531930e-14
3.287461639499019760e-15
1.132737326169731966e-11
2.566357968083971988e-06
4.616539511483289599e-15
6.208490740663913127e-15
6.416493343735801935e-15
0.000000000000000000e+00
5.661319080205509668e-02
5.571244523947096848e-11
4.990010401415686556e-15
6.195578746275387926e-11
2.130214601008682368e-08
3.180717057896320043e-10
3.300153665695686890e-15
6.640510590021057255e-15
2.324823257748593427e-12
9.556424673638953425e-05
1.791186322394145129e-10
9.884741172816964105e-14
1.239038462851159615e-08
8.185860030488827541e-08
6.975648172649905945e-06
1.616860690132512854e-06
2.159369738817658472e-09
7.619079855006266697e-04
4.499251960297756585e-12
2.147416706322316946e-15
2.555402540415827916e-15
4.654689184989489440e-08
6.492765703243239083e-15
1.442613134535261042e-06
2.755527554198202246e-14
3.083157309468757545e-01
2.253202821565053206e-09
1.591867558664195418e-15
6.817764789028748634e-15
8.801567937371755469e-11
2.284338385621399396e-15
1.451304895863688803e-05
8.447549765665271466e-15
1.250641590447466679e-07
6.540055213735053163e-01
3.100636650956731799e+00
0.000000000000000000e+00
2.590692928909238180e-09
3.720502653244203810e-15
