5.061390812536952222e-01
5.335054961801083406e-01
5.989311512493779022e-01
5.891094798626335116e-01
6.824789491775079542e-01
7.973766015804337748e-01
6.953556714836233166e-01
1.059934562701501992e+00
7.698108511664263354e-01
7.581300259684463638e-01
8.430017613471230131e-01
9.708554211074054141e-01
8.897267170838901729e-01
1.425587477088999133e+00
1.317832065686867615e+00
1.321401213350461346e+00
1.759281781189446558e+00
1.033031098394064262e+00
9.259943626469995248e-01
1.068133170307413504e+00
1.281311741025412676e+00
1.344742388660544741e+00
1.216691788580984257e+00
1.410763175926980528e+00
1.491232938889620163e+00
1.479947995718602805e+00
1.322458163424616862e+00
1.594912374870311345e+00
1.786757464885528224e+00
2.276055233580193793e+00
2.968339464457991905e+00
2.976399272083106506e+00
2.777434896258676122e+00
2.098110654682884491e+00
2.104170001689959157e+00
1.941016973793007638e+00
2.232225132991082717e+00
2.343517857158908591e+00
2.866587241916308315e+00
4.173665257081579760e+00
3.344418956356199235e+00
3.799019010512880268e+00
3.963443333887128883e+00
3.924239831387340782e+00
4.043145926532881518e+00
4.217428229467871326e+00
3.967953189430823979e+00
5.006715940441170076e+00
4.848080479849760316e+00
5.114036913310883392e+00
5.529002586808034359e+00
5.882059295519315612e+00
5.759111638490950646e+00
5.928141796809340391e+00
5.928416256338710610e+00
6.185645617120346884e+00
6.460172275645078344e+00
6.139153385478294034e+00
6.468427747504280845e+00
6.217386159544120439e+00
5.759871559175466338e+00
6.260920658128768856e+00
6.199587047071118739e+00
6.208874098199034464e+00
6.370700324157154704e+00
6.330790863130330237e+00
6.372291366157454284e+00
5.340401928034093970e+00
6.277822481265129539e+00
6.723550102121973460e+00
7.237568476741631507e+00
7.057720621053077181e+00
6.946294376748293864e+00
7.259534093357418172e+00
7.820526425369081380e+00
7.014001295935715419e+00
7.598524875942490375e+00
8.352104282732168983e+00
8.201887071996583956e+00
8.750221061073299111e+00
8.213787055799711467e+00
8.367000134919170051e+00
9.018702318927967809e+00
9.891857015393785701e+00
9.367315684420713495e+00
1.023214014527693294e+01
8.811595246580596452e+00
8.875758084577928031e+00
1.043638052295619012e+01
1.028841296028983088e+01
1.093065128634708749e+01
1.013370165660126965e+01
9.776269450488578983e+00
1.134955994399282808e+01
1.213509338712765206e+01
1.216203210710009053e+01
1.099729112949253107e+01
1.236580648429338858e+01
1.188520519842637846e+01
1.243870343072290474e+01
