1.101791543764637083e-06
0.000000000000000000e+00
3.326041388372973084e-02
1.257865403628298240e-01
2.974709394209324939e-02
8.385925359926285627e-02
4.031628385735114978e-02
2.222056135858557768e-01
1.482485713260716376e-01
5.638567565363832024e-02
6.721464013269223825e-02
1.735205331762129932e-01
1.222407358469333183e-01
1.191107230108508497e-01
2.126602861078409068e-01
9.904465203098705706e-02
2.637410805218673437e-01
1.203390027294612419e-01
1.140097302320692702e-01
1.868389850334943869e-01
