1.144251934833618851e-07
1.095354300716966597e-07
1.047880553551239359e-07
1.000093252005025388e-07
9.508648840750063433e-08
8.998375111065028657e-08
8.473723579719170734e-08
7.943897146917529646e-08
7.421260819334069485e-08
6.918119142193447472e-08
6.444798809044458192e-08
6.008311874099330351e-08
5.612493972892005760e-08
5.257746533423803721e-08
4.942281036253169381e-08
4.662359290522140099e-08
4.413539381020751558e-08
4.191461037661013477e-08
3.991666750702817407e-08
3.810492314713118600e-08
3.645359911988764503e-08
3.493758644639308516e-08
3.354566665006365506e-08
3.225354804601843348e-08
3.105688929772097601e-08
2.993864796308048204e-08
2.888135064911704337e-08
2.788480439852798419e-08
2.693096212159632350e-08
2.601583662792148854e-08
2.512349555310225917e-08
2.425124233016228347e-08
2.339569914146239336e-08
2.254841364625002118e-08
2.172465882252806355e-08
2.092215722846450330e-08
2.013438092026479755e-08
1.937164260216744638e-08
1.863440660640905879e-08
1.793036873619112627e-08
1.725874169833387092e-08
1.661097097489470743e-08
1.602302633896422767e-08
1.544534498595366699e-08
1.488199835887207041e-08
1.436187249922773314e-08
1.384880781128023430e-08
1.337795898967794657e-08
1.292392890110393303e-08
1.246822634036315535e-08
