3.639418997855648995e-08
3.402842765923031014e-08
3.188659415337845882e-08
2.994783951611563365e-08
2.819062399078302094e-08
2.659360328609022086e-08
2.513666401510876239e-08
2.380133138399515921e-08
2.257085489403907096e-08
2.143073453283612046e-08
2.036846640920151140e-08
1.937370289197918849e-08
1.843817894969829021e-08
1.755530186418460743e-08
1.671968430425700275e-08
1.592731864204142809e-08
1.517491213774885577e-08
1.445962460250111083e-08
1.377894382490742480e-08
1.313115633539696303e-08
1.251420884498117923e-08
1.192658509826953646e-08
1.136685107767400053e-08
1.083355019281843462e-08
1.032531616963388177e-08
9.841211408244585067e-09
9.379980018008461959e-09
8.940276796113744884e-09
8.521341429099119067e-09
8.122117500939810455e-09
7.741684030168019047e-09
7.379105462609575137e-09
7.033775619549586521e-09
6.704731006401123703e-09
6.391126242698612885e-09
6.092286326634954665e-09
5.807493595571355734e-09
5.536123090140296883e-09
5.277612686528874002e-09
5.031046166628041258e-09
4.796188085541555363e-09
4.572236048416277832e-09
4.358927270839389798e-09
4.155794656725523504e-09
3.962097289630194764e-09
3.777407652051867586e-09
3.601529991563129229e-09
3.433847205525938334e-09
3.274294340713637841e-09
3.122079034713069636e-09
