5.475685281483766431e-01
5.686200132904373206e-01
6.223729079692632560e-01
6.163425690752512009e-01
6.140195784248317912e-01
5.914205468358025852e-01
5.860872170466868702e-01
6.203764343647977242e-01
6.558344857855821219e-01
7.458863054315321151e-01
7.802018765742549933e-01
9.132211871610507181e-01
9.246347493656903449e-01
8.724355485465626892e-01
9.476311024919613635e-01
9.693848160519539237e-01
1.070798345842088883e+00
1.211899093667250016e+00
1.367900056969614919e+00
1.469571673687625868e+00
1.555974114286942989e+00
1.608493779429359227e+00
1.570266469329823167e+00
1.649295089143507198e+00
1.749617893137784375e+00
1.845862802674747449e+00
1.966596220424749575e+00
1.857274337083263838e+00
2.074629943716916891e+00
2.214799057130605320e+00
2.368534753076908750e+00
2.423189243102146229e+00
2.141774676649640163e+00
1.907854127254244858e+00
1.874946997376491842e+00
1.957137853241006642e+00
2.020428339850446786e+00
2.102497792121960529e+00
2.181556085719740690e+00
2.103322543763922248e+00
2.018411281401161883e+00
2.027182053812744300e+00
2.196343149997832978e+00
2.318396340934054667e+00
2.444723334266952985e+00
2.514967344548415085e+00
2.843904792175299345e+00
2.731240162709108077e+00
2.926216311314842056e+00
3.575091731352904034e+00
