8.671959089614830488e-08
8.218326667721792997e-08
7.801197661286776703e-08
7.417877396042759294e-08
7.065230257335799160e-08
6.741321118685936647e-08
6.445005863175623818e-08
6.176092897370706514e-08
5.932935658003698118e-08
5.711771442808780174e-08
5.507577256870111346e-08
5.315297184304127827e-08
5.131127829754976171e-08
4.952611752781855944e-08
4.777851990608164829e-08
4.607224420158316974e-08
4.439753353765897244e-08
4.275836888412620379e-08
4.115358634132089224e-08
3.959236981896728803e-08
3.808024776988772439e-08
3.661446394400269339e-08
3.520432364370586051e-08
3.385294663553184594e-08
3.255958173735052237e-08
3.132368473496341590e-08
3.013988265641114643e-08
2.899801705667923427e-08
2.789613904882886042e-08
2.684234034107032543e-08
2.581825341848500649e-08
2.484305199913900048e-08
2.388503451444013948e-08
2.296623664109666015e-08
2.207835035013306283e-08
2.122191925860368218e-08
2.040380248183606022e-08
1.960242614476686679e-08
1.883764504065959218e-08
1.809274660839648597e-08
1.738553499994868004e-08
1.669172256263949007e-08
1.604076275261445403e-08
1.541097599722441906e-08
1.479224855675304795e-08
1.417441562703543403e-08
1.358941110805176332e-08
1.303899144549062646e-08
1.249455426159623482e-08
1.195166950762444361e-08
