9.339865381354072188e-08
8.913867698261767419e-08
8.501904907492524654e-08
8.102766368441238655e-08
7.714308032237858608e-08
7.334611352083697269e-08
6.960916205948794793e-08
6.591652466174126177e-08
6.226558594589316675e-08
5.868455465363611744e-08
5.519817765967526385e-08
5.183815838181203366e-08
4.863508820710520028e-08
4.560285028911960210e-08
4.274251060965450187e-08
4.004485789252573325e-08
3.752366080858924837e-08
3.513551207079677501e-08
3.289844198399589789e-08
3.078307742065871664e-08
2.880012177285478334e-08
2.695309934524787149e-08
2.522229677151742306e-08
2.361828854813494458e-08
2.213258861972775298e-08
2.074541474154195631e-08
1.946884959152158619e-08
1.825288910359806769e-08
1.713416593038061481e-08
1.610524937998526431e-08
1.514792799122552740e-08
1.427735028960148627e-08
1.349031843387162096e-08
1.274398508851829970e-08
1.205977045430568080e-08
1.142155342234056633e-08
1.082096421784212030e-08
1.030119925904693777e-08
9.811431808588516683e-09
9.397449340513584868e-09
8.999084154397276822e-09
8.587862197623521303e-09
8.208683563952581606e-09
7.886355938357246350e-09
7.584538162813379014e-09
7.326306850442597807e-09
7.081684904816369756e-09
6.883296417683203773e-09
6.645645927146229746e-09
6.518956787091767762e-09
