3.043852434504370768e-07
2.968699410070561370e-07
2.889553850005867318e-07
2.808836066408644025e-07
2.722505859780413864e-07
2.635801303757738092e-07
2.548563148099398558e-07
2.458927225763784063e-07
2.369172678937598827e-07
2.277141392057852497e-07
2.181802840359420002e-07
2.088104180101843628e-07
2.000443755868148421e-07
1.916235534236858957e-07
1.843483441789420707e-07
1.775053124993195635e-07
1.703303920012905438e-07
1.643458217346162637e-07
1.587238335905679562e-07
1.538049134698292658e-07
1.491683646564623393e-07
1.455033639346991856e-07
1.415532319128634624e-07
1.371727407470812496e-07
1.325249681499069052e-07
1.287932065008499597e-07
1.239815615738426670e-07
1.176795519474570591e-07
1.123282823155741176e-07
1.067712102819281049e-07
1.016185393979214410e-07
9.673613836598860092e-08
9.089520122857980377e-08
8.699910972853823464e-08
8.284915113641372450e-08
7.855361929789019569e-08
7.354683839411779774e-08
7.004033497243370457e-08
6.740720288472319452e-08
6.601322329097543002e-08
6.200718894120147883e-08
5.810786259818789127e-08
5.429648110649056014e-08
5.033739746247658802e-08
4.636489406632672093e-08
4.338631912248700719e-08
3.972644187615431002e-08
3.600601745395863301e-08
3.353099756526825128e-08
3.084771904256852662e-08
