8.146679775222764874e-09
7.905867960289469920e-09
6.736338598045676918e-09
5.491652466105279018e-09
5.165106120585960525e-09
5.803398206438714624e-09
6.886939907246869552e-09
7.840305293882465776e-09
8.227222458856431331e-09
7.738536922374805727e-09
6.582786760134240467e-09
5.473885344997597713e-09
5.163891536597020604e-09
5.534994240719015579e-09
6.428444443429270905e-09
7.374036048446441782e-09
7.885672559382328473e-09
7.639576082851817773e-09
6.505191940675558726e-09
5.340504483086760956e-09
5.129747737697698540e-09
5.856754192734570097e-09
6.884998349221405078e-09
7.694969106353255484e-09
7.980612615199333959e-09
7.467624740797873528e-09
6.352780079765807386e-09
5.340063502501379844e-09
5.146653769827480573e-09
5.589041673914607600e-09
6.384435202733129699e-09
7.166833349003809417e-09
7.564284310035418457e-09
7.291971915179829011e-09
6.191184898085566601e-09
5.111152390213646868e-09
5.017058768430615601e-09
5.831188421012711842e-09
6.826690768235721407e-09
7.525565060007011198e-09
7.698464088434775476e-09
7.153135861415194086e-09
6.077527814341010526e-09
5.172343886528096846e-09
5.032299021934250050e-09
5.560772287083182164e-09
6.400671104245247989e-09
7.133383661539483001e-09
7.418980541018527219e-09
7.085766640102519887e-09
