1.202019202145808041e+00
6.337256315028882980e-01
2.611776994178520717e-01
1.083239557180313284e-01
3.831042389460743713e-01
5.104286950252721056e-01
5.684935655042151481e-01
5.732722379165307025e-01
5.362204009895474854e-01
4.988853342961676596e-01
4.950469965185364529e-01
5.122961651496011903e-01
5.325511098457385017e-01
5.501676064013154566e-01
5.643847114277362742e-01
5.756427618398523016e-01
5.843441539990537059e-01
5.910611008672725930e-01
5.961290030307888621e-01
5.998791843108621791e-01
6.025934095210523367e-01
6.045054685108142145e-01
6.058215120333385606e-01
6.066430776443598738e-01
6.071052965537124813e-01
6.071821110222805906e-01
6.070548319122699432e-01
6.066846241479422197e-01
6.062584275240348042e-01
6.056959170951534688e-01
6.051205314261620671e-01
6.045255197332091157e-01
6.038716831476693692e-01
6.032332313124779688e-01
6.026080806570188741e-01
6.020390883919239933e-01
6.015270474795357813e-01
6.010482763461220124e-01
6.006217440041208278e-01
6.003078313895580109e-01
6.000758272202202370e-01
5.999210052673698002e-01
5.997824516495633418e-01
5.998301383194917236e-01
6.000134355146418130e-01
6.003602701657628771e-01
6.007973585308183928e-01
6.013819993280726806e-01
6.021021450567989319e-01
6.029824916729413786e-01
6.040480108958004024e-01
6.051943810355702169e-01
6.066393250093455869e-01
6.081958639061975092e-01
6.099542869401002321e-01
6.118689808679560471e-01
6.139191224306461692e-01
6.161602926015898873e-01
6.186362464692782837e-01
6.212499431007461048e-01
6.240413482734332717e-01
6.270361579500449700e-01
6.302123738121276908e-01
6.336031077991890470e-01
6.371416415334576477e-01
6.409723545372227882e-01
6.449537007633079355e-01
6.491777333431310026e-01
6.536100123583912236e-01
6.582359628309086830e-01
6.630448086878297786e-01
6.681041979394160002e-01
6.733596365274472362e-01
6.788532513900391585e-01
6.845046034423942771e-01
6.904027480557535235e-01
6.964826348595267724e-01
7.028198105898821879e-01
7.093725747339445498e-01
7.161526304370062768e-01
7.231526013288012145e-01
7.304316941592206014e-01
7.379420348769500926e-01
7.456640879717006953e-01
7.536619492958100963e-01
7.619075514076851796e-01
7.703529769015129425e-01
7.791067189344054178e-01
7.880937318700791394e-01
7.974025204811576728e-01
8.069539265648075776e-01
8.167206119511920548e-01
8.267568663644779825e-01
8.371311526156683946e-01
8.477036195835054855e-01
8.586073390276660611e-01
8.698001264324637383e-01
8.812664099713942711e-01
8.930000638650454903e-01
9.050876285097602114e-01
9.175397097404762725e-01
9.301315293770215931e-01
9.431351926993518653e-01
9.564556756073123722e-01
9.700824516589294788e-01
9.840256844836661188e-01
9.982492891360097431e-01
1.012750080242238226e+00
1.027696331936438057e+00
1.042914692783160291e+00
1.058481000359980939e+00
1.074225430085665067e+00
1.090356038339302280e+00
1.106876172504660083e+00
1.123646963768819340e+00
1.140738787278507083e+00
1.158264672909367299e+00
1.176053376590073363e+00
1.194173328301910253e+00
1.212648376663671534e+00
1.231500247198222375e+00
1.250518935506242713e+00
1.269790069681339340e+00
1.289417960095197380e+00
1.309321593048170307e+00
1.329517916638716102e+00
1.350027902172345584e+00
1.370712755819711859e+00
1.391718887717247277e+00
1.412928424784126058e+00
1.434470595987507480e+00
1.456136156671517412e+00
1.478006196958630447e+00
1.500078683029143711e+00
1.522354144849130897e+00
1.544777091311061668e+00
1.567463853190132816e+00
1.590172228476184557e+00
1.612991183600751555e+00
1.635663598984730349e+00
1.658581503068078611e+00
1.681849368079831208e+00
1.704829243514406123e+00
1.727662505160629358e+00
1.750615261957981339e+00
1.773543109461816591e+00
1.796395393153738418e+00
1.819157848575327918e+00
1.841585383851569446e+00
1.863959959157776680e+00
1.886138664555926603e+00
1.908164210076471079e+00
1.929840790930282601e+00
1.951458626411941566e+00
1.972959704044608742e+00
1.994074506380969503e+00
2.014858769253105031e+00
2.035300811455832637e+00
2.055614093107735130e+00
2.075720776278921598e+00
2.095374539367891309e+00
2.114766527734525781e+00
2.133854216695949546e+00
2.152419471586831001e+00
2.170816730941351302e+00
2.188761234685611790e+00
2.206278405144746380e+00
2.223495136110590131e+00
2.240390681134990736e+00
2.257253710156575721e+00
2.273507991586394716e+00
2.289500268088276336e+00
2.305209445309009730e+00
2.320506216880786177e+00
2.335304339553698760e+00
2.350114749047060414e+00
2.364471978041752465e+00
2.378705397552860923e+00
2.392302329568078534e+00
2.405862071884855347e+00
2.418822143205908937e+00
2.431871586851674927e+00
2.444525735694456081e+00
2.456608990520636304e+00
2.468668894574078010e+00
2.480424632135747487e+00
2.492063288587806902e+00
2.503528831180773295e+00
2.514636475117906222e+00
2.525665363110409345e+00
2.536281691259060445e+00
2.546830945106426825e+00
2.556993053070069521e+00
2.567171661123560433e+00
2.577001633514138135e+00
2.586834173861794817e+00
2.596430499261400904e+00
2.605652172576792935e+00
2.614945856520315637e+00
2.624223619644226346e+00
2.633172864423226400e+00
2.642093629529135512e+00
2.650696880542688483e+00
2.659251610881024241e+00
2.667673641605590618e+00
2.675941244417828990e+00
2.683988372933039379e+00
2.692111675685259442e+00
2.700172350494991491e+00
2.708018653258663200e+00
2.715920117102133879e+00
2.723650962264287934e+00
2.731298890065998464e+00
2.738909228078348690e+00
2.746373924796241539e+00
2.754016986557959790e+00
2.761331978783699626e+00
2.768661050519615863e+00
2.775807458324867305e+00
2.782962535978418472e+00
2.790129992847995233e+00
2.797389313392532273e+00
2.804380011693851316e+00
2.811169975753109007e+00
2.818118698719578319e+00
2.824932285014432942e+00
2.831951914514738711e+00
2.838597620722643988e+00
2.845304751573621616e+00
2.852161772853503585e+00
2.858846102605234307e+00
2.865360337309268424e+00
2.872193691405817262e+00
2.878725214549721301e+00
2.885224088966965361e+00
2.891735177330691187e+00
2.898137187528590175e+00
2.904593068185672422e+00
2.910886081340922971e+00
2.917197332344539262e+00
2.923519751871797467e+00
2.929593431987055574e+00
2.935893171891528652e+00
2.942048730163779879e+00
2.948102897738426265e+00
2.954368248339302561e+00
2.960454691661984050e+00
2.966387127709856131e+00
2.972388367425818245e+00
2.978449433463377538e+00
2.984442725396285745e+00
2.990232996853293912e+00
2.995972660244960117e+00
3.001866222462034273e+00
3.007594960861844413e+00
3.013426774249220230e+00
3.018873704013318005e+00
3.024579013797816351e+00
3.030216372008478487e+00
3.035700521918873740e+00
3.041072235261260026e+00
3.046460490512809649e+00
3.052090022863245267e+00
3.057264160769840089e+00
3.062545390263925249e+00
3.068020806255060684e+00
3.073057938704802261e+00
3.078185998127602296e+00
3.083330859172070504e+00
3.088388011063710969e+00
3.093169662699054356e+00
3.098131498665018135e+00
3.102793991016873143e+00
3.107575440402087885e+00
3.112353486807498015e+00
3.117014546324011981e+00
3.121409675269958051e+00
3.125819275171775047e+00
3.130281716331865915e+00
3.134703909447441816e+00
3.138876541597210412e+00
3.143253568889080363e+00
3.147275863204536783e+00
3.151670423967130930e+00
3.155544844362820456e+00
3.159549589149531990e+00
3.163521684815100876e+00
3.167476780382226131e+00
3.171334326713884266e+00
3.175111552062643838e+00
3.179043809097237272e+00
3.182674702594651350e+00
3.186246774014486860e+00
3.189923237469904471e+00
3.193306679552415872e+00
3.196626897893746211e+00
3.200213298710778531e+00
3.203640684249699611e+00
3.207087766215495073e+00
3.210480243890663665e+00
3.213704906530301386e+00
3.216850072681173955e+00
3.220048398586861538e+00
3.223119703843708272e+00
3.226112202242868321e+00
3.229180019240114774e+00
3.232334275919606981e+00
3.235335050631775289e+00
3.238347447174018789e+00
3.241295124588899235e+00
3.244099186901135745e+00
3.247175164453551588e+00
3.249929212407693946e+00
3.252709865053001081e+00
3.255257159339813633e+00
3.258170903971996601e+00
3.260769079878526711e+00
3.263391512526073512e+00
3.266316712171240866e+00
3.268793978528835353e+00
3.271278423194365459e+00
3.273746601785318511e+00
3.276240194967541264e+00
3.278828089475308794e+00
3.281369022707158578e+00
3.283811078107539139e+00
3.286373966210025088e+00
3.288526177251730687e+00
3.290557511766465382e+00
3.292724844918739180e+00
3.294830985500151854e+00
3.297186268769124240e+00
3.299354197278812073e+00
3.301600014643616632e+00
3.303640014040381878e+00
3.305712617084632043e+00
3.307846811000563214e+00
3.309909975250751479e+00
3.311921114422965218e+00
3.313700706682729091e+00
3.315491554917237238e+00
3.317464430343484594e+00
3.319388801115694676e+00
3.320979951634739358e+00
3.322796615192019409e+00
3.324472435202268095e+00
3.326105095264081157e+00
3.327837810068748681e+00
3.329434710331768521e+00
3.330861322097915966e+00
3.332476092381876143e+00
3.334201798016120044e+00
3.335544544810976397e+00
3.336822170880486382e+00
3.338202547854045577e+00
3.339693178933618611e+00
3.340920823397643957e+00
3.342364112417953059e+00
3.343619686474137431e+00
3.344764570926147762e+00
3.345914049105396693e+00
3.347180778720155736e+00
3.348526090595003168e+00
3.349774703264740694e+00
3.350939997376111812e+00
3.351990684764874828e+00
3.353073314390451642e+00
3.354203287328076932e+00
3.355149349552902116e+00
3.356380210474321224e+00
3.357289328763680025e+00
3.358381154730097684e+00
3.359342550763271262e+00
3.360300262516568992e+00
3.361210541444732414e+00
3.362105498891000188e+00
3.363154229066369183e+00
3.364130680899434900e+00
3.364947575180204709e+00
3.365881971808946105e+00
3.366754271052776915e+00
3.367708794660278393e+00
3.368566265123811299e+00
3.369546970152725862e+00
3.370432896781732524e+00
3.371460454517266392e+00
3.372439074489850697e+00
3.373245897240106927e+00
3.374221457170589744e+00
3.374993822818090905e+00
3.375858724264482191e+00
3.376570300550685744e+00
3.377237888009210209e+00
3.378180284077677342e+00
3.378762059625677772e+00
3.379516225806397323e+00
3.380337526723416808e+00
3.381182888600276826e+00
3.382010501131065716e+00
3.382632753147638560e+00
3.383467984950184970e+00
3.384380439836136567e+00
3.385188451225212170e+00
3.385860546707722740e+00
3.386489759518539699e+00
3.387520221204903592e+00
3.388189247332846321e+00
3.388863913559259089e+00
3.389598548871864736e+00
3.390461903050384862e+00
3.391199557249397145e+00
3.391956815504824085e+00
3.392659124410682736e+00
3.393425266255425399e+00
3.394321023293189299e+00
3.395077550656337984e+00
3.395640148275290926e+00
3.396283068131180194e+00
3.396852275533245091e+00
3.397709911638507663e+00
3.398240329205135524e+00
3.399073913035664418e+00
3.399828324894311748e+00
3.400582715720308791e+00
3.401242403032621375e+00
3.401999872665035340e+00
3.402652981578379254e+00
3.403429707017224359e+00
3.403979517726204662e+00
3.404487764409642736e+00
3.405220265508951627e+00
3.405764300186714166e+00
3.406555038925751511e+00
3.407110217107677030e+00
3.407803662962037627e+00
3.408434554084027290e+00
3.409116161106624077e+00
3.409701930963112915e+00
3.410315950855055789e+00
3.410980610560494064e+00
3.411543881083481722e+00
3.412047558545533654e+00
3.412671723258887901e+00
3.413227172504884166e+00
3.413782129552316746e+00
3.414106604463053252e+00
3.414792938721073590e+00
3.415242518471422351e+00
3.415800076009249509e+00
3.416249392698240683e+00
3.416847995714395125e+00
3.417380278565722129e+00
3.417817714745421398e+00
3.418400694690762798e+00
3.418906699744248101e+00
3.419285698090989811e+00
3.419564439901760622e+00
3.419945674353493281e+00
3.420473200312173390e+00
3.420897870466594881e+00
3.421332571023337543e+00
3.421905916745154208e+00
3.422336015165477363e+00
3.422840774275368148e+00
3.423208932559763440e+00
3.423656890967485822e+00
3.423794372213178505e+00
3.424234152848924850e+00
3.424603773001122065e+00
3.424940514005642811e+00
3.425161772271303029e+00
3.425555493696720966e+00
3.425807938188489388e+00
3.426095370585170663e+00
3.426422315949809061e+00
3.426592202299563183e+00
3.426840590659089969e+00
3.427076184248017299e+00
3.427571177162863414e+00
3.427754521018378853e+00
3.428003144088878962e+00
3.428356269366860332e+00
3.428527772248958883e+00
3.428767762114822482e+00
3.428881102887415544e+00
3.429169768731814116e+00
3.429523003107973089e+00
3.429661786317613092e+00
3.429818205492376926e+00
3.429961282052365057e+00
3.430150231445860065e+00
3.430373472799778334e+00
3.430561115590774257e+00
3.430772924259954948e+00
3.430769265992956285e+00
3.430879156266103180e+00
3.431055297319292485e+00
3.431198616389173672e+00
3.431200821216238595e+00
3.431513880740472366e+00
3.431210912986498052e+00
3.431216653528463389e+00
3.431269141570430392e+00
3.431233836914453050e+00
3.431358157233381334e+00
3.431516341093853839e+00
3.431523516570575971e+00
3.431577672622024622e+00
3.431705522558727850e+00
3.431747121822382951e+00
3.431869382422063630e+00
3.431755975989841723e+00
3.431862176745926973e+00
3.431839716611848168e+00
3.431935198374719498e+00
3.431790203054526422e+00
3.431862521726634974e+00
3.431710792451823977e+00
3.431700527756759378e+00
3.431788722778462031e+00
3.431667400458969119e+00
3.431778162633892570e+00
3.431759059983326310e+00
3.431508659243680093e+00
3.431400987426728832e+00
3.431465872116983284e+00
3.431398217453928368e+00
3.431304086718357738e+00
3.431159247177120619e+00
3.430958313193101183e+00
3.430873301858733626e+00
3.430872143356050508e+00
3.430746683034735511e+00
3.430706044269074440e+00
3.430508871151227268e+00
3.430335320846348957e+00
3.430214798577937430e+00
3.430036265380824290e+00
3.429894131662095447e+00
3.429829466098325952e+00
3.429622191262979847e+00
3.429523038128561296e+00
3.429246440896725368e+00
3.429065520383537624e+00
3.428885988379839489e+00
3.428814591681891955e+00
3.428722600677986065e+00
3.428447933756858745e+00
3.428333571167129890e+00
3.428090895296614704e+00
3.427925139401757804e+00
3.427778202013412212e+00
3.427612368275520183e+00
3.427264930131078913e+00
3.427345063368213651e+00
3.427105051061941410e+00
3.426775431273500594e+00
3.426720336405633560e+00
3.426336539324433161e+00
3.426018658817478801e+00
3.425754189853448040e+00
3.425491655938900593e+00
3.425239935107952327e+00
3.424944278708753842e+00
3.424730664498873978e+00
3.424442347652004948e+00
3.424185679239293734e+00
3.423974460521590935e+00
3.423619013066222294e+00
3.423371474233733558e+00
3.423133515431540985e+00
3.422780177720849970e+00
3.422669799747787955e+00
3.422473642097064506e+00
3.422129788491786506e+00
3.421723127111833129e+00
3.421381106175242159e+00
3.421299948993119067e+00
3.421097072738656486e+00
3.420737113398796048e+00
3.420336305183057313e+00
3.420018796726690624e+00
3.419553746486227119e+00
3.419205386506548372e+00
3.418957092212508542e+00
3.418696707387248068e+00
3.418314686758287202e+00
3.417982783958623649e+00
3.417724082039982569e+00
3.417548699705041493e+00
3.417196854540290651e+00
3.416899614147649089e+00
3.416500253912801988e+00
3.416344554591900895e+00
3.415997456607860805e+00
3.415536659849341738e+00
3.415134212522919377e+00
3.414817873905071188e+00
3.414566877684373836e+00
3.414261633315492261e+00
3.413844054527539917e+00
3.413568290253249593e+00
3.413162725945075415e+00
3.412889651765132371e+00
3.412401914426781424e+00
3.412203809790073095e+00
3.411844207441232513e+00
3.411409991148491194e+00
3.410897811011540881e+00
3.410543086573414762e+00
3.410427852840597573e+00
3.409899570628499355e+00
3.409650962980541600e+00
3.409225513557431420e+00
3.408725829226900039e+00
3.408476231685975577e+00
3.408226480587816631e+00
3.407699743874419873e+00
3.407469233471788428e+00
3.407110682864232132e+00
3.406613455837576687e+00
3.406378217466667024e+00
3.405962920767012569e+00
3.405455693287525953e+00
3.405147664992584033e+00
3.404774742149365707e+00
3.404381136283587850e+00
3.404099632973425216e+00
3.403723634162345135e+00
3.403305262881995752e+00
3.402995611358022643e+00
3.402684761637195798e+00
3.402088191740181955e+00
3.401645535493711847e+00
3.401309953620765825e+00
3.400790172257886823e+00
3.400440793605437051e+00
3.400245237976894153e+00
3.399969315317175500e+00
3.399403244638812716e+00
3.399123211386895882e+00
3.398786592046087129e+00
3.398343842417476779e+00
3.398021978178952018e+00
3.397594262639366924e+00
3.397236494709131804e+00
3.396717742543742702e+00
3.396655001151712483e+00
3.396164966132231733e+00
3.395677368457384659e+00
3.395484657208794665e+00
3.394962278934605671e+00
3.394569752018631092e+00
3.394067139759689766e+00
3.393615248424715070e+00
3.393218786001882314e+00
3.392985931038513314e+00
3.392546110218908950e+00
3.392226317716847461e+00
3.391906581838031620e+00
3.391402385033826405e+00
3.391003333515101303e+00
3.390679828982277932e+00
3.390391166066007322e+00
3.389988733988449354e+00
3.389544801917985239e+00
3.389143104187794187e+00
3.388745120154109003e+00
3.388353417157400571e+00
3.388020023829835914e+00
3.387646186050299768e+00
3.387220225849912225e+00
3.386876943047439248e+00
3.386556132211621772e+00
3.386121744280272239e+00
3.385804759476231496e+00
3.385390035950986309e+00
3.385236194092628104e+00
3.384721578546574960e+00
3.384351964523999001e+00
3.383968511724749995e+00
3.383718918876372328e+00
3.383491685001540183e+00
3.383165877733496529e+00
3.382808144018024876e+00
3.382594463930940876e+00
3.382246035148362751e+00
3.381738276889079131e+00
3.381365879481089465e+00
3.380977531815622328e+00
3.380684382852569669e+00
3.380319986885512940e+00
3.379830514147862175e+00
3.379723314400602696e+00
3.379427492990749293e+00
3.378993660885489803e+00
3.378573707493109701e+00
3.378393355276583243e+00
3.377987093023694598e+00
3.377617418174757802e+00
3.377327301706127827e+00
3.377071927976952992e+00
3.376854211278925710e+00
3.376627209341521052e+00
3.376425423885250687e+00
3.375951270698187123e+00
3.375560159538570915e+00
3.375265477341070408e+00
3.374875031223128374e+00
3.374559521452981770e+00
3.374423429367944927e+00
3.374086077249917714e+00
3.373789813909177759e+00
3.373558123392160546e+00
3.373136744651956676e+00
3.372924148385966880e+00
3.372525579532192452e+00
3.372340362201683206e+00
3.372157232670488725e+00
3.371788481281154048e+00
3.371468199073152761e+00
3.371368022992982105e+00
3.371034556722806386e+00
3.370809416337057662e+00
3.370464764916638600e+00
3.370262850496405171e+00
3.370078858290290746e+00
3.369722727903162074e+00
3.369477569234746284e+00
3.369226490636953564e+00
3.369058573767589770e+00
3.368732953875350766e+00
3.368463545849093244e+00
3.368098643904568590e+00
3.367934683891480319e+00
3.367744195104133809e+00
3.367395821040767956e+00
3.367363436166787238e+00
3.367133019329112464e+00
3.366951183601026187e+00
3.366798069643915703e+00
3.366778545608801743e+00
3.366506061258881743e+00
3.366350797744471990e+00
3.366182153650319364e+00
3.366031494945887381e+00
3.365930366189348710e+00
3.365619224282900390e+00
3.365614280475180742e+00
3.365350225410552731e+00
3.365232926453258777e+00
3.365044216949434563e+00
3.364962358126630804e+00
3.364770660378700207e+00
3.364767481375550595e+00
3.364714377801484524e+00
3.364613177480069162e+00
3.364550558690598159e+00
3.364212253277520048e+00
3.364323984083708474e+00
3.364152860581499205e+00
3.363986939318511560e+00
3.363965060062728440e+00
3.364064846788117791e+00
3.363860493889670344e+00
3.363829811574224671e+00
3.363531554025946058e+00
3.363391830663140070e+00
3.363379707351216830e+00
3.363381425026141791e+00
3.363292902730604439e+00
3.363140478997059368e+00
3.363162163317879205e+00
3.363245229035568329e+00
3.363215204392199453e+00
3.363103701625420605e+00
3.363035010093213373e+00
3.363021905164875314e+00
3.363011176791209422e+00
3.363130585289026975e+00
3.363159830025639785e+00
3.363184259914002716e+00
3.363272491307801815e+00
3.363202311741761541e+00
3.363412745005597948e+00
3.363281940761892130e+00
3.363320951053468733e+00
3.363603023367380374e+00
3.363533015873526821e+00
3.363769875384830854e+00
3.363722615766838508e+00
3.363884506014244380e+00
3.364002272671611671e+00
3.364143369866087419e+00
3.364261932653669795e+00
3.364420883303133714e+00
3.364719972730081388e+00
3.364537950874455952e+00
3.364823071641478869e+00
3.365025281561114134e+00
3.365122047293312768e+00
3.365266310844100772e+00
3.365364791358969931e+00
3.365673369787307578e+00
3.365814866250893544e+00
3.365925296567045422e+00
3.366090026960049997e+00
3.366279031313208492e+00
3.366646271900329168e+00
3.366901254761353712e+00
3.367088407683107576e+00
3.367347922766246171e+00
3.367455719096094313e+00
3.367766305639992019e+00
3.367973625070199262e+00
3.368262364932403941e+00
3.368807044015139418e+00
3.369040001100626291e+00
3.369424945465519627e+00
3.369748578067861544e+00
3.370188723245968632e+00
3.370598742866218522e+00
3.370965972584030190e+00
3.371119937594546201e+00
3.371495542579017624e+00
3.371787478129885329e+00
3.372322826607258683e+00
3.372776752434198499e+00
3.373102596993674318e+00
3.373699568187751296e+00
3.374024027004191240e+00
3.374528930476097699e+00
3.375018594972098995e+00
3.375404887180839530e+00
3.375758269845213988e+00
3.376285676292503979e+00
3.376838679490862027e+00
3.377263799855323434e+00
3.377773147128273479e+00
3.378463553400418817e+00
3.379032743449851495e+00
3.379510905935955378e+00
3.380121550612381398e+00
3.380818837904032037e+00
3.381242226587269251e+00
3.381785960567541771e+00
3.382422395208878108e+00
3.383019440483753471e+00
3.383559600374856480e+00
3.384183285404011698e+00
3.384864518223519525e+00
3.385502161277437416e+00
3.386120499730497890e+00
3.386913089432012747e+00
3.387538181712829832e+00
3.388418594516720894e+00
3.389209857367884382e+00
3.389806947227497425e+00
3.390563715281496471e+00
3.391537219569665140e+00
3.392245246664644220e+00
3.393164608106150837e+00
3.393867674915057364e+00
3.394593296117850656e+00
3.395420016464740343e+00
3.396325815205811338e+00
3.397086061397742718e+00
3.398025124785005957e+00
3.398960845429029654e+00
3.399751735254993079e+00
3.400761191723059795e+00
3.401583919375846143e+00
3.402679836415782866e+00
3.403490410169445646e+00
3.404556648361220184e+00
3.405585886432455744e+00
3.406761686281659429e+00
3.407528821255834117e+00
3.408641870780065197e+00
3.409801643122016834e+00
3.410889138718851576e+00
3.411910038904822251e+00
3.413015874342392841e+00
3.414274555824760249e+00
3.415292337690329028e+00
3.416594302234858382e+00
3.417727061640310815e+00
3.418816381661501147e+00
3.420196318986588047e+00
3.421401455973005490e+00
3.422544867344090136e+00
3.424019502328774500e+00
3.425145405775134044e+00
3.426579310679582768e+00
3.427843276478114376e+00
3.429073291595467587e+00
3.430414436860232286e+00
3.431891042718251406e+00
3.433260632417275637e+00
3.434585903275708674e+00
3.435958691294676903e+00
3.437542530513166383e+00
3.439078563665734833e+00
3.440702948352020840e+00
3.442131185851073916e+00
3.443723960698516606e+00
3.445205133007275045e+00
3.446832258170695162e+00
3.448294442208823973e+00
3.449837839539275919e+00
3.451470533326634893e+00
3.453031266404789967e+00
3.454554917477451248e+00
3.456386088439980853e+00
3.458171357485340103e+00
3.459790866619806060e+00
3.461470548477869613e+00
3.463154812204069621e+00
3.464810181114429177e+00
3.466671600108408136e+00
3.468518264804649753e+00
3.470229779802765258e+00
3.471966752463048422e+00
3.473778460935286638e+00
3.475861435877683370e+00
3.477722067634672065e+00
3.479760338976850775e+00
3.481771738773851155e+00
3.483838161133577138e+00
3.485920987692450623e+00
3.487750745756263093e+00
3.489854633876846357e+00
3.491867812871590537e+00
3.494068730773427056e+00
3.496173292384948894e+00
3.498193687369840710e+00
3.500402020035323858e+00
3.502489257123628796e+00
3.504750418116083566e+00
3.506946704970717477e+00
3.509287539031208603e+00
3.511509835371120047e+00
3.513911945470924891e+00
3.516218336580182680e+00
3.518596387533400538e+00
3.520930415805831437e+00
3.523350346083097939e+00
3.525845423326488870e+00
3.528280788868660700e+00
3.530719289347501011e+00
3.533071467922670017e+00
3.535738188422084427e+00
3.538238887979173519e+00
3.540876964067398269e+00
3.543499173519206735e+00
3.546219480547124547e+00
3.548963227925759689e+00
3.551725917339655147e+00
3.554468688764343298e+00
3.557236003462167062e+00
3.559962548651928849e+00
3.562754012972638940e+00
3.565604564200056004e+00
3.568444335180754656e+00
3.571288797126676684e+00
3.574125177713910695e+00
3.577150654745300251e+00
3.580018823016606788e+00
3.583351751808389274e+00
3.586471111171189108e+00
3.589576463518453942e+00
3.592727774679487673e+00
3.595729378348755390e+00
3.598934692966586191e+00
3.602266020875491748e+00
3.605484753117423224e+00
3.608614083687276874e+00
3.611860070867923156e+00
3.615131210651211902e+00
3.618587461428679042e+00
3.621968050079931167e+00
3.625428712267352083e+00
3.628875810804645496e+00
3.632436944757694519e+00
3.635902862768913835e+00
3.639350780452160095e+00
3.642985074303726201e+00
3.646837659981914115e+00
3.650406641827859566e+00
3.654181007472369735e+00
3.657871371460863941e+00
3.661484794739722659e+00
3.665352611618832412e+00
3.669065084729157711e+00
3.672960608873864885e+00
3.676978854867848590e+00
3.681005346901402575e+00
3.685084622688734157e+00
3.689126740637890478e+00
3.693165863365762469e+00
3.697163919691491607e+00
