2.652347416392281977e-03
2.062491421235793931e-01
1.336830781350001416e-03
1.452941419332298978e-01
8.598890270732648198e-04
1.327468212044475293e-01
5.691380961323172331e-04
1.306332295010342315e-01
3.909651834860248306e-04
1.331188282425236347e-01
2.823190131743528357e-04
1.372094431930369063e-01
2.179599644582833561e-04
1.419750502768163947e-01
1.805586918552686199e-04
1.471585954309993782e-01
1.603208777982475109e-04
1.527187159136138006e-01
1.468716464313472229e-04
1.581412794439554514e-01
1.390830981342942797e-04
1.632452128202279418e-01
1.336394554313306816e-04
1.680827857629638433e-01
1.280895970081022558e-04
1.726734644221763204e-01
1.249207512453998894e-04
1.769713666831468080e-01
1.216817671227249918e-04
1.808770114713458832e-01
1.209672210243570425e-04
1.844333656841908586e-01
1.170655817540047154e-04
1.876895043450430567e-01
1.145633915916432339e-04
1.906175800867645209e-01
1.139223806870503353e-04
1.932919530506840289e-01
1.128878913759163755e-04
1.957711977827914784e-01
1.143486034951153688e-04
1.980554727533724579e-01
1.125945937664133426e-04
2.001236534670001455e-01
1.119208950517168374e-04
2.020599900042054642e-01
1.118560974410022149e-04
2.038387784837490668e-01
1.126384583154909204e-04
2.054547516975848143e-01
1.127613758114094037e-04
2.069539342042360230e-01
1.113623183703367080e-04
2.083295766141249339e-01
1.132450872594777103e-04
2.096295791778491346e-01
1.142989870204353905e-04
2.108104344842440803e-01
1.103281209094883453e-04
2.119299508431466417e-01
1.093616227441178142e-04
2.129862993648436453e-01
1.084367064486316793e-04
2.139772532537117244e-01
1.107989059428757901e-04
2.148743555743175271e-01
1.099674563663778198e-04
2.157557648528758421e-01
1.090217953072596092e-04
2.165643369824901687e-01
1.067841660266761984e-04
2.173600533262835255e-01
1.062012892788262029e-04
2.181166494262383737e-01
1.067168242214075821e-04
2.188465919963281658e-01
1.056886003397354383e-04
2.195367589030902955e-01
1.040329662264274636e-04
2.202155103988836238e-01
1.026184988918342695e-04
2.208577035020472534e-01
1.024212733655561987e-04
2.214848577322595102e-01
1.034326859428463417e-04
2.220904317085990731e-01
1.006774663906111070e-04
2.226529342947868584e-01
1.005184961933710478e-04
2.231782517404066746e-01
1.001855141264187829e-04
2.236865734332059708e-01
1.035955429265643699e-04
2.241465152735780675e-01
1.020921063020073960e-04
2.245911145652976781e-01
9.934062186715394353e-05
2.250018358435310062e-01
9.673195321366076049e-05
2.253804581993379685e-01
9.832012506833229845e-05
2.257432358125672778e-01
9.685744680037553108e-05
2.260861235608047359e-01
9.574407946683104794e-05
2.263728703548798793e-01
9.662030508133230100e-05
2.266714426780192526e-01
9.896322237133340456e-05
2.269281193627820381e-01
1.008675234051437656e-04
2.271717206815998258e-01
1.017965228396554804e-04
2.273929755525612162e-01
1.029116376514905467e-04
2.276135859910151937e-01
1.040939323096053522e-04
2.278037404948911326e-01
1.036825548317403534e-04
2.279869369669735302e-01
1.015009917740880536e-04
2.281606022135440892e-01
1.029327662467604285e-04
2.283258619032776660e-01
1.062127315888939630e-04
2.284434241817272226e-01
1.046794450943437383e-04
2.285650213613806825e-01
1.058197766376038618e-04
2.286862281413181708e-01
1.048779630249055671e-04
2.287775237099720360e-01
1.058419689608844615e-04
2.288468777491455830e-01
1.062617421428100879e-04
2.289328063722579076e-01
1.033854853789535014e-04
2.290054469185105745e-01
1.035112843772210229e-04
2.290463189505566877e-01
1.032182269836065660e-04
2.290873271634971953e-01
1.030033849582459880e-04
2.291192643676037421e-01
1.033366030487428607e-04
2.291068957395926420e-01
1.055923804297780402e-04
2.291255990089179351e-01
1.034735186982118271e-04
2.291131423734315276e-01
1.082597680983278559e-04
2.290787789521956663e-01
1.041045824620400031e-04
2.290589977789678489e-01
1.025164407378276416e-04
2.290059301658103341e-01
1.049596165364622736e-04
2.289635277786049306e-01
1.046605722644098003e-04
2.288959178051176713e-01
1.037079921601049025e-04
2.288273073140125180e-01
1.062133009294961736e-04
2.287446013793428545e-01
1.057627902849919964e-04
2.286782878146191300e-01
1.023599683369424100e-04
2.285912853379995779e-01
1.016932218133605160e-04
2.285019537368237208e-01
1.017978397696826131e-04
2.283864192614563637e-01
1.046621307430844040e-04
2.282818269521900700e-01
1.046252875462754683e-04
2.281875385952505664e-01
1.074729836491880797e-04
2.280696271696951161e-01
1.060485360605982393e-04
2.279669162195342991e-01
1.047543193392342758e-04
2.278489904978594494e-01
1.045590304947716109e-04
2.277537109397237136e-01
1.046209664740100460e-04
2.276182154859356654e-01
1.069753320281781296e-04
2.275136906851991658e-01
1.097377210293221415e-04
2.274136775365604157e-01
1.081948203800866322e-04
2.273032199560153233e-01
1.090351065010624335e-04
2.271856596078120627e-01
1.097070325528348023e-04
2.270954595344272797e-01
1.130810083980849046e-04
2.269905150678082628e-01
1.129583857134599357e-04
2.268857332798991655e-01
1.136621757370182099e-04
2.267843828326497335e-01
1.159233102229631707e-04
2.266969266183514464e-01
1.168141234332138419e-04
2.266061499552490532e-01
1.155125944666092540e-04
2.265188246935827265e-01
1.163377809398397398e-04
2.264373950956255488e-01
1.171078964798109200e-04
2.263625412568596174e-01
1.167843441812786638e-04
2.262581262556300488e-01
1.133679826191429411e-04
2.261964086713107169e-01
1.143260808029091527e-04
2.261094961259643710e-01
1.119297532811836643e-04
2.260340633536706278e-01
1.095986210415573765e-04
2.259731302618084858e-01
1.095109002234809513e-04
2.259067530899271370e-01
1.127643736124090020e-04
2.258316830546399645e-01
1.138235420565527039e-04
2.257732662456096440e-01
1.155396504478505487e-04
2.256938153316634388e-01
1.126504970107428648e-04
2.256412544532788167e-01
1.103191232366965353e-04
2.255750794716548657e-01
1.113596782190177329e-04
2.255147861372595874e-01
1.108686262740276560e-04
2.254610481723765270e-01
1.109815349706430072e-04
2.253895846120576307e-01
1.110298474053910805e-04
2.253257582030778472e-01
1.145490340100775408e-04
2.252568823618885108e-01
1.128082785372091476e-04
2.252058680543220781e-01
1.098034698685676302e-04
2.251623172340567192e-01
1.103202147810129221e-04
2.250721901581402284e-01
1.110420686673961490e-04
2.250193389002946021e-01
1.109918166523456097e-04
2.249451169872205281e-01
1.111278327645185120e-04
2.248899904311387754e-01
1.108990886341363903e-04
2.248188303782928110e-01
1.129304430289348180e-04
2.247585670166005190e-01
1.127642951992754311e-04
2.246987683739193886e-01
1.132720930897622669e-04
2.246340938874314963e-01
1.157131754274476554e-04
2.245564796318013090e-01
1.144687700016891349e-04
2.244878707627020187e-01
1.140030221200460692e-04
2.244248428077487145e-01
1.149041682746258786e-04
2.243558036266395106e-01
1.163943424496034345e-04
2.242605322022272196e-01
1.153236260959089165e-04
2.241965588629252215e-01
1.156087243725764294e-04
2.241269638679454224e-01
1.143561111117241382e-04
2.240182356104859218e-01
1.140282426594774591e-04
2.239586480164891813e-01
1.152354583694423679e-04
2.238495120661385396e-01
1.160486633213331746e-04
2.237701354903708084e-01
1.168580615607894775e-04
2.236875740011809166e-01
1.161130316905781447e-04
2.236044694259460841e-01
1.159059313738119594e-04
2.235166403967761561e-01
1.164265256322048487e-04
2.234188274611630387e-01
1.167550187273260485e-04
2.233248360185647041e-01
1.187560624518025449e-04
2.232218915027432693e-01
1.190297909459263505e-04
2.231310636731671515e-01
1.187964014687667652e-04
2.230198591674668607e-01
1.198696291641462245e-04
2.229234681918328131e-01
1.210568191526916696e-04
2.228161553254403848e-01
1.219536649680672935e-04
2.227022264418657971e-01
1.191983580713321263e-04
2.225915775348830949e-01
1.199051346635313277e-04
2.224898444176146850e-01
1.179035316197858712e-04
2.223685175207123776e-01
1.155942118791547832e-04
2.222572776869823352e-01
1.182783847917462177e-04
2.221764284779404464e-01
1.200265977105231851e-04
2.220641121872406476e-01
1.188155046628314014e-04
2.219486794192861157e-01
1.235404114921005931e-04
2.218687506707760215e-01
1.216860008759023781e-04
2.217764636799315348e-01
1.227725253391562601e-04
2.216850551884121390e-01
1.231450918828356643e-04
2.215872472488626677e-01
1.268768743148160989e-04
2.215047389727829164e-01
1.258425392304475174e-04
2.214160021040648962e-01
1.223992532749449942e-04
2.213314935116045823e-01
1.226243428197981266e-04
2.212485620222334470e-01
1.220796239783837004e-04
2.211759944622180285e-01
1.217005774328780329e-04
2.210989990324944698e-01
1.217004546335136194e-04
2.210285676401070876e-01
1.202117238966403221e-04
2.209358270471757923e-01
1.198920557993585250e-04
2.208852005224290205e-01
1.211238438876873353e-04
2.208132978350853259e-01
1.259234623563359502e-04
2.207492873063421068e-01
1.266227263290903868e-04
2.206784532017248557e-01
1.237361028315227794e-04
2.206112486784743421e-01
1.239124001316192194e-04
2.205536720732150513e-01
1.215649216413029656e-04
2.204907112349757947e-01
1.234620173618183815e-04
2.204385518930776500e-01
1.249810516673532316e-04
2.203858147978572657e-01
1.278538368717325134e-04
2.203370388811925484e-01
1.275928720732898776e-04
2.202780799693589975e-01
1.291689662833722262e-04
2.202337230421247405e-01
1.312659154492151151e-04
2.202005930060026984e-01
1.297978803874995737e-04
2.201621289886025179e-01
1.287658148127337283e-04
2.201170002794623215e-01
1.304704651507779375e-04
2.200899309059616560e-01
1.307172512222421487e-04
2.200552240222368172e-01
1.305320959357000475e-04
2.200200337381426618e-01
1.314035646950728901e-04
2.200069217078904349e-01
1.347915485480487448e-04
2.199872703707017041e-01
1.330312754598935907e-04
2.199569372207726414e-01
1.340120258052915011e-04
2.199454107277061532e-01
1.315903289133264309e-04
2.199133814976993728e-01
1.308870371851563982e-04
2.198990727145483937e-01
1.301819739542967893e-04
2.199018463691902459e-01
1.292509822019600617e-04
2.198757589434406357e-01
1.268128840221160807e-04
2.198704783039573674e-01
1.294068326390451285e-04
2.198532868464479206e-01
1.271880838428486279e-04
2.198468262787186267e-01
1.264492912847130603e-04
2.198381634561258346e-01
1.285387399789136560e-04
2.198395885684945872e-01
1.297788384141248185e-04
2.198312788418977926e-01
1.319370347863872250e-04
2.198307705831928360e-01
1.331021203673611933e-04
2.198300702275906016e-01
1.306460677769004884e-04
2.198434965994204848e-01
1.315707974988397687e-04
2.198432888255755779e-01
1.307225158120572917e-04
2.198164967994910013e-01
1.301001768404862560e-04
2.198169657813885680e-01
1.296758402284202546e-04
2.198159943525154481e-01
1.309640171036699767e-04
2.198120412026406123e-01
1.276257919374104775e-04
2.198248730902572778e-01
1.276271722611648082e-04
2.198204986509829373e-01
1.246363719394240203e-04
2.198128330854785817e-01
1.263940041160417323e-04
2.198251325856500626e-01
1.270819716514069286e-04
2.198188710296116732e-01
1.254337191294790997e-04
2.198199168716675478e-01
1.256238105335925003e-04
2.198072419209427808e-01
1.279248969221003559e-04
2.198200362922808626e-01
1.313635615374675488e-04
2.198174233410727652e-01
1.312991191663003400e-04
2.198369059011515692e-01
1.297613037682492359e-04
2.198511720866571650e-01
1.297358240963151859e-04
2.198383371435830569e-01
1.273427434110975889e-04
2.198461002737618908e-01
1.279418366905870263e-04
2.198384836617953142e-01
1.285412598844362382e-04
2.198343418752109202e-01
1.297838325883483770e-04
2.198457991424749569e-01
1.279532561804682907e-04
2.198516190174851503e-01
1.311633003595483811e-04
2.198545748724708981e-01
1.291460762310119676e-04
2.198782022499342625e-01
1.313773025785502002e-04
2.198711494174820369e-01
1.317907146844320609e-04
2.198611112045665561e-01
1.349687263691208702e-04
2.198602857542107936e-01
1.326374710197260277e-04
2.198592679961184904e-01
1.311482244654530187e-04
2.198721476522824403e-01
1.319686895769262892e-04
2.198586078508690256e-01
1.307370827402634173e-04
2.198596297145474499e-01
1.324496625185901785e-04
2.198629503380095385e-01
1.348622141466974424e-04
2.198710544427945335e-01
1.343827607138864161e-04
2.198627786734725920e-01
1.365225312280254411e-04
2.198554243715316325e-01
1.382638154704887571e-04
2.198821860672571238e-01
1.387024411142791518e-04
2.198715747512190732e-01
1.388314440321518806e-04
2.198511054211663984e-01
1.353776897319166836e-04
2.198748322223951779e-01
1.358755401227189938e-04
2.198694377230477615e-01
1.363209440424593001e-04
2.198690332610228337e-01
1.367230219342657630e-04
2.198668144119459988e-01
1.385805918809479987e-04
2.198512237497748378e-01
1.368746156342206491e-04
2.198590633020049978e-01
1.411346113722612282e-04
2.198658010196589963e-01
1.413401342626634857e-04
2.198578626364761646e-01
1.380539406685795572e-04
2.198596875400830319e-01
1.399465751540592310e-04
2.198469987984212892e-01
1.374449977498883458e-04
2.198421182495015336e-01
1.386864286777175705e-04
2.198373202849579211e-01
1.351755241687451305e-04
2.198465285156191162e-01
1.355912941162007782e-04
2.198353865704045784e-01
1.333130474745587918e-04
2.198153280749259586e-01
1.326679321925193251e-04
2.198308502553479038e-01
1.312944589522583932e-04
2.198130211427546110e-01
1.335372123741914536e-04
2.198187602749119562e-01
1.343773871807664021e-04
2.198147354292519229e-01
1.331307017865190011e-04
2.198077984478259972e-01
1.336972044997137708e-04
2.197883743864030848e-01
1.338030220653935859e-04
2.198091437803287029e-01
1.329230652907304106e-04
2.197754587789161052e-01
1.357094708975634535e-04
2.197681070104936518e-01
1.363455825327922774e-04
2.197650484075209243e-01
1.374805206869385169e-04
2.197717371411468945e-01
1.368322079098893175e-04
2.197658630690159931e-01
1.377825352477705879e-04
2.197550311640277809e-01
1.335219777999977874e-04
2.197412786245472871e-01
1.337350619889576472e-04
2.197322633541132775e-01
1.347372914740244761e-04
2.197376658782072001e-01
1.327551724168384820e-04
2.197348192161350522e-01
1.324800670957346541e-04
2.197336600703107268e-01
1.306546645674297187e-04
2.197124699897741729e-01
1.329123589676736510e-04
2.197296105733131111e-01
1.298751982360515965e-04
2.197143274232740973e-01
1.321378149786335684e-04
2.197129000962761980e-01
1.322900685874425785e-04
2.197159127133117007e-01
1.295727956306994520e-04
2.197049081219784039e-01
1.264741046086867936e-04
2.196967788650527331e-01
1.280670222923835887e-04
2.196946022046002422e-01
1.281421291105414386e-04
2.196965970287707015e-01
1.289157077266384511e-04
2.197002474154347018e-01
1.308800886345746356e-04
2.196867948263398762e-01
1.315326282215227224e-04
2.196844116819935411e-01
1.316285111871257584e-04
2.196978779622398847e-01
1.321976092315467705e-04
2.196911388967746348e-01
1.338831779759772230e-04
2.196884770694871036e-01
1.341968517372408502e-04
2.196845333163033320e-01
1.342556389158011329e-04
2.196939917960888944e-01
1.345273604927471796e-04
2.196948083556201914e-01
1.359390180365132694e-04
2.197152436390998054e-01
1.373062766931190898e-04
2.196879726833235735e-01
1.395483762040566217e-04
2.196996418981652932e-01
1.393320729505001466e-04
2.197061491756299445e-01
1.406378687434267671e-04
2.196950057574655335e-01
1.408365178296518030e-04
2.197111273210550775e-01
1.421189054850997933e-04
2.197099880285364182e-01
1.408467240673223211e-04
2.197159940487224128e-01
1.442319531794834309e-04
2.197081910692160467e-01
1.429274887713888364e-04
2.197271665897854165e-01
1.427194843452658259e-04
2.197322362385932815e-01
1.443367904487287781e-04
2.197555979072655097e-01
1.418332357081212973e-04
2.197425622447024551e-01
1.408936727053423119e-04
2.197463341911102541e-01
1.410195253777187462e-04
2.197538637150343310e-01
1.410450197417790011e-04
2.197736020778290889e-01
1.386556495362652208e-04
2.198131839012735789e-01
1.392105139812098511e-04
2.198266494494749423e-01
1.378349064134592994e-04
2.198180717673563767e-01
1.348229215307639877e-04
2.198429678744390214e-01
1.369364285195281755e-04
2.198547521478108613e-01
1.380781158197168018e-04
2.198759053673701447e-01
1.383712355347641715e-04
2.198916722286065606e-01
1.401777579522594239e-04
2.199001982731195459e-01
1.444928842502574053e-04
2.199420309819375696e-01
1.404729203035281202e-04
2.199653282839318935e-01
1.429382605820442027e-04
2.199811506589683385e-01
1.458253521849266286e-04
2.200049393824120014e-01
1.476589665988912883e-04
2.200259204141158942e-01
1.483667346916240617e-04
2.200466281992005946e-01
1.470691506509872880e-04
2.200639201761445396e-01
1.480392484311334226e-04
2.200980241506334534e-01
1.490177396723118034e-04
2.201310319669235460e-01
1.463988350500484265e-04
2.201416318870500766e-01
1.464634923975485672e-04
2.201784576921637371e-01
1.476647141051215398e-04
2.202266547098659932e-01
1.460577466387899396e-04
2.202388245750473705e-01
1.466113480974579725e-04
2.202975701985700474e-01
1.475769551422770223e-04
2.203284097294724297e-01
1.481194191387036395e-04
2.203715613874931145e-01
1.462851174136411601e-04
2.204082941405762219e-01
1.455973406783937481e-04
2.204527739638401929e-01
1.442330851120609940e-04
2.204804561185583212e-01
1.441651843850541266e-04
2.205194323112035781e-01
1.428032424054455915e-04
2.205531004714079146e-01
1.425560811330161127e-04
2.205938427076340469e-01
1.424800026537146279e-04
2.206436794385008282e-01
1.405501164217342876e-04
2.206930282354558903e-01
1.395707762922989098e-04
2.207497425694976423e-01
1.392557513499058158e-04
2.207920057224056765e-01
1.391514309749431887e-04
2.208228366138804688e-01
1.373309884165423134e-04
2.208672468227167451e-01
1.374618286917573499e-04
2.209173871823937596e-01
1.372455133269243207e-04
2.209564874043862814e-01
1.368455980905429069e-04
2.209956277045511397e-01
1.379002949159120490e-04
2.210497304101242122e-01
1.370849245104308750e-04
2.211069426516618364e-01
1.369373981425992459e-04
2.211403140939649237e-01
1.403326834938109036e-04
2.211947404100001735e-01
1.399170125541224371e-04
2.212229795811088695e-01
1.412798835516484986e-04
2.212842001572918604e-01
1.423394301778486179e-04
2.213436445380007056e-01
1.421858388938382063e-04
2.213725274576501534e-01
1.446368162127710793e-04
2.214361742183533488e-01
1.450888462287519250e-04
2.214725120596895136e-01
1.444200060761586222e-04
2.215311103180728214e-01
1.468097145062399777e-04
2.215690389924899473e-01
1.469635874288539141e-04
2.216261751828635107e-01
1.496324953966050246e-04
2.216679690301538996e-01
1.487570561155091703e-04
2.217324424855424692e-01
1.458298161132164106e-04
2.217905509611026449e-01
1.426198575815349444e-04
2.218400847222573025e-01
1.420354351679028700e-04
2.218877515714319237e-01
1.414437691583141554e-04
2.219225505851308844e-01
1.442900268283627625e-04
2.219763563578561194e-01
1.452128340802939321e-04
2.220390142038629333e-01
1.466088099075423478e-04
2.220792034519063762e-01
1.487640632369326046e-04
2.221517325474141602e-01
1.494724678978650060e-04
2.222006130198480589e-01
1.512656146251905144e-04
2.222577299902534775e-01
1.500822382795405526e-04
2.223016199554838368e-01
1.471644725250142365e-04
2.223512203733126469e-01
1.468450319313329788e-04
2.224092376600642629e-01
1.464729337255534490e-04
2.224438293430355540e-01
1.443219597439258960e-04
2.224918903226770217e-01
1.445080860747607421e-04
2.225373252081361830e-01
1.487722306939980347e-04
2.225841723076194545e-01
1.477064311112107477e-04
2.226578437925629816e-01
1.461513505025405289e-04
2.226899020565986098e-01
1.480040460606024905e-04
2.227593950226093578e-01
1.498914887195400216e-04
2.228003059894933802e-01
1.473003614563930038e-04
2.228517085276300880e-01
1.490725952997083031e-04
2.229095920704095013e-01
1.461231505842383398e-04
2.229480863467165064e-01
1.434263651218165350e-04
2.230111611335220401e-01
1.448322237698940651e-04
2.230470045696176240e-01
1.466068770900874065e-04
2.231024657890844642e-01
1.474210873190438516e-04
2.231543202429836226e-01
1.470968625607363672e-04
2.231887400310209046e-01
1.448561856372977805e-04
2.232451936672272264e-01
1.469713194995387229e-04
2.232878101476201693e-01
1.448595901382812904e-04
2.233392586018098924e-01
1.434138256408349472e-04
2.234085570155341371e-01
1.455122153892463271e-04
2.234722242008973514e-01
1.486950249837430053e-04
2.235276629136241089e-01
1.456688890145059478e-04
2.235683905763960200e-01
1.417148329335654144e-04
2.236222151751839637e-01
1.426199835297196601e-04
2.236610826854351364e-01
1.460722876138763121e-04
2.237363892292655587e-01
1.480763777400227971e-04
2.237712212897260966e-01
1.473505743108440296e-04
2.238453655996398839e-01
1.486109738393789578e-04
2.239072893035698730e-01
1.487018509917779657e-04
2.239668123889091700e-01
1.483665137727233215e-04
2.240240583166816235e-01
1.502718807711398308e-04
2.240836205204096154e-01
1.498944516920950481e-04
2.241432419286052691e-01
1.496963318137574037e-04
2.241910570488343246e-01
1.486662086150368554e-04
2.242707893161214883e-01
1.510820485065018221e-04
2.243244989396350197e-01
1.508820764818091906e-04
2.243809431405503207e-01
1.480217234610502067e-04
2.244572459466166181e-01
1.510786870918395797e-04
2.245232670763467886e-01
1.496217166167209160e-04
2.245781721056432922e-01
1.500589021716643113e-04
2.246450337961907462e-01
1.521190796149044704e-04
2.247161682138264505e-01
1.498175115357054828e-04
2.247802677232982882e-01
1.480774500428076116e-04
2.248501334200586621e-01
1.455029128299175744e-04
2.249056489805418280e-01
1.456059586930761641e-04
2.249833936988396843e-01
1.447352547948838161e-04
2.250473605009508660e-01
1.466897227320617563e-04
2.251027640597581814e-01
1.459909842727683275e-04
2.251763222616415261e-01
1.472978095998288370e-04
2.252408647360312210e-01
1.465844308150427431e-04
2.253131894550442216e-01
1.486854679488633238e-04
2.253833915512382935e-01
1.497331004543317131e-04
2.254466814864017621e-01
1.494517552070440255e-04
2.255188074017567545e-01
1.508938043317849394e-04
2.255900012076472172e-01
1.500405288963836052e-04
2.256640315346075398e-01
1.484991559961323687e-04
2.257227779896598674e-01
1.499618621423231862e-04
2.257976468011370919e-01
1.507436965040853942e-04
2.258704380568354597e-01
1.520814759354037818e-04
2.259192586615038634e-01
1.503176488079573288e-04
2.259895852826495077e-01
1.550571886892257055e-04
2.260633797639590992e-01
1.543960711541847344e-04
2.261248462147896210e-01
1.573205331921264012e-04
2.262067518610520744e-01
1.577104778626406585e-04
2.262572751085171752e-01
1.591505804350443946e-04
2.263305794459047338e-01
1.566308486055758610e-04
2.264137637384363855e-01
1.570755422580018843e-04
2.264715745680688230e-01
1.568635389236313672e-04
2.265613205130047880e-01
1.555648712551835214e-04
2.266204864097189353e-01
1.529755705143039763e-04
2.266875891882843552e-01
1.559273266204266547e-04
2.267599712872349071e-01
1.538780505874109484e-04
2.268330934254421949e-01
1.536474114528295994e-04
2.268902755954603501e-01
1.496062516992194540e-04
2.269670761640290579e-01
1.474228707680262326e-04
2.270333627485518480e-01
1.479208335651023662e-04
2.271094534622883354e-01
1.486737336241227589e-04
2.271673881691506913e-01
1.484996288642060323e-04
2.272500039869580213e-01
1.504989636111017952e-04
2.273119295612006374e-01
1.475853759889345573e-04
2.273933286216456851e-01
1.513100347795085507e-04
2.274656226375713353e-01
1.525861401538299673e-04
2.275336126904979328e-01
1.523853335472982599e-04
2.275913005313222881e-01
1.559560124292132396e-04
2.276606249486316791e-01
1.558700237378537882e-04
2.277537663361632048e-01
1.561892795537257815e-04
2.278042116131986372e-01
1.575816666247870361e-04
2.278824583961391315e-01
1.540779959308193091e-04
2.279599497649329454e-01
1.540307138517913593e-04
2.280274413630735686e-01
1.552102906282791192e-04
2.281031216873250778e-01
1.555575532871064670e-04
2.281525683213041777e-01
1.582240307235338193e-04
2.282394324592257606e-01
1.620843814809361976e-04
2.283060085399636341e-01
1.599526901753727610e-04
2.283841671228084291e-01
1.574222104941386106e-04
2.284477680542975897e-01
1.560602797565645327e-04
2.285104052944498532e-01
1.575401778768017612e-04
2.285809246064358369e-01
1.585825623850549957e-04
2.286529793280105693e-01
1.582177108796909077e-04
2.287185104256721502e-01
1.524452143081413504e-04
2.287820113611243322e-01
1.538893066825646415e-04
2.288534853450542861e-01
1.505913389455074255e-04
2.289110971195931765e-01
1.488477287806191788e-04
2.289726981592751787e-01
1.462210778772857645e-04
2.290372326157124327e-01
1.459279110605343202e-04
2.291040628576591076e-01
1.480326377262393108e-04
2.291804734071511140e-01
1.493322061953686808e-04
2.292505308608763503e-01
1.509886449905583706e-04
2.293378115813493878e-01
1.517991445202011326e-04
2.293774346962820787e-01
1.535710315140634372e-04
2.294596160990650946e-01
1.533079783004446563e-04
2.295140548217470544e-01
1.501718599051833235e-04
2.295693253326629713e-01
1.525516982664936003e-04
2.296383756959105293e-01
1.587388522502017362e-04
2.297089865087377503e-01
1.515982346554275160e-04
2.297614218400154118e-01
1.535978499220629588e-04
2.298482840320985876e-01
1.540574667781623522e-04
2.299121657276267383e-01
1.571416055200266354e-04
2.299735055781509108e-01
1.528381174868922066e-04
2.300335419984337881e-01
1.521008302511381413e-04
2.300949101423086507e-01
1.491037630668080763e-04
2.301543660108283929e-01
1.507470898966023541e-04
2.302293255494986535e-01
1.493654824867314123e-04
2.302722604038039411e-01
1.481352178078335405e-04
2.303557768870148070e-01
1.487892996784337624e-04
2.304077648102077491e-01
1.478365062714116871e-04
2.304595972314081309e-01
1.537881244895488765e-04
2.305404403206260944e-01
1.552035867621298485e-04
2.305876399306800995e-01
1.534402917006811283e-04
2.306546860412722055e-01
1.544125859339598645e-04
2.307042621517587377e-01
1.530590485131911986e-04
2.307909164539993230e-01
1.508750168228225892e-04
2.308297876903888934e-01
1.509357053509051156e-04
2.308921777793065677e-01
1.541956896016721899e-04
2.309538075533365264e-01
1.546091123594703842e-04
2.310126191495951997e-01
1.536048229658610416e-04
2.310627559560117783e-01
1.511984526876656036e-04
2.311182819322524507e-01
1.538583707336758986e-04
2.311716160859919045e-01
1.519374659927373637e-04
2.312170419929123200e-01
1.501522505664175172e-04
2.312785700044665549e-01
1.525957660944056579e-04
2.313328415278042005e-01
1.542635099262494158e-04
2.313819135109569658e-01
1.536910697119496353e-04
2.314336850576325377e-01
1.550850625529870516e-04
2.314922718338877639e-01
1.565373081883080940e-04
2.315586208346874508e-01
1.553253140614024755e-04
2.315943110076819633e-01
1.546427646528269247e-04
2.316548736431322808e-01
1.534558635408666215e-04
2.317058633374353971e-01
1.542938145221387370e-04
2.317580358977289756e-01
1.535898559692598913e-04
2.318161922242098494e-01
1.549314244029882822e-04
2.318604535329366334e-01
1.536109847126083982e-04
2.319010003223800631e-01
1.555602197337826911e-04
2.319715135156046049e-01
1.559969673847537528e-04
2.320298943447653417e-01
1.555686013011243151e-04
2.320796095635989931e-01
1.545495568535952178e-04
2.321347213324880809e-01
1.560628281666605994e-04
2.321765699463866628e-01
1.570495717565188732e-04
2.322244251993336450e-01
1.557348978955558230e-04
2.322728047383744721e-01
1.542585342176784483e-04
2.323109671932967746e-01
1.526144547296243972e-04
2.323736376367170897e-01
1.509471094334498677e-04
2.324163634013574065e-01
1.509082473916125659e-04
2.324697286148257880e-01
1.503752862965347203e-04
2.325076646326330598e-01
1.492666501990036368e-04
2.325512399654787177e-01
1.524660845606853042e-04
2.326021316046894272e-01
1.547155321472687265e-04
2.326345925253598401e-01
1.534177873668536671e-04
2.326762468433294928e-01
1.559832895575046560e-04
2.327327309019808776e-01
1.572539034257208095e-04
2.327550057524009897e-01
1.590377710906132921e-04
2.327956502752022705e-01
1.567893417957502917e-04
2.328459947652340711e-01
1.550248307147560967e-04
2.328891873041604443e-01
1.569221253294138252e-04
2.329283624347132930e-01
1.570863829006202749e-04
2.329632157571595863e-01
1.558821419620948126e-04
2.330173680402223280e-01
1.529168706785051621e-04
2.330563264672536605e-01
1.519963674906309702e-04
2.330940092944742692e-01
1.513847526247264971e-04
2.331243647522187323e-01
1.518831586986947113e-04
2.331671574641480948e-01
1.509123465899800040e-04
2.332031272821918910e-01
1.548600559263305608e-04
2.332374773572929438e-01
1.564165951598159765e-04
2.332693185981741524e-01
1.557216839557561757e-04
2.333083238521429792e-01
1.575093436181464819e-04
2.333272452063587243e-01
1.533352755510866900e-04
2.333724003267324265e-01
1.516250263419467031e-04
2.333958708408969962e-01
1.519437682556087660e-04
2.334480599071206419e-01
1.561404401002650750e-04
2.334809831116126111e-01
1.564466900603252056e-04
2.335065891042588659e-01
1.572747281929822306e-04
2.335350021097402085e-01
1.547268921533144362e-04
2.335723791811529504e-01
1.521171498498439666e-04
2.336019650131289371e-01
1.540366274657825661e-04
2.336216997874633050e-01
1.563866250360802421e-04
2.336431528131822366e-01
1.564998971585199129e-04
2.336776915233678975e-01
1.551329468562081225e-04
2.337021371411343307e-01
1.529888256377561948e-04
2.337294348517869325e-01
1.522831268890038263e-04
2.337465016380929073e-01
1.519912995375993976e-04
2.337753981898603450e-01
1.496556226506652696e-04
2.337883648532778913e-01
1.485333208638019815e-04
2.338308230555562472e-01
1.510433441185416695e-04
2.338530318049644452e-01
1.501259954445242038e-04
2.338658291784236898e-01
1.489975485279407578e-04
2.338683970485459784e-01
1.458212044898224262e-04
2.339050582155415559e-01
1.473735553158444015e-04
2.339139871357141243e-01
1.489106580922215954e-04
2.339366381008813334e-01
1.497760614217392332e-04
2.339653161142153937e-01
1.516576590418219580e-04
2.339773372365944182e-01
1.501552072361925227e-04
2.340066118479404433e-01
1.500566893421494716e-04
2.340252509104929490e-01
1.521596518310224715e-04
2.340412851455228038e-01
1.523968218740891938e-04
2.340571046873359262e-01
1.553161306000719506e-04
2.340679894950771223e-01
1.554783942990098291e-04
2.340677628223130635e-01
1.538026124325425615e-04
2.340969282447630806e-01
1.569575051680479315e-04
2.341081850565791267e-01
1.555620957418893640e-04
2.341111641809379695e-01
1.583718815374486480e-04
2.341092748015164982e-01
1.574251916650014609e-04
2.341348728373144894e-01
1.537395942376589030e-04
2.341330041921527161e-01
1.537844165421971276e-04
2.341401364440743316e-01
1.546887305972454016e-04
2.341720714750613608e-01
1.518980712582316574e-04
2.341745398340383255e-01
1.523405203635896693e-04
2.341746190376375880e-01
1.509907187993297527e-04
2.341900788116339505e-01
1.496978429491269092e-04
2.341932154661119925e-01
1.471309535775033460e-04
2.341980253487269403e-01
1.473035337364337889e-04
2.341978267042208184e-01
1.492206525076341175e-04
2.342062457442311840e-01
1.518230444196067594e-04
2.342072395772941962e-01
1.506091647832191684e-04
2.342030582063978350e-01
1.513498432378806481e-04
2.342297359357305986e-01
1.497917996925989274e-04
2.342311262151643703e-01
1.477433191373882129e-04
2.342393016757071955e-01
1.469072591550164787e-04
2.342352339936562000e-01
1.484923152542751460e-04
2.342422575797380446e-01
1.512849582797785104e-04
2.342454167006777777e-01
1.533458902361841032e-04
2.342583761503237161e-01
1.565086900767273417e-04
2.342544445673430120e-01
1.560479288956578261e-04
2.342608188937972402e-01
1.549778124280627484e-04
2.342553806712343312e-01
1.537214208587110546e-04
2.342649923812634150e-01
1.527783376629109036e-04
2.342532873759391454e-01
1.526892514211310539e-04
2.342649538630282580e-01
1.533170525042565401e-04
2.342759343261867910e-01
1.507666512959843067e-04
2.342687452157137251e-01
1.490178396007017748e-04
2.342734838853169355e-01
1.494511138159626117e-04
2.342672074154179274e-01
1.486990269084474963e-04
2.342672675867214782e-01
1.521842471045349186e-04
2.342656330456853175e-01
1.547654931327382705e-04
2.342750229163528264e-01
1.559377110312521950e-04
2.342771252803455273e-01
1.551923738211365492e-04
2.342757518629843549e-01
1.546976686618681436e-04
2.342535744177443868e-01
1.544064284051532290e-04
2.342691212675233614e-01
1.485933764082417662e-04
2.342630529758267244e-01
1.492899451482919198e-04
2.342652797561571854e-01
1.504893723929365441e-04
2.342603907028184551e-01
1.511129856052056714e-04
2.342740338811429568e-01
1.502725194281417345e-04
2.342712393834202322e-01
1.481802667051952628e-04
2.342636738231912708e-01
1.509477736835911684e-04
2.342685775210697485e-01
1.502024933117234980e-04
2.342571303288005780e-01
1.511556344114111663e-04
2.342656612460412846e-01
1.506992019651887018e-04
2.342517451881551971e-01
1.510438129389374501e-04
2.342450029744684026e-01
1.528208384620885409e-04
2.342466220171916524e-01
1.534687231187608898e-04
2.342498171794343553e-01
1.540114125519390488e-04
2.342479958634000881e-01
1.514260468454576040e-04
2.342187792472021912e-01
1.501400443415828643e-04
2.342340661805533408e-01
1.488397049687751174e-04
2.342296081427021337e-01
1.471880543282787744e-04
2.342233995747671493e-01
1.480736108973182224e-04
2.342143900814777635e-01
1.452145768814687378e-04
2.342260650972678993e-01
1.495355917784474636e-04
2.342292211898732435e-01
1.485224056009963915e-04
2.342270313732841558e-01
1.497752016919114853e-04
2.342198483526967967e-01
1.495606904057055311e-04
2.342101000665427202e-01
1.499549003853441035e-04
2.342156601666368076e-01
1.519954070950552951e-04
2.342136705258165696e-01
1.512739500758255749e-04
2.342095289469693642e-01
1.487863254903335061e-04
2.342065364113722903e-01
1.470498241689871608e-04
2.341970381428827019e-01
1.495600053280690656e-04
2.341955661236009290e-01
1.479547675455435347e-04
2.341932302051900339e-01
1.456464623999783410e-04
2.341877198344359257e-01
1.444327583742180269e-04
2.341881838026976248e-01
1.506382709427129033e-04
2.341751640835735560e-01
1.522415195917295135e-04
2.341743783725397099e-01
1.549334685918362341e-04
2.341756701497209880e-01
1.556599679326376004e-04
2.341645945141885288e-01
1.559310411134277343e-04
2.341633779181452324e-01
1.583669670811839675e-04
2.341454643317989470e-01
1.549029492156243437e-04
2.341525556832231847e-01
1.559413058526193168e-04
2.341495182559413246e-01
1.531836258179479872e-04
2.341431248074886118e-01
1.525130135299336380e-04
2.341249115864426633e-01
1.537246295500736869e-04
2.341311032690472638e-01
1.502970501192818541e-04
2.341225838956812189e-01
1.490626241968888281e-04
2.341205761877181712e-01
1.502479353102449710e-04
2.341119780558999774e-01
1.487877071908329902e-04
2.341094755068328370e-01
1.476802305443270869e-04
2.340976352149581052e-01
1.466511085060964985e-04
2.340935764761618021e-01
1.448959412381230878e-04
2.340982342795773496e-01
1.462383221586592379e-04
2.340868956913077503e-01
1.436322016601095466e-04
2.340788491043781228e-01
1.462750462156585428e-04
2.340710993104488657e-01
1.491828753533993668e-04
2.340684489902294940e-01
1.499918429213506466e-04
2.340637987227660310e-01
1.523413009815959398e-04
2.340462475509359208e-01
1.506792918590663187e-04
2.340460584832545210e-01
1.514839192707280338e-04
2.340383543203916061e-01
1.531287875188204071e-04
2.340288767807455206e-01
1.512165769279838988e-04
2.340273715061843285e-01
1.532847291528377498e-04
2.340169658185621837e-01
1.528151299298614050e-04
2.340155845789947120e-01
1.557780436933631891e-04
2.340192878182366099e-01
1.506504519466973270e-04
2.340075367392991379e-01
1.514513531108569171e-04
2.339998806125696273e-01
1.499360917602103333e-04
2.339883004730413663e-01
1.466873661041964651e-04
2.339891038860648365e-01
1.481105580784123840e-04
2.339758592174518981e-01
1.490895366637195487e-04
2.339828619700899115e-01
1.494708153074725124e-04
2.339814161026426975e-01
1.500726104113434965e-04
2.339616405273971522e-01
1.490919145447230324e-04
2.339582821293282877e-01
1.504063923188623294e-04
2.339441569156755218e-01
1.488012112650803002e-04
2.339332940581043963e-01
1.495595053339045049e-04
2.339335232634213446e-01
1.500171049615115523e-04
2.339233974516365389e-01
1.513316671545384469e-04
2.339120655727772446e-01
1.495613065664369091e-04
2.339027885682563035e-01
1.475889688697583314e-04
2.339000950965464953e-01
1.449614117238000831e-04
2.339051921915418775e-01
1.450837395010952944e-04
2.338862715802961234e-01
1.429370676671718235e-04
2.338799637700846312e-01
1.432659878738369098e-04
2.338699530689351269e-01
1.481160842929908031e-04
2.338636193707365474e-01
1.435474465647432727e-04
2.338588504488222919e-01
1.439732117939846519e-04
2.338437580946384764e-01
1.437798156067229675e-04
2.338307869327981847e-01
1.460198071158477610e-04
2.338245681079920701e-01
1.494887315524216428e-04
2.338249088908239959e-01
1.474116086692598933e-04
2.338206632452361766e-01
1.493808324534088682e-04
2.338133124225143245e-01
1.484943785862991559e-04
2.338021030528891764e-01
1.490712429815459043e-04
2.338023913370810281e-01
1.491771108703634661e-04
2.337951063324523737e-01
1.484333711443481174e-04
2.337922873261714940e-01
1.494143087177093312e-04
2.337834804143383849e-01
1.492152393206257763e-04
2.337721961695423400e-01
1.482335800832226152e-04
2.337677712348511239e-01
1.495541198046639497e-04
2.337669260930445581e-01
1.501988809740171940e-04
2.337539501502882699e-01
1.479906988704082652e-04
2.337452941025089104e-01
1.461527888532276735e-04
2.337415525054327980e-01
1.474456069572413930e-04
2.337308789220319261e-01
1.451972153780124481e-04
2.337215081981856846e-01
1.474008403863815288e-04
2.337175212491847953e-01
1.481269577658413789e-04
2.337024294423925841e-01
1.492009933170628747e-04
2.336993427788613964e-01
1.492320865283163693e-04
2.336888162562455740e-01
1.466075914648431273e-04
2.336890175501103450e-01
1.476105567300764595e-04
2.336794477879696741e-01
1.471539698826173530e-04
2.336741518493897773e-01
1.481259256257193378e-04
2.336484249137003588e-01
1.482776015730001172e-04
2.336493819517241610e-01
1.493486762515640451e-04
2.336398566322507309e-01
1.491576525043639308e-04
2.336400057315359546e-01
1.520662034704296501e-04
2.336104664999459901e-01
1.513398672347612535e-04
2.336149309305439736e-01
1.520318090227446657e-04
2.336198076322324735e-01
1.524638227799468831e-04
2.336057376955824327e-01
1.555004946826618161e-04
2.335952270227355521e-01
1.524570290930192203e-04
2.335985164068625775e-01
1.516340698589427056e-04
2.335820671899853651e-01
1.525822948509529900e-04
2.335726583784549226e-01
1.519400511656277637e-04
2.335585363058371444e-01
1.490393763380613618e-04
2.335490725764826359e-01
1.489264810860533358e-04
2.335469640863279683e-01
1.491786958405415188e-04
2.335384515772163383e-01
1.507606939122799043e-04
2.335334066232285788e-01
1.506718446875208377e-04
2.335364559647905569e-01
1.498911837153792321e-04
2.335045736625614154e-01
1.516876609707342404e-04
2.335025973546484002e-01
1.520677057973413406e-04
2.334947400705970899e-01
1.520804636073225832e-04
2.334904422934104828e-01
1.481271730925769875e-04
2.334730441453568006e-01
1.511292311220540133e-04
2.334672095100817635e-01
1.488632209434459128e-04
2.334533907184343782e-01
1.510164603121869325e-04
2.334641286168608332e-01
1.488563077849607930e-04
2.334419619656913081e-01
1.471025281738191904e-04
2.334476956545038506e-01
1.498808964073425820e-04
2.334316266772633597e-01
1.462283388675351167e-04
2.334190724825878915e-01
1.462219039948040977e-04
2.334275331576678159e-01
1.472790087024875667e-04
2.334107667100772388e-01
1.493082498095246432e-04
2.334067214492888953e-01
1.525520441016891236e-04
2.334137983214459311e-01
1.515872732103888665e-04
2.334021369333105222e-01
1.508588285834264512e-04
2.333873725660211562e-01
1.518981713460444780e-04
2.333800677758224029e-01
1.529297138995329940e-04
2.333539951466898354e-01
1.530669704341675009e-04
2.333604300820007749e-01
1.514958832227480295e-04
2.333443489110355040e-01
1.512854548586526683e-04
2.333372317275710095e-01
1.550246390090184408e-04
2.333360972352206963e-01
1.520858951342890573e-04
2.333343905278884578e-01
1.544704581446064027e-04
2.333153670783252309e-01
1.527231792058823736e-04
2.333197742608519587e-01
1.530047258813335166e-04
2.333162020736443409e-01
1.519467205113721349e-04
2.333110349670862727e-01
1.489330370735303811e-04
2.332976964879774351e-01
1.508546075595660957e-04
2.332828021544867680e-01
1.490354272406886811e-04
2.332775423960371242e-01
1.481294481975873516e-04
2.332819572681611997e-01
1.498041592267875617e-04
2.332646770246252499e-01
1.497374157840899306e-04
2.332639722018978179e-01
1.524856902033067541e-04
2.332562508538338630e-01
1.511297036141779986e-04
2.332353403262307501e-01
1.535820428011087750e-04
2.332365840375525967e-01
1.514722986561072666e-04
2.332251649350660372e-01
1.489022568662186894e-04
2.332223698615156215e-01
1.506099017447950258e-04
2.332152756523608594e-01
1.524274961154819304e-04
2.332112127889010289e-01
1.531946138456584915e-04
2.332025164474314516e-01
1.518274437220668157e-04
2.331992100758629449e-01
1.533620824242097776e-04
2.331807037276325545e-01
1.537472542358561396e-04
2.331768341130460165e-01
1.516407419375214621e-04
2.331785773156160868e-01
1.519018500538848071e-04
2.331598649205549045e-01
1.513678803984904277e-04
2.331487624098398381e-01
1.521662012287572016e-04
2.331501055632977382e-01
1.521588355100656766e-04
2.331348708925551350e-01
1.521065117701591251e-04
2.331258747725246383e-01
1.528499193289136002e-04
2.331181426220765018e-01
1.540858056508855360e-04
2.331142996907126508e-01
1.533990231430339027e-04
2.331002870512139669e-01
1.530932322272183642e-04
2.330933283311759363e-01
1.552446951307461431e-04
2.330826863403319960e-01
1.577191485349369125e-04
2.330914151834387327e-01
1.568419905098059693e-04
2.330662383134147198e-01
1.569445460639876003e-04
2.330752161122022770e-01
1.567147864077696510e-04
2.330698605851993510e-01
1.552684777051432561e-04
2.330647102423804296e-01
1.560220334981978591e-04
2.330739467015635891e-01
1.578803984918038987e-04
2.330611205658802143e-01
1.565407396130042122e-04
2.330593239468905509e-01
1.540599867733856421e-04
2.330477768386182147e-01
1.553721993704042215e-04
2.330428793788188180e-01
1.526031528099431277e-04
2.330406419856277389e-01
1.492896141935134719e-04
2.330256132210709874e-01
1.534419415872087392e-04
2.330275449657700226e-01
1.553784402105809210e-04
2.330044721264867835e-01
1.516244138536383679e-04
2.329886644670957352e-01
1.503453068330470866e-04
2.329894987125403494e-01
1.509971025504279929e-04
2.329792068951477557e-01
1.530421263002749153e-04
2.329565298366831627e-01
1.523981682192582796e-04
2.329645616881899639e-01
1.526506959426008811e-04
2.329635005454127050e-01
1.552580490583203095e-04
2.329583433764627620e-01
1.518575765037281987e-04
2.329479547170197618e-01
1.493599414419068854e-04
2.329467849404288637e-01
1.478444816548398757e-04
2.329267059808536322e-01
1.473352266822266577e-04
2.329246199807965545e-01
1.478678999618138516e-04
2.329095120757848358e-01
1.485119265300181965e-04
2.328990347097179003e-01
1.491790497145884192e-04
2.328974115230525443e-01
1.505693761225509119e-04
2.328941513785623696e-01
1.516201396247657306e-04
2.328873555125966777e-01
1.496734912394004097e-04
2.328861271267713973e-01
1.514348947286077321e-04
2.328707287099506251e-01
1.543755246419244664e-04
2.328576722193768933e-01
1.526246051273858026e-04
2.328379493346264262e-01
1.557728757735226972e-04
2.328528780139763332e-01
1.540245189523113819e-04
2.328457123428234188e-01
1.562569059782892864e-04
2.328395858342317271e-01
1.548358253331624671e-04
2.328287167998138174e-01
1.571319044933620684e-04
2.328368203405206949e-01
1.562113352652951665e-04
2.328225450397324314e-01
1.551694812877795458e-04
2.328202325907566539e-01
1.530218960142938048e-04
2.328167405538854595e-01
1.525446772089385119e-04
2.327886745156197978e-01
1.541412329918663332e-04
2.327891805462602437e-01
1.558224463318656045e-04
2.327770065437897162e-01
1.527212727813845338e-04
2.327777222821859338e-01
1.546938126164859194e-04
2.327594428920194136e-01
1.529643081235940302e-04
2.327491805378309186e-01
1.526984782452742140e-04
2.327507549494363948e-01
1.561026075272755882e-04
2.327549510107643493e-01
1.540638628548232820e-04
2.327249534765223338e-01
1.488952709053365376e-04
2.327328469964612123e-01
1.516825272570399377e-04
2.327227810518527618e-01
1.522287465575603938e-04
2.327018368707419460e-01
1.541778942117128122e-04
2.327084306149470594e-01
1.510051505509332737e-04
2.326880464512649238e-01
1.510238540105625924e-04
2.326837805723399044e-01
1.490904497977890730e-04
2.326746846756974629e-01
1.492163892250793070e-04
2.326662999059699311e-01
1.472177828822839268e-04
2.326581803778768609e-01
1.448663346798175020e-04
2.326421043244953635e-01
1.462327745581099437e-04
2.326378186504279022e-01
1.466044823747652615e-04
2.326304646646960572e-01
1.470596703262798107e-04
2.326337979281604129e-01
1.470513138022073486e-04
2.326176657875603793e-01
1.469965830475044688e-04
2.326070348569465318e-01
1.462511142942303770e-04
2.326133589457336226e-01
1.461651334107216729e-04
2.326051282490244621e-01
1.465807313159935986e-04
2.325934995952388118e-01
1.447741157923992082e-04
2.325790815368251330e-01
1.467525169337336865e-04
2.325768877145541202e-01
1.472730608565732640e-04
2.325699805807378007e-01
1.476811210441437137e-04
2.325668350792020056e-01
1.474767436596389775e-04
2.325765309697434557e-01
1.460944875330565833e-04
2.325639287430766866e-01
1.442443575147407361e-04
2.325568615491051538e-01
1.434237080034933423e-04
2.325519609432948609e-01
1.432221591181710371e-04
2.325409440529747629e-01
1.471080543167622306e-04
2.325347461912302682e-01
1.424475783317851580e-04
2.325233554009078496e-01
1.472511196392498859e-04
2.325298380942250054e-01
1.477314234933381205e-04
2.325205899824015210e-01
1.489163143555164933e-04
2.325183222093356872e-01
1.485237529188764840e-04
2.325036244328113066e-01
1.513746530409997937e-04
2.325079261715380374e-01
1.473351812154883732e-04
2.324962676940685036e-01
1.493602280769242832e-04
2.324913253344996211e-01
1.517627088793881607e-04
2.324741866814665769e-01
1.488112540295758531e-04
2.324728906383863591e-01
1.485587572753034147e-04
2.324606087776479313e-01
1.464771202262978847e-04
2.324551146486320552e-01
1.452436623222564250e-04
2.324453117285217307e-01
1.462596500037779176e-04
2.324517664408590478e-01
1.467030330815251304e-04
2.324395929985825227e-01
1.485400321491792716e-04
2.324308023304567650e-01
1.500908622152664906e-04
2.324317035839176260e-01
1.504266905741415714e-04
2.324320122656867715e-01
1.507053691428732797e-04
2.324214445632034332e-01
1.483530814827523699e-04
2.324118280223316235e-01
1.516756093430833563e-04
2.324115136738340304e-01
1.511464883656809361e-04
2.324130122454980685e-01
1.527578643303147056e-04
2.324144519893027727e-01
1.537282358329245891e-04
2.323983957976480386e-01
1.527921657562000899e-04
2.324071225275261554e-01
1.515006323216660524e-04
2.323904686683772314e-01
1.542376622537264068e-04
2.323775841515953178e-01
1.532617853006775356e-04
2.323857097498018831e-01
1.507016001383922890e-04
2.323613835757509238e-01
1.506405467681933648e-04
2.323559102677758004e-01
1.520835295335265524e-04
2.323386371213899404e-01
1.520429567460881623e-04
2.323376600173188145e-01
1.533576940225918534e-04
2.323391478445064884e-01
1.546902164442160636e-04
2.323221744282429613e-01
1.570911332481845037e-04
2.323200573371068389e-01
1.515520325437040615e-04
2.323173001147292027e-01
1.492057808657024402e-04
2.323229683860875416e-01
1.485715548992844106e-04
2.322986341853685022e-01
1.491414402009787101e-04
2.323049102808295574e-01
1.469144993998889248e-04
2.322986977554833410e-01
1.501355975723348208e-04
2.323011214496513432e-01
1.487360919825834766e-04
2.322921134130206955e-01
1.504405072687612060e-04
2.322826536562870303e-01
1.501704609318186537e-04
2.322789825618409021e-01
1.508231850007427956e-04
2.322675241589303163e-01
1.508688191927716341e-04
2.322756280471029444e-01
1.518512765680850231e-04
2.322620924202509762e-01
1.548221622508634771e-04
2.322500868828724363e-01
1.549570378305839351e-04
2.322538208421256190e-01
1.539243297845423923e-04
2.322517050442398368e-01
1.517624085484051231e-04
2.322380200920554916e-01
1.534057598529342753e-04
2.322447641145958530e-01
1.517385882434154070e-04
2.322360055242181087e-01
1.499162325752741902e-04
2.322489203712687911e-01
1.484048133408321138e-04
2.322267321705664689e-01
1.488374772373945391e-04
2.322248060269110903e-01
1.486669488191246305e-04
2.322214361486181489e-01
1.480266008710329651e-04
2.322187823840583532e-01
1.472088311030790889e-04
2.321838948541318226e-01
1.476577438410466589e-04
2.321938313211825977e-01
1.491148896432009814e-04
2.321913080901636117e-01
1.524127953472838456e-04
2.321768495471991101e-01
1.510321670318369837e-04
2.321768279780880850e-01
1.500659918250409953e-04
2.321708278271595316e-01
1.508841315943451221e-04
2.321628318105334599e-01
1.478042340295313462e-04
2.321542968150376307e-01
1.467808058184066585e-04
2.321509514995745427e-01
1.481761095018862900e-04
2.321498896981050442e-01
1.491315403549448092e-04
2.321397389935772604e-01
1.479615882947472015e-04
2.321294631145494614e-01
1.492423477977904915e-04
2.321296416743809654e-01
1.492319225144312408e-04
2.321398728516032295e-01
1.470045322712367473e-04
2.321258861293152564e-01
1.491692678940647547e-04
2.321191916616797413e-01
1.494401908924614575e-04
2.321206845119619111e-01
1.467607907316332042e-04
2.321065655181568377e-01
1.473273427298583764e-04
2.320981079517552836e-01
1.464740030024587220e-04
2.321001406214695806e-01
1.465925870678347700e-04
2.320827912691932338e-01
1.474142804757729594e-04
2.320884345088777279e-01
1.492573963701442508e-04
2.320889076664068851e-01
1.474363455859892442e-04
2.320922565139725280e-01
1.473434456535497369e-04
2.320771371863595556e-01
1.501597280951942669e-04
2.320725588013620166e-01
1.514786545695081361e-04
2.320653300770621763e-01
1.509893305645283604e-04
2.320566410783192479e-01
1.504748344820272846e-04
2.320507920919889222e-01
1.503979217875056227e-04
2.320489210699671900e-01
1.484423234295899536e-04
2.320324081024200402e-01
1.503070075829432211e-04
2.320397369232340967e-01
1.484606008804797029e-04
2.320372030397894747e-01
1.502998850764541625e-04
2.320338017128764085e-01
1.512050345078280863e-04
2.320356531969471892e-01
1.538738166229301210e-04
2.320272759764233361e-01
1.507465239315281772e-04
2.320318427166088993e-01
1.514870052194370058e-04
2.320168967887179523e-01
1.514114817290573649e-04
2.320049894125388312e-01
