2.691349783466545111e-03
1.375523434058367181e-03
9.032168018600236726e-04
5.975323850966942360e-04
4.060739302066578623e-04
2.858188637625381861e-04
2.165786099093811230e-04
1.812147934334520677e-04
1.604277443183436003e-04
1.446435712948205502e-04
1.363524074818045766e-04
1.308698130958059458e-04
1.268260158064537428e-04
1.195946687595017766e-04
1.179896497239699631e-04
1.170365366198984690e-04
1.151585196694970072e-04
1.141921504104524785e-04
1.105425195214105509e-04
1.078120319275583522e-04
1.082981130727339142e-04
1.049173183622794628e-04
1.036495597157534646e-04
1.070918412258067685e-04
1.074411381820359940e-04
1.063348209204694893e-04
1.042678611079509186e-04
1.021823571885671812e-04
1.031246483727775296e-04
1.024527764382666007e-04
1.011716104913089787e-04
1.006998476510842717e-04
9.962908104891758177e-05
9.962213665097188569e-05
9.902392108701636871e-05
9.949583329512124146e-05
9.826959018230403263e-05
1.004737346274708464e-04
9.953803951161770006e-05
9.851247459987953260e-05
9.998938593137464783e-05
9.900999952150832579e-05
9.880865206769052632e-05
9.805457859699665576e-05
9.574253602631589612e-05
9.517805187343014153e-05
9.782323667400480470e-05
9.911748484742176639e-05
9.876499132573622608e-05
1.000115980974445923e-04
9.917604295511795159e-05
9.644178671003310365e-05
9.628074980053708139e-05
9.713414850642518360e-05
9.770346264957499149e-05
9.869951164621821617e-05
9.904061222026317390e-05
9.985199801450642175e-05
1.002636457735398928e-04
1.013183478427088819e-04
1.005954791916808779e-04
1.003310421334391653e-04
1.002172673072820554e-04
1.011348341427196432e-04
9.934252255081880338e-05
9.918223620873120431e-05
9.890383614094100211e-05
1.002232235241628486e-04
1.009815064385743462e-04
1.008257793961035486e-04
9.923470711543949077e-05
9.814940153683055781e-05
9.871219724454713808e-05
9.677133659135947897e-05
9.725184772758499604e-05
9.955484470684161310e-05
9.731205441522489564e-05
9.340764220183948592e-05
9.184838287765639733e-05
9.398736809771141671e-05
9.355442327285639996e-05
9.501689505405639714e-05
9.717334144499663860e-05
9.638699937482860089e-05
9.749604000187675978e-05
9.686946587359245378e-05
9.675883118048276914e-05
9.637310480064214353e-05
1.003672900061064872e-04
9.478422553763871474e-05
9.466765511064992495e-05
9.630353367629185474e-05
9.790367555923873194e-05
9.800777712833661556e-05
9.837805300065483505e-05
9.844611583753226007e-05
9.689469138629689846e-05
9.768808446070513019e-05
9.653306837729497486e-05
9.695495503417544784e-05
9.678216875820048440e-05
9.781012513717051002e-05
9.902234819065487193e-05
9.882251917506276024e-05
9.795485180475541076e-05
9.725143193474041045e-05
1.000182263363110115e-04
9.883493249115637654e-05
9.531870915119047231e-05
9.523529359934959041e-05
9.642882133069287549e-05
9.857546123308943856e-05
9.947188867660844034e-05
9.959430201352303177e-05
1.021785785084148749e-04
1.013655604041435303e-04
1.000231019148776476e-04
1.003954577979409034e-04
9.907571665241659176e-05
9.865269084758365172e-05
9.985008000859609011e-05
1.004694019874292411e-04
1.003635033184944412e-04
1.006534196779481689e-04
1.021382891317167412e-04
1.037738988348498221e-04
1.000261508404641367e-04
9.971183917942434954e-05
9.879958233586324699e-05
9.916405561199341870e-05
1.006516623003716457e-04
1.008482375564188254e-04
1.011190095590064239e-04
1.007721028487682560e-04
1.000531937377025697e-04
1.012011839146142463e-04
1.003152467655253356e-04
1.014614828093877622e-04
1.015080375282858898e-04
1.019800137701600570e-04
1.014993856066755357e-04
1.023749920980376665e-04
9.998273690799059407e-05
1.026579711430088680e-04
1.048806578590612650e-04
1.039946925521653356e-04
1.051452986991923441e-04
1.057115575992384205e-04
1.042145855905511631e-04
1.006831090128769299e-04
1.023884105440607659e-04
1.021140237812839135e-04
1.035267680778005644e-04
1.063328267653589445e-04
1.076230826194166481e-04
1.119004071317860439e-04
1.087524063191091958e-04
1.071928906701319128e-04
1.056629509196025605e-04
1.047879921801558222e-04
1.036593785245255579e-04
1.027012163392876213e-04
1.050937412953785612e-04
1.056449731939188507e-04
1.065901224289987094e-04
1.094787055344304097e-04
1.085885213187436375e-04
1.100962687838902298e-04
1.045892011967446464e-04
1.055136558401303362e-04
1.056764294037196902e-04
1.051284160975728881e-04
1.055965834558328658e-04
1.061462115409833351e-04
1.053089603643478898e-04
1.097635158016557945e-04
1.099424999842678400e-04
1.116366189914392952e-04
1.106921526608616708e-04
1.101904578156615749e-04
1.094675118540749134e-04
1.099335942190366122e-04
1.094253384607540017e-04
1.113559846791355997e-04
1.104552894208986905e-04
1.106333395320166339e-04
1.112773299416556876e-04
1.116408037499413942e-04
1.108167638032886334e-04
1.109761672015009112e-04
1.098790108865212135e-04
1.121300780202107877e-04
1.133195789352386604e-04
1.106830856865176116e-04
1.118215100827049278e-04
1.108285559860305879e-04
1.082096522954614673e-04
1.085146169006967026e-04
1.098318881214887041e-04
1.104565676856335960e-04
1.149214744224987970e-04
1.120219253029030280e-04
1.147784643159688837e-04
1.128777398706430201e-04
1.132409150969672032e-04
1.110798379110571060e-04
1.116104995595620084e-04
1.118698078769080805e-04
1.097805713201399560e-04
1.134505968600162920e-04
1.140211666723910968e-04
1.123350416402248928e-04
1.120203076110814247e-04
1.105904054901276642e-04
1.124777796810886676e-04
1.124943814975143489e-04
1.143754336603936754e-04
1.133349519212329158e-04
1.143815787211728053e-04
1.148239025368968843e-04
1.169493370817861706e-04
1.164583992400461762e-04
1.156350743658581437e-04
1.157394976094046747e-04
1.135898807463167252e-04
1.134389116845869349e-04
1.116101549954239902e-04
1.121842089939517514e-04
1.116521330309444766e-04
1.150847595268737387e-04
1.205016789740812944e-04
1.209075307206419395e-04
1.157783549162257238e-04
1.169204841930905685e-04
1.175890634043450493e-04
1.172571351970476004e-04
1.165474941111909217e-04
1.152900249670591029e-04
1.145658921301818473e-04
1.122294942747768684e-04
1.143709990998746141e-04
1.130760648889928059e-04
1.147856598598669760e-04
1.143462222370761192e-04
1.156829002590537274e-04
1.170226817913704227e-04
1.165154108115934206e-04
1.162008369704510677e-04
1.168384552672766994e-04
1.173465165590678838e-04
1.173465538418830788e-04
1.184949270336793344e-04
1.167753874720115945e-04
1.202886791733662262e-04
1.195636862505858376e-04
1.181710131864110059e-04
1.208536359753182421e-04
1.230875804823160463e-04
1.207304730563786604e-04
1.222128825093586287e-04
1.201973446412261492e-04
1.196949606159224832e-04
1.206698254939596532e-04
1.225563145448257973e-04
1.207242260280259449e-04
1.208739899762007944e-04
1.244845054975047584e-04
1.210993191448111241e-04
1.199943229519194422e-04
1.209703636867174626e-04
1.229858200255342000e-04
1.196333876819361393e-04
1.182687214011783502e-04
1.172294749499157664e-04
1.152434954311150453e-04
1.173017438694592827e-04
1.162476099060996644e-04
1.214849806377485262e-04
1.189871256868295466e-04
1.172615989752382652e-04
1.209593634579223198e-04
1.228355234259864042e-04
1.215346449849749263e-04
1.212860937335257330e-04
1.227329649733875899e-04
1.217396463909981214e-04
1.258463270904044723e-04
1.231598285249969459e-04
1.223756722576487791e-04
1.224825025290568979e-04
1.219322750246037556e-04
1.213418138540416568e-04
1.183285864889521938e-04
1.179261199732409320e-04
1.217012049465933935e-04
1.228397954273400909e-04
1.216778207257042702e-04
1.225736415206744260e-04
1.226569627384420402e-04
1.214724932028583875e-04
1.217253491198046710e-04
1.247044619650351858e-04
1.249157354985302364e-04
1.232573997097473318e-04
1.212044318233134626e-04
1.213585850099982883e-04
1.220917693060499961e-04
1.234792461373408301e-04
1.251385520709040813e-04
1.258498394007687084e-04
1.246018425860782560e-04
1.212082684819703482e-04
1.214274447234577818e-04
1.201637886382704730e-04
1.210855290932179789e-04
1.231874649636051594e-04
1.229460329782568152e-04
1.234910118231843728e-04
1.230557218513826027e-04
1.244338014263177443e-04
1.232469459782748313e-04
1.239914791576844492e-04
1.235266883408862393e-04
1.234462720532080696e-04
1.239249454535350974e-04
1.254091358861488144e-04
1.256511297974163388e-04
1.231543726320146208e-04
1.226652996677686459e-04
1.222017990921955757e-04
1.225099322165868311e-04
1.251361830044456387e-04
1.264633080945244464e-04
1.271944670314682562e-04
1.305059851862274366e-04
1.309018272078247527e-04
1.313071057434450552e-04
1.309093198290840504e-04
1.309880238918961792e-04
1.345495386289198971e-04
1.330439385372159144e-04
1.328038314163672534e-04
1.306832591681573216e-04
1.267200808917890147e-04
1.268190054283611500e-04
1.270143040953729339e-04
1.293111524978937167e-04
1.315100605728904734e-04
1.302128226867555448e-04
1.290547655803960902e-04
1.266207162269450794e-04
1.295011424107245083e-04
1.264792035815869519e-04
1.241206282720015057e-04
1.248590542829486924e-04
1.229992371137195205e-04
1.250120571621951451e-04
1.226777112625309870e-04
1.258691539163929202e-04
1.276148271254345923e-04
1.265993351237640785e-04
1.251929869019093868e-04
1.254701331974289469e-04
1.284611404932219981e-04
1.268223952815162453e-04
1.251487203997980312e-04
1.255174605994682725e-04
1.225589993711458570e-04
1.232943704705889145e-04
1.232005095008828488e-04
1.244719781891152606e-04
1.253645465341184865e-04
1.247156051537059421e-04
1.252207879473112636e-04
1.255329963191382787e-04
1.234531144749765209e-04
1.226524640308457347e-04
1.233040466754436180e-04
1.244088924757303142e-04
1.251350536285093080e-04
1.249742098697820887e-04
1.266900158620729619e-04
1.272460375560052835e-04
1.262395094194482161e-04
1.237581642719277290e-04
1.229119947821615281e-04
1.230386295594568767e-04
1.251817274558503928e-04
1.249021665376632488e-04
1.259632027971647897e-04
1.292444011580766851e-04
1.265397446412661314e-04
1.254423046823312270e-04
1.268507485253740825e-04
1.279808401470858032e-04
1.303682085458746705e-04
1.318054090775412667e-04
1.292203890416911279e-04
1.294825432787938778e-04
1.298663068994701584e-04
1.274054480480558548e-04
1.289118519848528658e-04
1.293203055758576289e-04
1.299081896320604108e-04
1.301249926496727356e-04
1.258683332596950764e-04
1.256516578657080154e-04
1.261880572113214334e-04
1.282737804421209325e-04
1.266525100529515546e-04
1.286817260852519647e-04
1.307692141387989046e-04
1.329365567914826598e-04
1.343260326873019629e-04
1.345697617688543408e-04
1.311803268625737109e-04
1.304315674014151305e-04
1.320120285073971900e-04
1.314046210062690904e-04
1.310842457429113248e-04
1.310528486138070106e-04
1.303255263136348014e-04
1.306119104809221152e-04
1.344844126963994698e-04
1.322362392559416771e-04
1.303772692795850824e-04
1.312360866028531323e-04
1.311659249661063483e-04
1.303314066301196816e-04
1.292972968784328130e-04
1.312289954716412059e-04
1.334199346733417799e-04
1.329345860543629959e-04
1.346369641548513787e-04
1.305193621950962368e-04
1.312950066407714788e-04
1.342779453411430688e-04
1.335848754601312149e-04
1.327778750057912588e-04
1.303239825382502832e-04
1.307013019266047244e-04
1.282460078686560221e-04
1.296114582891449041e-04
1.293904365548518448e-04
1.302239689339913938e-04
1.297946063726324419e-04
1.325475757758584996e-04
1.344463751181789032e-04
1.314920721900530694e-04
1.331299042036865668e-04
1.319664514840105404e-04
1.355251191760363906e-04
1.366606200125471723e-04
1.352269929635261910e-04
1.350625064046365425e-04
1.381650923253580142e-04
1.368503073806663769e-04
1.356411514006384839e-04
1.394644805426171780e-04
1.392377666755885022e-04
1.352564115452011505e-04
1.336920352433989721e-04
1.353269378777706292e-04
1.335492793995759900e-04
1.335248246214488610e-04
1.340920643150115578e-04
1.316894214077586969e-04
1.335220545364814912e-04
1.314375215013877639e-04
1.309944473052930926e-04
1.331690660919442124e-04
1.320067042082053083e-04
1.303340139756461503e-04
1.276996394262039055e-04
1.305682750463554973e-04
1.291092582609344481e-04
1.281402711750240350e-04
1.316983963497590825e-04
1.300755858568756844e-04
1.294391007762950698e-04
1.292845870889461877e-04
1.297673396190609618e-04
1.297769626532775525e-04
1.310141830928261545e-04
1.318204156481427166e-04
1.302998131134581908e-04
1.304237368465196805e-04
1.292098483746420242e-04
1.300467985957625252e-04
1.293278014029936528e-04
1.305285608384179781e-04
1.309624299422718454e-04
1.310334360702117772e-04
1.292290599073297672e-04
1.302048100317844891e-04
1.329377411010496872e-04
1.336978426382719068e-04
1.315320268287947607e-04
1.315953779738699521e-04
1.323024555081270617e-04
1.319635098046349460e-04
1.310353797326183642e-04
1.277188168425299759e-04
1.269511475441651295e-04
1.273084060525038171e-04
1.268686686786560987e-04
1.270988275978106167e-04
1.277392359961170216e-04
1.267603617384398609e-04
1.291499925378628586e-04
1.278091264397013152e-04
1.294826283944958535e-04
1.306558077757979399e-04
1.317674838272229153e-04
1.305726567686766844e-04
1.304985329575565828e-04
1.303172084283409039e-04
1.296113679682643822e-04
1.288950461466711655e-04
1.306560054991156661e-04
1.282135135386839220e-04
1.290005362439222236e-04
1.298311297145119292e-04
1.301446768634460490e-04
1.307538950698742565e-04
1.324139780193461812e-04
1.302229381225263993e-04
1.312447235210022309e-04
1.306236812344715428e-04
1.326599815427921178e-04
1.316332550882731549e-04
1.301296469435872299e-04
1.309422183751356768e-04
1.293804804957237600e-04
1.287361942339748330e-04
1.275506625939187616e-04
1.290516347313794168e-04
1.341875422593151359e-04
1.322778116244853193e-04
1.324773508341238904e-04
1.319735524510158608e-04
1.300197503253818128e-04
1.296505601273115920e-04
1.290478361180684441e-04
1.312662540302886121e-04
1.304749244860640078e-04
1.297111596409468838e-04
1.326256673550067441e-04
1.361727761709374417e-04
1.336853697158752971e-04
1.317406154164363808e-04
1.335202107986045196e-04
1.335895076223786860e-04
1.325900029661868692e-04
1.321933402321414644e-04
1.308289939043281579e-04
1.317576090277612253e-04
1.311841585313376168e-04
1.335581861285076914e-04
1.351774289770658888e-04
1.351356770139735956e-04
1.354792570900725194e-04
1.374836062806537851e-04
1.370623802423125679e-04
1.355981741289861444e-04
1.348112151554531942e-04
1.319326482855483413e-04
1.333202323381466373e-04
1.296862101545206080e-04
1.316273611969231386e-04
1.345975346356349702e-04
1.347655970767249096e-04
1.363440290558385671e-04
1.363865589630925323e-04
1.368175091051313582e-04
1.375956918926550803e-04
1.379688429255942377e-04
1.368560320658122507e-04
1.366456002368752218e-04
1.338388159008267199e-04
1.345570096581175329e-04
1.356880253169206443e-04
1.324636916604777614e-04
1.338823413487978231e-04
1.324517270801377244e-04
1.344101667135006524e-04
1.363412549413861455e-04
1.382731887153502677e-04
1.381393725562583992e-04
1.386519020136526518e-04
1.373101812942305485e-04
1.344481044390756985e-04
1.358255987862093720e-04
1.350735781841508245e-04
1.348499689695381609e-04
1.324657936859859248e-04
1.344388232329239035e-04
1.350402814665336551e-04
1.352493202417989727e-04
1.390055629647904412e-04
1.348716825847782270e-04
1.357689238212667505e-04
1.314852461952300882e-04
1.317522181873057691e-04
1.327325599638154311e-04
1.352709533802612363e-04
1.367535146759572178e-04
1.379335863568659161e-04
1.387572089389916370e-04
1.357313600175756119e-04
1.353532299927308368e-04
1.316862273092787394e-04
1.326442830621881223e-04
1.328309331599787191e-04
1.317283733742437507e-04
1.317551857492236752e-04
1.334323297053388829e-04
1.337977722726273644e-04
1.347923820913430552e-04
1.312888909610094993e-04
1.311356133824016714e-04
1.300075999955726386e-04
1.299892719524182723e-04
1.293766592859733108e-04
1.304441998186911750e-04
1.295544777916735079e-04
1.316909009937556859e-04
1.318524427362310696e-04
1.299830570759759362e-04
1.296072674584474599e-04
1.320258490340759251e-04
1.302150216446870321e-04
1.292768243665069153e-04
1.302941029511394853e-04
1.320363767800397659e-04
1.321741333487974298e-04
1.321467365099502278e-04
1.332259754208974813e-04
1.333558156889349481e-04
1.326174676013552813e-04
1.322288602150123351e-04
1.328857422196394130e-04
1.308179491065884650e-04
1.299924884822306831e-04
1.307376086810283151e-04
1.302340903361853504e-04
1.301150398145786734e-04
1.300381841079056421e-04
1.307122598890307380e-04
1.303565984830099868e-04
1.294407274754653459e-04
1.302252440477070724e-04
1.321462235911432723e-04
1.336109824424532532e-04
1.329437603495125500e-04
1.351634044925671197e-04
1.344953883918825039e-04
1.320866607920274146e-04
1.330665384354293428e-04
1.296147850758786922e-04
1.313661929082513870e-04
1.342405042619993329e-04
1.354759889656039352e-04
1.350482468826564339e-04
1.334647616774407863e-04
1.298197895000336929e-04
1.312008800648651577e-04
1.304505270657239371e-04
1.316751506379172762e-04
1.312358907621249493e-04
1.325801265857922036e-04
1.330248259499462195e-04
1.343518276384970988e-04
1.354223146121233596e-04
1.390746602886086373e-04
1.378295324617871025e-04
1.395301924419294851e-04
1.364237123606430128e-04
1.358868923938832019e-04
1.341312098527330712e-04
1.336516521949376618e-04
1.351150689184685576e-04
1.339261014296755359e-04
1.346563288005179874e-04
1.309679271498245335e-04
1.293271850372868881e-04
1.296232217120201239e-04
1.320143044642678844e-04
1.338177102708575333e-04
1.345900187702398355e-04
1.337521308195469027e-04
1.344879087085457765e-04
1.338869472045454826e-04
1.342511870236411207e-04
1.373652950042050889e-04
1.360751631025174004e-04
1.339661497662395959e-04
1.311977248694067651e-04
1.282562226808078886e-04
1.264911929438630679e-04
1.290101560543871180e-04
1.284292780138170185e-04
1.325369305569016015e-04
1.301838325896732818e-04
1.349338905933154342e-04
1.354265208223319179e-04
1.329714419838067701e-04
1.343640194389207859e-04
1.363516160411373693e-04
1.364646087524472003e-04
1.368248355068736100e-04
1.381448701822790548e-04
1.376973246244583295e-04
1.354059474108073669e-04
1.340481118225320296e-04
1.330645282524165667e-04
1.333708390070511500e-04
1.325581931189118265e-04
1.336818852166527156e-04
1.349482539823567892e-04
1.383274780574955730e-04
1.380079481380614120e-04
1.373788088851174817e-04
1.344829457782893754e-04
1.373202212114549628e-04
1.352050462652420754e-04
1.334794565319802567e-04
1.344589195883663440e-04
1.364086885800888346e-04
1.351718326663685105e-04
1.344389019746912418e-04
1.366328085042623484e-04
1.335614926784772295e-04
1.339407391699564526e-04
1.341958111776100123e-04
1.328031868213291541e-04
1.339653047738577579e-04
1.323264626365716775e-04
1.315293063014413984e-04
1.329736084245494731e-04
1.355819888854608104e-04
1.352507597736834284e-04
1.353708065727037002e-04
1.356770015073773211e-04
1.344680532979632115e-04
1.350848898752394643e-04
1.350263728250094219e-04
1.340302021731635889e-04
1.361586702744347981e-04
1.378836126529187067e-04
1.392657499833157013e-04
1.397906615292867684e-04
1.384025301376946827e-04
1.376002832451828529e-04
1.380468402520298326e-04
1.352513861777074843e-04
1.319592242370722578e-04
1.335276358183381488e-04
1.359449454617147083e-04
1.362229045469991228e-04
1.349023548743142644e-04
1.346492536888472776e-04
1.335191803131198702e-04
1.334441712324368990e-04
1.336680525608586415e-04
1.325813107422212577e-04
1.327097283360490301e-04
1.321052271256316802e-04
1.340842528920497753e-04
1.357720198984501976e-04
1.374206296103234809e-04
1.381548095815307532e-04
1.369923449036127287e-04
1.369178202379259105e-04
1.346831831062631954e-04
1.363044602029952470e-04
1.329942498125986884e-04
1.362387323805101661e-04
1.348637626231189920e-04
1.372198418476028336e-04
1.371496694776139821e-04
1.374146215072652856e-04
1.385212665474120557e-04
1.380016950566617846e-04
1.396379232917912118e-04
1.380440611776053892e-04
1.356886761769313338e-04
1.355523292798065116e-04
1.359610445586213951e-04
1.320223787878505365e-04
1.346740676851988273e-04
1.344914525964797816e-04
1.349813029458204756e-04
1.343804297362185857e-04
1.385048538228470742e-04
1.329426364584305434e-04
1.347784127452124141e-04
1.358277647443423275e-04
1.360178694024691476e-04
1.359616186686140140e-04
1.321554588934348187e-04
1.316270092905089193e-04
1.320711802512218971e-04
1.325037462697415205e-04
1.333686772205253731e-04
1.354461633967247568e-04
1.356628333077583982e-04
1.363356395817368711e-04
1.376473091172999454e-04
1.367911755366983347e-04
1.382076939629963883e-04
1.343591118531744740e-04
1.334432711356815500e-04
1.346546281168729418e-04
1.393286182513978359e-04
1.373779046152885978e-04
1.364425188202365478e-04
1.378651982829448412e-04
1.413009609857448297e-04
1.391389834467752910e-04
1.382845712113258177e-04
1.358587558824810233e-04
1.356999492409185376e-04
1.358888778168499951e-04
1.358383629956982203e-04
1.367966080501902860e-04
1.349930776791632861e-04
1.367407428757656720e-04
1.381370292365768459e-04
1.373495995195171356e-04
1.377186157729068925e-04
1.352077167316492723e-04
1.356847908442758194e-04
1.361623221378030068e-04
1.351388058843047701e-04
1.362360402950621018e-04
1.365882897214028074e-04
1.369130486850883858e-04
1.356069800149070918e-04
1.362709119125706783e-04
1.345315577354350015e-04
1.338999289404911662e-04
1.332232392556423383e-04
1.337197514096640080e-04
1.361698366721273356e-04
1.335740485670595999e-04
1.322357549698785755e-04
1.359406088412776627e-04
1.357489681385630671e-04
1.350174062260933706e-04
1.350175774249999028e-04
1.358789423280360256e-04
1.372537784126196220e-04
1.411117944217055544e-04
1.391642190403906681e-04
1.377577032160777514e-04
1.371038646002890058e-04
1.353295710960425858e-04
1.363606579545448803e-04
1.354340092666680853e-04
1.347426160977162248e-04
1.372362166956347961e-04
1.348079769803820372e-04
1.347040242141451507e-04
1.366416712005675735e-04
1.358657416771541417e-04
1.372311767446983866e-04
1.338413829897666587e-04
1.343405231831574327e-04
1.351075928619744173e-04
1.338668324162757832e-04
1.352668621656012162e-04
1.358354212440901498e-04
1.394307021126715081e-04
1.356447641023658299e-04
1.363995366272446137e-04
1.381727779115891398e-04
1.406009986354001787e-04
1.390472720199354925e-04
1.415597524090708974e-04
1.385421946312594219e-04
1.371374014224412791e-04
1.350894445144793367e-04
1.340447324825084238e-04
1.326787504913580029e-04
1.343402759947798914e-04
1.347184430292966591e-04
1.367181445588784322e-04
1.352202335457182967e-04
1.339875755690899371e-04
1.326714428514721858e-04
1.332080434723795887e-04
1.328373672228257856e-04
1.347809185656837828e-04
1.341979219423093770e-04
1.338955548352062125e-04
1.340044448493901935e-04
1.338610896590431950e-04
1.323261916506663857e-04
1.349839158946903358e-04
1.362832562215121970e-04
1.342540231139618002e-04
1.357244943090275108e-04
1.370657745652103274e-04
1.388921401398309169e-04
1.393605158848843927e-04
1.405170614014582958e-04
1.388391046684401512e-04
1.376003519605277633e-04
1.336204938612122449e-04
1.334300643277243283e-04
1.339409904656819464e-04
1.348672297185975189e-04
1.358079740372597260e-04
1.355874923533921072e-04
1.344429308453405300e-04
1.383910370251371306e-04
1.368884965796228481e-04
1.358613291242889449e-04
1.349444351256876657e-04
1.324305124828115631e-04
1.321154433070553216e-04
1.349095242368173191e-04
1.331890036326085114e-04
1.356558871588222498e-04
1.374668557705651306e-04
1.352062899998903323e-04
1.367089722726139611e-04
1.371441575067803371e-04
1.381942981757819562e-04
1.390885855404389916e-04
1.391437525016541072e-04
1.369814710324146468e-04
1.341945008575179453e-04
1.352748026789853781e-04
1.356357350153633231e-04
1.342971585714674177e-04
1.364692706640528133e-04
1.362305633283372264e-04
1.352432245777753005e-04
1.383871387319246180e-04
1.422341105254763653e-04
1.372141531664360006e-04
1.381222331743739234e-04
1.390941022141479056e-04
1.385144317406436791e-04
1.368409563460115490e-04
1.368197936206368918e-04
1.363590358929258521e-04
1.358324656084655029e-04
1.373356047529253755e-04
1.362737883749169047e-04
1.377927331916587242e-04
1.365682366808559011e-04
1.382772222293194100e-04
1.381348919538671731e-04
1.411176339565538220e-04
1.431708555621430770e-04
1.455223943397476304e-04
1.439392985962186520e-04
1.425305519074910416e-04
1.400040128228204929e-04
1.362025901418838550e-04
1.359081226548421889e-04
1.379632661265540420e-04
1.371447062508960224e-04
1.348863585872931282e-04
1.342272739704068816e-04
1.344898041604285471e-04
1.359911048637148180e-04
1.341768336728778939e-04
1.383463242624414081e-04
1.395611409894903878e-04
1.411674808893944525e-04
1.377886685434562069e-04
1.402343720570620113e-04
1.371887529221552343e-04
1.362863101554508312e-04
1.392714325144803417e-04
1.368496009532050629e-04
1.390251777532638814e-04
1.390159920847247382e-04
1.390265666667323300e-04
1.381923435828302446e-04
1.366869412164178324e-04
1.384139839394797156e-04
1.406836904753051951e-04
1.412597490493568803e-04
1.410027520294764958e-04
1.414862365967969166e-04
1.397653145335235765e-04
1.390638019116322650e-04
1.380316319252505375e-04
1.374822052694556446e-04
1.394370321909563215e-04
1.407417912222747914e-04
1.398663551307350596e-04
1.364538297171096100e-04
1.382616201107348254e-04
1.373546349774212698e-04
1.377047105193020802e-04
