3.675462162360577673e-04
3.906545162995075319e-04
5.971468070458856373e-04
2.909741599467007694e-02
3.740917184071538139e-04
4.108381075229008278e-02
1.400165928928823818e-04
4.801724875342696514e-02
1.402404298801875710e-04
5.437668900601216881e-02
1.261273416756497894e-04
5.979571109544502133e-02
5.050611663313029872e-05
6.298401039258569312e-02
-8.968691069579092599e-06
6.512211779171578341e-02
-4.080129285906475544e-05
6.715575692568924449e-02
-7.345709738862399177e-05
6.894886735085423157e-02
-9.611120713695841210e-05
7.035091742755308908e-02
-1.138450513439398878e-04
7.138246410018458943e-02
-1.041714285516344624e-04
7.216003228940340297e-02
-1.113566602204046826e-04
7.276439952926250232e-02
-9.835721803770135858e-05
7.320468453253907437e-02
-8.616845742799318078e-05
7.353023963910572391e-02
-6.750627699322178979e-05
7.375774144726222892e-02
-5.878621695613329143e-05
7.393438130458478141e-02
-5.704363849936687248e-05
7.404780452077468211e-02
-3.810890577647093940e-05
7.409913472894794073e-02
-5.240963898629204617e-05
7.412562368760734766e-02
-3.871013029951362434e-05
7.414974197489011820e-02
-2.855953562035019554e-05
7.419613858774926074e-02
-3.166424067050990912e-05
7.422784062935544602e-02
-3.123354800050791113e-05
7.426038565458276119e-02
-3.541245733638330825e-05
7.427901267578500277e-02
-3.879713066162307668e-05
7.430271827648553262e-02
-1.501777704392001105e-05
7.430287539983645995e-02
-2.602239190326295718e-05
7.429994086764529770e-02
-2.550086083873782722e-05
7.429917955275323893e-02
-1.980286431627470751e-05
7.429641006525615488e-02
-3.610860678738627447e-05
7.429857576517390205e-02
-1.005254750004934373e-05
7.429868624294097557e-02
-2.423428174467007681e-06
7.430012015326317720e-02
7.139830496398003314e-06
7.430502945494948941e-02
-1.872434659959509970e-05
7.430156669361988320e-02
1.643565426803151317e-06
7.430216673160912333e-02
7.777993130706433280e-06
7.429654345408263916e-02
8.165626486023933712e-06
7.430830454885128944e-02
9.396923906510875092e-06
7.431597704697208429e-02
2.476338107922273961e-05
7.431926202030851580e-02
7.684854158355015904e-06
7.432335526134672965e-02
3.773712489345243281e-06
7.433556901714895304e-02
-4.093762304164399921e-06
7.434783038847997405e-02
-6.936184903678263909e-06
7.433617283165756817e-02
-1.989902591249725276e-05
7.435334542110873246e-02
-2.321022865421827372e-05
7.435411089204434221e-02
-8.368420858382252692e-06
7.438367106798021711e-02
-2.961132628429241588e-05
7.439383806769425678e-02
-2.224922614471497745e-05
7.441618734368528332e-02
-8.282475864538933619e-06
7.443355698064427206e-02
-1.619141261818335249e-05
7.446086689498915279e-02
9.543470934526603187e-08
7.448257022717283404e-02
1.965608214917465235e-05
7.449790213307015685e-02
4.007848053897384520e-06
7.452691746906803250e-02
-1.457208537096150085e-05
7.455866758777800196e-02
-3.779824826151717005e-06
7.458606483216603800e-02
-2.393360185950299689e-05
7.461726859711100002e-02
-2.583674592791026793e-05
7.464054567078431957e-02
-3.658105038241871729e-05
7.467832652448334885e-02
-2.137428533632422200e-05
7.470148523221763204e-02
4.866443528618365219e-07
7.473898678416443508e-02
-5.966044474767817052e-06
7.477108627874341773e-02
-1.261509381656342360e-05
7.480742367013115679e-02
-2.138008499232124429e-05
7.484670635660840843e-02
-8.777574483019006055e-06
7.487638131723409196e-02
1.140240608407457863e-05
7.491397639116247065e-02
5.823648054716689467e-06
7.494849188440498577e-02
3.633804183755450173e-05
7.498208041508373778e-02
6.388684039092398315e-06
7.502150900089127328e-02
-1.002915973998722220e-05
7.506462598359769922e-02
-1.189914411880207104e-05
7.510136332673859882e-02
-1.449343720770994997e-05
7.514246396033077979e-02
-2.140449982975945050e-05
7.518395547590635275e-02
-2.095526995390005603e-05
7.523410671984764875e-02
-1.194124280044115461e-05
7.525859200682795402e-02
-9.801543393594208282e-06
7.530678963299924922e-02
-9.149432396652884745e-06
7.534153574517706009e-02
2.329513692456468601e-06
7.537617037346257265e-02
-2.893612115618717640e-05
7.542266343658891870e-02
-2.284386393656740152e-05
7.546505172633646841e-02
1.028419870029736075e-05
7.549845506680642748e-02
8.723300209812144716e-06
7.555066104362848090e-02
-2.907425145300797016e-06
7.558303886428070772e-02
9.381122392235585034e-06
7.562014199805992820e-02
-1.510327667873619888e-07
7.566412457297570782e-02
4.250381881512348863e-06
7.570234548570019262e-02
-4.637578329792171391e-06
7.573959180641705313e-02
-9.645673543515574650e-06
7.579084508083402949e-02
-1.346318919977978828e-05
7.581366402516101499e-02
7.287248281718374354e-07
7.584977998482228534e-02
3.708422037729437392e-06
7.589130880520812694e-02
1.339536108427533523e-05
7.592688348266771192e-02
-2.546372810293368729e-06
7.595718711071962337e-02
-4.242923925366720303e-06
7.599608882571287638e-02
-1.477213283496854986e-05
7.603072836249109845e-02
-2.978228089910815311e-05
7.605815182922920359e-02
-8.097478854842706016e-06
7.607292981130636678e-02
-3.267582226961394640e-06
7.610869270380006546e-02
-4.523580858447522235e-06
7.614286652312469983e-02
-1.028528359759228453e-05
7.615278266975405996e-02
-2.237850057326971602e-05
7.618436526305187584e-02
-1.495992604863831572e-05
7.620329018967671175e-02
-1.096532684299279761e-05
7.623333886829455897e-02
-9.218150176014016487e-06
7.625627153003333714e-02
3.643354177010557919e-05
7.627663991072695937e-02
-4.547389223609704107e-07
7.629518867429209428e-02
2.509550067909532862e-06
7.631875706345041255e-02
-1.270761475217205721e-05
7.633170872218007774e-02
-3.794510233056471354e-05
7.635484662220835828e-02
-5.987533732230298247e-05
7.636431600525388219e-02
-6.704289921640284918e-05
7.637485579106985389e-02
-3.561626977812947501e-05
7.638053271450621906e-02
-3.788571790425832579e-05
7.639145011475288738e-02
-5.916740110832980980e-05
7.640513763522015223e-02
-3.056528348938365676e-05
7.641629765811221164e-02
-2.830916985752734172e-05
7.641713054359253188e-02
-2.647653770752496496e-05
7.643198601710921025e-02
-1.417182956455957504e-05
7.643403390107095241e-02
-1.604494518491122863e-05
7.643223897329758099e-02
-2.455782187466275341e-05
7.643632939870613485e-02
3.715733117861291494e-06
7.644743011968602175e-02
-1.762718357519722125e-05
7.644077445459261655e-02
2.658514087825885079e-06
7.644920719749152827e-02
1.860413366162876560e-05
7.644702707593441227e-02
1.083085020364801644e-05
7.643999256414610310e-02
-4.269739407363149576e-06
7.642686273109661199e-02
-2.596061306611787634e-05
7.642652641946777459e-02
-2.750575846230983578e-05
7.641941041357058761e-02
-3.619662109490004925e-05
7.641420798123021996e-02
-2.983430003046317060e-05
7.640412153108312732e-02
-3.562880411215141541e-05
7.640693998789908903e-02
-3.199826030133554766e-05
7.639929164515675553e-02
-2.531786156005267252e-05
7.637826401616490402e-02
-2.701371314237501774e-05
7.636853867556733788e-02
-2.335490576925639588e-05
7.634945814676293019e-02
-1.559039104360577559e-05
7.634215462846050126e-02
-2.760971979046038201e-05
7.632640273241453333e-02
-1.723363567788781947e-05
7.630747728111819672e-02
-1.588247971087504884e-05
7.629747972735932693e-02
-7.752100627001063573e-06
7.627736199883222712e-02
-1.793288028256996393e-06
7.627204592605391076e-02
-2.046122296408552465e-05
7.624544164388219469e-02
1.126297273134370211e-05
7.622233765507951953e-02
8.628439490675925667e-06
7.619841928966544775e-02
-1.384038190593694759e-06
7.616893250274339722e-02
6.133804809655313407e-06
7.614751894928960263e-02
-2.009029563772109006e-05
7.611699587485686036e-02
-1.063653055591388219e-05
7.609115699701633762e-02
3.841133473604981567e-06
7.605973610302717292e-02
6.648976566672111441e-06
7.603489254036209510e-02
-4.556577240279432936e-06
7.600242414353960974e-02
-2.110865147250786788e-07
7.596702562541468584e-02
1.353785260703384081e-05
7.593788182359588468e-02
1.866758630635538356e-05
7.591443634303954302e-02
4.629517547031067172e-06
7.587229431080913522e-02
-1.930106968796878165e-05
7.582936128002899789e-02
-3.127736441053024689e-05
7.578850405371588550e-02
-3.181773239883212379e-05
7.574622692614857433e-02
-2.076366196197186476e-05
7.570780791961563561e-02
-4.549052195201529328e-05
7.566529921136039283e-02
-3.385962175678362059e-05
7.560778915229370012e-02
-2.170826644886737403e-05
7.555942885320801605e-02
-4.239545391872693637e-06
7.551829525211832539e-02
-3.508109530618395012e-05
7.547416158863888558e-02
-2.659083310446457325e-05
7.541133625086644809e-02
-3.270098391733297963e-05
7.536388598828097640e-02
-5.318971337182079134e-05
7.531235465423390119e-02
-5.361971202862015614e-05
7.525382652236797809e-02
-5.119520355915573099e-05
7.518685724764095912e-02
-4.614988109793751174e-05
7.512578423408988737e-02
-3.751456142297153489e-05
7.505889005126606395e-02
-9.652875729854416416e-06
7.499395572860498294e-02
-1.900916383944393828e-05
7.493686505045810131e-02
-4.352125961859087939e-05
7.486370914442579128e-02
-2.103592919149691290e-05
7.479041379772283227e-02
-7.425829229369387844e-06
7.470849839256692160e-02
-4.752222563589414447e-06
7.464396997297145786e-02
-1.551800257098569067e-05
7.455967712483126120e-02
-3.491023351306618615e-05
7.447136267880707927e-02
-1.113660076322542483e-05
7.439895365946561090e-02
-2.083269669855436371e-05
7.431983408517300882e-02
-3.160731200000544566e-05
7.422425912310215423e-02
-2.413527571197314478e-05
7.413428089565031465e-02
-1.363710765341401527e-05
7.404648785918323262e-02
-2.469667105558421720e-05
7.394475726879252975e-02
-6.607560060270750291e-06
7.385673270525115741e-02
-1.278921768227265976e-05
7.375189719781666264e-02
-2.229713374640798841e-05
7.365399642848761974e-02
-2.777780531725648576e-05
7.354643063096839850e-02
-8.278097978369415276e-06
7.344214096251355794e-02
-2.937809020988977205e-06
7.333771316176625199e-02
2.713607405928176395e-06
7.322361619051770409e-02
2.529212836211467029e-05
7.311589490754732967e-02
2.140094192278350948e-05
7.300514403957246434e-02
-2.693976132962553614e-06
7.288339221148090741e-02
-1.011099103628239945e-05
7.275800673427240683e-02
-2.367357879447148624e-05
7.261902296585294458e-02
-3.695336995466659563e-05
7.250507651232158957e-02
-6.612173541405837152e-05
7.237890837167686164e-02
-6.699644307103818546e-05
7.225898120365327471e-02
-5.516833467891782351e-05
7.212938711362844313e-02
-2.684768029068505051e-05
7.198371667638714388e-02
-4.019642116228400901e-05
7.185788697851908102e-02
-4.520144419389432309e-05
7.172052300473076569e-02
-4.459068061626594105e-05
7.159340942003267205e-02
-2.823394984917563386e-05
7.145619911933000223e-02
-4.028264636620761899e-05
7.131897309312848487e-02
-3.118017461295589265e-05
7.117792657840986414e-02
-8.535684257032262885e-06
7.104676089994228783e-02
-2.035011442656703415e-05
7.090969460168107530e-02
-1.839898193250482194e-05
7.077963574070433861e-02
1.051968652142039767e-05
7.064471042075728957e-02
1.122557950326696235e-05
7.050206953534797483e-02
-3.991109598885657735e-06
7.038014170522209623e-02
4.249012617343923142e-06
7.024708716570184086e-02
4.237998248167968660e-06
7.011297776908440027e-02
-1.947788794080113242e-06
6.998922218542104334e-02
1.080946291979429527e-05
6.986742483024954709e-02
-3.149335723612510441e-06
6.974455790466001226e-02
-6.409380615922820880e-06
6.962645569714093208e-02
8.847230121995029159e-06
6.950802219608405441e-02
3.054457752002863008e-05
6.939715439268825947e-02
2.769823500116787304e-05
6.929057320842725576e-02
1.834492828977227628e-05
6.919052280288828793e-02
1.047091096779159428e-05
6.909127003462223193e-02
1.296327970759590231e-05
6.899710497741279314e-02
5.233541469684497839e-06
6.890830868695478617e-02
2.466468184805957749e-05
6.881814753104323334e-02
3.302427324932404745e-05
6.874816626036475697e-02
2.943882430560245945e-05
6.866762830564328290e-02
4.500162066502702828e-05
6.861159632185778734e-02
2.337750420439255213e-05
6.854555499993475465e-02
2.250779715081138379e-05
6.846850292093671631e-02
1.098550315150100410e-05
6.840781158725754707e-02
6.346101050028119270e-06
6.835645814150953514e-02
-3.267118945203009267e-05
6.830441442610735159e-02
-3.275567921241574244e-05
6.825743557275142093e-02
-3.138833089188273302e-05
6.820767146886977383e-02
-2.395990263878338813e-05
6.817289315660099436e-02
-1.714034882076696429e-05
6.813827217821269433e-02
-4.383656430961404187e-06
6.810400460207084727e-02
-1.489760933496479559e-05
6.807697599283787926e-02
-1.015953775797095254e-05
6.804584764986926215e-02
3.080533906016875806e-06
6.802443470738017695e-02
4.531880446603861835e-06
6.800218779606471975e-02
3.598076896249056438e-06
6.798924076960390084e-02
-1.464772202360566023e-05
6.796513155762616554e-02
-1.303574859676129042e-05
6.796261811232437444e-02
-2.246622993734686741e-05
6.794647735246434062e-02
-2.537411750843948671e-05
6.793079644072673451e-02
-1.356290692813648742e-05
6.793500839297293703e-02
9.323003965927813017e-06
6.793294077747272230e-02
1.015285499176119941e-05
6.791757934681352804e-02
-2.711833787557711944e-05
6.791676881506220065e-02
-2.017680486491924458e-05
6.791240691493707904e-02
-9.565602385920078549e-06
6.792785740004879391e-02
-1.911875998421208299e-05
6.793462809375842848e-02
-9.626576024688352054e-06
6.792898661024619755e-02
-1.893940778193238300e-05
6.794453420139136279e-02
-1.474432911843985105e-05
6.795239135539130060e-02
1.291562889654060719e-05
6.795664669148278325e-02
2.735250612696928844e-06
6.796331705123280498e-02
-1.912523806733505870e-05
6.797547157663930140e-02
-3.929043912591024266e-07
6.798568032382130977e-02
-1.662728074102295665e-05
6.799627380500260221e-02
-2.927193026143409552e-05
6.800655097570065810e-02
-1.320787480218654552e-05
6.802302581081540178e-02
-2.727787054636210219e-05
6.803554527179417333e-02
-1.788327357358564124e-05
6.805620955195940125e-02
-2.132933853094274161e-05
6.807283459671846504e-02
-7.946646410952878050e-06
6.809219529006842186e-02
-1.509256010979633989e-05
6.811376725533169196e-02
-1.805252189372133671e-05
6.814166766493240379e-02
-1.764418958165189666e-05
6.815875925358932941e-02
-1.260547655538090016e-05
6.817833318941297904e-02
-1.312356423823778342e-05
6.820654420128696716e-02
-2.115385907043983794e-05
6.822806695871125315e-02
-9.081246339016913594e-06
6.825519559355426591e-02
-2.540139539345257746e-05
6.827850559552622878e-02
-2.889177928510795203e-05
6.830116700603454383e-02
-4.121999365518738700e-05
6.833741001241433466e-02
-5.073310313434935135e-05
6.835923479623205734e-02
-3.330306254908685062e-05
6.838679428800367721e-02
-6.336521482715111822e-05
6.841158183780610136e-02
-4.804349123698883813e-05
6.843641478474674078e-02
-4.024971666780475225e-05
6.846406398599912124e-02
-2.496615249418424976e-05
6.850494121326400343e-02
-2.124173917556980814e-05
6.852778194204010853e-02
-2.584065333957603325e-05
6.856317058098944373e-02
-1.673802788372339082e-05
6.860196033018718664e-02
-6.921605649487347597e-06
6.863476435983036084e-02
7.224826748829175685e-06
6.867888903988797478e-02
4.826235662230477278e-06
6.869957644863756985e-02
6.006103910487318354e-06
6.873296805174736179e-02
2.980434060856205735e-05
6.877019627204219998e-02
1.915066784596142603e-05
6.879941233336439588e-02
-8.658455229570289808e-06
6.884296078612044123e-02
-6.624551164324308108e-06
6.888487865780319741e-02
-6.114573477388917831e-06
6.891365375511435132e-02
6.507685820707274403e-06
6.895879702610574480e-02
1.403448624460370211e-05
6.901004352534470532e-02
6.337368522307421755e-06
6.904629250383839678e-02
2.146051135601744029e-05
6.909054475491585579e-02
1.258516229800491749e-05
6.913046501041264502e-02
-9.188980658528048343e-06
6.917408076694257779e-02
-1.461565288063081069e-05
6.921282014604339394e-02
-2.527317145676797970e-05
6.926119282476358996e-02
-1.355627022745611434e-05
6.930057140712669872e-02
-3.326408751659833704e-05
6.934594960994089341e-02
-2.772571549413409635e-06
6.939122052758633918e-02
6.554541793660940629e-06
6.944243320969348265e-02
-5.706395784307142687e-06
6.949481107629659760e-02
-9.882420748724477351e-06
6.953186782884569761e-02
-6.947338531260434331e-06
6.957775535350103902e-02
-1.513098103267998393e-05
6.962735647903867120e-02
-3.700004593018656936e-06
6.967564000814420455e-02
2.904834697085353912e-06
6.972683183275230068e-02
-3.006691816760896291e-05
6.978400783204813385e-02
-3.835950723083130127e-05
6.983837225986271047e-02
-2.151446478258250535e-05
6.989052016651854660e-02
-2.807619897937668022e-05
6.994801847168209685e-02
3.803935285064587219e-06
6.999644325330542372e-02
2.455761241538065573e-06
7.004854365008984785e-02
-3.105122702835011547e-06
7.010248286931851369e-02
-9.138003600757890291e-06
7.016050516234058343e-02
-1.168134418726273327e-05
7.022155741460940626e-02
-2.002617659682489915e-05
7.027082327652711680e-02
-1.156651615253782385e-05
7.033132999553755316e-02
-1.222150657264033522e-05
7.038850160601219097e-02
-3.935144556929968565e-06
7.045023846851616867e-02
9.417764775962517078e-06
7.051415554876905301e-02
-1.009166673179184028e-05
7.056397334341159289e-02
1.449429947546726930e-05
7.062453271557590784e-02
1.138202842175932280e-05
7.068246604447769865e-02
4.809128591876447326e-06
7.074030894980763706e-02
-9.209697664118705836e-06
7.079747785213433287e-02
-1.258353488544817541e-05
7.085933502282598662e-02
-1.024404095959648538e-05
7.092346519704734176e-02
1.459249484707048552e-06
7.098616286599734870e-02
2.170276848250828985e-06
7.105932968245920467e-02
1.722033330085599645e-06
7.112201803395121202e-02
-1.612497278511487847e-05
7.119084083518108230e-02
-1.080889786296451816e-05
7.125072524090315940e-02
2.999239841616914269e-05
7.131459387630333102e-02
3.834166658048063648e-05
7.138513817276727347e-02
2.994352929670809422e-05
7.145237309210034082e-02
1.571489368374289972e-05
7.153279040334875605e-02
2.944910108275160382e-05
7.159708176158935400e-02
3.191818317510568016e-05
7.167225440417912541e-02
3.955458100874813975e-05
7.173572268362075899e-02
-5.319578477805851105e-09
7.181472175042508121e-02
3.011938219787763254e-05
7.188442413171207412e-02
3.116797736774144198e-05
7.195570887228928958e-02
3.823815285540084464e-05
7.203684708244693924e-02
3.564884260429048053e-05
7.210199375523425325e-02
9.931520715992086051e-06
7.217928732739802011e-02
1.872646285653330647e-06
7.225044079253820084e-02
6.484711309544553651e-07
7.232429525958082583e-02
7.758365606089518760e-06
7.240437906324395656e-02
5.043723129759780114e-06
7.248009599602985020e-02
1.744222144855177371e-05
7.254955500608940844e-02
2.125666404973738924e-05
7.262858834146074249e-02
5.424155988207659125e-06
7.269582332074643605e-02
-3.992858556633774970e-06
7.277084871247373188e-02
-9.328858782740649354e-06
7.285571951600128271e-02
2.171991249430006395e-05
7.293558066982042121e-02
1.261587508569714277e-05
7.300608787777863873e-02
2.772402131897880973e-05
7.309381558839442294e-02
1.358080965241889286e-05
7.316113893943113067e-02
-4.096457254938179437e-06
7.323868980050469990e-02
-1.355119566250760069e-06
7.332355860323033769e-02
9.968929864922365815e-06
7.340988909218564007e-02
-9.387265320823674617e-06
7.349159751858709566e-02
-5.865406916136934615e-06
7.356815676983369245e-02
8.664472222546158416e-06
7.365491187835171427e-02
1.169328086069959241e-05
7.374612525104129457e-02
5.953558916749648399e-06
7.383339604168288883e-02
1.182924270579972571e-05
7.390930468018129529e-02
-1.927571269077884513e-06
7.399668239215244359e-02
-1.339503075383887066e-05
7.408272496811142693e-02
-7.901146116050187165e-06
7.417561469401559582e-02
-1.825467532114286698e-05
7.425696557398465958e-02
-2.331168871461749577e-05
7.434838944909771818e-02
-2.993223293948706306e-05
7.443535811707949201e-02
-1.565694678919734615e-05
7.452091250088714591e-02
-7.740031994981636036e-06
7.461210825157742199e-02
4.680937444864979277e-06
7.470087812652320691e-02
-9.586184706556266031e-06
7.479791214942528577e-02
-2.740227299311836519e-05
7.487227751300067069e-02
-1.676001249428638634e-05
7.496809623840233749e-02
-2.428157114658772726e-05
7.505835551182285514e-02
-4.869804824087686624e-06
7.516093373040996783e-02
-6.746671022687902823e-06
7.524683474787030590e-02
-1.660338956622752637e-05
7.533298664344212359e-02
-4.086136121371632097e-06
7.542715511191361299e-02
2.396431709524955212e-06
7.551709161949630988e-02
2.832627847521607229e-06
7.560628789616914702e-02
3.425482427767665322e-05
7.570811630985407881e-02
2.274702591414890315e-05
7.580054074530154229e-02
3.068884298433120604e-05
7.589509831229807046e-02
3.897383452356382690e-05
7.599319000779533595e-02
4.945306833909558818e-05
7.608759354134697617e-02
5.368407388405763424e-05
7.618027401663370057e-02
6.556813423787119152e-05
7.627759003488737699e-02
4.818733171008249538e-05
7.638065455268309989e-02
1.003772675312771860e-05
7.647679237757519510e-02
1.838630392898751368e-05
7.656701870757974537e-02
4.965130763001736932e-05
7.666161719947930941e-02
2.938138164146610214e-05
7.676215348995853172e-02
1.475175457368831275e-05
7.685797551396307548e-02
1.172678657958337596e-05
7.695904634957773105e-02
3.399158708326301961e-05
7.705810254242660695e-02
1.549586976636330171e-05
7.716017136513100838e-02
1.161024069279935944e-05
7.725833979029170240e-02
1.956556597835565342e-05
7.736024129629076596e-02
1.751620807492988840e-05
7.744783733488569410e-02
4.341107571505518868e-06
7.756007072390187773e-02
3.126457552538724620e-05
7.766336443315371985e-02
3.010893417448158601e-05
7.775706470872040255e-02
2.151914638436245477e-05
7.785736931994932664e-02
1.081240475945917235e-05
7.795574806573192517e-02
3.364277183399110965e-06
7.806246805143600420e-02
1.480032079655387742e-05
7.815774946979063553e-02
2.483749848320989593e-05
7.826157308793715850e-02
1.480202244564907024e-05
7.837032990335186800e-02
2.591024633336536846e-05
7.845351594366348214e-02
1.257996764686988123e-05
7.856218638334654114e-02
-4.513645011598279894e-06
7.866835783536375859e-02
1.631387574683814301e-05
7.876588374163197293e-02
4.236451968569444421e-05
7.886364317361237164e-02
7.087491605906944697e-05
7.896626349263846656e-02
6.098305998921905226e-05
7.906590545916934720e-02
6.063840912202747964e-05
7.917412758317321497e-02
5.326919877540530287e-05
7.928257688226414412e-02
3.900570702650822550e-05
7.939240275248195255e-02
4.415148969309598033e-05
7.949080742002877231e-02
4.886874249163388416e-05
7.960021679064534228e-02
4.450395977884948583e-05
7.971358452288040963e-02
4.842624011123108257e-05
7.980440160438784236e-02
5.139114788347937080e-05
7.990251991448099611e-02
2.103617151173589795e-05
8.001617867510962823e-02
1.532892900082612230e-05
8.011911876845541347e-02
2.529033468596901952e-05
8.022176054736059048e-02
4.745653118131758729e-05
8.032801114845807000e-02
4.198184708482492224e-05
8.043075757656012459e-02
3.223234054403981841e-05
8.054165189144237014e-02
3.084756966337320677e-05
8.064447836773155909e-02
1.117436646675548077e-05
8.074304256689585069e-02
3.389398237847215782e-05
8.084893382101730752e-02
4.368098798013724465e-05
8.095813628886887325e-02
3.642955503668685149e-05
8.105875326773452627e-02
2.256374145204286037e-05
8.117072073013621714e-02
2.097829032394797906e-05
8.127801546035232083e-02
1.542200188120450790e-05
8.137021308040451317e-02
1.480671820117299240e-05
8.147977289537230994e-02
4.020968570951914174e-05
8.158601551328562018e-02
4.450358579428954485e-05
8.168858355541987193e-02
4.094864047664547582e-05
8.178566086162608606e-02
2.347144865287984801e-05
8.188898527275915995e-02
2.812566284863499841e-05
8.199791713138458726e-02
3.328097833060077621e-05
8.209644049933932652e-02
3.934101424380650753e-05
8.221056248367449026e-02
4.082018109328920755e-05
8.231394648226093846e-02
2.269853863000878137e-05
8.241875085537632428e-02
2.124156268138626533e-05
8.252378927468791148e-02
1.657199818498841215e-05
8.262947220719780994e-02
2.162357203562690459e-06
8.272617487037424444e-02
1.592711237457644291e-05
8.282850684038019218e-02
1.073667449045633270e-05
8.293083406669364555e-02
-9.446311068724394862e-07
8.303139297677898656e-02
2.946154261770980664e-06
8.313353087946957765e-02
7.046096612938116268e-06
8.324126893932316806e-02
1.458963740404417678e-05
8.334332758217416481e-02
7.775932609107515139e-06
8.344117477652997217e-02
-1.396837950581384497e-05
8.355208187250118268e-02
5.084895308685932083e-06
8.365805961923043765e-02
2.996457074844853654e-05
8.375463000650679168e-02
2.701302224915681555e-05
8.385580589757134218e-02
1.771893681021554130e-05
8.396342190944254547e-02
3.407841849878700424e-05
8.406250701030501538e-02
2.259391896788832293e-05
8.415806047190065031e-02
1.497671937504953511e-05
8.425295651649598871e-02
1.130737625328637727e-05
8.435778392529925951e-02
2.224296570894589357e-05
8.446105268829712243e-02
1.113388924602960845e-05
8.456239513681516884e-02
3.769918573634675301e-05
8.466397845662371191e-02
2.128215290765427163e-05
8.476447711027634835e-02
2.428895430558556534e-05
8.485960693727924442e-02
6.138900459057442590e-05
8.495999155609373910e-02
5.248713788795097664e-05
8.506162558229408976e-02
4.958117710189188630e-05
8.515587213002313860e-02
4.867855383479876576e-05
8.525362075844439280e-02
4.773241272397122010e-05
8.534766702271495697e-02
4.354384928585492613e-05
8.543542215912390547e-02
3.323683767750299715e-05
8.553858680376449919e-02
3.450229413974846289e-05
8.562955838912057749e-02
3.377216013103394939e-05
8.572685255929529680e-02
2.685808669285662473e-05
8.582351928938100616e-02
3.958352168054633330e-05
8.592374732568588969e-02
1.626841051217910424e-05
8.601923132034837438e-02
3.032253811707101936e-05
8.610542327726924960e-02
1.644810239999784296e-05
8.620372526210172415e-02
-1.413710988295189667e-06
8.629880827847367930e-02
-7.097677955936896796e-06
8.638492770714194247e-02
-1.615001328269907076e-05
8.648066988053761117e-02
-6.917316018513220557e-07
8.657036347351466932e-02
1.307330704441667115e-05
8.666083140100859505e-02
1.439505186550064372e-05
8.674700237565668992e-02
7.436466955723741753e-06
8.683540942946291197e-02
2.180939457895832753e-05
8.692706345688869241e-02
2.464976092453448288e-05
8.701943993415882372e-02
-3.086923717509091253e-07
8.710881518554564051e-02
-9.244182752799201473e-06
8.719519876814335602e-02
-3.119228128886131923e-05
8.728815290201276389e-02
-1.724960793485041363e-05
8.737531161523609535e-02
-8.073395938061244664e-06
8.745638013119003129e-02
-3.825595769813820424e-06
8.754918607288145194e-02
-4.803798612778260764e-06
8.763217991793498252e-02
1.198591921499189031e-05
8.772267690383049599e-02
8.400803034966711813e-06
8.780110285798405079e-02
1.777760761370353226e-05
8.789921921375762337e-02
2.883400238160204184e-05
8.798165868804065648e-02
2.535841906691595145e-05
8.806798411191242570e-02
1.013083255930879317e-05
8.814893137691202918e-02
1.164557379718461937e-06
8.822778935574694670e-02
1.093455435836389818e-05
8.831179133556887884e-02
1.641735472951482931e-06
8.838722612425775615e-02
-1.553072765683679885e-05
8.847014524495042109e-02
-3.640614648541546907e-05
8.854958702810504512e-02
-2.908299199863953702e-05
8.862999122729660340e-02
-1.549417655901536435e-05
8.870950267180925664e-02
5.078037923375188954e-06
8.878601192384080742e-02
8.385299716973961920e-06
8.886641035397402355e-02
1.453070441835109452e-05
8.894380305583404756e-02
1.094861810388874488e-05
8.901996476818507809e-02
7.425635379037785516e-06
8.909794695741378445e-02
2.432277757320630519e-05
8.917562349441365832e-02
3.630974928521279478e-05
8.925029993926278382e-02
3.217013844951304927e-05
8.932881839299183779e-02
3.494592582683345644e-05
8.940658025253654662e-02
3.920870683606382241e-05
8.948329140890280697e-02
3.792546086597349699e-05
8.955659353908305975e-02
4.204911404801739850e-05
8.963404179248390946e-02
3.526755693127795707e-05
8.970948792202133870e-02
2.907796554143612407e-05
8.976965161435618290e-02
6.392260409503469902e-05
8.984534806006892749e-02
4.527608550087577319e-05
8.991451906976150044e-02
5.120825049929740672e-05
8.998945736074488722e-02
5.136591986411676247e-05
9.005799160252429825e-02
4.917986466766109113e-05
9.012107040766426103e-02
3.474427405761121789e-05
9.018967141872658022e-02
3.552572294988144062e-05
9.025723649108281788e-02
5.225757520190873865e-05
9.032619875057089354e-02
5.726298665169650290e-05
9.039556733643838715e-02
4.660721790497279580e-05
9.045467633964543452e-02
4.454066249467641085e-05
9.052328087391599276e-02
2.917794092175970838e-05
9.059066451934490172e-02
4.097524803748278503e-05
9.065680739317745485e-02
3.871835887999418774e-05
9.072417807338137297e-02
4.049237590881632704e-05
9.078970367088844140e-02
2.694140862877649506e-05
9.085248512243480901e-02
2.057951313695095062e-05
9.091132597880013932e-02
2.954495417711735741e-05
9.098206184775237126e-02
2.561226150333170253e-05
9.103981057420140743e-02
4.394182002130552953e-05
9.109840922424228271e-02
3.806682739104208426e-05
9.116441379953647839e-02
2.632646605476087292e-05
9.122162253721527447e-02
1.743765517300586724e-05
9.128521333818556682e-02
3.582202261350443608e-05
9.134729718486341021e-02
2.229957139740725876e-05
9.140360097453190114e-02
2.198329923556067986e-05
9.146276599726765877e-02
2.553365202988719623e-05
9.152421399399747470e-02
-5.660661277621816945e-06
9.158012775596426069e-02
2.064723878360879989e-06
9.162767972601949806e-02
1.751739202003651098e-05
9.169316662299081822e-02
1.727837654847425171e-05
9.174575129487538838e-02
1.085643486411227696e-05
9.180140958056143274e-02
1.370540139130182215e-05
9.185781960226557796e-02
-3.611169807696537742e-06
9.191216289850913379e-02
-7.973782437162756033e-06
9.196681491380953588e-02
3.528153488133175812e-06
9.201983085876336288e-02
3.542225835128063628e-05
9.207303459951932112e-02
1.823681276657380338e-05
9.213012267374574848e-02
7.899882854784653430e-06
9.218355740937383969e-02
1.627495225669411857e-05
9.223764812316596895e-02
1.377492758504989663e-05
9.229913063039710264e-02
1.785953031860981961e-05
9.234455837208803419e-02
2.396195269389834927e-05
9.239502282438620540e-02
3.432978981584398909e-05
9.244430055665546486e-02
2.872610923831963548e-05
9.250097840806270622e-02
1.018618459053734943e-05
9.255139033067856513e-02
3.170225067513399343e-05
9.260352596728914365e-02
2.872047727284117853e-05
9.264637079888277116e-02
1.564939217205456800e-05
9.269719776592708071e-02
1.039636472605966018e-05
9.274364627724041021e-02
8.984645933931998814e-06
9.278772492883197165e-02
3.317174151220636454e-05
9.283684478824535957e-02
3.203335821528054106e-05
9.288924604280628106e-02
3.254660991759153953e-05
9.293209229469731603e-02
3.521985799723227221e-05
9.297530459200784025e-02
3.500940611267828610e-05
9.302743596852412755e-02
4.031337234351194446e-05
9.307525052063708726e-02
4.300294089147698687e-05
9.311901324934765412e-02
5.004531193003318755e-05
9.316572791883125093e-02
4.096511583217205866e-05
9.321781478971409574e-02
3.022572022312232121e-05
9.325902643074233944e-02
1.731990228588346775e-05
9.330690982928555033e-02
2.696882020171373023e-05
9.334490500387009060e-02
3.508082764310023623e-05
9.338370078463394119e-02
4.565154559257153559e-05
9.342981084239873613e-02
3.866606225360981800e-05
9.347527883830772377e-02
5.026269201397380121e-05
9.351300269315460101e-02
4.982792468783948475e-05
9.356002924970342749e-02
3.872856458068806045e-05
9.359847230532712670e-02
2.971409242725331408e-05
9.364219397601450390e-02
2.730481018525796120e-05
9.368906239313942730e-02
5.782310898545804011e-05
9.371701216704515780e-02
5.708076836833399475e-05
9.375342004794279260e-02
4.052342103772711490e-05
9.379538554061542244e-02
5.933322092743315647e-05
9.383421026215074678e-02
5.548689818354548718e-05
9.388233503770745947e-02
4.350706433745149933e-05
9.392525297218137781e-02
4.367596072409936646e-05
9.395250558457869661e-02
4.567070357469113750e-05
9.399468146621020592e-02
5.262881392823240097e-05
9.402472650401123844e-02
4.528705252461765959e-05
9.406457841389177787e-02
3.359981987480896860e-05
9.409931173114229053e-02
2.577365959045490877e-05
9.413285062513028489e-02
3.246794389983707495e-05
9.417425396901565882e-02
3.564433357080135822e-05
9.420274674478169852e-02
3.999734638502849241e-05
9.423903608790203112e-02
4.407550340761871209e-05
9.427695111545190965e-02
3.718254380344117197e-05
9.431902776503089947e-02
4.295731977794696970e-05
9.435061208441795910e-02
4.431317743290030944e-05
9.438018434889500208e-02
6.478289823065237795e-05
9.441814958775321398e-02
6.364771874226745328e-05
9.445201988927161285e-02
4.472899046202071861e-05
9.447966555429418434e-02
3.352517466268449775e-05
9.451166546847582228e-02
2.893935852966908665e-05
9.454915874983643720e-02
3.957140489772063504e-05
9.458112196745115108e-02
2.347497976513820771e-05
9.460863689950634037e-02
2.497342869605099854e-05
9.464434974635790865e-02
3.397874655021048443e-05
9.466880908195128563e-02
4.115285421745915257e-05
9.470905049365321848e-02
2.420698050350598843e-05
9.473317461529909278e-02
2.460647202405921773e-05
9.477092591921063014e-02
1.721663964524873733e-05
9.479256016452577982e-02
3.234825384466713820e-05
9.481902279425513669e-02
2.764364761375573268e-05
9.484648542580471908e-02
3.169109336338560442e-05
9.487535580891189035e-02
2.556318945861468247e-05
9.490518193652944245e-02
3.762998990883268161e-05
9.492857281319379281e-02
4.231086713562278009e-05
9.495764447762923555e-02
4.609683188408029845e-05
9.498489081857450222e-02
4.429846208121555071e-05
9.500543828280913483e-02
3.140945979837084944e-05
9.503475988033513455e-02
3.138245665239234450e-05
9.506399869203378816e-02
2.533043487059434464e-05
9.509229984650532930e-02
1.560770015864547597e-05
9.511251541510183649e-02
1.357799457106922648e-05
9.514330902086740038e-02
3.021689094152443068e-05
9.516897000536353457e-02
8.443575246677266502e-06
9.519090176766720202e-02
1.740672869594619355e-05
9.521423369817484661e-02
2.831062482591552000e-05
9.524014772150500574e-02
3.835246128247452643e-05
9.526212746125468922e-02
5.600306819113711637e-05
9.529253019597412611e-02
5.584691075062092933e-05
9.531932130212346366e-02
4.350437531550344343e-05
9.534235108163677253e-02
3.758123807245768101e-05
9.536477951972566203e-02
3.862238016024882500e-05
9.538849394717760499e-02
3.516861187104543425e-05
9.541042826134792099e-02
2.271902420803825732e-05
9.543203087989771127e-02
1.454422487590976520e-05
9.545217656221367808e-02
2.162874931468234779e-05
9.547465027956296424e-02
5.895403720644589814e-06
9.548647065717358329e-02
-1.650347950876225918e-06
9.550886175025492808e-02
-1.787976188723448056e-05
9.553542829260312785e-02
-5.429937780990322682e-06
9.555498742202087059e-02
-1.789016414709518099e-05
9.557610283744351343e-02
-1.029190182020121852e-05
9.559988234767521909e-02
-2.573482854789517404e-05
9.562172309674675519e-02
-2.956401060231967140e-05
9.564339353922189646e-02
-3.064736974120904443e-05
9.565741757856886796e-02
-4.386983073829938209e-05
9.567666486831867545e-02
-2.163849447054259751e-05
9.569178458451849112e-02
5.392345011384888313e-06
9.570948298578450808e-02
1.412978733368909298e-05
9.572145400857663688e-02
5.194309081729489323e-07
9.573939315541796224e-02
7.486784964388607841e-06
9.575503557491628348e-02
-9.671292071930232529e-06
9.577064812139765571e-02
-2.452692287261271031e-06
9.579073621858162635e-02
1.800005052876380343e-06
9.580011043166446194e-02
-7.075040994205786941e-07
9.582071262764113584e-02
2.795601238093829661e-06
9.582929460420959444e-02
2.100296955644963602e-06
9.584237330664986676e-02
-2.480944148335515565e-06
9.585271108433704446e-02
1.102590993645405139e-05
9.586882117106970691e-02
8.103241320957286722e-06
9.588262385916986041e-02
1.878576711656360760e-05
9.589553532484786091e-02
-4.459815369981874886e-06
9.590569853476621498e-02
1.390296370819613660e-06
9.592659275522760765e-02
2.169396180643468449e-05
9.593753966352809581e-02
3.354067829328662376e-05
9.595270005850557726e-02
2.636300070964677633e-05
9.596363430574397779e-02
-4.765322601998632432e-06
9.597755094019969069e-02
-1.592709879229627201e-05
9.598099683234068147e-02
-1.954684955449640849e-05
9.598639453317614478e-02
-1.924848798843143842e-05
9.599001251247307742e-02
-1.243089173167866274e-05
9.600662355387058755e-02
-1.778020277192812579e-06
9.601642835182550018e-02
5.523111631253713529e-06
9.602570528880949308e-02
3.807292505115713359e-06
9.603761857284547065e-02
1.327737282771430366e-05
9.604202558710107918e-02
2.621605474725305097e-05
9.605670103898815426e-02
2.292762880602634799e-05
9.605810638739732676e-02
4.803957845332251249e-05
9.606794564675094628e-02
4.461035392995252655e-05
9.607324606938517919e-02
3.001262705956612338e-05
9.608036811618260453e-02
3.640295376784356769e-05
9.608734462968042400e-02
2.277202318054416240e-05
9.609416602453857426e-02
1.590506884412623887e-05
9.609742508857421761e-02
8.672799115622468913e-06
9.610564156747081199e-02
8.251332596448001831e-06
9.610824532634877626e-02
1.422851916691672055e-05
9.611701467595332171e-02
1.353462405378235720e-06
9.612237065289545856e-02
-5.417257352652854119e-06
9.612102378189650576e-02
1.464508054211609064e-06
9.612600988937088087e-02
-7.191539069570374879e-06
9.612542240256430337e-02
-1.190811682211412647e-05
9.613560196102365063e-02
-2.482570814812578151e-06
9.613763418702567232e-02
2.843219696145018929e-05
9.614245002952506725e-02
1.167366133857635835e-05
9.614447049706767445e-02
-4.454476439250333872e-07
9.614270812744130090e-02
-6.423435513155061829e-06
9.614061804860254967e-02
3.491504301513385169e-06
9.614528867054086825e-02
1.487923923232540443e-05
9.614977973107903531e-02
1.793966466314881499e-05
9.615247148500435936e-02
8.828581910545165096e-06
9.615258428233024179e-02
-1.285025659572329564e-05
9.614716659711293467e-02
1.036345129516603116e-05
9.614795370305280475e-02
-2.620798116922154934e-06
9.614541925323542848e-02
-7.677726400271176155e-06
9.614135080909110009e-02
-2.263184656511172039e-05
9.613530036751809227e-02
-1.487782774886933401e-05
9.613625945666212647e-02
-2.451121740210383297e-05
9.612656099951145949e-02
-3.426795534157937314e-05
9.612675388579991487e-02
-2.661372826074569504e-05
9.611651439252909268e-02
-1.214591259410850893e-05
9.611385444527456579e-02
-2.214716524017189731e-05
9.611038269532626299e-02
-2.301110445616777930e-05
9.610635680972851036e-02
-2.922453241734249656e-05
9.609952295121954036e-02
-2.350944813705914003e-05
9.609374307503586177e-02
-1.924888375874802602e-05
9.608179723836952901e-02
-2.945870554533158694e-06
9.607728542685141371e-02
-2.024963148244550599e-05
9.606839859556963457e-02
-9.482023267350702802e-07
9.606478468730163256e-02
-1.446716517703207158e-05
9.605874007569785433e-02
-3.093302588959692733e-05
9.605031769582489387e-02
-2.399104172284395894e-06
9.604225620218777293e-02
-5.018865457640754887e-06
9.603305064832713678e-02
7.589253208083773256e-06
9.602738549330143425e-02
2.985873282438789678e-06
9.601540408992077780e-02
7.600414265572174648e-06
9.601036203756865839e-02
1.973867919552911991e-05
9.599870152667598633e-02
2.275089702206172640e-05
9.599233062883454071e-02
1.645561188480880970e-05
9.597720713362842271e-02
8.192900300687865899e-06
9.596712658604669710e-02
1.793789814419496651e-05
9.595468520815512992e-02
2.792485427751551709e-05
9.593943545259106531e-02
5.070455987903155336e-06
9.593024225548825445e-02
-8.724330237498461045e-06
9.591822010269403231e-02
-2.120862116747256553e-05
9.590669358457212801e-02
-1.300754616740466898e-05
9.589397275534800036e-02
-6.010072692715032075e-06
9.588482317491031637e-02
6.360749341162012927e-06
9.587184282274151259e-02
5.957439229205357020e-06
9.585621654871859243e-02
-1.317293946069880822e-05
9.585052713201483443e-02
-1.779365648673009360e-05
9.583834001999182173e-02
-1.694965667316055887e-06
9.582727439604374342e-02
-1.649955883371598215e-05
9.580644914356886699e-02
-1.533725229463872176e-05
9.580254071754294720e-02
-8.448167325159502037e-06
9.578421499874810452e-02
1.016023284343846741e-06
9.577437006532642239e-02
-2.560944722270529846e-05
9.575395347311313476e-02
-1.586169538691127457e-05
9.574891398807582055e-02
-6.232715466961391334e-06
9.573530369945755514e-02
-4.395438783000000909e-06
9.571596522780707883e-02
4.345679499631977234e-06
9.570293525449595495e-02
8.235746952558153889e-06
9.568917884520346251e-02
-9.508136211964824557e-06
9.567823570739145134e-02
-1.107135371333504104e-05
9.567175369545183328e-02
-6.678394651942389010e-06
9.565637407991690877e-02
-4.202431455928054251e-06
9.563762046489751589e-02
-1.141422566951031169e-05
9.562464399364495327e-02
-6.609250536632290307e-06
9.561453389859342344e-02
-3.575277610450744966e-06
9.559865076604862066e-02
2.561356360045451403e-07
9.558884201476804121e-02
1.049766528505916912e-05
9.557504772354026568e-02
-4.428472684050475167e-06
9.556358621553590060e-02
-1.039893134326590181e-05
9.554273429884495294e-02
-1.817066969257326439e-05
9.552626437555818140e-02
-1.305649928711571054e-05
9.550999979166893694e-02
-5.002260450847485949e-06
9.549970884464645260e-02
-1.939018032614895018e-05
9.548910257066713092e-02
2.569068723382262411e-06
9.547615583517542193e-02
1.348921835358729573e-05
9.546299576920956598e-02
-1.273545259297029768e-05
9.545797879338999148e-02
-8.749204866324310800e-06
9.544499269786638207e-02
1.193183789945768599e-05
9.543472983376320717e-02
1.027275469157302139e-05
9.541615737537831321e-02
-1.313789300537277662e-05
9.540965040966595256e-02
1.139738196865661459e-06
9.539600316640187150e-02
-1.562848847807970525e-05
9.538893402373149755e-02
-9.220680310375401208e-06
9.537651480734415932e-02
-2.727984852144889891e-05
9.536295035298333889e-02
-3.196147172661197689e-05
9.535507503526124973e-02
-2.014668346946863264e-05
9.534420369913863824e-02
-1.450998606931878780e-05
9.533372265751360874e-02
-1.536288483699879961e-05
9.532389858158367424e-02
-1.292502850202449892e-05
9.531692155098346608e-02
-2.016105539296442488e-05
9.530878885190410821e-02
-2.198037202429364411e-05
9.530262569408584628e-02
-3.242282570801259994e-05
9.529272158590484931e-02
-3.682831200123054294e-05
9.527861412423295484e-02
-2.639280716113947498e-05
9.527209491009297482e-02
-2.614420427083793830e-05
9.526836643085989653e-02
-1.926029352154890251e-05
9.525960257510679430e-02
-4.580587368370140765e-05
9.525457875782984696e-02
-4.035130147826336783e-05
9.524536854398557573e-02
-3.654952437135735563e-05
9.524551450159141064e-02
-3.821646929532588157e-05
9.523618766689435911e-02
-3.985810838479977565e-05
9.522953599335426400e-02
-3.752265402181807785e-05
9.522414596085583549e-02
-1.820542274202025586e-05
9.522065833592993633e-02
-2.407511019584199981e-06
9.522016107046973876e-02
-6.042286563330013575e-06
9.521444375730721277e-02
-1.718999801338747866e-05
9.520908603052247177e-02
-1.974800506813639923e-05
9.520614758709894376e-02
-1.932297705499481848e-05
9.519596947534486597e-02
3.425461735141206179e-06
9.518925500742461687e-02
-1.666499731505066464e-05
9.518980596108213288e-02
-2.687231492609544825e-05
9.518305175290438236e-02
-1.953499307313301712e-05
9.517910062233139734e-02
-2.416148997762034427e-05
9.517454310959197472e-02
-1.049985603564157824e-05
9.517482283904944718e-02
-2.399461351808533847e-05
9.516685743830781419e-02
-3.424461145630809124e-05
9.516904866897150927e-02
-3.365314608609327974e-05
9.517637933365030722e-02
-3.337679217841322643e-05
9.517093446742645735e-02
-2.513910583993227846e-05
9.517314764685108619e-02
-2.064665842062314983e-05
9.516907327936480199e-02
-3.489314432902335343e-06
9.516940661257054790e-02
-2.156734369211223086e-05
9.517118250301868920e-02
-3.027324684959069803e-05
9.517040539171851832e-02
-5.583849732400806881e-05
9.517058455063809319e-02
-3.865990667464316405e-05
9.516962634428589862e-02
-3.742416969123720329e-05
9.517580219272651909e-02
-3.095301217206299939e-05
9.517318089778535606e-02
-4.411436679177927980e-05
9.517104048970656538e-02
-4.034118840300677676e-05
9.517153810124460989e-02
-2.897621994216391294e-05
9.517310737590417569e-02
-4.836932817684034825e-05
9.517450476255306935e-02
-4.759954208286216234e-05
9.517589971081578948e-02
-3.909760237050884888e-05
9.517616805089458565e-02
-4.579758635289766150e-05
9.518189706013707729e-02
-4.502425715920755137e-05
9.518285680621781097e-02
-2.427937328496253359e-05
9.518710276868429243e-02
-8.416919508330042868e-06
9.518436723382643627e-02
-5.592964000882430799e-06
9.519028551323688303e-02
-1.813533761463144030e-05
9.519515252819461815e-02
-1.423294256059764182e-05
9.520525740215091126e-02
-2.141866288865716762e-05
9.520247566039159726e-02
-3.175382629254090597e-05
9.521256585012519147e-02
-5.378196598934664442e-05
9.521283649854168918e-02
-6.085922565770822564e-05
9.522405587665924709e-02
-5.022490508064659766e-05
9.522412052240736280e-02
-5.475711107499117567e-05
9.523635052572373971e-02
-5.395442090488781936e-05
9.524370878111314276e-02
-4.290491159377521878e-05
9.524443873153488893e-02
-3.636735456315022866e-05
9.525966690602863385e-02
-2.647106938029764739e-05
9.526489308402577572e-02
-2.887261585708067877e-05
9.526629861383911768e-02
-5.247901073892762724e-05
9.527749036254716530e-02
-5.309519645651192569e-05
9.528778878550181464e-02
-3.874513462150846240e-05
9.528775087645431630e-02
-5.563044013794444978e-05
9.529570223402719642e-02
-5.829894082691704086e-05
9.530422404304023098e-02
-6.662964907804062560e-05
9.531296689568133362e-02
-6.275336823693172437e-05
9.532188513271823427e-02
-7.528785871450205207e-05
9.532981219798369876e-02
-7.546920566585349369e-05
9.533302786216935054e-02
-7.235373679066046850e-05
9.534396139784304114e-02
-6.319722529741021559e-05
9.535246031198656158e-02
-3.635309296619905890e-05
9.535903643194203194e-02
-3.125390378275305067e-05
9.537328875283980489e-02
-2.465862318303596378e-05
9.537724350697508735e-02
-2.279372858076413711e-05
9.538653648654803197e-02
-5.924655119761377815e-05
9.539576470721304602e-02
-5.515412952994533033e-05
9.540526746187870388e-02
-6.201335067339034074e-05
9.540897633611775119e-02
-5.400209421270900703e-05
9.542446109001247179e-02
-4.766073892421350506e-05
9.543100167087666119e-02
-4.732708483463928906e-05
9.543664838328971833e-02
-3.077621306744212607e-05
9.545222811773296234e-02
-3.904127608581308009e-05
9.546110237332183779e-02
-4.147482934823934513e-05
9.546706222940878894e-02
-4.681719055646945072e-05
9.547923036269727326e-02
-4.965720389931967214e-05
9.549075228701375817e-02
-6.766407920328472664e-05
9.550605354384947288e-02
-7.937083719685163294e-05
9.551216974449618091e-02
-6.762213890970099990e-05
9.552094716685276266e-02
-6.340420894876100833e-05
9.553172897525158414e-02
-8.368749246285926962e-05
9.554887857612466562e-02
-6.691089400771230980e-05
9.555435453314287120e-02
-8.135124548014964984e-05
9.556124347025794774e-02
-7.339848897588383556e-05
9.557336829098779518e-02
-8.534547642029978031e-05
9.558405838792072284e-02
-7.085012237546630168e-05
9.559089866447020856e-02
-7.602801307187224999e-05
9.560835708517843867e-02
-7.331726259245274931e-05
9.561811703448579169e-02
-5.949813557978213415e-05
9.563436976250366817e-02
-6.373305558148019509e-05
9.564551769669883685e-02
-6.901604172610990373e-05
9.565599273623967558e-02
-5.090639082293862446e-05
9.566505758335325238e-02
-6.209105015053774715e-05
9.567123199740323880e-02
-5.821575229484804345e-05
9.568885323167478085e-02
-4.115627050087724859e-05
9.570259103961455127e-02
-4.885866131765882948e-05
9.571321534093951700e-02
-3.439793601924233537e-05
9.571854295500638321e-02
-4.135615005071667245e-05
9.573173491581518646e-02
-6.293377996142910356e-05
9.573988518719687979e-02
-4.693926690022373643e-05
9.575214406227541830e-02
-5.972555153893064413e-05
9.576191093805078158e-02
-6.033115527690034870e-05
9.577809783870845639e-02
-5.878542474128774166e-05
9.578473654326066788e-02
-4.896296751668038238e-05
9.579799734678334788e-02
-4.424159304782576473e-05
9.581330680854743820e-02
-4.830943221347967493e-05
9.582218660805516541e-02
-4.912171792257140731e-05
9.583203942695499300e-02
-6.745205459291804019e-05
9.585010649575702313e-02
-7.176030405166275764e-05
9.586035786721482099e-02
-5.773573814688561049e-05
9.587413320856388865e-02
-6.116370557748365710e-05
9.588553990760863288e-02
-7.020311532660776597e-05
9.589501395914691584e-02
-7.541772545015757378e-05
9.590394495054367641e-02
-6.801626263527043193e-05
9.591672629478865952e-02
-6.499702379627517298e-05
9.592414844159052878e-02
-6.120708012603350587e-05
9.593515235590470425e-02
-6.514525117547295859e-05
9.595043739860376064e-02
-6.632064499812328638e-05
9.595820728494637575e-02
-6.739421685756677406e-05
9.596980866357869566e-02
-6.327296297354648440e-05
9.598674411323687705e-02
-5.906857913338881200e-05
9.599700503767108484e-02
-5.377376650563747359e-05
9.600269346485741651e-02
-5.634838765282983609e-05
9.601834356881945587e-02
-5.977067008478663407e-05
9.602974361258996561e-02
-6.034984406361198101e-05
9.603987718207770974e-02
-6.803493770731192439e-05
9.605041736176660183e-02
-5.342575236227385161e-05
9.606233691044416267e-02
-7.565543840741484284e-05
9.607064315947565214e-02
-6.770865855383334248e-05
9.608287890714378721e-02
-7.421337193381920847e-05
9.609259905776651456e-02
-6.420402330382978320e-05
9.610447651739938146e-02
-5.561301900827882172e-05
9.612530344666704585e-02
-4.343964968924399472e-05
9.612756542665247539e-02
-3.721363610565354074e-05
9.613357638591479848e-02
-4.072198938732693403e-05
9.614457655871853914e-02
-4.026987241249460533e-05
9.615249908679321389e-02
-5.049515702292825997e-05
9.616111606324237449e-02
-3.809680363497175632e-05
9.617373207973471672e-02
-4.851902185559196269e-05
9.618792562625998188e-02
-4.797980130428855679e-05
9.619714431789543052e-02
-5.749974835560752378e-05
9.621275632623356444e-02
-4.834803774563267459e-05
9.621744931216967556e-02
-5.369204677139539813e-05
9.622780164785962875e-02
-4.935588328454841264e-05
9.624126017617472273e-02
-5.982464998860706793e-05
9.625172142289287192e-02
-6.039681135518634703e-05
9.626328705348850823e-02
-6.143621389092177845e-05
9.627096271633943381e-02
-6.535267724649122161e-05
9.627999956119140390e-02
-5.068952702044152435e-05
9.628613993620588341e-02
-4.246810436365332654e-05
9.629821358100622286e-02
-5.413830492167080781e-05
9.630508116039912525e-02
-6.010363741855392395e-05
9.631482978375965898e-02
-6.839820129959384707e-05
9.632370143141906482e-02
-6.721684729530009875e-05
9.633474060997138100e-02
-6.043162850813559614e-05
9.634031959305246196e-02
-5.343235002069517326e-05
9.635612212037789059e-02
-5.528493057380849603e-05
9.636839179375969455e-02
-4.335806429686932267e-05
9.637629725202423447e-02
-3.503051848720461532e-05
9.638611998421758864e-02
-4.493545833694767566e-05
9.639874069363089937e-02
-5.203463451177057570e-05
9.640947353278148113e-02
-5.005280404066269809e-05
9.641976634262522383e-02
-6.694635607106687021e-05
9.643164541333007489e-02
-5.183192022506661072e-05
9.644192328367702516e-02
-4.897831147805465680e-05
9.645134215757891760e-02
-6.952234070443423183e-05
9.645744015275754812e-02
-7.223842362883389800e-05
9.646361593030618187e-02
