1.755964052442853029e+00
4.096552594565672917e-02
1.154761796675785462e-01
2.054648361076573670e-01
1.911050268010857105e+09
1.291927696034969597e-01
1.313654273864162862e+08
1.212985298761089653e-01
2.683861540642968979e+44
2.054069743971023243e+06
1.262238200756416351e+00
3.246531853230718231e+10
6.159809565749785332e-02
2.251560888540971064e+04
1.044248970664947266e+12
1.582710478256821318e+00
1.219219877023731470e+09
1.060065547051402746e+02
5.671054895664835840e+02
4.180903654757000000e+12
1.557226355546441621e+00
9.421269081127172103e+05
3.692313653126690021e+00
1.580623981619558549e+01
2.361082597336532124e+21
1.950266250731672812e+00
5.059719107417446983e+29
4.463818776943026781e+08
7.581140045451670400e+16
4.087071323511194691e+02
1.607366215059941169e+06
5.395865320755906858e+00
1.000853876642717637e+03
6.766292623481397500e+14
5.047313556465366673e+03
1.691846983668647461e+11
5.797320695202268226e-01
6.160181314948303023e+23
8.589136683539795876e+08
1.950687371358783406e+20
5.298507016435777928e+00
4.804663724749945600e+17
6.740376885921545000e+14
1.585541952254751141e+00
5.471625968032347136e+18
6.248329452002000995e+06
2.763066031763622761e+09
1.989265483107238281e+13
3.120393665086066437e+10
2.019935771245720371e+19
