6.191270870133872790e-12
6.036658544542538805e-12
5.625337034342364276e-12
5.250169084400847385e-12
5.080017386971741078e-12
4.594486319675766001e-12
4.456527571185465903e-12
4.155280699287474821e-12
4.029271001242525878e-12
3.891124003146263825e-12
3.777317420525764347e-12
3.645197125595382445e-12
3.555862228209457776e-12
3.397695706265140977e-12
3.409731117595884623e-12
3.141613621330403096e-12
3.055117268855939552e-12
2.825413584960163563e-12
2.755433298583630098e-12
2.655483301449160451e-12
2.546703696449616167e-12
2.474774989956904959e-12
2.349904990275178803e-12
2.286341927764350396e-12
2.215357322286566109e-12
2.199341160193241730e-12
2.122961595610547690e-12
2.050133321211683411e-12
1.925456247577208194e-12
1.879582034514304422e-12
1.808503107996509866e-12
1.767042937615867678e-12
1.707493485211709264e-12
1.621153540110346982e-12
1.585710668229380174e-12
1.559163478881973942e-12
1.451807572778790909e-12
1.392358080759547166e-12
1.340355236691753900e-12
1.292267159930405517e-12
1.273606762435552423e-12
1.260178721388932998e-12
1.162652568511878983e-12
1.142962641010744267e-12
1.103812435344758409e-12
1.080313081894154209e-12
1.020054646093086561e-12
9.848779748549586276e-13
9.844138827189781165e-13
9.491764349797835952e-13
9.619387565880609289e-13
9.575382990124085541e-13
8.950704511809877317e-13
8.731652739102754751e-13
8.419937862354627798e-13
8.222476844119560825e-13
8.133818296060869390e-13
7.850349576510375378e-13
7.482501121841465880e-13
7.106487313818870226e-13
6.778641711471570809e-13
6.586052524816973805e-13
6.656974908784571932e-13
6.556588126298414828e-13
6.380764962483203551e-13
6.314857056294958085e-13
6.340889642701495311e-13
5.985724070577900518e-13
5.808063430849485402e-13
5.541070029218510608e-13
5.490430928322217238e-13
5.507207501573072239e-13
5.351299755667892130e-13
5.197428442761825835e-13
5.256995123517642187e-13
5.123071249744150790e-13
4.780413577668511584e-13
4.604006498874281188e-13
4.546029686920645393e-13
4.415816061389798722e-13
4.345556395947854483e-13
4.145262699044661719e-13
3.962089339260383075e-13
4.094010030266815526e-13
3.917347032533706426e-13
3.767957366351495330e-13
3.745783501861373594e-13
3.551198451593979936e-13
3.475395021249340121e-13
3.359101555279391989e-13
3.284046010368063995e-13
3.282347891108587071e-13
3.218904113174683119e-13
3.024152046887568221e-13
2.986413066497927625e-13
2.987921373280565996e-13
2.875600993876004339e-13
2.812222646672951765e-13
2.711516522627234387e-13
2.663979261770771731e-13
