7.562827919900403463e-13
7.293081854373979938e-13
6.742712462204986177e-13
6.378931090496368049e-13
6.170735664049380715e-13
5.914801832668620452e-13
5.791524287348027570e-13
5.408050706177319952e-13
5.124181400216777546e-13
4.981768939552232150e-13
4.686716582257116117e-13
4.476941528918979468e-13
4.303308491398967822e-13
4.083725891766941777e-13
3.926607499578927948e-13
3.869198000947371883e-13
3.584701784747783385e-13
3.374132499460947046e-13
3.257797486359948798e-13
3.130294189501997688e-13
2.959650742958402735e-13
2.727774555209373976e-13
2.649263188148625503e-13
2.490470212661259336e-13
2.414939360359139589e-13
2.258978823398775447e-13
2.189410113914841014e-13
2.115769379558878591e-13
1.983518040728910367e-13
1.894647871382545356e-13
1.807538539518842937e-13
1.702987796391389326e-13
1.656574068743253111e-13
1.533243338055702345e-13
1.465677239722939492e-13
1.415430802306976351e-13
1.328642171221052609e-13
1.264067194553773209e-13
1.238424122858952083e-13
1.211471642057298243e-13
1.170930250936273520e-13
1.057347773151601925e-13
1.025825846367242000e-13
9.724667826481494571e-14
9.422262524096761255e-14
9.083568597252080799e-14
8.437121569879621399e-14
7.920948474266969361e-14
7.872727082747574300e-14
7.493992444313099674e-14
7.115030653311559520e-14
6.680686919042326981e-14
6.280563311266793858e-14
6.032118263214462770e-14
5.722662591130266449e-14
5.678504834622791359e-14
5.341120372062989671e-14
5.084855658433253482e-14
4.975863738670848889e-14
4.710394488345089321e-14
4.484640813497740396e-14
4.329473201049701647e-14
4.161614201469309983e-14
3.834644261378897178e-14
3.659254394597448981e-14
3.611634921442063865e-14
3.499334713446040204e-14
3.363288246848384513e-14
3.257934803708660643e-14
3.074033543389868442e-14
2.962933736662079761e-14
2.847020209708265575e-14
2.692283755611099218e-14
2.514762379282810332e-14
2.362834328790380043e-14
2.345038520834779601e-14
2.292613714321429063e-14
2.270398672810112715e-14
2.230804447606604877e-14
2.058168257844055996e-14
1.856768264042342969e-14
1.741237769959317454e-14
1.702784840456983679e-14
1.611689626043616310e-14
1.553318152710972193e-14
1.529979106485379950e-14
1.517863676192042572e-14
1.477478727788080023e-14
1.365192441856100211e-14
1.341095649744720621e-14
1.272326826088329237e-14
1.241161311677690601e-14
1.194609208667097744e-14
1.129738410272671570e-14
1.104560722345358072e-14
1.078332972542449087e-14
1.074316231480909368e-14
1.066516996401543820e-14
1.028301128623926379e-14
1.038727807472284219e-14
