3.695734625801916315e-15
6.089990989702890500e-08
1.058709786497715206e-13
0.000000000000000000e+00
3.760837315778027124e-13
1.277408395301850019e+00
6.794613132729504101e-15
5.846607434545913708e-11
2.540930426903776761e-05
3.608326993790134829e-15
1.795447721119805399e-04
2.661035561746376286e-15
3.258534794421852168e-15
2.340120911846810237e-15
2.313861674123666439e-15
1.425198597966126492e-15
5.845529892875527449e-10
2.876228577835109152e-06
2.078010705284165258e-14
4.226061804929799353e-08
1.188127530290663851e-12
2.169068989614883523e-07
7.062386547450260066e-01
2.127795609277247924e-01
1.202696033735738069e-14
4.326959192127172728e-09
1.575846125814813122e-09
5.197031131222649147e-01
4.208494926641629580e-15
0.000000000000000000e+00
4.846182741877736594e-02
1.889237635569120582e-08
0.000000000000000000e+00
1.225901031568690953e-06
5.174661620707731543e-13
2.543395691876601741e-15
2.225571121372187443e-15
9.285038516508527153e-05
2.755115809251220682e-01
1.130211626150217479e-13
6.479933947238914537e-09
4.361926909675050075e-15
1.472019773064286672e-11
7.321712809603553307e-01
1.457656817123811855e-03
8.369411685569911220e-10
9.085182584382989064e-16
0.000000000000000000e+00
1.381820127624569668e-10
9.995556788577466107e-15
