2.799486200103590283e-03
2.780265692639044290e-03
2.796598591266168804e-03
2.854385939670339451e-03
2.899570274945915179e-03
2.886875372585727146e-03
2.886013558317927687e-03
2.942179047274566268e-03
3.008694789444704611e-03
3.011738624071503157e-03
3.020594806450958240e-03
3.010517591273948086e-03
3.012960014525372949e-03
3.062411243234837346e-03
3.148232794434988220e-03
3.176892473968193856e-03
3.149900301135021181e-03
3.033713399717005970e-03
3.071210633375233336e-03
3.124984898921014369e-03
3.173600263200944491e-03
3.201105163723909092e-03
3.230217907589945110e-03
3.290707020467483531e-03
3.349556301178539634e-03
3.343256672540562049e-03
3.342857171177062402e-03
3.242900834030178203e-03
3.233672202014666215e-03
3.238008936752886317e-03
3.273663235230779740e-03
3.280100927142488420e-03
3.288821874031680730e-03
3.360935783689684118e-03
3.418541666823311179e-03
3.441856954902111458e-03
3.489032410094756748e-03
3.474419238275111305e-03
3.460053087949348152e-03
3.494589388649089242e-03
3.529581917981423900e-03
3.638416718752651366e-03
3.792959106180071073e-03
3.861638378843135818e-03
3.859526177094666031e-03
3.897598165545325226e-03
3.898975772682190637e-03
3.845170219237663365e-03
3.743018321665618053e-03
3.776392110625944980e-03
