2.465945015768383330e-03
2.696218750382498551e-03
2.887896406118863404e-03
2.943679610315253457e-03
2.821880925897063148e-03
2.848780534355528984e-03
2.942041819307314975e-03
2.858107127960749557e-03
2.937549649744724406e-03
2.896996084316474582e-03
2.749136846253376950e-03
2.711707826694930226e-03
2.783666750102984245e-03
2.749704304672540619e-03
2.769344792302033849e-03
2.767688235388853293e-03
2.821800810631742464e-03
2.723376296748074039e-03
2.673417899808939145e-03
2.600566473505621333e-03
2.533767829209656371e-03
2.550766893530254011e-03
2.539132850096269354e-03
2.397329559813114828e-03
2.295235605002781017e-03
2.118938011271500992e-03
2.053677175139091444e-03
2.183306433602962438e-03
2.221228275436585003e-03
2.396424985754396376e-03
2.520338854326260349e-03
2.473670396720307075e-03
2.518278556007705685e-03
2.428311489893551344e-03
2.467558832226253093e-03
2.619379185907432048e-03
2.712726640881058665e-03
2.857238857253427324e-03
3.032984686876302651e-03
3.075068980353830913e-03
3.170856258155013534e-03
3.073582256255489534e-03
3.063919412787929723e-03
3.057220870797783957e-03
3.090737816262512094e-03
3.038953452789104441e-03
3.202666629195018849e-03
3.043917823805634103e-03
2.858570390743572429e-03
2.756705820640230602e-03
