3.324676724954695492e-04
3.170554833933943292e-04
2.994309878788858426e-04
2.776359806302028345e-04
2.665359743848784825e-04
2.507805179867350826e-04
2.385960664858686943e-04
2.296623423003151790e-04
2.140925009147352375e-04
2.129309220226432758e-04
2.126093013015342833e-04
2.104630676926856658e-04
2.047534878524367075e-04
1.970136826270141111e-04
1.889732974856860091e-04
1.791534338438688541e-04
1.690467446533689495e-04
1.562004741778208168e-04
1.460552894242812230e-04
1.391632796491695529e-04
1.327353963161730305e-04
1.277647793922804154e-04
1.185786351054811475e-04
1.102367624751577388e-04
1.002649115385842118e-04
9.253419112176047238e-05
8.754937070379399428e-05
8.329692009104490847e-05
8.005896119493969329e-05
7.606252811805257652e-05
7.336604320406039416e-05
7.132911378030715101e-05
6.843271797530931704e-05
6.516759585296648990e-05
6.144388759419919016e-05
5.765031854297141109e-05
5.504861223313116126e-05
5.274271820638134106e-05
5.030974405916072904e-05
4.711678141951125185e-05
4.471863312873521084e-05
4.350731315773849874e-05
4.261375535189203717e-05
4.198606846404766442e-05
4.089326738276161214e-05
3.932215648462198678e-05
3.864931074268527470e-05
3.820732816303225234e-05
3.781956474601329862e-05
3.523211306819042798e-05
