3.015730351463993125e-02
3.010368379432155558e-02
3.101658884456837129e-02
3.051115356698360162e-02
3.099418702067244583e-02
3.046033950657037540e-02
3.125518531451346865e-02
3.303713961870932692e-02
3.437222599185621452e-02
3.505098357800186942e-02
3.530147630611225884e-02
3.648580545216144333e-02
3.542240871651683443e-02
3.431470380750354515e-02
3.372261793799808532e-02
3.363590086149128439e-02
3.401984802194711610e-02
3.654717150008712778e-02
3.798079187808007379e-02
3.916395476946084309e-02
3.968919882423695145e-02
4.111468051156669939e-02
4.354965331340003576e-02
4.583238529210163781e-02
4.659806940778209866e-02
4.609733442635689793e-02
4.642936192684524177e-02
4.747099103985460283e-02
4.866612197327738892e-02
5.009374283694857655e-02
4.972211370885586817e-02
5.014297877978610152e-02
4.885477423087999232e-02
4.840080901055397039e-02
4.716435904638937443e-02
4.680387266313480038e-02
4.762635079768080121e-02
4.717375370284927066e-02
4.854207101819991294e-02
4.967631155667191767e-02
4.987849508899597911e-02
5.123714506271977859e-02
5.357956378587194757e-02
5.521744496606528774e-02
5.620399588242486200e-02
5.602877375855323111e-02
5.473770395910197706e-02
5.515161796725245175e-02
5.576420958376658576e-02
5.566562879453815227e-02
