2.014247081816489919e-05
1.996571338234708759e-05
1.990114917667992479e-05
1.993113834898366300e-05
2.002317849409212427e-05
2.014211215720395937e-05
2.026639509010110633e-05
2.040006631947543879e-05
2.057306529529849315e-05
2.083070751205074874e-05
2.122105192649091434e-05
2.178816100051776330e-05
2.257196643428550521e-05
2.361022287422575406e-05
2.493771241417369304e-05
2.657899735430575296e-05
2.853148911708772861e-05
3.073697728132320054e-05
3.304549400901387820e-05
3.518834247994792760e-05
3.679489771892301630e-05
3.749382372870442283e-05
3.709568762059809843e-05
3.574685840870217232e-05
3.389091460208393041e-05
3.202470992468402504e-05
3.045741885967006901e-05
2.925969119885997734e-05
2.836482736413455843e-05
2.768234440714626893e-05
2.715781760541881762e-05
2.678377228175757085e-05
2.658212997198247730e-05
2.658029543910295044e-05
2.679853615712359812e-05
2.725071076408191689e-05
2.794921545407993741e-05
2.890754726752749849e-05
3.013990527348594874e-05
3.165906802673358866e-05
3.347290022835325480e-05
3.557879114615986608e-05
3.795488103502794923e-05
4.054738634216965788e-05
4.325533632933607032e-05
4.591825986819798817e-05
4.831801762633613476e-05
5.020851194083509250e-05
5.137798359496112790e-05
5.172347325927238043e-05
