2.143411581681745180e-07
2.055295675868882237e-07
1.971003613346338363e-07
1.890335723855285346e-07
1.813108355748069458e-07
1.739151804252241950e-07
1.668308623938144916e-07
1.600432145836362546e-07
1.535385239894003916e-07
1.473039314954575969e-07
1.413273411697492656e-07
1.355973465400695349e-07
1.301031667803481646e-07
1.248345926128059917e-07
1.197819394116324663e-07
1.149360048536027918e-07
1.102880355004211716e-07
1.058296933382986859e-07
1.015530312572561776e-07
9.745046507952386868e-08
9.351475413235368401e-08
8.973898010701561228e-08
8.611653080103816341e-08
8.264108126355047135e-08
7.930658185058980947e-08
7.610724083957967100e-08
7.303751546350031602e-08
7.009209794747355601e-08
6.726590377858978052e-08
6.455406263767003702e-08
6.195190774787136056e-08
5.945496795954108919e-08
5.705895700245877563e-08
5.475976784090854551e-08
5.255346307091870652e-08
5.043626695125617701e-08
4.840456116495217356e-08
4.645487466343753117e-08
4.458388058480400630e-08
4.278838748832610110e-08
4.106533519678055856e-08
3.941178920531547066e-08
3.782493487423904501e-08
3.630207250051604956e-08
3.484061167981119245e-08
3.343806906885009063e-08
3.209206177546238555e-08
3.080030483653279810e-08
2.956060479425279102e-08
2.837085883299687427e-08
