2.204003779410414395e-06
1.953712966860390500e-06
1.731579066483097775e-06
1.534803399861046949e-06
1.360847802902571766e-06
1.207406695591763169e-06
1.072381734831911624e-06
9.538589112311692804e-07
8.500880438578813802e-07
7.594646901943723747e-07
6.805145937505566178e-07
6.118808783032711528e-07
5.523141847542850472e-07
5.006658267233494565e-07
4.558837895094125066e-07
4.170110492255287625e-07
3.831853147697718169e-07
3.536391180737112016e-07
3.276991374677313245e-07
3.047839083374202813e-07
2.843994963923485766e-07
2.661331342596925207e-07
2.496452236825865808e-07
2.346602870643827828e-07
2.209575363350368910e-07
2.083616165965487942e-07
1.967339813117317659e-07
1.859651670086853517e-07
1.759681059793383966e-07
1.666725127923337329e-07
1.580203011749816162e-07
1.499619448846740973e-07
1.424536796698984129e-07
1.354554386414273377e-07
1.289294133815361098e-07
1.228391354915728370e-07
1.171489895449403263e-07
1.118240559675560447e-07
1.068301985955246996e-07
1.021343191944041851e-07
9.770470251181083538e-08
9.351138565464287616e-08
8.952651135154809876e-08
8.572461600112677055e-08
8.208284481532915034e-08
7.858107161923857696e-08
7.520192982120189124e-08
7.193076174546467460e-08
6.875550446406739290e-08
6.566651809437234807e-08
