9.557188727224098692e-06
9.353320423078170082e-06
9.116735513799490540e-06
8.834304394918749440e-06
8.503628328508343060e-06
8.134066029768611340e-06
7.746103778435059188e-06
7.367521345450888351e-06
7.025126849055263149e-06
6.733859943977556575e-06
6.489869717152732379e-06
6.274306785503237259e-06
6.065549112717448820e-06
5.849997971595979421e-06
5.625222227931156236e-06
5.396799723175460009e-06
5.173272958705655986e-06
4.962409467247484237e-06
4.769618886406670833e-06
4.597919789081767640e-06
4.448559708974545305e-06
4.321697685830582323e-06
4.216916701483572527e-06
4.133540312561786146e-06
4.070800338066855687e-06
4.027909390182913779e-06
4.004079761556647267e-06
3.998517348615942621e-06
4.010409395639731856e-06
4.038916692801301191e-06
4.083173214923246179e-06
4.142289475626615669e-06
4.215351139407235031e-06
4.301402686781689245e-06
4.399407061143418624e-06
4.508175669539220359e-06
4.626268533877904081e-06
4.751872166868071785e-06
4.882671635101348744e-06
5.015739992332479401e-06
5.147474017754818517e-06
5.273609741364021169e-06
5.389345698798678986e-06
5.489579944674175560e-06
5.569232184163501753e-06
5.623590733609404615e-06
5.648618852323983959e-06
5.641188415596070101e-06
5.599260533595016711e-06
5.522056338551014249e-06
