3.274340593891499795e-05
3.308062005397793121e-05
3.377712276683575166e-05
3.487009383002991037e-05
3.639386431333891932e-05
3.837779395758572030e-05
4.084175951319232647e-05
4.378627406190017853e-05
4.717295980177771669e-05
5.089058488931335559e-05
5.470965435850984234e-05
5.825484128149646055e-05
6.105111537897408398e-05
6.267028345362405186e-05
6.291418539082274382e-05
6.191885355397779510e-05
6.011624738694929632e-05
5.807663235171923674e-05
5.630409992779133760e-05
5.508519741976346463e-05
5.448755665976934764e-05
5.452028083660061069e-05
5.534659493990363169e-05
5.737773647615373323e-05
6.108645548193095793e-05
6.653293685309021510e-05
7.292639104272853872e-05
7.865696185674037435e-05
8.195877799144324458e-05
8.194120146035662345e-05
7.918382882957703710e-05
7.529589372560894405e-05
7.196348355055646377e-05
7.023468595639519312e-05
7.034306383694514356e-05
7.202632264876655485e-05
7.494065847422139463e-05
7.882858292080216153e-05
8.346930067715733592e-05
8.860326944426642380e-05
9.392616526035391252e-05
9.912753760241422012e-05
1.039134212899879545e-04
1.079828474169166512e-04
1.109830004681707676e-04
1.125021489798903017e-04
1.121461473895261549e-04
1.096887137039204369e-04
1.052139942906210254e-04
9.914107639858331974e-05
