3.429150332260694253e-07
3.231044070028185286e-07
3.055050998205952458e-07
2.898101697415513024e-07
2.757449812714680467e-07
2.630681000109118778e-07
2.515723078098206455e-07
2.410861446634963513e-07
2.314756027069035882e-07
2.226450167441858077e-07
2.145358772057011439e-07
2.071223499832077761e-07
2.004029151282226107e-07
1.943885531220756069e-07
1.890891537605404071e-07
1.845006053460288561e-07
1.805949965909870854e-07
1.773154055843088538e-07
1.745753220913445524e-07
1.722614597249196819e-07
1.702381984376688017e-07
1.683522238666029149e-07
1.664369405212111800e-07
1.643175177484506712e-07
1.618184216985745070e-07
1.587752932543617389e-07
1.550516500053373981e-07
1.505582628507456396e-07
1.452702687926749214e-07
1.392358393866855903e-07
1.325719057461237454e-07
1.254466252526278556e-07
1.180531803618590755e-07
1.105822893416705453e-07
1.032004703569962981e-07
9.603795347492000906e-08
8.918632127051949493e-08
8.270305959345378059e-08
7.661926801722759015e-08
7.094745578427169964e-08
6.568774949760538842e-08
6.083215054423349156e-08
5.636719283544823587e-08
5.227558543657443391e-08
4.853731342262187810e-08
4.513048749001172397e-08
4.203208091327948783e-08
3.921859028445888641e-08
3.666660543942417906e-08
3.435328192062014906e-08
