2.267401703842423334e-05
2.181115474877448905e-05
2.095273765321544563e-05
2.010036299922168546e-05
1.925568498229399760e-05
1.842039149931801390e-05
1.759618014233484519e-05
1.678473406407753263e-05
1.598769836092933175e-05
1.520665756244927435e-05
1.444311476622879824e-05
1.369847288029652346e-05
1.297401834208088872e-05
1.227090759073489628e-05
1.159015646085395960e-05
1.093263256605430235e-05
1.029905065083508271e-05
9.689970801602767108e-06
9.105799325099208003e-06
8.546792062264591347e-06
8.013059838728608201e-06
7.504575739820324607e-06
7.021183870774421834e-06
6.562609270748911405e-06
6.128468645213846530e-06
5.718281608796274649e-06
5.331482153386234809e-06
4.967430086965244177e-06
4.625422221475923076e-06
4.304703129178606500e-06
4.004475322218532383e-06
3.723908745003476963e-06
3.462149507595301082e-06
3.218327816495128304e-06
2.991565093347728817e-06
2.780980296513997195e-06
2.585695477669920982e-06
2.404840635436827127e-06
2.237557924849289674e-06
2.083005308092254582e-06
1.940359722701408809e-06
1.808819849947105921e-06
1.687608554850426430e-06
1.575975064583625602e-06
1.473196928827499530e-06
1.378581800740803017e-06
1.291469044438137516e-06
1.211231164886290927e-06
1.137275040797123209e-06
1.069042923036933612e-06
