6.757688848560055538e-06
6.890619851957830626e-06
7.024982693186693134e-06
7.156898697396637439e-06
7.282399410526550533e-06
7.398023912006461661e-06
7.501615837914717711e-06
7.593190636094507607e-06
7.675674559384102955e-06
7.755309355762373958e-06
7.841592329305108083e-06
7.946745834801582543e-06
8.084811909937663753e-06
8.270508648152547119e-06
8.518009015289530896e-06
8.839882627930660970e-06
9.246554077442863424e-06
9.746621202253258226e-06
1.034812683828369783e-05
1.106052887688228175e-05
1.189695639578021654e-05
1.287647334129726796e-05
1.402633231666832486e-05
1.538440344950796370e-05
1.700205519403957943e-05
1.894777992682853746e-05
2.131182112599822674e-05
2.421192987297039414e-05
2.780001020799550520e-05
3.226847844510682603e-05
3.785301058636996791e-05
4.482384006695962696e-05
5.344935983066232598e-05
6.390309100883240234e-05
7.607491944643110450e-05
8.926852266460758446e-05
1.018825377389988079e-04
1.114195526366507544e-04
1.153006589311619915e-04
1.123559365549027403e-04
1.036612028080088129e-04
9.162692984327104476e-05
7.841056059817821976e-05
6.537341452491845866e-05
5.345716196947621545e-05
4.338551186443552715e-05
3.547841034791998557e-05
2.955416732318843183e-05
2.512666191705474644e-05
2.169349244663662724e-05
