2.100873395181158138e-05
2.044981762025053988e-05
1.990428473270291817e-05
1.933908978800020484e-05
1.875279412852568064e-05
1.816694156399086313e-05
1.761281776526945825e-05
1.712031617086534263e-05
1.671269171621974587e-05
1.640705173889872912e-05
1.621774777833577747e-05
1.615868479989438929e-05
1.624049763784223661e-05
1.646185744557812243e-05
1.680253418034679939e-05
1.722819737065360880e-05
1.770399060692893367e-05
1.820439426721778847e-05
1.871523055913793971e-05
1.923563306412189120e-05
1.978133639859550220e-05
2.037981119568202008e-05
2.105872038911327522e-05
2.183803706038760242e-05
2.272846234854507963e-05
2.373236168927556463e-05
2.484739440421736891e-05
2.607356128743653153e-05
2.741851684981090590e-05
2.889612048132840765e-05
3.051987295844435196e-05
3.229638899433842625e-05
3.422176338266758164e-05
3.627962038209673067e-05
3.843707280360283897e-05
4.063661159903635053e-05
4.279230104890435825e-05
4.480827567650674375e-05
4.662319329784923437e-05
4.825294218041161588e-05
4.978948387394595049e-05
5.133646005704837654e-05
5.291462463302727676e-05
5.440444042914998116e-05
5.556970663682200313e-05
5.616165931007767681e-05
5.607068822830943563e-05
5.543899988661709358e-05
5.461942505020291359e-05
5.397435976972117777e-05
