3.423934979668491435e-11
3.349386862559229863e-11
3.323957069679889575e-11
3.273336929183712594e-11
3.330145148932984033e-11
3.321314663995648911e-11
3.334225901415388420e-11
3.324064086226177613e-11
3.318668259497208766e-11
3.347387637914218554e-11
3.339786314112091227e-11
3.288246805423875964e-11
3.311273635591589925e-11
3.293325390165987106e-11
3.312728480299151416e-11
3.345439010990859223e-11
3.335309957676536163e-11
3.304935285069110088e-11
3.271985865658712226e-11
3.311256603380061351e-11
3.318906969943998569e-11
3.260161600899611735e-11
3.218646160413480474e-11
3.229089741225747269e-11
3.301618003832083943e-11
3.315025644560949426e-11
3.280534405540831360e-11
3.304126585190541888e-11
3.345749413530861580e-11
3.300965068963348782e-11
3.293075776055487232e-11
3.370179930933987607e-11
3.352536408337616616e-11
3.319384069559435957e-11
3.275295421293987319e-11
3.284254783084879337e-11
3.284859771591568189e-11
3.293829652451348484e-11
3.289917610496132929e-11
3.281676623652539138e-11
3.262735161330829968e-11
3.307089180453754417e-11
3.327283592360583220e-11
3.325337706973609415e-11
3.346269159324596324e-11
3.344484482163756640e-11
3.354505445021442362e-11
3.382688393364905016e-11
3.369562548098585988e-11
3.389971117861386750e-11
