-2.906857407769972146e-01
-9.056638530163040324e-01
-7.015773542675313168e-02
2.420984144360421308e-01
2.375810091667258650e+00
6.884649641386360042e-01
1.438659485485221934e+00
2.618148265242915329e+00
7.951418114510028445e+00
1.854193549332622126e+01
3.440272342279305207e+01
3.574848435396656043e+01
4.599323984247454433e+01
3.769362981602252205e+01
3.928297677453739567e+01
4.664619721872573876e+01
3.376696623773412398e+01
3.374707762486443841e+01
2.802918086157269784e+01
1.358079368830746070e+01
5.131236634294219279e+00
2.195809450408241048e+00
2.360985642592707823e+00
1.090926155916260160e-01
1.468067754486975129e+00
9.375866539149010359e-01
1.927417610164386397e-01
1.060653561031303371e-01
-1.530215884003222615e-01
5.248225522718572567e-01
1.833462144798401638e+00
1.846827656043216637e+00
1.931180295577252348e+00
2.238263572220444697e+00
8.994697644940893966e+00
1.939709776235041261e+01
2.967344671137427881e+01
3.645689659453601905e+01
5.485911030471691419e+01
6.269645660335923765e+01
6.182819043767500489e+01
5.420809802876719630e+01
5.232214072101396596e+01
5.957978856593045691e+01
5.631633771118195142e+01
5.471702194059700730e+01
5.346924647743763614e+01
3.311015067344616369e+01
3.049788736827943580e+01
1.864633491567003531e+01
7.991055093676296295e+00
5.632040719236294457e+00
2.790669534909952620e+00
1.604745177978536885e+00
1.028410947588434682e-01
-1.136638176479290996e+00
5.299616927452782678e-01
5.371538253229573012e-01
-3.068166683780153559e-01
1.905474738046923910e+00
3.102446729361501010e+00
1.325047293319842723e+01
2.410517590361280327e+01
3.308144315683779269e+01
3.972802877387215403e+01
5.297825037876507537e+01
5.540350186860350590e+01
5.724843972923081026e+01
5.872371036391319876e+01
6.065544675026587385e+01
5.489997910481201870e+01
5.559694026041173487e+01
6.362339252191733152e+01
5.460345241252908011e+01
6.367465232444464363e+01
4.908370555935781709e+01
3.039019246880855363e+01
3.456035721256079540e+01
2.255941045377580778e+01
9.806362746063555846e+00
6.494071084029347851e+00
4.840938695234212830e+00
2.627448631056697792e+00
9.500890957223470656e-02
2.101032524603204665e-01
7.038452317198981567e-02
-1.304297687658469540e+00
1.180002097391316340e+00
7.122609955686308503e+00
2.338045360852267507e+01
2.925184800006849883e+01
4.275761725852226647e+01
4.875083548348977303e+01
5.400701938046580608e+01
6.236020738404837260e+01
5.371473743784652299e+01
5.144119303278511524e+01
5.715409732380630459e+01
5.482555462171497851e+01
6.241217330344942837e+01
5.378040597143602497e+01
6.148134232164071022e+01
5.420043258860367530e+01
6.036545375919756395e+01
4.590261890912695719e+01
3.845555216964356049e+01
2.744009684816593619e+01
2.103246020543621952e+01
9.744022498418662082e+00
6.240450905669540305e+00
2.442459214594852046e+00
2.624741431651179679e-01
2.786691607509181878e-01
1.143841239918571340e+00
1.956053739041782924e+00
4.839067601503170835e+00
1.324660800110253689e+01
2.436393721944212132e+01
3.733216402155466085e+01
4.086953513725293874e+01
4.084877943583004622e+01
5.948359606280209988e+01
5.390290045287848386e+01
5.860212428397215234e+01
5.982331561905265005e+01
6.305127265518805757e+01
5.796840253160679168e+01
6.351157230951820765e+01
6.505075494043009598e+01
5.655509279362730979e+01
6.134828516678653187e+01
6.418951035354022849e+01
5.476651781389065121e+01
4.084554871122703901e+01
3.885675797762369399e+01
3.136301416399350828e+01
1.866821087810148683e+01
1.063895645088977204e+01
5.267045518454462893e+00
5.260420882733928272e-01
8.727208406245929861e-01
8.534882024607052253e-01
2.815390956335606099e+00
8.017298664965712973e+00
1.778447259224729393e+01
3.724471343264446688e+01
3.767221668497244735e+01
4.659524098662046043e+01
4.929284153607856922e+01
5.999064226178606418e+01
5.292673984961048461e+01
6.511734325809182167e+01
6.152431495564300690e+01
6.046898442959563624e+01
5.676789442353656767e+01
6.245152237443005561e+01
6.002469404279251108e+01
7.237555064225699653e+01
6.933948171366576219e+01
5.975240153801160403e+01
5.996027536587568108e+01
5.396351747714879110e+01
5.286203493449843194e+01
3.746886620297100734e+01
2.430421207086838464e+01
1.598920473112240614e+01
9.098857242030314652e+00
3.747335629471387985e+00
6.307843771337384720e-01
2.328440169559991446e+00
5.307519589492916801e+00
1.106028229727737511e+01
1.929447222217383029e+01
3.228878393880352604e+01
4.915143692129311859e+01
5.320322200814393909e+01
5.810802455653146126e+01
4.754278606254558781e+01
5.560603759289934800e+01
6.166425924237818634e+01
5.706944247202799403e+01
5.701382200044192672e+01
6.238798042631248109e+01
6.044673479581226871e+01
6.907129957040574197e+01
6.513878282455124236e+01
6.218670658976439825e+01
5.970342634424569184e+01
5.947273908919124352e+01
5.930406884062861650e+01
5.803787069591962222e+01
4.564946993259297159e+01
3.243123825776739011e+01
2.328818099805950226e+01
1.246054412216198770e+01
1.666958055548161344e+00
2.157625953305030375e+00
4.751411935318195390e+00
7.832737271302929294e+00
1.302837565869016956e+01
3.100275226189744160e+01
3.692258947291699656e+01
4.134983732457720151e+01
5.027132734347949139e+01
5.365416091350395789e+01
5.422193034561243508e+01
6.198142781740774865e+01
6.749351467423429085e+01
6.477273248391036020e+01
5.969509102671099754e+01
6.556215656492263122e+01
7.448696093665277829e+01
7.007700039812296211e+01
6.539191822355049055e+01
7.014185991626447958e+01
5.865068053035705731e+01
6.301593653776430415e+01
5.645953660044889943e+01
5.222524726949475138e+01
4.232996541581494654e+01
3.910542677733650407e+01
2.907163571956298398e+01
1.581125288027568843e+01
3.847499181508055699e+00
2.021568345971466396e+00
5.784731183995874382e+00
8.280403561018829350e+00
1.691857676339098049e+01
3.069157847873628953e+01
4.366459164694084194e+01
4.678129789016360007e+01
5.236148443749291204e+01
5.655506689497727280e+01
5.278065199938325947e+01
5.554270807620131478e+01
5.956162225106756125e+01
5.878959885252737649e+01
6.565470210152555808e+01
5.914392919183678998e+01
6.876010716770792897e+01
6.782691882484772350e+01
7.124808562651702459e+01
7.620765169166871544e+01
6.317693920707415600e+01
6.116178611123186215e+01
5.362792325278422823e+01
5.814608119432384825e+01
5.243464603894542364e+01
4.425181927096923573e+01
3.348026333110020403e+01
2.225155194169393624e+01
4.672391871558664533e+00
2.895727096939723078e-01
4.814517910819624547e+00
1.020518576466000127e+01
1.965125223413374655e+01
3.003561866787976697e+01
4.363049772359650547e+01
4.702762564757466635e+01
5.629396835256940790e+01
5.808000709907500436e+01
6.049792502717981080e+01
5.693620491085737001e+01
6.378359710409285555e+01
5.893362837297785006e+01
6.066030991728385402e+01
6.341084350590147523e+01
8.052618687474466697e+01
7.344250672550467129e+01
6.918555743165734384e+01
7.530054956358556240e+01
7.627918778793002730e+01
6.473163437531020747e+01
6.734615188546877107e+01
6.273120441382484813e+01
5.932654062564408548e+01
4.916928728098131529e+01
3.880637409413534300e+01
2.492765961950866327e+01
6.460836085998806766e+00
3.243391496988265121e+00
6.319003919432592653e+00
1.004916514052857757e+01
1.656772057534583098e+01
3.572259796530705245e+01
4.711636633770072535e+01
4.824270113266668858e+01
4.678942199589585016e+01
5.272056632926453545e+01
5.655412012985655679e+01
5.877790208885934220e+01
5.733584629566171031e+01
6.989616586573630741e+01
7.113624442260440617e+01
6.655962614621677176e+01
7.019904482331000395e+01
7.002424829402694684e+01
7.481722099840389717e+01
7.605097962051132754e+01
6.893480137694928089e+01
7.034212558102964863e+01
6.854184739334269238e+01
5.790293699122371862e+01
6.109221450527832076e+01
5.185974816647084396e+01
4.377081715082311320e+01
3.045720734456569190e+01
6.730981438348672796e+00
2.485400849549714408e+00
8.111030952830242668e+00
1.103901024587096202e+01
2.046201802406969250e+01
3.079333640081102530e+01
3.607202535461466653e+01
4.552092972755353628e+01
5.196837891125628772e+01
5.746498669971495588e+01
6.044560967633839255e+01
6.510955518880729187e+01
7.292023569486156021e+01
7.752849189283588771e+01
7.873411008897966212e+01
7.573612505747472312e+01
8.032132031874918709e+01
8.103676795906908126e+01
7.316949626225240877e+01
7.954037515925800506e+01
7.204911031697898238e+01
7.775183793496292139e+01
7.320946774997838702e+01
6.201722089273733474e+01
6.269335546202572118e+01
5.620699691647294571e+01
4.913567953816723133e+01
3.759355387824353301e+01
9.535415217355893702e+00
3.543533824422000489e+00
7.840126215945433685e+00
9.817253663418680887e+00
1.991286545007058706e+01
3.404163410322409788e+01
3.728237880797004777e+01
4.373075818127906444e+01
5.095076872283459579e+01
5.965827288350303803e+01
6.033196452326620829e+01
7.816979483608231760e+01
7.858056508236643367e+01
7.555002812725156502e+01
7.319282754533443835e+01
7.501575907562877887e+01
8.473593226433887082e+01
7.460050248409712026e+01
8.241760515803859732e+01
8.007591762233813881e+01
7.492683724129062739e+01
7.770664627834995031e+01
7.425941617649813509e+01
7.060919686374259641e+01
5.893729422248495098e+01
5.890904419377442025e+01
5.098307347317459914e+01
4.288605564976926843e+01
1.049655823491137419e+01
2.357935012177653444e+00
8.443448485913787493e+00
1.489327843775055804e+01
2.231903718314248053e+01
3.705425521173069825e+01
4.060385532507161344e+01
4.166431986241710916e+01
5.491666249607851569e+01
5.479926665923021289e+01
6.644387143789397498e+01
6.492115093450264851e+01
6.990647721815584248e+01
7.348571477959450249e+01
7.393879507323698874e+01
7.309026921728255388e+01
7.775671958728842981e+01
7.873084980011573464e+01
8.701654715373464910e+01
7.691579053973084967e+01
7.428984545330298772e+01
7.438360366347941977e+01
7.601331960066255533e+01
6.967793695443468494e+01
6.070300230768575034e+01
5.374834930516640696e+01
5.035056873423405932e+01
3.791215504182431317e+01
1.389975188725457578e+01
5.573130737520787470e+00
1.544646804703982390e+01
1.588996993951741565e+01
2.721991347446245157e+01
3.710990795251811392e+01
5.211736942016916174e+01
5.053384240206155198e+01
6.820303985261203650e+01
5.403295274033181528e+01
6.747650036912361315e+01
6.920808818303528653e+01
8.127483078901157398e+01
7.891098257130329330e+01
7.719467795559101830e+01
7.765281871669424163e+01
8.661645600132872858e+01
8.270194164038217366e+01
7.241369513249280487e+01
8.067127860896202662e+01
7.332672445198473099e+01
7.223561614821358035e+01
7.130425579494780663e+01
7.131711021202988832e+01
6.225662374454280013e+01
5.470126973522291536e+01
4.832807775000823369e+01
4.739150779179917095e+01
1.380921145399783079e+01
9.146146987319925259e+00
2.073735854970567516e+01
2.197806830499202846e+01
3.372712194451860768e+01
4.677580800628993529e+01
5.119564487788522911e+01
5.654756184415266773e+01
5.450492424929295510e+01
6.471947312981922096e+01
6.819495606176784008e+01
7.519093580864554838e+01
7.511872491729644707e+01
7.887080489509339998e+01
7.676298373027644573e+01
7.780176559435842876e+01
7.338176055157413202e+01
8.026144269453422453e+01
7.759741067520739932e+01
7.814948600679791468e+01
7.906543900441334927e+01
6.279675277604107464e+01
6.916543046484184742e+01
6.848371317957619908e+01
6.789292902595899193e+01
5.249707834962163133e+01
4.762848690000065943e+01
4.452892589360429554e+01
1.946809315976980770e+01
1.263396035978148468e+01
2.646542400899310721e+01
3.008266204586246317e+01
3.859853610619954623e+01
4.982542114237216424e+01
5.472195097659439966e+01
5.312796954004999606e+01
5.921570146222902764e+01
6.881453764668718520e+01
7.545373042095293670e+01
7.779423212699198587e+01
7.859971508837060128e+01
7.752408812624481982e+01
7.456850057335906001e+01
7.434342111481301174e+01
7.952230287933394948e+01
7.669354591356065498e+01
9.175156858302888452e+01
8.161717809985451311e+01
7.263075533639188563e+01
7.258026734479624054e+01
6.616304706354746656e+01
6.275882325029931508e+01
5.544269069685482521e+01
5.394235602298510912e+01
5.149521564970198284e+01
5.143439070516891576e+01
1.887919335333680593e+01
1.305188401730323378e+01
2.320423244629841619e+01
3.170470827131476099e+01
3.726763241949058880e+01
4.471061022878475910e+01
6.188414934763448372e+01
6.440183846181997751e+01
6.212411384282605553e+01
7.053779920332712550e+01
7.505309968041221680e+01
7.893897482713595082e+01
8.027627615820482276e+01
7.151794050128273739e+01
7.434030939186726528e+01
7.143732076197821357e+01
7.292977051603874372e+01
7.821351007175428549e+01
7.605198346676621668e+01
8.190080297119754960e+01
7.991425532967139134e+01
7.335610506355526184e+01
6.517820447978057530e+01
6.629719613185997673e+01
6.030279341237801560e+01
6.061145957045979316e+01
5.022155577345689181e+01
4.600178224938213845e+01
1.882647125452166037e+01
9.928578099384525402e+00
2.409679034236885187e+01
3.292646092250084422e+01
4.168852699241404025e+01
5.125816079488389221e+01
6.385708789536583652e+01
6.215764056205280497e+01
6.131789649494035643e+01
7.096261186921236686e+01
7.224627608456643202e+01
8.005686861126847020e+01
8.346626941564471736e+01
7.876402363471257217e+01
7.391513207594057633e+01
7.982657610965097206e+01
7.374929075617343699e+01
7.719307138364760590e+01
6.957160241088237740e+01
7.459875091005817183e+01
7.870773244309492611e+01
5.638334564942402238e+01
5.942241408379456402e+01
6.348579707590079124e+01
6.333785335239808489e+01
5.651164481896968539e+01
4.442506552689516752e+01
4.562602498496364944e+01
1.577040393111138705e+01
9.582091012956214016e+00
2.563990321636659431e+01
3.245393745770694949e+01
3.762461965507324635e+01
4.425910052791559224e+01
5.240953355705837424e+01
5.639056015646908548e+01
5.639688837872058258e+01
6.785282008709226886e+01
7.782169370627518390e+01
7.843689507364666724e+01
7.947114480409196346e+01
7.583345350803297436e+01
7.319982782777290709e+01
7.521245877987318806e+01
7.293610137324253628e+01
8.152973567736250970e+01
7.835437722579831643e+01
6.666780193132277077e+01
7.594832340092577283e+01
6.514446148889096833e+01
6.089531871475828240e+01
5.785104453729982765e+01
5.942168209479493157e+01
5.242836906015231335e+01
4.602868592356087163e+01
3.441084608483096474e+01
1.474705217811415991e+01
9.074415353351744429e+00
2.270658836075052633e+01
3.020981935183349876e+01
3.898068258271197806e+01
4.564017412610641600e+01
5.884025822266850270e+01
5.467250706221408763e+01
5.673326833390143520e+01
6.750439738792759670e+01
6.579254042367223576e+01
7.575196850737549426e+01
7.537607554245190045e+01
7.380287020120685781e+01
6.561040717178596537e+01
6.910159101904002910e+01
7.356563790971827643e+01
7.385838943367305376e+01
7.488325738075526772e+01
7.467278534337263807e+01
6.773247156322128149e+01
5.649641575302064211e+01
5.557131272454584803e+01
5.649240507088572372e+01
6.126994406500345747e+01
4.685181678114406623e+01
3.495842678126975756e+01
3.375708672339462879e+01
1.066164421527101069e+01
7.476919678838397587e+00
2.071511283406778858e+01
2.912135985092192314e+01
4.017299362318128431e+01
5.016333967492153789e+01
5.031846828453650744e+01
4.990468435216440923e+01
5.515358141583556062e+01
7.035373203808141795e+01
7.448779494202283047e+01
7.040459806993817438e+01
7.068722339902218721e+01
7.331176272525090098e+01
7.073613913110609985e+01
7.127689775031396380e+01
7.234112298969431265e+01
6.314778710992485600e+01
8.058161887854690519e+01
6.204321474097990574e+01
6.274433590063767241e+01
5.901287704023569347e+01
5.411845356486718117e+01
5.422276106369803728e+01
5.694142888862879914e+01
4.524045215878312831e+01
3.840657871756532415e+01
2.882246877253455608e+01
7.951355443654059663e+00
4.902621622069582408e+00
1.940793493780845580e+01
2.159274706667754629e+01
3.304537717678761055e+01
4.087741782505668198e+01
5.131757486550613834e+01
5.381274564600443711e+01
5.778045439477299539e+01
5.897223640781272991e+01
6.433655585730087978e+01
6.604259801740134606e+01
6.687550873373361071e+01
6.861255291162899539e+01
6.998671313172471287e+01
7.018679196238844042e+01
6.910167342296291793e+01
6.374045055883308208e+01
6.314797592849626540e+01
6.732418261220348654e+01
5.489129604679709473e+01
5.486943313453141258e+01
4.698080589528694873e+01
4.797714614693896351e+01
5.191629973028957323e+01
4.374149493723891169e+01
3.167876497691013071e+01
2.568201409930301793e+01
6.906408015896409403e+00
4.733115020734961043e+00
1.445216133825125304e+01
2.104954787460029308e+01
2.839222322828344502e+01
4.465702195173116706e+01
4.725549627920450035e+01
4.749964632421440314e+01
5.319773391385595573e+01
5.720456402545251962e+01
5.867193371365898003e+01
7.356144596523692769e+01
6.497809087699677377e+01
7.005725373111630461e+01
6.680442827895267044e+01
6.228858629466824937e+01
6.176613203737847613e+01
6.505984338763192909e+01
5.530645058463315422e+01
6.269150483347633696e+01
5.755369439462579351e+01
4.997198048211345167e+01
4.505431890657826699e+01
5.180281505205329751e+01
4.678299258340313571e+01
4.049141076165055608e+01
2.559103970086653490e+01
1.971061762679102358e+01
5.641325038507363665e+00
2.697772282778303943e+00
9.624784533091512273e+00
1.444582015305601885e+01
2.748238083610016957e+01
3.715071105768167570e+01
4.936254243632312466e+01
4.649119926820727500e+01
4.686962029235533578e+01
5.946416597182168573e+01
5.822991950834931174e+01
6.417225984997553212e+01
5.837857203383604343e+01
7.273809347420382210e+01
5.816430514691924003e+01
5.750991852742344435e+01
6.196797559130364874e+01
6.026453696729696929e+01
6.074728043309721670e+01
5.109267175616275125e+01
5.153885130946105164e+01
5.153400240570792334e+01
4.652537566055816853e+01
4.668990769537037266e+01
4.704591370150840390e+01
3.408367952480744378e+01
2.400614971139600229e+01
1.312104918495157690e+01
4.677978439746836692e+00
9.782837135258182215e-02
4.925397754286660046e+00
1.011343804779641964e+01
1.984552732377654394e+01
3.548763780818405422e+01
3.867603851035731566e+01
4.804871144382262571e+01
4.467158699260743759e+01
5.357398506142136085e+01
5.711486966405639265e+01
6.107287526851521875e+01
6.636592654144949677e+01
6.714270178295129199e+01
5.361302916414529562e+01
6.379438504909490604e+01
5.824239174602897862e+01
5.791267929415191418e+01
6.201413846887921011e+01
6.399631979219619637e+01
5.294870930966892075e+01
4.076994377107683931e+01
3.885218718975087882e+01
4.108806636651750210e+01
4.314833222531823509e+01
3.098761188769350028e+01
1.731921933325641660e+01
9.881791634633833254e+00
1.406010553808656915e+00
5.255955271143080143e-01
2.905883873999872691e+00
6.527428700287223329e+00
1.771164913985421663e+01
2.865363327344641675e+01
3.691237735282474119e+01
4.387341262770555517e+01
4.767428777432487408e+01
4.955671838114393069e+01
5.440936925628268739e+01
5.553202027513252403e+01
5.837748738641497681e+01
5.894231395315235034e+01
5.217405177973876107e+01
5.140989434608874120e+01
5.359656547170487073e+01
5.398916445712628587e+01
6.106617887305959158e+01
5.222971221050246271e+01
4.495120236269772818e+01
3.732168104269097597e+01
3.283002076338269148e+01
3.510752823141871204e+01
2.780654702749104601e+01
2.198759601516612960e+01
1.038184302767221467e+01
4.808514474824976404e+00
1.997384736648512682e+00
-9.052216913835203771e-01
-2.996234319712025584e-01
1.600400438191922570e+00
5.976927507127027361e+00
1.709914896976983911e+01
2.019775250550772228e+01
2.376198054871087351e+01
2.040809084534739171e+01
2.466957043984837838e+01
3.050010606636076815e+01
3.453071259664777415e+01
4.378837114385723339e+01
4.057713888815867165e+01
4.191245526955025724e+01
3.806232771518381242e+01
3.253198915761972643e+01
4.107653508770253836e+01
4.445869131785139672e+01
3.103473809239103076e+01
2.860670173643203285e+01
2.160032142555230195e+01
2.113780139226821220e+01
2.324740370951052526e+01
2.011228366286032099e+01
1.155666634850930130e+01
3.831662617579015606e+00
1.242958528333652612e+00
-2.710537715278080739e-01
