1.575135448757359701e-15
4.184185723008402302e-01
1.504382431035259882e-12
2.662516665417063073e-13
9.223377650151036476e-13
5.744961130724889587e-13
7.774034937447035973e-13
3.504926782964268560e-13
4.923406558492669153e-13
7.083740274789558085e-11
5.162441470513327531e-13
4.891137548044805441e-13
2.090915505451465536e-12
4.192096533899011981e-13
4.854617078865713983e-13
1.665970984812639615e-12
1.377798207005985747e-12
5.093855531964009533e-11
3.630058573817312739e-13
3.641779412931593220e-13
1.005784997704241232e-12
