2.752634628163875369e-12
2.599844771617424505e-12
2.720140209633010456e-12
2.602993507646822301e-12
2.655328031643969435e-12
2.532035263802817012e-12
2.896657610211008818e-12
2.774345865088302079e-12
2.902193455283953162e-12
2.765060828718631243e-12
2.511808973771815506e-12
2.516728261620606163e-12
2.557433733113684239e-12
2.579910737771547968e-12
2.416691327558910521e-12
2.444704468183262765e-12
2.369772619592721355e-12
2.076978803417916365e-12
2.221087745495236275e-12
2.435304055705106537e-12
2.199257899402049453e-12
2.339061280133828072e-12
1.921238173054548098e-12
1.895312890376412315e-12
2.329090236234219651e-12
2.243777936876425754e-12
1.951685483727466674e-12
1.843695596924345577e-12
1.535848515092435853e-12
1.782991836590319137e-12
2.127517623398075935e-12
1.976714439874016539e-12
1.923757380495542393e-12
1.866109643407659922e-12
1.840743435387220828e-12
1.923866463917291522e-12
1.870955945073321987e-12
1.774099404586887891e-12
1.710110604985036691e-12
1.587509923263194884e-12
1.548546279251162654e-12
1.642753511939720290e-12
1.811408382427162353e-12
1.583031033639842687e-12
1.816938683843939827e-12
1.774017173394091377e-12
1.659673857601072848e-12
1.533499890009467276e-12
1.504802166264793657e-12
1.504382431035259882e-12
