1.537446206367273105e-15
1.575135448757359701e-15
1.587540507186665695e-15
1.565450675108777907e-15
1.537446206367273105e-15
1.575135448757359701e-15
1.587540507186665695e-15
1.565450675108777907e-15
1.537446206367273105e-15
1.575135448757359701e-15
1.587540507186665695e-15
1.565450675108777907e-15
1.537446206367273105e-15
1.575135448757359701e-15
1.587540507186665695e-15
1.565450675108777907e-15
1.537446206367273105e-15
1.575135448757359701e-15
1.587540507186665695e-15
1.565450675108777907e-15
1.537446206367273105e-15
1.575135448757359701e-15
1.587540507186665695e-15
1.565450675108777907e-15
1.537446206367273105e-15
1.575135448757359701e-15
1.587540507186665695e-15
1.565450675108777907e-15
1.537446206367273105e-15
1.575135448757359701e-15
1.587540507186665695e-15
1.565450675108777907e-15
1.537446206367273105e-15
1.575135448757359701e-15
1.587540507186665695e-15
1.565450675108777907e-15
1.537446206367273105e-15
1.575135448757359701e-15
1.587540507186665695e-15
1.565450675108777907e-15
1.537446206367273105e-15
1.575135448757359701e-15
1.587540507186665695e-15
1.565450675108777907e-15
1.537446206367273105e-15
1.575135448757359701e-15
1.587540507186665695e-15
1.565450675108777907e-15
1.537446206367273105e-15
1.575135448757359701e-15
